,Accident_Index,Location_Easting_OSGR,Location_Northing_OSGR,Longitude,Latitude,Police_Force,Accident_Severity,Number_of_Vehicles,Number_of_Casualties,Date,Day_of_Week,Time,Local_Authority_(District),Local_Authority_(Highway),1st_Road_Class,1st_Road_Number,Road_Type,Speed_limit,Junction_Control,2nd_Road_Class,2nd_Road_Number,Pedestrian_Crossing-Human_Control,Pedestrian_Crossing-Physical_Facilities,Light_Conditions,Weather_Conditions,Road_Surface_Conditions,Special_Conditions_at_Site,Carriageway_Hazards,Urban_or_Rural_Area,Did_Police_Officer_Attend_Scene_of_Accident,LSOA_of_Accident_Location,Year
0,200501BS00001,525680.0,178240.0,-0.19117,51.489096,1,2,1,1,04/01/2005,3,17:42,12,E09000020,3,3218,Single carriageway,30,None,-1,0,None within 50 metres,Zebra crossing,Daylight: Street light present,Raining without high winds,Wet/Damp,None,None,1,Yes,E01002849,2005
1,200501BS00002,524170.0,181650.0,-0.211708,51.520075,1,3,1,1,05/01/2005,4,17:36,12,E09000020,4,450,Dual carriageway,30,Automatic traffic signal,5,0,None within 50 metres,Pedestrian phase at traffic signal junction,Darkness: Street lights present and lit,Fine without high winds,Dry,None,None,1,Yes,E01002909,2005
2,200501BS00003,524520.0,182240.0,-0.206458,51.525301,1,3,2,1,06/01/2005,5,00:15,12,E09000020,5,0,Single carriageway,30,None,-1,0,None within 50 metres,No physical crossing within 50 meters,Darkness: Street lights present and lit,Fine without high winds,Dry,None,None,1,Yes,E01002857,2005
3,200501BS00004,526900.0,177530.0,-0.173862,51.482442,1,3,1,1,07/01/2005,6,10:35,12,E09000020,3,3220,Single carriageway,30,None,-1,0,None within 50 metres,No physical crossing within 50 meters,Daylight: Street light present,Fine without high winds,Dry,None,None,1,Yes,E01002840,2005
4,200501BS00005,528060.0,179040.0,-0.156618,51.495752,1,3,1,1,10/01/2005,2,21:13,12,E09000020,6,0,Single carriageway,30,None,-1,0,None within 50 metres,No physical crossing within 50 meters,Darkness: Street lighting unknown,Fine without high winds,Wet/Damp,None,None,1,Yes,E01002863,2005
5,200501BS00006,524770.0,181160.0,-0.203238,51.51554,1,3,2,1,11/01/2005,3,12:40,12,E09000020,6,0,Single carriageway,30,None,-1,0,None within 50 metres,No physical crossing within 50 meters,Daylight: Street light present,Raining without high winds,Wet/Damp,Ol or diesel,None,1,Yes,E01002832,2005
6,200501BS00007,524220.0,180830.0,-0.211277,51.512695,1,3,2,1,13/01/2005,5,20:40,12,E09000020,5,0,Single carriageway,30,Giveway or uncontrolled,6,0,None within 50 metres,No physical crossing within 50 meters,Darkness: Street lights present and lit,Fine without high winds,Dry,None,None,1,Yes,E01002875,2005
7,200501BS00009,525890.0,179710.0,-0.187623,51.50226,1,3,1,2,14/01/2005,6,17:35,12,E09000020,3,315,Dual carriageway,30,None,-1,0,None within 50 metres,No physical crossing within 50 meters,Daylight: Street light present,Fine without high winds,Dry,None,None,1,Yes,E01002889,2005
8,200501BS00010,527350.0,177650.0,-0.167342,51.48342,1,3,2,2,15/01/2005,7,22:43,12,E09000020,3,3212,Single carriageway,30,Automatic traffic signal,4,304,None within 50 metres,Pedestrian phase at traffic signal junction,Darkness: Street lights present and lit,Fine without high winds,Dry,None,None,1,Yes,E01002900,2005
9,200501BS00011,524550.0,180810.0,-0.206531,51.512443,1,3,2,5,15/01/2005,7,16:00,12,E09000020,4,450,Single carriageway,30,Giveway or uncontrolled,5,0,None within 50 metres,Central refuge,Daylight: Street light present,Fine without high winds,Dry,None,None,1,Yes,E01002875,2005
10,200501BS00012,526240.0,178900.0,-0.182872,51.494902,1,3,1,1,16/01/2005,1,00:42,12,E09000020,3,4,Single carriageway,30,Automatic traffic signal,4,325,None within 50 metres,Pedestrian phase at traffic signal junction,Darkness: Street lights present and lit,Fine without high winds,Dry,None,None,1,Yes,E01002835,2005
11,200501BS00014,526170.0,177690.0,-0.184312,51.484044,1,3,2,1,25/01/2005,3,20:48,12,E09000020,3,3220,Single carriageway,30,Automatic traffic signal,3,308,None within 50 metres,Pedestrian phase at traffic signal junction,Darkness: Street lights present and lit,Fine without high winds,Wet/Damp,None,None,1,Yes,E01002912,2005
12,200501BS00015,525590.0,178520.0,-0.192366,51.491632,1,3,1,1,11/01/2005,3,12:55,12,E09000020,6,0,One way street,30,Giveway or uncontrolled,3,3220,None within 50 metres,Zebra crossing,Daylight: Street light present,Raining without high winds,Wet/Damp,None,None,1,Yes,E01002849,2005
13,200501BS00016,527990.0,178690.0,-0.157753,51.492622,1,3,2,1,18/01/2005,3,05:01,12,E09000020,3,3217,One way street,30,Giveway or uncontrolled,3,3216,None within 50 metres,No physical crossing within 50 meters,Darkness: Street lights present and lit,Raining without high winds,Wet/Damp,None,None,1,Yes,E01002902,2005
14,200501BS00017,526700.0,178970.0,-0.176224,51.495429,1,3,1,2,18/01/2005,3,11:15,12,E09000020,3,4,Dual carriageway,30,None,-1,0,None within 50 metres,No physical crossing within 50 meters,Daylight: Street light present,Fine without high winds,Dry,None,None,1,Yes,E01002821,2005
15,200501BS00018,526460.0,177460.0,-0.18022,51.481912,1,3,1,1,18/01/2005,3,10:50,12,E09000020,3,3217,Single carriageway,30,Giveway or uncontrolled,6,0,None within 50 metres,Zebra crossing,Daylight: Street light present,Fine without high winds,Dry,None,None,1,Yes,E01002840,2005
16,200501BS00019,524680.0,179450.0,-0.205139,51.500191,1,2,2,1,20/01/2005,5,00:15,12,E09000020,6,0,Single carriageway,30,Giveway or uncontrolled,6,0,None within 50 metres,No physical crossing within 50 meters,Darkness: Street lights present and lit,Fine without high winds,Dry,None,None,1,Yes,E01002864,2005
17,200501BS00020,527000.0,179020.0,-0.171887,51.495811,1,3,2,1,21/01/2005,6,09:15,12,E09000020,3,3218,Single carriageway,30,Giveway or uncontrolled,3,4,None within 50 metres,No physical crossing within 50 meters,Daylight: Street light present,Fine without high winds,Dry,None,None,1,Yes,E01002821,2005
18,200501BS00021,527810.0,178010.0,-0.16059,51.486552,1,3,2,1,21/01/2005,6,21:16,12,E09000020,4,302,Single carriageway,30,None,-1,0,None within 50 metres,No physical crossing within 50 meters,Darkness: Street lights present and lit,Fine without high winds,Dry,None,None,1,Yes,E01002901,2005
19,200501BS00022,526790.0,178980.0,-0.174925,51.495498,1,2,1,1,08/01/2005,7,03:00,12,E09000020,3,4,Single carriageway,30,Giveway or uncontrolled,6,0,None within 50 metres,No physical crossing within 50 meters,Darkness: Street lights present and lit,Fine without high winds,Dry,None,None,1,Yes,E01002821,2005
20,200501BS00023,525940.0,178680.0,-0.18727,51.492992,1,3,1,1,24/01/2005,2,21:45,12,E09000020,6,0,Single carriageway,30,None,-1,0,None within 50 metres,No physical crossing within 50 meters,Darkness: Street lights present and lit,Fine without high winds,Dry,None,None,1,No,E01002839,2005
21,200501BS00024,524700.0,180880.0,-0.204346,51.513039,1,3,2,1,24/01/2005,2,17:05,12,E09000020,4,415,Single carriageway,30,Giveway or uncontrolled,5,0,None within 50 metres,No physical crossing within 50 meters,Darkness: Street lights present and lit,Fine without high winds,Dry,None,None,1,No,E01002882,2005
22,200501BS00025,526930.0,177490.0,-0.173445,51.482076,1,3,2,1,24/01/2005,2,21:30,12,E09000020,3,3220,Dual carriageway,30,Automatic traffic signal,3,3220,None within 50 metres,No physical crossing within 50 meters,Darkness: Street lights present and lit,Fine without high winds,Frost/Ice,None,None,1,Yes,E01002840,2005
23,200501BS00028,527290.0,178710.0,-0.167824,51.49296,1,3,2,1,18/01/2005,3,17:25,12,E09000020,5,0,Single carriageway,30,Giveway or uncontrolled,6,0,None within 50 metres,No physical crossing within 50 meters,Darkness: Street lights present and lit,Fine without high winds,Dry,None,None,1,No,E01002858,2005
24,200501BS00029,527380.0,179280.0,-0.166322,51.498062,1,3,2,1,29/01/2005,7,07:34,12,E09000020,3,4,Dual carriageway,30,Automatic traffic signal,4,319,None within 50 metres,Pedestrian phase at traffic signal junction,Daylight: Street light present,Fine without high winds,Wet/Damp,None,None,1,Yes,E01002819,2005
25,200501BS00031,523930.0,180330.0,-0.215629,51.508265,1,3,1,1,19/01/2005,4,16:35,12,E09000020,5,0,Single carriageway,30,Giveway or uncontrolled,6,0,None within 50 metres,Zebra crossing,Darkness: Street lights present and lit,Raining without high winds,Wet/Damp,None,None,1,Yes,E01001944,2005
26,200501BS00032,524470.0,180980.0,-0.207623,51.513988,1,3,2,1,30/01/2005,1,20:00,12,E09000020,4,450,Single carriageway,30,None,-1,0,None within 50 metres,No physical crossing within 50 meters,Darkness: Street lights present and lit,Fine without high winds,Dry,None,None,1,Yes,E01002874,2005
27,200501BS00033,525570.0,178190.0,-0.192771,51.488671,1,3,2,2,29/01/2005,7,13:15,12,E09000020,3,3220,Single carriageway,30,Automatic traffic signal,3,3218,None within 50 metres,Pedestrian phase at traffic signal junction,Daylight: Street light present,Raining without high winds,Wet/Damp,None,None,1,No,E01002849,2005
28,200501BS70001,526240.0,178900.0,-0.182872,51.494902,1,3,2,1,01/02/2005,3,18:20,12,E09000020,3,4,Dual carriageway,30,Automatic traffic signal,5,0,None within 50 metres,Pedestrian phase at traffic signal junction,Darkness: Street lights present and lit,Raining without high winds,Wet/Damp,None,None,1,Yes,E01002835,2005
29,200501BS70002,527780.0,179160.0,-0.160606,51.496893,1,3,2,1,02/02/2005,4,07:25,12,E09000020,4,319,Single carriageway,30,Giveway or uncontrolled,6,0,None within 50 metres,Zebra crossing,Darkness: Street lights present and lit,Fine without high winds,Dry,None,None,1,Yes,E01002863,2005
30,200501BS70003,523910.0,181390.0,-0.215545,51.517796,1,2,2,2,01/02/2005,3,17:30,12,E09000020,4,412,One way street,30,Giveway or uncontrolled,6,0,None within 50 metres,No physical crossing within 50 meters,Darkness: Street lights present and lit,Raining without high winds,Wet/Damp,None,None,1,Yes,E01002878,2005
31,200501BS70004,524870.0,181880.0,-0.201543,51.521988,1,3,2,1,03/02/2005,5,12:30,1,E09000033,3,4207,Single carriageway,30,Giveway or uncontrolled,5,0,None within 50 metres,Zebra crossing,Daylight: Street light present,Unknown,Dry,None,None,1,No,E01002854,2005
32,200501BS70005,527250.0,179170.0,-0.168234,51.497103,1,3,2,1,12/02/2005,7,09:55,12,E09000020,3,4,Single carriageway,30,Giveway or uncontrolled,6,0,None within 50 metres,non-junction pedestrian crossing,Daylight: Street light present,Fine without high winds,Wet/Damp,None,None,1,Yes,E01002819,2005
33,200501BS70006,524170.0,181640.0,-0.211712,51.519986,1,3,2,2,03/02/2005,5,13:00,12,E09000020,4,450,Single carriageway,30,Giveway or uncontrolled,5,0,None within 50 metres,Zebra crossing,Daylight: Street light present,Raining without high winds,Wet/Damp,None,None,1,Yes,E01002909,2005
34,200501BS70007,523740.0,182030.0,-0.217769,51.523585,1,3,4,1,01/02/2005,3,13:02,12,E09000020,5,0,Single carriageway,30,Giveway or uncontrolled,6,0,None within 50 metres,Zebra crossing,Daylight: Street light present,Fine without high winds,Dry,None,None,1,Yes,E01002906,2005
35,200501BS70008,523770.0,181070.0,-0.217674,51.514951,1,3,2,2,03/02/2005,5,22:55,12,E09000020,6,0,Single carriageway,30,Giveway or uncontrolled,6,0,None within 50 metres,No physical crossing within 50 meters,Darkness: Street lights present and lit,Fine without high winds,Dry,None,None,1,Yes,E01002880,2005
36,200501BS70009,525840.0,177020.0,-0.189301,51.478096,1,3,2,1,03/02/2005,5,17:30,11,E09000013,3,308,Single carriageway,30,None,-1,0,None within 50 metres,No physical crossing within 50 meters,Darkness: Street lights present and lit,Fine without high winds,Dry,None,None,1,Yes,E01001921,2005
37,200501BS70010,526940.0,177460.0,-0.173312,51.481804,1,3,2,1,06/02/2005,1,15:00,12,E09000020,3,3220,Single carriageway,30,None,-1,0,None within 50 metres,No physical crossing within 50 meters,Daylight: Street light present,Fine without high winds,Dry,None,None,1,Yes,,2005
38,200501BS70011,525040.0,178620.0,-0.200249,51.492652,1,3,2,1,05/02/2005,7,21:25,12,E09000020,3,4,Dual carriageway,30,Automatic traffic signal,3,3220,None within 50 metres,Pedestrian phase at traffic signal junction,Darkness: Street lights present and lit,Fine without high winds,Dry,None,None,1,Yes,E01002848,2005
39,200501BS70012,525460.0,179520.0,-0.193882,51.500648,1,3,2,1,03/02/2005,5,12:41,12,E09000020,3,315,Single carriageway,30,None,-1,0,None within 50 metres,non-junction pedestrian crossing,Daylight: Street light present,Fine without high winds,Dry,None,None,1,Yes,E01002816,2005
40,200501BS70013,525410.0,180490.0,-0.194258,51.509377,1,3,1,1,04/02/2005,6,23:35,12,E09000020,3,402,Single carriageway,30,Automatic traffic signal,3,4204,None within 50 metres,Pedestrian phase at traffic signal junction,Darkness: Street lights present and lit,Fine without high winds,Dry,None,None,1,Yes,E01002827,2005
41,200501BS70014,527570.0,177720.0,-0.16415,51.483999,1,3,2,1,07/02/2005,2,09:15,12,E09000020,4,302,Single carriageway,30,Giveway or uncontrolled,6,0,None within 50 metres,No physical crossing within 50 meters,Daylight: Street light present,Fine without high winds,Dry,None,None,1,Yes,E01002900,2005
42,200501BS70016,525200.0,180460.0,-0.197293,51.509154,1,3,1,1,12/02/2005,7,13:25,12,E09000020,3,4206,Single carriageway,30,None,-1,0,None within 50 metres,Pedestrian phase at traffic signal junction,Daylight: Street light present,Fine without high winds,Dry,None,None,1,Yes,E01002884,2005
43,200501BS70017,526710.0,178230.0,-0.176346,51.488776,1,3,2,1,08/02/2005,3,20:00,12,E09000020,3,308,Single carriageway,30,Giveway or uncontrolled,6,0,None within 50 metres,No physical crossing within 50 meters,Darkness: Street lights present and lit,Fine without high winds,Dry,None,None,1,Yes,E01002910,2005
44,200501BS70018,525860.0,179700.0,-0.188058,51.502177,1,3,2,1,16/02/2005,4,08:20,12,E09000020,3,315,Single carriageway,30,None,-1,0,None within 50 metres,No physical crossing within 50 meters,Daylight: Street light present,Fine without high winds,Dry,None,None,1,Yes,E01002889,2005
45,200501BS70019,526360.0,177790.0,-0.181542,51.4849,1,3,2,1,07/02/2005,2,11:30,12,E09000020,6,0,Single carriageway,30,None,-1,0,None within 50 metres,No physical crossing within 50 meters,Daylight: Street light present,Fine without high winds,Dry,None,None,1,Yes,E01002912,2005
46,200501BS70020,527020.0,179020.0,-0.171599,51.495806,1,3,2,1,10/02/2005,5,18:10,12,E09000020,3,4,Single carriageway,30,Giveway or uncontrolled,3,3218,None within 50 metres,No physical crossing within 50 meters,Darkness: Street lights present and lit,Raining without high winds,Wet/Damp,None,None,1,Yes,E01002821,2005
47,200501BS70021,526290.0,177800.0,-0.182546,51.485005,1,3,1,1,12/02/2005,7,11:33,12,E09000020,3,308,Single carriageway,30,None,-1,0,None within 50 metres,non-junction pedestrian crossing,Daylight: Street light present,Fine without high winds,Wet/Damp,Roadworks,Other object in carriageway,1,Yes,E01002912,2005
48,200501BS70023,526020.0,177850.0,-0.186415,51.485515,1,3,2,2,13/02/2005,1,20:05,12,E09000020,3,3220,Single carriageway,30,Giveway or uncontrolled,6,0,None within 50 metres,No physical crossing within 50 meters,Darkness: Street lights present and lit,Fine without high winds,Dry,None,None,1,Yes,E01002896,2005
49,200501BS70025,527270.0,178660.0,-0.16813,51.492515,1,3,2,1,01/02/2005,3,16:44,12,E09000020,6,0,Single carriageway,30,Giveway or uncontrolled,6,0,None within 50 metres,No physical crossing within 50 meters,Darkness: Street lights present and lit,Raining without high winds,Wet/Damp,None,None,1,Yes,E01002862,2005
50,200501BS70027,525190.0,180500.0,-0.197423,51.509515,1,3,2,1,17/02/2005,5,18:00,12,E09000020,3,4206,Single carriageway,30,Giveway or uncontrolled,4,415,None within 50 metres,Zebra crossing,Darkness: Street lights present and lit,Raining without high winds,Wet/Damp,None,None,1,No,E01002884,2005
51,200501BS70028,527960.0,178790.0,-0.158149,51.493527,1,3,1,1,04/02/2005,6,10:15,12,E09000020,3,3216,Single carriageway,30,None,-1,0,None within 50 metres,Zebra crossing,Daylight: Street light present,Fine without high winds,Dry,None,None,1,Yes,E01002859,2005
52,200501BS70029,524100.0,181830.0,-0.212653,51.521709,1,2,1,1,15/02/2005,3,18:15,12,E09000020,4,450,Single carriageway,30,None,-1,0,None within 50 metres,Zebra crossing,Darkness: Street lights present and lit,Fine without high winds,Dry,None,None,1,Yes,E01002905,2005
53,200501BS70030,526360.0,177420.0,-0.181674,51.481575,1,3,2,1,16/02/2005,4,10:35,12,E09000020,3,3220,Single carriageway,30,Automatic traffic signal,3,3217,None within 50 metres,No physical crossing within 50 meters,Daylight: Street light present,Fine without high winds,Dry,None,None,1,Yes,E01002913,2005
54,200501BS70031,524600.0,181280.0,-0.205645,51.516656,1,3,1,1,18/02/2005,6,17:36,12,E09000020,4,412,Single carriageway,30,Automatic traffic signal,6,0,None within 50 metres,Pedestrian phase at traffic signal junction,Darkness: Street lights present and lit,Raining without high winds,Wet/Damp,None,None,1,Yes,E01002831,2005
55,200501BS70032,525710.0,179670.0,-0.190229,51.501941,1,3,1,1,15/02/2005,3,16:05,12,E09000020,6,0,Single carriageway,30,Giveway or uncontrolled,3,315,None within 50 metres,No physical crossing within 50 meters,Daylight: Street light present,Fine without high winds,Dry,None,None,1,Yes,E01002889,2005
56,200501BS70033,526450.0,179240.0,-0.179727,51.497911,1,3,1,1,10/02/2005,5,13:56,12,E09000020,5,0,Single carriageway,30,Giveway or uncontrolled,5,0,None within 50 metres,Zebra crossing,Daylight: Street light present,Raining without high winds,Wet/Damp,None,None,1,Yes,E01002892,2005
57,200501BS70034,524220.0,181510.0,-0.211037,51.518806,1,3,2,1,16/02/2005,4,14:10,12,E09000020,4,450,Single carriageway,30,Giveway or uncontrolled,6,0,None within 50 metres,No physical crossing within 50 meters,Daylight: Street light present,Fine without high winds,Dry,None,None,1,Yes,E01002878,2005
58,200501BS70036,525430.0,179140.0,-0.194449,51.49724,1,3,2,1,21/02/2005,2,10:10,12,E09000020,6,0,Roundabout,30,Giveway or uncontrolled,6,0,None within 50 metres,No physical crossing within 50 meters,Daylight: Street light present,Fine without high winds,Dry,None,None,1,No,E01002813,2005
59,200501BS70037,524430.0,180180.0,-0.208481,51.506807,1,3,1,1,20/02/2005,1,14:50,12,E09000020,6,0,Single carriageway,30,Giveway or uncontrolled,6,0,None within 50 metres,No physical crossing within 50 meters,Daylight: Street light present,Raining without high winds,Wet/Damp,None,None,1,Yes,E01002871,2005
60,200501BS70038,526860.0,177460.0,-0.174463,51.481822,1,3,3,1,22/02/2005,3,14:43,12,E09000020,3,3220,Dual carriageway,30,None,-1,0,None within 50 metres,No physical crossing within 50 meters,Daylight: Street light present,Fine without high winds,Wet/Damp,None,None,1,Yes,E01002840,2005
61,200501BS70039,525150.0,178510.0,-0.198704,51.49164,1,3,2,2,21/02/2005,2,17:20,12,E09000020,3,3220,Single carriageway,30,Giveway or uncontrolled,6,0,None within 50 metres,non-junction pedestrian crossing,Darkness: Street lights present and lit,Fine without high winds,Dry,None,None,1,Yes,E01002848,2005
62,200501BS70040,524900.0,178780.0,-0.202208,51.494121,1,3,2,1,20/02/2005,1,12:40,12,E09000020,3,3220,One way street,30,None,-1,0,None within 50 metres,Pedestrian phase at traffic signal junction,Daylight: Street light present,Fine without high winds,Dry,None,None,1,Yes,E01002814,2005
63,200501BS70041,527650.0,179680.0,-0.16229,51.501596,1,3,1,2,20/02/2005,1,13:55,1,E09000033,3,315,Single carriageway,30,None,-1,0,None within 50 metres,non-junction pedestrian crossing,Daylight: Street light present,Fine without high winds,Dry,None,None,1,Yes,E01004689,2005
64,200501BS70042,527210.0,178840.0,-0.168929,51.494146,1,3,2,2,26/02/2005,7,22:25,12,E09000020,3,308,Single carriageway,30,None,-1,0,None within 50 metres,No physical crossing within 50 meters,Darkness: Street lights present and lit,Fine without high winds,Dry,None,None,1,Yes,E01002821,2005
65,200501BS70043,525990.0,178490.0,-0.186618,51.491273,1,3,4,1,28/02/2005,2,18:14,12,E09000020,5,0,Single carriageway,30,Giveway or uncontrolled,6,0,None within 50 metres,No physical crossing within 50 meters,Darkness: Street lights present and lit,Fine without high winds,Wet/Damp,None,None,1,Yes,E01002836,2005
66,200501BS70044,526360.0,177420.0,-0.181674,51.481575,1,3,2,1,24/02/2005,5,16:30,12,E09000020,3,3217,Single carriageway,30,Automatic traffic signal,3,3220,None within 50 metres,Pedestrian phase at traffic signal junction,Daylight: Street light present,Fine without high winds,Wet/Damp,None,None,1,Yes,E01002913,2005
67,200501BS70045,526860.0,178060.0,-0.174248,51.487215,1,3,1,1,01/03/2005,3,19:00,12,E09000020,5,0,Single carriageway,30,Giveway or uncontrolled,6,0,None within 50 metres,No physical crossing within 50 meters,Darkness: Street lights present and lit,Raining without high winds,Wet/Damp,None,None,1,Yes,E01002910,2005
68,200501BS70046,524780.0,180400.0,-0.203363,51.508707,1,3,1,1,23/02/2005,4,17:13,12,E09000020,6,0,Single carriageway,30,None,-1,0,None within 50 metres,non-junction pedestrian crossing,Darkness: Street lights present and lit,Fine without high winds,Dry,None,None,1,Yes,E01002883,2005
69,200501BS70047,526230.0,178920.0,-0.183009,51.495084,1,3,2,1,26/02/2005,7,17:00,12,E09000020,3,4,Single carriageway,30,Giveway or uncontrolled,5,0,None within 50 metres,Pedestrian phase at traffic signal junction,Darkness: Street lights present and lit,Raining without high winds,Wet/Damp,None,None,1,Yes,E01002887,2005
70,200501BS70048,527080.0,177550.0,-0.171264,51.482582,1,3,2,1,24/02/2005,5,09:15,12,E09000020,3,3212,Dual carriageway,30,Automatic traffic signal,5,0,None within 50 metres,No physical crossing within 50 meters,Daylight: Street light present,Snowing without high winds,Wet/Damp,None,None,1,Yes,E01002844,2005
71,200501BS70049,526520.0,178020.0,-0.179156,51.486931,1,3,1,1,25/02/2005,6,00:11,12,E09000020,3,308,Single carriageway,30,Giveway or uncontrolled,5,0,None within 50 metres,Pedestrian phase at traffic signal junction,Darkness: Street lights present and lit,Raining without high winds,Wet/Damp,None,None,1,Yes,E01002911,2005
72,200501BS70050,525330.0,180460.0,-0.195421,51.509125,1,3,3,1,23/02/2005,4,19:00,12,E09000020,3,402,One way street,30,Giveway or uncontrolled,3,4204,None within 50 metres,Pedestrian phase at traffic signal junction,Darkness: Street lights present and lit,Fine without high winds,Dry,None,None,1,Yes,E01002827,2005
73,200501BS70051,525430.0,178700.0,-0.194606,51.493285,1,3,1,1,26/02/2005,7,01:48,12,E09000020,3,3220,One way street,30,Giveway or uncontrolled,6,0,None within 50 metres,No physical crossing within 50 meters,Darkness: Street lights present and lit,Other,Wet/Damp,None,None,1,Yes,E01002851,2005
74,200501BS70052,524240.0,179370.0,-0.211503,51.499569,1,3,1,1,23/02/2005,4,07:58,12,E09000020,6,0,Single carriageway,30,None,-1,0,None within 50 metres,No physical crossing within 50 meters,Daylight: Street light present,Snowing without high winds,Snow,None,None,1,Yes,E01002867,2005
75,200501BS70053,526840.0,178780.0,-0.174277,51.49369,1,3,1,1,25/02/2005,6,14:55,12,E09000020,4,304,Single carriageway,30,Automatic traffic signal,5,0,None within 50 metres,Pedestrian phase at traffic signal junction,Daylight: Street light present,Fine without high winds,Wet/Damp,None,None,1,Yes,E01002822,2005
76,200501BS70054,527670.0,178410.0,-0.162461,51.490178,1,3,2,1,25/02/2005,6,08:22,12,E09000020,3,3217,Single carriageway,30,Giveway or uncontrolled,6,0,None within 50 metres,Zebra crossing,Daylight: Street light present,Snowing without high winds,Wet/Damp,None,None,1,Yes,E01002861,2005
77,200501BS70055,526290.0,178910.0,-0.182149,51.494981,1,3,1,1,25/02/2005,6,04:38,12,E09000020,3,4,Dual carriageway,30,Giveway or uncontrolled,6,0,None within 50 metres,Pedestrian phase at traffic signal junction,Darkness: Street lights present and lit,Snowing without high winds,Wet/Damp,None,None,1,Yes,E01002835,2005
78,200501BS70056,525330.0,181110.0,-0.19519,51.514966,1,3,1,1,04/03/2005,6,13:20,1,E09000033,3,4206,Single carriageway,30,Automatic traffic signal,5,0,None within 50 metres,Pedestrian phase at traffic signal junction,Daylight: Street light present,Raining without high winds,Wet/Damp,None,None,1,Yes,E01004653,2005
79,200501BS70058,527200.0,178760.0,-0.169101,51.493429,1,3,2,1,01/03/2005,3,00:30,12,E09000020,3,308,Single carriageway,30,Automatic traffic signal,5,0,None within 50 metres,No physical crossing within 50 meters,Darkness: Street lights present and lit,Fine without high winds,Wet/Damp,None,None,1,Yes,E01002821,2005
80,200501BS70060,526390.0,179620.0,-0.180455,51.50134,1,3,2,1,28/02/2005,2,19:30,1,E09000033,3,315,Single carriageway,30,Giveway or uncontrolled,5,0,None within 50 metres,Pedestrian phase at traffic signal junction,Darkness: Street lights present and lit,Snowing without high winds,Wet/Damp,None,None,1,Yes,E01002891,2005
81,200501BS70061,526060.0,177560.0,-0.185942,51.4829,1,3,2,1,01/03/2005,3,12:03,12,E09000020,3,304,Single carriageway,30,Giveway or uncontrolled,6,0,None within 50 metres,No physical crossing within 50 meters,Daylight: Street light present,Raining without high winds,Wet/Damp,None,None,1,Yes,E01002912,2005
82,200501BS70062,526920.0,177480.0,-0.173592,51.481989,1,3,2,1,14/02/2005,2,23:03,12,E09000020,3,3220,Single carriageway,30,Automatic traffic signal,3,3220,None within 50 metres,No physical crossing within 50 meters,Darkness: Street lights present and lit,Fine without high winds,Dry,None,None,1,Yes,E01002840,2005
83,200501BS70063,526800.0,177450.0,-0.17533,51.481746,1,3,2,1,02/02/2005,4,22:19,12,E09000020,3,3220,Single carriageway,30,Giveway or uncontrolled,6,0,None within 50 metres,No physical crossing within 50 meters,Darkness: Street lights present and lit,Raining without high winds,Wet/Damp,None,None,1,Yes,E01002840,2005
84,200501BS70065,526470.0,177970.0,-0.179894,51.486493,1,3,2,1,03/03/2005,5,14:30,12,E09000020,3,308,Single carriageway,30,Giveway or uncontrolled,6,0,None within 50 metres,No physical crossing within 50 meters,Daylight: Street light present,Fine without high winds,Dry,None,None,1,Yes,E01002912,2005
85,200501BS70066,524830.0,179160.0,-0.203081,51.497552,1,2,2,1,01/03/2005,3,19:15,12,E09000020,3,315,Single carriageway,30,None,-1,0,None within 50 metres,No physical crossing within 50 meters,Darkness: Street lights present and lit,Raining without high winds,Wet/Damp,None,None,1,No,E01002814,2005
86,200501BS70067,524580.0,179010.0,-0.206734,51.496259,1,3,2,1,01/03/2005,3,18:31,12,E09000020,3,315,Single carriageway,30,Giveway or uncontrolled,6,0,None within 50 metres,non-junction pedestrian crossing,Darkness: Street lights present and lit,Raining without high winds,Wet/Damp,None,None,1,Yes,E01002814,2005
87,200501BS70068,527180.0,179090.0,-0.16927,51.496399,1,3,2,4,05/03/2005,7,02:58,12,E09000020,3,308,Dual carriageway,30,Automatic traffic signal,3,4,None within 50 metres,Pedestrian phase at traffic signal junction,Darkness: Street lights present and lit,Fine without high winds,Dry,None,None,1,Yes,E01002821,2005
88,200501BS70069,526900.0,178470.0,-0.173525,51.49089,1,3,1,1,01/03/2005,3,10:40,12,E09000020,6,0,Single carriageway,30,Giveway or uncontrolled,3,308,None within 50 metres,No physical crossing within 50 meters,Daylight: Street light present,Fine without high winds,Dry,None,None,1,Yes,E01002822,2005
89,200501BS70070,524590.0,181280.0,-0.205789,51.516658,1,3,1,1,08/03/2005,3,23:40,12,E09000020,4,412,Single carriageway,30,Automatic traffic signal,6,0,None within 50 metres,No physical crossing within 50 meters,Darkness: Street lights present and lit,Fine without high winds,Dry,None,None,1,Yes,E01002831,2005
90,200501BS70072,524580.0,181160.0,-0.205975,51.515582,1,3,1,1,03/03/2005,5,21:07,12,E09000020,6,0,Roundabout,30,Giveway or uncontrolled,6,0,None within 50 metres,No physical crossing within 50 meters,Darkness: Street lights present and lit,Fine without high winds,Wet/Damp,None,None,1,Yes,E01002833,2005
91,200501BS70073,525000.0,180660.0,-0.200102,51.510995,1,2,2,1,05/03/2005,7,18:40,12,E09000020,4,415,Single carriageway,30,Giveway or uncontrolled,6,0,None within 50 metres,No physical crossing within 50 meters,Darkness: Street lights present and lit,Raining without high winds,Wet/Damp,None,None,1,Yes,E01002882,2005
92,200501BS70074,525180.0,178730.0,-0.198194,51.49361,1,3,1,1,05/03/2005,7,16:55,12,E09000020,3,4,Dual carriageway,30,None,-1,0,None within 50 metres,No physical crossing within 50 meters,Darkness: Street lights present and lit,Fine without high winds,Dry,None,None,1,Yes,E01002814,2005
93,200501BS70075,526620.0,177560.0,-0.177882,51.482775,1,3,1,1,08/03/2005,3,13:36,12,E09000020,3,3217,Single carriageway,30,Giveway or uncontrolled,6,0,None within 50 metres,No physical crossing within 50 meters,Daylight: Street light present,Fine without high winds,Dry,None,None,1,Yes,E01002840,2005
94,200501BS70076,525410.0,180490.0,-0.194258,51.509377,1,3,2,1,06/03/2005,1,01:05,12,E09000020,3,402,Single carriageway,30,Automatic traffic signal,3,4204,None within 50 metres,No physical crossing within 50 meters,Darkness: Street lights present and lit,Fine without high winds,Dry,None,None,1,Yes,E01002827,2005
95,200501BS70077,524430.0,181060.0,-0.208171,51.514716,1,3,2,1,08/03/2005,3,12:20,12,E09000020,4,450,Single carriageway,30,Giveway or uncontrolled,6,0,None within 50 metres,No physical crossing within 50 meters,Daylight: Street light present,Fine without high winds,Dry,None,None,1,Yes,E01002874,2005
96,200501BS70078,524050.0,179700.0,-0.214123,51.502577,1,3,2,1,08/03/2005,3,08:56,12,E09000020,3,3220,Single carriageway,30,Automatic traffic signal,5,0,None within 50 metres,Pedestrian phase at traffic signal junction,Daylight: Street light present,Fine without high winds,Dry,None,None,1,Yes,E01002869,2005
97,200501BS70079,526090.0,177600.0,-0.185496,51.483253,1,3,3,1,09/03/2005,4,16:55,12,E09000020,3,3220,Single carriageway,30,Automatic traffic signal,3,308,None within 50 metres,Pedestrian phase at traffic signal junction,Daylight: Street light present,Fine without high winds,Dry,Auto traffic signal partly defective,None,1,Yes,E01002912,2005
98,200501BS70080,525370.0,180290.0,-0.194905,51.507588,1,3,3,2,09/03/2005,4,15:35,12,E09000020,3,4204,Single carriageway,30,Giveway or uncontrolled,6,0,None within 50 metres,Zebra crossing,Daylight: Street light present,Fine without high winds,Dry,None,None,1,Yes,E01002827,2005
99,200501BS70082,525350.0,178030.0,-0.195995,51.487281,1,3,1,1,14/03/2005,2,17:35,12,E09000020,3,3218,Single carriageway,30,None,-1,0,None within 50 metres,No physical crossing within 50 meters,Daylight: Street light present,Fine without high winds,Wet/Damp,None,None,1,Yes,E01001883,2005
100,200501BS70083,524290.0,181340.0,-0.210089,51.517263,1,3,1,1,17/03/2005,5,09:15,12,E09000020,4,450,Single carriageway,30,None,-1,0,None within 50 metres,non-junction pedestrian crossing,Daylight: Street light present,Fine without high winds,Dry,None,None,1,Yes,E01002831,2005
101,200501BS70084,524340.0,181240.0,-0.209404,51.516353,1,3,2,1,13/03/2005,1,00:15,12,E09000020,4,450,Single carriageway,30,Giveway or uncontrolled,6,0,None within 50 metres,No physical crossing within 50 meters,Darkness: Street lights present and lit,Fine without high winds,Dry,None,None,1,No,E01002879,2005
102,200501BS70085,523920.0,182090.0,-0.215155,51.524085,1,3,2,1,15/03/2005,3,13:02,12,E09000020,5,0,Single carriageway,30,None,-1,0,None within 50 metres,No physical crossing within 50 meters,Daylight: Street light present,Fine without high winds,Dry,None,None,1,Yes,E01002905,2005
103,200501BS70086,526520.0,178020.0,-0.179156,51.486931,1,3,2,1,14/03/2005,2,20:00,12,E09000020,3,308,Single carriageway,30,Automatic traffic signal,5,0,None within 50 metres,Pedestrian phase at traffic signal junction,Darkness: Street lights present and lit,Fine without high winds,Dry,None,None,1,Yes,E01002911,2005
104,200501BS70087,526030.0,177530.0,-0.186385,51.482637,1,3,2,1,15/03/2005,3,15:31,12,E09000020,3,304,Single carriageway,30,Giveway or uncontrolled,6,0,None within 50 metres,No physical crossing within 50 meters,Daylight: Street light present,Fine without high winds,Dry,None,None,1,Yes,E01002913,2005
105,200501BS70088,524730.0,179110.0,-0.204539,51.497125,1,2,2,1,15/03/2005,3,09:40,12,E09000020,3,315,Dual carriageway,30,Automatic traffic signal,3,3220,None within 50 metres,Pedestrian phase at traffic signal junction,Daylight: Street light present,Fine without high winds,Dry,None,None,1,Yes,E01002867,2005
106,200501BS70089,524120.0,180010.0,-0.213006,51.505347,1,2,2,1,09/03/2005,4,09:13,12,E09000020,3,402,One way street,30,Automatic traffic signal,5,0,None within 50 metres,Pedestrian phase at traffic signal junction,Daylight: Street light present,Fine without high winds,Dry,None,None,1,Yes,E01002873,2005
107,200501BS70090,527340.0,179250.0,-0.166909,51.497801,1,3,1,2,18/03/2005,6,14:41,12,E09000020,3,4,Dual carriageway,30,Giveway or uncontrolled,6,0,None within 50 metres,Zebra crossing,Daylight: Street light present,Fine without high winds,Dry,None,None,1,Yes,E01002819,2005
108,200501BS70091,524950.0,180390.0,-0.200918,51.50858,1,3,2,1,09/03/2005,4,08:17,12,E09000020,3,402,Single carriageway,30,Giveway or uncontrolled,6,0,None within 50 metres,No physical crossing within 50 meters,Daylight: Street light present,Fine without high winds,Dry,None,None,1,Yes,E01002883,2005
109,200501BS70092,524950.0,181020.0,-0.200695,51.514242,1,3,3,2,17/03/2005,5,11:07,12,E09000020,5,0,Single carriageway,30,None,-1,0,None within 50 metres,No physical crossing within 50 meters,Daylight: Street light present,Fine without high winds,Dry,None,None,1,Yes,E01002832,2005
110,200501BS70093,526690.0,177360.0,-0.176946,51.480962,1,3,2,1,17/03/2005,5,20:55,12,E09000020,3,3220,Dual carriageway,30,Giveway or uncontrolled,6,0,None within 50 metres,Zebra crossing,Darkness: Street lights present and lit,Fine without high winds,Dry,None,None,1,Yes,E01002840,2005
111,200501BS70094,526370.0,177410.0,-0.181534,51.481483,1,3,1,1,17/03/2005,5,23:30,12,E09000020,3,3220,Single carriageway,30,Automatic traffic signal,3,3217,None within 50 metres,Pedestrian phase at traffic signal junction,Darkness: Street lights present and lit,Fine without high winds,Dry,None,None,1,Yes,E01002843,2005
112,200501BS70095,524410.0,181090.0,-0.208448,51.51499,1,3,1,1,13/03/2005,1,20:45,12,E09000020,4,450,Single carriageway,30,Giveway or uncontrolled,6,0,None within 50 metres,No physical crossing within 50 meters,Darkness: Street lights present and lit,Fine without high winds,Dry,None,None,1,Yes,E01002874,2005
113,200501BS70096,524290.0,179420.0,-0.210765,51.500008,1,2,2,1,16/03/2005,4,20:20,12,E09000020,3,3220,Single carriageway,30,None,-1,0,None within 50 metres,No physical crossing within 50 meters,Darkness: Street lights present and lit,Fine without high winds,Dry,None,None,1,Yes,E01002866,2005
114,200501BS70097,525600.0,179620.0,-0.191831,51.501516,1,3,1,1,24/03/2005,5,13:53,12,E09000020,3,315,Single carriageway,30,Giveway or uncontrolled,6,0,None within 50 metres,No physical crossing within 50 meters,Daylight: Street light present,Fine without high winds,Dry,None,None,1,Yes,E01002826,2005
115,200501BS70098,527290.0,178720.0,-0.16782,51.49305,1,3,1,2,20/03/2005,1,14:31,12,E09000020,5,0,Single carriageway,30,Giveway or uncontrolled,6,0,None within 50 metres,No physical crossing within 50 meters,Daylight: Street light present,Fine without high winds,Dry,None,None,1,Yes,E01002858,2005
116,200501BS70099,527550.0,178300.0,-0.164228,51.489216,1,3,1,1,21/03/2005,2,09:22,12,E09000020,3,3217,Single carriageway,30,Giveway or uncontrolled,6,0,None within 50 metres,Zebra crossing,Daylight: Street light present,Fine without high winds,Dry,None,None,1,Yes,E01002903,2005
117,200501BS70100,525540.0,178570.0,-0.193068,51.492092,1,3,1,1,18/03/2005,6,18:03,12,E09000020,3,3220,One way street,30,None,-1,0,None within 50 metres,Zebra crossing,Darkness: Street lights present and lit,Fine without high winds,Dry,None,None,1,Yes,E01002850,2005
118,200501BS70101,527870.0,178570.0,-0.159524,51.491571,1,3,1,1,20/03/2005,1,13:45,12,E09000020,3,3217,Single carriageway,30,Giveway or uncontrolled,6,0,None within 50 metres,No physical crossing within 50 meters,Daylight: Street light present,Fine without high winds,Dry,None,None,1,Yes,E01002902,2005
119,200501BS70102,526010.0,179500.0,-0.18597,51.500346,1,3,2,1,23/03/2005,4,15:45,12,E09000020,6,0,Single carriageway,30,Giveway or uncontrolled,6,0,None within 50 metres,No physical crossing within 50 meters,Daylight: Street light present,Fine without high winds,Dry,None,None,1,Yes,E01002890,2005
120,200501BS70105,527870.0,178580.0,-0.15952,51.491661,1,3,2,1,24/02/2005,5,08:17,12,E09000020,3,3217,Single carriageway,30,Giveway or uncontrolled,6,0,None within 50 metres,Zebra crossing,Daylight: Street light present,Fine without high winds,Dry,None,None,1,Yes,E01002859,2005
121,200501BS70107,524390.0,182280.0,-0.208317,51.525689,1,3,2,1,23/03/2005,4,23:17,12,E09000020,5,0,Single carriageway,30,Giveway or uncontrolled,6,0,None within 50 metres,No physical crossing within 50 meters,Darkness: Street lights present and lit,Fine without high winds,Dry,None,None,1,Yes,E01002852,2005
122,200501BS70108,524590.0,181280.0,-0.205789,51.516658,1,3,2,1,24/03/2005,5,19:20,12,E09000020,4,412,Single carriageway,30,Automatic traffic signal,6,0,None within 50 metres,Pedestrian phase at traffic signal junction,Darkness: Street lights present and lit,Fine without high winds,Dry,None,None,1,Yes,E01002831,2005
123,200501BS70109,525330.0,179500.0,-0.195761,51.500497,1,3,2,1,24/03/2005,5,12:01,12,E09000020,6,0,One way street,30,Giveway or uncontrolled,6,0,None within 50 metres,No physical crossing within 50 meters,Daylight: Street light present,Fine without high winds,Dry,None,None,1,Yes,E01002865,2005
124,200501BS70110,524200.0,181580.0,-0.211301,51.51944,1,3,2,1,31/03/2005,5,23:39,12,E09000020,4,450,Single carriageway,30,Giveway or uncontrolled,6,0,None within 50 metres,No physical crossing within 50 meters,Darkness: Street lights present and lit,Fine without high winds,Dry,None,None,1,Yes,E01002909,2005
125,200501BS70111,523310.0,181360.0,-0.224199,51.517657,1,3,2,1,21/03/2005,2,11:40,12,E09000020,6,0,Single carriageway,30,Giveway or uncontrolled,6,0,None within 50 metres,No physical crossing within 50 meters,Daylight: Street light present,Fine without high winds,Dry,None,None,1,Yes,E01002877,2005
126,200501BS70112,526090.0,178930.0,-0.185021,51.495206,1,3,3,1,18/03/2005,6,12:30,12,E09000020,6,0,One way street,30,Giveway or uncontrolled,6,0,None within 50 metres,No physical crossing within 50 meters,Daylight: Street light present,Fine without high winds,Dry,None,None,1,Yes,E01002888,2005
127,200501BS70113,526920.0,179000.0,-0.173046,51.495649,1,3,1,1,24/02/2005,5,12:40,12,E09000020,3,4,Dual carriageway,30,None,-1,0,None within 50 metres,No physical crossing within 50 meters,Daylight: Street light present,Raining without high winds,Wet/Damp,None,None,1,Yes,E01002821,2005
128,200501BS70114,527430.0,179340.0,-0.165581,51.49859,1,3,1,1,24/03/2005,5,09:20,12,E09000020,3,4,Single carriageway,30,Giveway or uncontrolled,3,4,None within 50 metres,No physical crossing within 50 meters,Daylight: Street light present,Fine without high winds,Dry,None,None,1,Yes,E01002819,2005
129,200501BS70115,525370.0,178820.0,-0.195427,51.494377,1,3,3,1,23/03/2005,4,08:23,12,E09000020,3,4,Dual carriageway,30,Automatic traffic signal,3,3220,None within 50 metres,No physical crossing within 50 meters,Daylight: Street light present,Fine without high winds,Dry,None,None,1,Yes,E01002851,2005
130,200501BS70116,526490.0,178530.0,-0.179406,51.491521,1,3,2,1,23/03/2005,4,18:36,12,E09000020,3,3218,Single carriageway,30,Automatic traffic signal,6,0,None within 50 metres,Pedestrian phase at traffic signal junction,Darkness: Street lights present and lit,Fine without high winds,Dry,None,None,1,Yes,E01002820,2005
131,200501BS70117,527770.0,179170.0,-0.160747,51.496985,1,3,2,1,31/03/2005,5,17:10,12,E09000020,4,319,Single carriageway,30,Giveway or uncontrolled,6,0,None within 50 metres,No physical crossing within 50 meters,Daylight: Street light present,Fine without high winds,Dry,None,None,1,Yes,E01002818,2005
132,200501BS70118,525460.0,179590.0,-0.193858,51.501277,1,3,1,1,14/03/2005,2,15:30,12,E09000020,5,0,Single carriageway,30,Giveway or uncontrolled,6,0,None within 50 metres,Zebra crossing,Daylight: Street light present,Fine without high winds,Dry,None,None,1,No,E01002825,2005
133,200501BS70119,526250.0,177370.0,-0.183275,51.48115,1,3,1,1,12/03/2005,7,03:00,12,E09000020,3,308,One way street,30,Automatic traffic signal,3,3220,None within 50 metres,Pedestrian phase at traffic signal junction,Darkness: Street lights present and lit,Fine without high winds,Dry,None,None,1,No,E01002913,2005
134,200501BS70121,524730.0,181390.0,-0.203733,51.517616,1,3,2,1,09/04/2005,7,09:45,12,E09000020,6,0,Single carriageway,30,Giveway or uncontrolled,6,0,None within 50 metres,No physical crossing within 50 meters,Daylight: Street light present,Fine without high winds,Dry,None,None,1,Yes,E01002830,2005
135,200501BS70123,526890.0,178920.0,-0.173507,51.494937,1,3,1,1,07/04/2005,5,14:30,12,E09000020,3,3218,One way street,30,Automatic traffic signal,3,3218,None within 50 metres,Pedestrian phase at traffic signal junction,Daylight: Street light present,Raining without high winds,Wet/Damp,None,None,1,Yes,E01002821,2005
136,200501BS70124,525270.0,180450.0,-0.196288,51.509048,1,3,2,1,02/04/2005,7,11:09,12,E09000020,3,402,Dual carriageway,30,Giveway or uncontrolled,6,0,None within 50 metres,non-junction pedestrian crossing,Daylight: Street light present,Fine without high winds,Dry,None,None,1,Yes,E01002884,2005
137,200501BS70125,526410.0,179630.0,-0.180164,51.501425,1,2,2,1,17/03/2005,5,17:00,1,E09000033,3,315,Single carriageway,30,Automatic traffic signal,5,0,None within 50 metres,Pedestrian phase at traffic signal junction,Daylight: Street light present,Fine without high winds,Dry,None,None,1,No,E01004688,2005
138,200501BS70126,524320.0,182110.0,-0.209385,51.524177,1,3,2,1,31/03/2005,5,15:12,12,E09000020,6,0,Single carriageway,30,Giveway or uncontrolled,6,0,None within 50 metres,No physical crossing within 50 meters,Daylight: Street light present,Fine without high winds,Dry,None,None,1,Yes,E01002852,2005
139,200501BS70127,526870.0,178980.0,-0.173773,51.49548,1,3,1,1,07/04/2005,5,13:15,12,E09000020,3,4,Single carriageway,30,Automatic traffic signal,5,0,None within 50 metres,Pedestrian phase at traffic signal junction,Daylight: Street light present,Fine without high winds,Dry,None,None,1,Yes,E01002821,2005
140,200501BS70128,527760.0,179690.0,-0.160703,51.501661,1,3,2,1,31/03/2005,5,21:25,1,E09000033,3,4,Dual carriageway,30,Automatic traffic signal,3,3216,None within 50 metres,Pedestrian phase at traffic signal junction,Darkness: Street lights present and lit,Fine without high winds,Wet/Damp,None,None,1,Yes,E01004689,2005
141,200501BS70129,524170.0,181680.0,-0.211698,51.520345,1,3,1,1,06/04/2005,4,00:32,12,E09000020,4,450,Single carriageway,30,Giveway or uncontrolled,5,0,None within 50 metres,Zebra crossing,Darkness: Street lights present and lit,Fine without high winds,Dry,None,None,1,Yes,E01002856,2005
142,200501BS70130,526940.0,177890.0,-0.173157,51.485669,1,3,2,1,05/04/2005,3,08:25,12,E09000020,3,3217,Single carriageway,30,Giveway or uncontrolled,5,0,None within 50 metres,No physical crossing within 50 meters,Daylight: Street light present,Fine without high winds,Dry,None,None,1,Yes,E01002844,2005
143,200501BS70131,527870.0,178580.0,-0.15952,51.491661,1,3,1,1,08/04/2005,6,09:04,12,E09000020,3,3217,Single carriageway,30,Giveway or uncontrolled,6,0,None within 50 metres,Zebra crossing,Daylight: Street light present,Fine without high winds,Dry,None,None,1,Yes,E01002859,2005
144,200501BS70132,524830.0,181380.0,-0.202296,51.517504,1,3,1,1,02/04/2005,7,16:42,12,E09000020,4,412,Single carriageway,30,None,-1,0,None within 50 metres,No physical crossing within 50 meters,Daylight: Street light present,Fine without high winds,Dry,None,None,1,Yes,E01002829,2005
145,200501BS70133,525590.0,178860.0,-0.192245,51.494688,1,3,3,1,06/04/2005,4,08:40,12,E09000020,3,4,Dual carriageway,30,Automatic traffic signal,5,0,None within 50 metres,Pedestrian phase at traffic signal junction,Daylight: Street light present,Raining without high winds,Wet/Damp,None,None,1,Yes,E01002850,2005
146,200501BS70134,525580.0,178180.0,-0.192631,51.488579,1,2,2,1,01/04/2005,6,23:40,12,E09000020,3,3218,One way street,30,Automatic traffic signal,3,3220,None within 50 metres,Pedestrian phase at traffic signal junction,Darkness: Street lights present and lit,Fine without high winds,Dry,None,None,1,Yes,E01002849,2005
147,200501BS70135,525470.0,178850.0,-0.193976,51.494624,1,3,1,1,06/04/2005,4,18:15,12,E09000020,3,4,Single carriageway,30,None,-1,0,None within 50 metres,No physical crossing within 50 meters,Daylight: Street light present,Fine without high winds,Dry,None,None,1,Yes,E01002850,2005
148,200501BS70136,525020.0,178630.0,-0.200533,51.492747,1,2,2,1,04/04/2005,2,06:18,12,E09000020,3,3220,Dual carriageway,30,Automatic traffic signal,3,4,None within 50 metres,No physical crossing within 50 meters,Daylight: Street light present,Fine without high winds,Dry,None,None,1,Yes,E01002814,2005
149,200501BS70137,527100.0,178000.0,-0.170814,51.486622,1,3,2,1,08/04/2005,6,10:40,12,E09000020,3,3217,Dual carriageway,30,Giveway or uncontrolled,6,0,None within 50 metres,No physical crossing within 50 meters,Daylight: Street light present,Fine without high winds,Dry,None,None,1,Yes,E01002844,2005
150,200501BS70140,524370.0,181190.0,-0.208989,51.515897,1,3,2,1,08/04/2005,6,08:28,12,E09000020,4,450,Single carriageway,30,Giveway or uncontrolled,4,412,None within 50 metres,non-junction pedestrian crossing,Daylight: Street light present,Raining without high winds,Wet/Damp,None,None,1,Yes,E01002874,2005
151,200501BS70141,527250.0,179160.0,-0.168237,51.497013,1,3,2,1,08/04/2005,6,12:58,12,E09000020,3,4,Dual carriageway,30,Giveway or uncontrolled,6,0,None within 50 metres,non-junction pedestrian crossing,Daylight: Street light present,Fine without high winds,Dry,None,None,1,Yes,E01002819,2005
152,200501BS70142,523490.0,181080.0,-0.221704,51.515102,1,3,2,1,10/04/2005,1,19:25,11,E09000013,3,3220,Single carriageway,30,Giveway or uncontrolled,3,40,None within 50 metres,No physical crossing within 50 meters,Darkness: Street lights present and lit,Fine without high winds,Dry,None,None,1,No,E01002877,2005
153,200501BS70144,523580.0,181170.0,-0.220376,51.515891,1,3,2,1,13/03/2005,1,08:43,11,E09000013,3,3220,Roundabout,30,Giveway or uncontrolled,3,40,None within 50 metres,No physical crossing within 50 meters,Daylight: Street light present,Fine without high winds,Dry,None,None,1,Yes,E01002877,2005
154,200501BS70145,525390.0,179550.0,-0.19488,51.500933,1,3,1,1,19/04/2005,3,13:28,12,E09000020,5,0,One way street,30,Giveway or uncontrolled,6,0,None within 50 metres,No physical crossing within 50 meters,Daylight: Street light present,Raining without high winds,Wet/Damp,None,None,1,Yes,E01002865,2005
155,200501BS70148,525740.0,179600.0,-0.189822,51.501305,1,3,1,1,03/04/2005,1,18:15,12,E09000020,6,0,Single carriageway,30,None,-1,0,None within 50 metres,No physical crossing within 50 meters,Daylight: Street light present,Fine without high winds,Dry,None,None,1,Yes,E01002889,2005
156,200501BS70149,524420.0,180120.0,-0.208646,51.50627,1,3,2,1,12/04/2005,3,15:50,12,E09000020,3,402,Single carriageway,30,None,-1,0,None within 50 metres,No physical crossing within 50 meters,Daylight: Street light present,Fine without high winds,Dry,None,None,1,Yes,E01002868,2005
157,200501BS70151,527580.0,177730.0,-0.164002,51.484087,1,3,1,1,13/04/2005,4,09:50,12,E09000020,4,302,Single carriageway,30,Giveway or uncontrolled,6,0,None within 50 metres,No physical crossing within 50 meters,Daylight: Street light present,Raining without high winds,Wet/Damp,None,None,1,Yes,E01002900,2005
158,200501BS70152,526510.0,178360.0,-0.179179,51.489989,1,3,2,1,14/04/2005,5,20:05,12,E09000020,6,0,Single carriageway,30,Giveway or uncontrolled,6,0,None within 50 metres,No physical crossing within 50 meters,Darkness: Street lights present and lit,Fine without high winds,Dry,None,None,1,Yes,E01002837,2005
159,200501BS70153,525020.0,178630.0,-0.200533,51.492747,1,3,2,1,13/04/2005,4,22:50,12,E09000020,3,4,Dual carriageway,30,Automatic traffic signal,3,3220,None within 50 metres,No physical crossing within 50 meters,Darkness: Street lights present and lit,Fine without high winds,Wet/Damp,None,None,1,Yes,E01002814,2005
160,200501BS70154,524000.0,182100.0,-0.213999,51.524157,1,3,2,1,16/04/2005,7,10:10,12,E09000020,4,450,Single carriageway,30,None,-1,0,None within 50 metres,Zebra crossing,Daylight: Street light present,Fine without high winds,Dry,None,None,1,Yes,E01002905,2005
161,200501BS70155,525740.0,178850.0,-0.190089,51.494564,1,3,2,2,16/04/2005,7,18:45,12,E09000020,3,4,Dual carriageway,30,None,-1,0,None within 50 metres,No physical crossing within 50 meters,Daylight: Street light present,Fine without high winds,Dry,None,None,1,Yes,E01002839,2005
162,200501BS70156,526360.0,177420.0,-0.181674,51.481575,1,3,2,1,08/04/2005,6,17:30,12,E09000020,3,3217,Single carriageway,30,Automatic traffic signal,3,3220,None within 50 metres,Pedestrian phase at traffic signal junction,Daylight: Street light present,Fine without high winds,Wet/Damp,None,None,1,No,E01002913,2005
163,200501BS70157,525750.0,177950.0,-0.190265,51.486474,1,3,2,1,14/04/2005,5,09:30,12,E09000020,6,0,Single carriageway,30,Giveway or uncontrolled,3,3220,None within 50 metres,Zebra crossing,Daylight: Street light present,Fine without high winds,Dry,None,None,1,Yes,E01002893,2005
164,200501BS70158,527310.0,178700.0,-0.167539,51.492865,1,3,2,1,14/04/2005,5,12:55,12,E09000020,5,0,Single carriageway,30,Giveway or uncontrolled,6,0,None within 50 metres,No physical crossing within 50 meters,Daylight: Street light present,Fine without high winds,Dry,None,None,1,No,E01002858,2005
165,200501BS70160,524220.0,181510.0,-0.211037,51.518806,1,3,2,1,18/04/2005,2,12:24,12,E09000020,4,450,Single carriageway,30,Giveway or uncontrolled,6,0,None within 50 metres,No physical crossing within 50 meters,Daylight: Street light present,Fine without high winds,Dry,None,None,1,Yes,E01002878,2005
166,200501BS70161,524460.0,181000.0,-0.20776,51.51417,1,3,2,1,20/04/2005,4,17:00,12,E09000020,4,450,Single carriageway,30,Automatic traffic signal,4,415,None within 50 metres,No physical crossing within 50 meters,Daylight: Street light present,Fine without high winds,Dry,None,None,1,Yes,E01002874,2005
167,200501BS70163,527700.0,177880.0,-0.162221,51.485408,1,3,2,1,19/04/2005,3,19:25,12,E09000020,4,302,Single carriageway,30,Giveway or uncontrolled,6,0,None within 50 metres,No physical crossing within 50 meters,Daylight: Street light present,Fine without high winds,Dry,None,None,1,Yes,E01002900,2005
168,200501BS70164,524050.0,179700.0,-0.214123,51.502577,1,3,2,1,10/04/2005,1,19:06,12,E09000020,3,3220,Single carriageway,30,Automatic traffic signal,5,0,None within 50 metres,No physical crossing within 50 meters,Daylight: Street light present,Fine without high winds,Dry,None,None,1,Yes,E01002869,2005
169,200501BS70165,524590.0,180310.0,-0.206131,51.50794,1,3,2,1,20/04/2005,4,07:50,12,E09000020,6,0,One way street,30,Giveway or uncontrolled,6,0,None within 50 metres,No physical crossing within 50 meters,Daylight: Street light present,Fine without high winds,Dry,None,None,1,Yes,E01002871,2005
170,200501BS70166,525420.0,179500.0,-0.194465,51.500477,1,2,1,1,16/04/2005,7,20:42,12,E09000020,3,315,Single carriageway,30,Automatic traffic signal,5,0,None within 50 metres,Pedestrian phase at traffic signal junction,Darkness: Street lights present and lit,Fine without high winds,Dry,None,None,1,Yes,E01002816,2005
171,200501BS70167,525530.0,178570.0,-0.193212,51.492095,1,3,3,1,17/04/2005,1,13:30,12,E09000020,3,3220,Single carriageway,30,None,-1,0,None within 50 metres,No physical crossing within 50 meters,Daylight: Street light present,Fine without high winds,Dry,None,None,1,No,E01002850,2005
172,200501BS70168,525750.0,178280.0,-0.190148,51.48944,1,3,2,1,16/04/2005,7,21:00,12,E09000020,3,3218,Single carriageway,30,Automatic traffic signal,3,3220,None within 50 metres,No physical crossing within 50 meters,Darkness: Street lights present and lit,Fine without high winds,Dry,None,None,1,Yes,E01002894,2005
173,200501BS70169,525030.0,181040.0,-0.199536,51.514404,1,3,1,1,16/04/2005,7,17:35,12,E09000020,5,0,Single carriageway,30,None,-1,0,None within 50 metres,No physical crossing within 50 meters,Daylight: Street light present,Fine without high winds,Dry,None,None,1,Yes,E01002886,2005
174,200501BS70170,523930.0,182260.0,-0.214951,51.52561,1,2,2,1,16/04/2005,7,17:30,12,E09000020,4,450,Single carriageway,30,None,-1,0,None within 50 metres,Zebra crossing,Daylight: Street light present,Fine without high winds,Dry,None,None,1,Yes,E01002852,2005
175,200501BS70171,524940.0,178540.0,-0.201717,51.491956,1,3,2,1,20/04/2005,4,14:40,12,E09000020,3,4,Dual carriageway,40,None,-1,0,None within 50 metres,No physical crossing within 50 meters,Daylight: Street light present,Fine without high winds,Dry,None,None,1,Yes,E01002814,2005
176,200501BS70172,526520.0,177260.0,-0.179428,51.480101,1,3,3,1,17/04/2005,1,00:21,12,E09000020,3,3220,Single carriageway,30,Giveway or uncontrolled,3,3220,None within 50 metres,Zebra crossing,Darkness: Street lights present and lit,Fine without high winds,Dry,None,None,1,Yes,E01002841,2005
177,200501BS70174,524030.0,182030.0,-0.213591,51.523521,1,3,2,1,23/04/2005,7,00:55,12,E09000020,4,450,Single carriageway,30,Giveway or uncontrolled,6,0,None within 50 metres,Zebra crossing,Darkness: Street lights present and lit,Fine without high winds,Dry,None,None,1,Yes,E01002905,2005
178,200501BS70175,527840.0,179400.0,-0.159656,51.499037,1,3,2,1,22/04/2005,6,20:30,12,E09000020,3,3216,One way street,30,Giveway or uncontrolled,6,0,None within 50 metres,No physical crossing within 50 meters,Daylight: Street light present,Fine without high winds,Dry,None,None,1,No,E01002818,2005
179,200501BS70176,526670.0,178190.0,-0.176936,51.488425,1,3,2,1,20/04/2005,4,08:44,12,E09000020,3,308,Single carriageway,30,Giveway or uncontrolled,6,0,None within 50 metres,Zebra crossing,Daylight: Street light present,Fine without high winds,Dry,None,None,1,Yes,E01002910,2005
180,200501BS70177,527370.0,177650.0,-0.167054,51.483415,1,3,2,1,25/04/2005,2,08:45,12,E09000020,3,3212,Single carriageway,30,None,-1,0,None within 50 metres,No physical crossing within 50 meters,Daylight: Street light present,Raining without high winds,Wet/Damp,None,None,1,Yes,E01002900,2005
181,200501BS70178,523960.0,179960.0,-0.215327,51.504933,1,3,2,1,24/04/2005,1,17:45,12,E09000020,3,402,Dual carriageway,30,Giveway or uncontrolled,5,0,None within 50 metres,No physical crossing within 50 meters,Daylight: Street light present,Fine without high winds,Dry,None,None,1,Yes,E01002873,2005
182,200501BS70179,528170.0,178400.0,-0.155267,51.489975,1,3,2,1,25/04/2005,2,19:10,12,E09000020,3,3214,Single carriageway,30,Giveway or uncontrolled,5,0,None within 50 metres,No physical crossing within 50 meters,Daylight: Street light present,Fine without high winds,Dry,None,None,1,Yes,E01002902,2005
183,200501BS70181,525420.0,179510.0,-0.194462,51.500567,1,3,1,1,23/04/2005,7,21:20,12,E09000020,3,315,Dual carriageway,30,Giveway or uncontrolled,5,0,None within 50 metres,No physical crossing within 50 meters,Darkness: Street lights present and lit,Fine without high winds,Dry,None,None,1,Yes,E01002865,2005
184,200501BS70182,527400.0,179300.0,-0.166027,51.498237,1,3,2,1,23/04/2005,7,13:45,12,E09000020,3,4,Dual carriageway,30,None,-1,0,None within 50 metres,Pedestrian phase at traffic signal junction,Daylight: Street light present,Fine without high winds,Dry,None,None,1,Yes,E01002819,2005
185,200501BS70183,525710.0,179680.0,-0.190226,51.50203,1,3,2,1,16/04/2005,7,17:45,12,E09000020,3,315,Single carriageway,30,Giveway or uncontrolled,6,0,None within 50 metres,No physical crossing within 50 meters,Daylight: Street light present,Fine without high winds,Dry,None,None,1,No,E01002889,2005
186,200501BS70185,527370.0,178660.0,-0.16669,51.492492,1,3,1,1,28/04/2005,5,12:45,12,E09000020,5,0,Dual carriageway,30,None,-1,0,None within 50 metres,Zebra crossing,Daylight: Street light present,Fine without high winds,Dry,None,None,1,Yes,E01002858,2005
187,200501BS70186,525190.0,180420.0,-0.197451,51.508796,1,3,2,1,02/05/2005,2,17:24,12,E09000020,3,402,Dual carriageway,30,Automatic traffic signal,3,4206,None within 50 metres,No physical crossing within 50 meters,Daylight: Street light present,Fine without high winds,Dry,None,None,1,Yes,E01002827,2005
188,200501BS70187,527870.0,179730.0,-0.159104,51.501996,1,3,1,1,02/05/2005,2,18:40,1,E09000033,3,4,Dual carriageway,30,None,-1,0,None within 50 metres,non-junction pedestrian crossing,Daylight: Street light present,Fine without high winds,Dry,None,None,1,Yes,E01002818,2005
189,200501BS70188,527450.0,179350.0,-0.165289,51.498675,1,3,2,1,29/04/2005,6,08:39,12,E09000020,3,4,Dual carriageway,30,Giveway or uncontrolled,3,4,None within 50 metres,non-junction pedestrian crossing,Daylight: Street light present,Fine without high winds,Dry,None,None,1,Yes,E01002819,2005
190,200501BS70189,526240.0,177360.0,-0.183423,51.481062,1,3,2,1,25/04/2005,2,14:00,12,E09000020,3,3220,Dual carriageway,30,Automatic traffic signal,3,3217,None within 50 metres,No physical crossing within 50 meters,Daylight: Street light present,Fine without high winds,Dry,None,None,1,Yes,E01002913,2005
191,200501BS70190,526930.0,177490.0,-0.173445,51.482076,1,3,2,1,04/05/2005,4,05:23,12,E09000020,3,3212,Single carriageway,30,Automatic traffic signal,3,3220,None within 50 metres,No physical crossing within 50 meters,Darkness: Street lights present and lit,Fine without high winds,Dry,None,None,1,Yes,E01002840,2005
192,200501BS70191,525140.0,179330.0,-0.198558,51.499011,1,3,1,1,29/04/2005,6,13:48,12,E09000020,4,316,Single carriageway,30,Automatic traffic signal,3,315,None within 50 metres,Pedestrian phase at traffic signal junction,Daylight: Street light present,Fine without high winds,Dry,None,None,1,Yes,E01002817,2005
193,200501BS70192,526290.0,178770.0,-0.182199,51.493723,1,3,2,1,04/05/2005,4,16:10,12,E09000020,5,0,Single carriageway,30,None,-1,0,None within 50 metres,Pedestrian phase at traffic signal junction,Daylight: Street light present,Fine without high winds,Dry,None,None,1,Yes,E01002835,2005
194,200501BS70193,526420.0,177210.0,-0.180886,51.479674,1,3,2,1,05/05/2005,5,18:45,12,E09000020,6,0,Single carriageway,30,Giveway or uncontrolled,6,0,None within 50 metres,No physical crossing within 50 meters,Daylight: Street light present,Fine without high winds,Dry,None,None,1,Yes,E01002841,2005
195,200501BS70194,526930.0,177490.0,-0.173445,51.482076,1,3,2,1,05/05/2005,5,13:00,12,E09000020,3,3220,Single carriageway,30,Automatic traffic signal,3,3212,None within 50 metres,No physical crossing within 50 meters,Daylight: Street light present,Fine without high winds,Dry,None,None,1,Yes,E01002840,2005
196,200501BS70195,526490.0,177990.0,-0.179599,51.486668,1,3,2,1,04/05/2005,4,18:05,12,E09000020,3,308,Single carriageway,30,Giveway or uncontrolled,6,0,None within 50 metres,No physical crossing within 50 meters,Daylight: Street light present,Fine without high winds,Dry,None,None,1,Yes,E01002912,2005
197,200501BS70196,526900.0,178790.0,-0.17341,51.493766,1,2,1,1,05/05/2005,5,21:14,12,E09000020,5,0,Single carriageway,30,None,-1,0,None within 50 metres,No physical crossing within 50 meters,Darkness: Street lights present and lit,Fine without high winds,Dry,None,None,1,Yes,E01002821,2005
198,200501BS70197,527010.0,179030.0,-0.17174,51.495898,1,3,2,1,06/05/2005,6,16:20,12,E09000020,3,4,Single carriageway,30,Giveway or uncontrolled,3,3218,None within 50 metres,No physical crossing within 50 meters,Daylight: Street light present,Fine without high winds,Dry,None,None,1,Yes,E01002821,2005
199,200501BS70198,524760.0,179120.0,-0.204103,51.497208,1,3,1,1,26/04/2005,3,16:30,12,E09000020,3,315,Dual carriageway,30,Automatic traffic signal,3,3220,None within 50 metres,Pedestrian phase at traffic signal junction,Daylight: Street light present,Fine without high winds,Dry,None,None,1,No,E01002814,2005
200,200501BS70199,524530.0,180180.0,-0.207041,51.506785,1,3,3,1,06/05/2005,6,12:11,12,E09000020,3,402,Dual carriageway,30,Giveway or uncontrolled,5,0,None within 50 metres,No physical crossing within 50 meters,Daylight: Street light present,Fine without high winds,Dry,None,None,1,Yes,E01002871,2005
201,200501BS70200,526340.0,178670.0,-0.181515,51.492813,1,2,2,1,26/04/2005,3,17:18,12,E09000020,5,0,Single carriageway,30,Giveway or uncontrolled,6,0,None within 50 metres,No physical crossing within 50 meters,Daylight: Street light present,Fine without high winds,Dry,None,None,1,Yes,E01002835,2005
202,200501BS70201,525360.0,178840.0,-0.195564,51.494559,1,3,2,1,07/05/2005,7,13:00,12,E09000020,3,3220,Single carriageway,30,Automatic traffic signal,3,4,None within 50 metres,Pedestrian phase at traffic signal junction,Daylight: Street light present,Fine without high winds,Dry,None,None,1,No,E01002815,2005
203,200501BS70202,524650.0,178430.0,-0.205931,51.491031,1,3,2,1,05/05/2005,5,23:00,11,E09000013,3,4,Single carriageway,30,None,-1,0,None within 50 metres,No physical crossing within 50 meters,Darkness: Street lights present and lit,Fine without high winds,Dry,Roadworks,None,1,No,E01001914,2005
204,200501BS70203,524370.0,181180.0,-0.208993,51.515808,1,3,2,1,01/05/2005,1,13:28,12,E09000020,4,450,Single carriageway,30,Automatic traffic signal,5,0,None within 50 metres,Pedestrian phase at traffic signal junction,Daylight: Street light present,Fine without high winds,Dry,None,None,1,Yes,E01002874,2005
205,200501BS70204,524790.0,179020.0,-0.203707,51.496303,1,3,2,1,12/05/2005,5,17:44,12,E09000020,4,314,One way street,30,None,-1,0,None within 50 metres,No physical crossing within 50 meters,Daylight: Street light present,Fine without high winds,Dry,None,None,1,Yes,E01002814,2005
206,200501BS70205,527710.0,179640.0,-0.161441,51.501223,1,3,1,1,07/05/2005,7,16:41,12,E09000020,3,4,Dual carriageway,30,None,-1,0,None within 50 metres,No physical crossing within 50 meters,Daylight: Street light present,Fine without high winds,Dry,None,None,1,Yes,E01002818,2005
207,200501BS70206,526910.0,177480.0,-0.173736,51.481991,1,3,2,1,12/05/2005,5,16:38,12,E09000020,3,3212,Dual carriageway,30,Automatic traffic signal,3,3220,None within 50 metres,No physical crossing within 50 meters,Daylight: Street light present,Fine without high winds,Dry,None,None,1,Yes,E01002840,2005
208,200501BS70207,526820.0,177790.0,-0.17492,51.484797,1,2,3,1,08/05/2005,1,19:15,12,E09000020,3,3217,Single carriageway,30,None,-1,0,None within 50 metres,No physical crossing within 50 meters,Daylight: Street light present,Fine without high winds,Dry,None,None,1,Yes,E01002845,2005
209,200501BS70209,525390.0,179550.0,-0.19488,51.500933,1,3,3,1,07/05/2005,7,18:40,12,E09000020,5,0,Single carriageway,30,Giveway or uncontrolled,6,0,None within 50 metres,No physical crossing within 50 meters,Daylight: Street light present,Fine without high winds,Dry,None,None,1,Yes,E01002865,2005
210,200501BS70210,526400.0,177910.0,-0.180923,51.485969,1,3,1,1,07/05/2005,7,18:55,12,E09000020,3,308,Single carriageway,30,None,-1,0,None within 50 metres,non-junction pedestrian crossing,Daylight: Street light present,Fine without high winds,Dry,None,None,1,Yes,E01002895,2005
211,200501BS70211,523750.0,181330.0,-0.217871,51.517292,1,3,2,1,12/05/2005,5,23:46,12,E09000020,6,0,Single carriageway,30,Giveway or uncontrolled,6,0,None within 50 metres,Zebra crossing,Darkness: Street lights present and lit,Fine without high winds,Dry,None,None,1,Yes,E01002877,2005
212,200501BS70212,524830.0,178480.0,-0.203322,51.491441,1,3,2,1,13/05/2005,6,11:30,11,E09000013,3,4,Dual carriageway,40,None,-1,0,None within 50 metres,No physical crossing within 50 meters,Daylight: Street light present,Fine without high winds,Dry,None,None,1,Yes,E01001911,2005
213,200501BS70214,527830.0,179720.0,-0.159684,51.501915,1,2,1,1,08/05/2005,1,20:23,1,E09000033,3,4,Dual carriageway,30,Giveway or uncontrolled,6,0,None within 50 metres,No physical crossing within 50 meters,Darkness: Street lights present and lit,Fine without high winds,Dry,None,None,1,Yes,E01004689,2005
214,200501BS70215,524970.0,180380.0,-0.200634,51.508485,1,3,2,1,09/05/2005,2,18:26,12,E09000020,3,402,Single carriageway,30,Giveway or uncontrolled,6,0,None within 50 metres,No physical crossing within 50 meters,Daylight: Street light present,Fine without high winds,Dry,None,None,1,Yes,E01002828,2005
215,200501BS70216,523850.0,182500.0,-0.21602,51.527785,1,3,2,2,15/05/2005,1,14:15,1,E09000033,3,404,Dual carriageway,30,Automatic traffic signal,4,450,None within 50 metres,Pedestrian phase at traffic signal junction,Daylight: Street light present,Fine without high winds,Dry,None,None,1,Yes,E01002852,2005
216,200501BS70217,525410.0,178720.0,-0.194886,51.493469,1,3,2,1,12/05/2005,5,12:56,12,E09000020,3,3220,One way street,30,Giveway or uncontrolled,6,0,None within 50 metres,No physical crossing within 50 meters,Daylight: Street light present,Fine without high winds,Dry,None,None,1,Yes,E01002851,2005
217,200501BS70218,526640.0,177580.0,-0.177587,51.48295,1,3,2,1,16/05/2005,2,11:00,12,E09000020,3,3217,Single carriageway,30,None,-1,0,None within 50 metres,No physical crossing within 50 meters,Daylight: Street light present,Fine without high winds,Dry,None,None,1,Yes,E01002840,2005
218,200501BS70219,525830.0,179710.0,-0.188487,51.502273,1,3,1,1,01/05/2005,1,03:40,12,E09000020,3,315,Single carriageway,30,None,-1,0,None within 50 metres,No physical crossing within 50 meters,Darkness: Street lights present and lit,Fine without high winds,Dry,None,None,1,No,E01002889,2005
219,200501BS70220,527780.0,179700.0,-0.160411,51.501746,1,3,1,1,30/04/2005,7,20:10,1,E09000033,3,4,Single carriageway,30,Automatic traffic signal,3,4,None within 50 metres,Pedestrian phase at traffic signal junction,Darkness: Street lights present and lit,Fine without high winds,Dry,None,None,1,Yes,E01004689,2005
220,200501BS70221,524440.0,181590.0,-0.20784,51.519477,1,3,2,1,19/05/2005,5,15:57,12,E09000020,6,0,Single carriageway,30,Giveway or uncontrolled,6,0,None within 50 metres,No physical crossing within 50 meters,Daylight: Street light present,Raining without high winds,Wet/Damp,None,None,1,Yes,E01002855,2005
221,200501BS70223,525700.0,178350.0,-0.190843,51.49008,1,3,2,1,18/05/2005,4,19:20,12,E09000020,3,3220,One way street,30,Automatic traffic signal,6,0,None within 50 metres,Pedestrian phase at traffic signal junction,Daylight: Street light present,Fine without high winds,Dry,None,None,1,Yes,E01002849,2005
222,200501BS70224,525200.0,180480.0,-0.197286,51.509333,1,3,1,1,15/05/2005,1,01:41,12,E09000020,3,4206,Single carriageway,30,None,-1,0,None within 50 metres,No physical crossing within 50 meters,Darkness: Street lights present and lit,Fine without high winds,Dry,None,None,1,Yes,E01002884,2005
223,200501BS70225,526800.0,177450.0,-0.17533,51.481746,1,3,2,1,06/05/2005,6,08:45,12,E09000020,3,3220,Single carriageway,30,Giveway or uncontrolled,6,0,None within 50 metres,No physical crossing within 50 meters,Daylight: Street light present,Fine without high winds,Dry,None,None,1,Yes,E01002840,2005
224,200501BS70226,524020.0,179730.0,-0.214544,51.502853,1,3,2,1,21/05/2005,7,21:00,12,E09000020,3,3220,Single carriageway,30,None,-1,0,None within 50 metres,No physical crossing within 50 meters,Darkness: Street lights present and lit,Fine without high winds,Dry,None,None,1,No,E01002869,2005
225,200501BS70227,528050.0,178420.0,-0.156987,51.490182,1,3,2,1,25/05/2005,4,15:15,12,E09000020,3,3216,Single carriageway,30,Giveway or uncontrolled,6,0,None within 50 metres,No physical crossing within 50 meters,Daylight: Street light present,Fine without high winds,Dry,None,None,1,No,E01002902,2005
226,200501BS70228,527860.0,178570.0,-0.159668,51.491573,1,3,2,1,23/05/2005,2,20:25,12,E09000020,3,3217,Single carriageway,30,Giveway or uncontrolled,6,0,None within 50 metres,No physical crossing within 50 meters,Daylight: Street light present,Fine without high winds,Dry,None,None,1,Yes,E01002859,2005
227,200501BS70229,527010.0,179030.0,-0.17174,51.495898,1,3,2,1,19/05/2005,5,12:51,12,E09000020,3,4,Dual carriageway,30,Giveway or uncontrolled,3,4,None within 50 metres,No physical crossing within 50 meters,Daylight: Street light present,Fine without high winds,Dry,None,None,1,Yes,E01002821,2005
228,200501BS70230,527990.0,178340.0,-0.15788,51.489477,1,3,2,1,20/04/2005,4,08:30,12,E09000020,6,0,Single carriageway,30,Giveway or uncontrolled,6,0,None within 50 metres,No physical crossing within 50 meters,Daylight: Street light present,Raining without high winds,Wet/Damp,None,None,1,No,E01002902,2005
229,200501BS70231,526800.0,179640.0,-0.174544,51.501428,1,3,1,1,19/05/2005,5,16:55,1,E09000033,5,0,Single carriageway,30,Automatic traffic signal,3,315,None within 50 metres,Pedestrian phase at traffic signal junction,Daylight: Street light present,Raining without high winds,Wet/Damp,None,None,1,Yes,E01004692,2005
230,200501BS70232,525030.0,180380.0,-0.19977,51.508472,1,2,2,1,21/05/2005,7,22:39,12,E09000020,3,402,Single carriageway,30,Automatic traffic signal,5,0,None within 50 metres,No physical crossing within 50 meters,Darkness: Street lights present and lit,Fine without high winds,Dry,None,None,1,Yes,E01002828,2005
231,200501BS70233,527010.0,179030.0,-0.17174,51.495898,1,3,1,1,25/05/2005,4,20:17,12,E09000020,3,4,Dual carriageway,30,None,-1,0,None within 50 metres,Central refuge,Daylight: Street light present,Fine without high winds,Dry,None,None,1,Yes,E01002821,2005
232,200501BS70234,524620.0,181390.0,-0.205318,51.51764,1,3,2,1,14/04/2005,5,00:55,12,E09000020,5,0,Single carriageway,30,Giveway or uncontrolled,6,0,None within 50 metres,No physical crossing within 50 meters,Darkness: Street lights present and lit,Fine without high winds,Dry,None,None,1,No,E01002831,2005
233,200501BS70235,526530.0,178790.0,-0.178737,51.493849,1,3,2,1,24/05/2005,3,13:16,12,E09000020,5,0,Single carriageway,30,Automatic traffic signal,5,0,None within 50 metres,Pedestrian phase at traffic signal junction,Daylight: Street light present,Raining without high winds,Wet/Damp,None,None,1,Yes,E01002820,2005
234,200501BS70236,523770.0,181070.0,-0.217674,51.514951,1,3,2,1,21/05/2005,7,12:25,12,E09000020,6,0,Single carriageway,30,Giveway or uncontrolled,6,0,None within 50 metres,No physical crossing within 50 meters,Daylight: Street light present,Raining without high winds,Wet/Damp,None,None,1,Yes,E01002880,2005
235,200501BS70237,527620.0,179030.0,-0.162957,51.495761,1,3,2,1,26/05/2005,5,12:53,12,E09000020,6,0,One way street,30,None,-1,0,None within 50 metres,No physical crossing within 50 meters,Daylight: Street light present,Fine without high winds,Dry,None,None,1,Yes,E01002863,2005
236,200501BS70238,526400.0,177430.0,-0.181095,51.481656,1,3,2,1,26/05/2005,5,20:05,12,E09000020,3,3217,Single carriageway,30,Giveway or uncontrolled,6,0,None within 50 metres,No physical crossing within 50 meters,Daylight: Street light present,Fine without high winds,Dry,None,None,1,Yes,E01002843,2005
237,200501BS70239,527870.0,178350.0,-0.159604,51.489594,1,2,1,1,26/05/2005,5,19:28,12,E09000020,6,0,Single carriageway,30,Giveway or uncontrolled,6,0,None within 50 metres,No physical crossing within 50 meters,Daylight: Street light present,Fine without high winds,Dry,None,None,1,Yes,E01002903,2005
238,200501BS70240,525340.0,179110.0,-0.195756,51.49699,1,3,2,1,14/05/2005,7,17:05,12,E09000020,6,0,Single carriageway,30,Giveway or uncontrolled,6,0,None within 50 metres,No physical crossing within 50 meters,Daylight: Street light present,Fine without high winds,Dry,None,None,1,Yes,E01002813,2005
239,200501BS70241,528000.0,178650.0,-0.157624,51.49226,1,3,1,1,24/05/2005,3,16:05,12,E09000020,3,3217,One way street,30,Automatic traffic signal,3,3216,None within 50 metres,Pedestrian phase at traffic signal junction,Daylight: Street light present,Fine without high winds,Dry,None,None,1,Yes,E01002902,2005
240,200501BS70243,526130.0,177540.0,-0.184942,51.482704,1,3,2,1,06/05/2005,6,12:07,12,E09000020,3,3220,Single carriageway,30,None,-1,0,None within 50 metres,No physical crossing within 50 meters,Daylight: Street light present,Fine without high winds,Dry,None,None,1,Yes,E01002913,2005
241,200501BS70244,525670.0,178420.0,-0.19125,51.490715,1,3,1,1,23/05/2005,2,09:40,12,E09000020,6,0,Single carriageway,30,Automatic traffic signal,3,3220,None within 50 metres,Pedestrian phase at traffic signal junction,Daylight: Street light present,Fine without high winds,Dry,None,None,1,Yes,E01002849,2005
242,200501BS70245,524960.0,180380.0,-0.200778,51.508488,1,3,2,1,26/05/2005,5,15:40,12,E09000020,3,402,Single carriageway,30,Giveway or uncontrolled,6,0,None within 50 metres,Zebra crossing,Daylight: Street light present,Fine without high winds,Dry,None,None,1,Yes,E01002883,2005
243,200501BS70247,524730.0,179100.0,-0.204542,51.497035,1,3,2,1,03/05/2005,3,08:53,12,E09000020,3,3220,Single carriageway,30,Automatic traffic signal,3,315,None within 50 metres,Pedestrian phase at traffic signal junction,Daylight: Street light present,Fine without high winds,Dry,None,None,1,Yes,E01002814,2005
244,200501BS70248,526330.0,178440.0,-0.181741,51.490748,1,3,1,1,24/05/2005,3,12:25,12,E09000020,3,3218,Single carriageway,30,None,-1,0,None within 50 metres,No physical crossing within 50 meters,Daylight: Street light present,Fine without high winds,Dry,None,None,1,Yes,E01002837,2005
245,200501BS70249,525950.0,177400.0,-0.187583,51.481486,1,3,2,1,31/05/2005,3,19:18,12,E09000020,3,304,Single carriageway,30,Giveway or uncontrolled,6,0,None within 50 metres,Zebra crossing,Daylight: Street light present,Fine without high winds,Dry,None,None,1,Yes,E01002897,2005
246,200501BS70250,527800.0,179570.0,-0.16017,51.500574,1,3,1,1,29/05/2005,1,17:20,12,E09000020,3,3216,Single carriageway,30,None,-1,0,None within 50 metres,No physical crossing within 50 meters,Daylight: Street light present,Fine without high winds,Dry,None,None,1,Yes,E01002818,2005
247,200501BS70251,526880.0,179000.0,-0.173622,51.495658,1,3,2,1,27/05/2005,6,07:00,12,E09000020,3,4,Single carriageway,30,Automatic traffic signal,5,0,None within 50 metres,Pedestrian phase at traffic signal junction,Daylight: Street light present,Fine without high winds,Dry,None,None,1,Yes,E01002821,2005
248,200501BS70252,527570.0,178530.0,-0.163857,51.491279,1,3,2,1,26/05/2005,5,16:51,12,E09000020,5,0,Single carriageway,30,Giveway or uncontrolled,6,0,None within 50 metres,No physical crossing within 50 meters,Daylight: Street light present,Fine without high winds,Dry,None,None,1,Yes,E01002861,2005
249,200501BS70253,527110.0,179070.0,-0.170285,51.496235,1,3,2,1,01/06/2005,4,16:45,12,E09000020,3,4,Single carriageway,30,Giveway or uncontrolled,6,0,None within 50 metres,No physical crossing within 50 meters,Daylight: Street light present,Raining without high winds,Wet/Damp,None,None,1,Yes,E01002821,2005
250,200501BS70254,524960.0,180380.0,-0.200778,51.508488,1,3,2,1,02/06/2005,5,16:57,12,E09000020,3,402,Single carriageway,30,Giveway or uncontrolled,6,0,None within 50 metres,Zebra crossing,Daylight: Street light present,Fine without high winds,Dry,None,None,1,Yes,E01002883,2005
251,200501BS70255,524720.0,180260.0,-0.204277,51.507462,1,3,2,2,28/05/2005,7,13:19,12,E09000020,3,402,Single carriageway,30,Giveway or uncontrolled,6,0,None within 50 metres,No physical crossing within 50 meters,Daylight: Street light present,Fine without high winds,Dry,None,None,1,Yes,E01002868,2005
252,200501BS70256,527970.0,178640.0,-0.158059,51.492177,1,3,1,1,25/05/2005,4,12:30,12,E09000020,3,3217,Single carriageway,30,Giveway or uncontrolled,3,3217,None within 50 metres,No physical crossing within 50 meters,Daylight: Street light present,Fine without high winds,Dry,None,None,1,No,E01002902,2005
253,200501BS70258,527780.0,178660.0,-0.160787,51.4924,1,3,2,1,07/06/2005,3,11:00,12,E09000020,5,0,Single carriageway,30,Giveway or uncontrolled,6,0,None within 50 metres,No physical crossing within 50 meters,Daylight: Street light present,Fine without high winds,Dry,None,None,1,No,E01002859,2005
254,200501BS70259,526760.0,177740.0,-0.175802,51.484361,1,3,2,2,02/06/2005,5,08:50,12,E09000020,3,3220,Single carriageway,30,Automatic traffic signal,3,3217,None within 50 metres,Pedestrian phase at traffic signal junction,Daylight: Street light present,Fine without high winds,Dry,None,None,1,No,E01002845,2005
255,200501BS70260,526070.0,177570.0,-0.185795,51.482987,1,3,2,1,03/06/2005,6,07:50,12,E09000020,3,304,Single carriageway,30,Giveway or uncontrolled,6,0,None within 50 metres,Zebra crossing,Daylight: Street light present,Fine without high winds,Dry,None,None,1,Yes,E01002912,2005
256,200501BS70261,527690.0,178420.0,-0.16217,51.490263,1,3,2,1,25/05/2005,4,08:36,12,E09000020,3,3217,Single carriageway,30,Giveway or uncontrolled,5,0,None within 50 metres,No physical crossing within 50 meters,Daylight: Street light present,Fine without high winds,Dry,None,None,1,Yes,E01002902,2005
257,200501BS70262,526060.0,177570.0,-0.185939,51.48299,1,3,2,1,26/05/2005,5,09:02,12,E09000020,3,304,Single carriageway,30,Giveway or uncontrolled,6,0,None within 50 metres,No physical crossing within 50 meters,Daylight: Street light present,Fine without high winds,Dry,None,None,1,Yes,E01002912,2005
258,200501BS70263,527620.0,179540.0,-0.162773,51.500345,1,3,2,1,06/06/2005,2,12:30,12,E09000020,3,4,Dual carriageway,30,None,-1,0,None within 50 metres,No physical crossing within 50 meters,Daylight: Street light present,Fine without high winds,Dry,None,None,1,Yes,E01004689,2005
259,200501BS70264,526880.0,179000.0,-0.173622,51.495658,1,3,2,1,30/05/2005,2,18:00,12,E09000020,5,0,Single carriageway,30,Automatic traffic signal,3,4,None within 50 metres,Pedestrian phase at traffic signal junction,Daylight: Street light present,Fine without high winds,Dry,None,None,1,Yes,E01002821,2005
260,200501BS70266,527500.0,179390.0,-0.164555,51.499024,1,2,2,1,09/06/2005,5,15:47,12,E09000020,3,4,Dual carriageway,30,Giveway or uncontrolled,6,0,None within 50 metres,No physical crossing within 50 meters,Daylight: Street light present,Fine without high winds,Dry,None,None,1,Yes,E01002819,2005
261,200501BS70267,524260.0,181430.0,-0.210489,51.518079,1,3,2,1,07/06/2005,3,21:50,12,E09000020,4,450,Single carriageway,30,Giveway or uncontrolled,4,412,None within 50 metres,No physical crossing within 50 meters,Darkness: Street lights present and lit,Fine without high winds,Dry,None,None,1,Yes,E01002878,2005
262,200501BS70268,525440.0,179520.0,-0.19417,51.500652,1,3,1,1,08/06/2005,4,12:30,12,E09000020,3,315,Single carriageway,30,None,-1,0,None within 50 metres,No physical crossing within 50 meters,Daylight: Street light present,Fine without high winds,Dry,None,None,1,Yes,E01002825,2005
263,200501BS70269,527200.0,178760.0,-0.169101,51.493429,1,3,3,1,09/06/2005,5,10:45,12,E09000020,3,308,Dual carriageway,30,Automatic traffic signal,5,0,None within 50 metres,No physical crossing within 50 meters,Daylight: Street light present,Fine without high winds,Dry,None,None,1,Yes,E01002821,2005
264,200501BS70270,525200.0,179360.0,-0.197683,51.499268,1,3,2,1,08/06/2005,4,23:19,12,E09000020,3,315,Dual carriageway,30,None,-1,0,None within 50 metres,No physical crossing within 50 meters,Darkness: Street lights present and lit,Fine without high winds,Dry,None,None,1,Yes,E01002817,2005
265,200501BS70271,525950.0,177950.0,-0.187387,51.486429,1,3,2,2,08/06/2005,4,18:22,12,E09000020,3,3220,One way street,30,None,-1,0,None within 50 metres,No physical crossing within 50 meters,Daylight: Street light present,Fine without high winds,Dry,None,None,1,Yes,E01002896,2005
266,200501BS70272,526360.0,177420.0,-0.181674,51.481575,1,2,2,1,25/05/2005,4,11:30,12,E09000020,3,3220,Single carriageway,30,Automatic traffic signal,3,3217,None within 50 metres,No physical crossing within 50 meters,Daylight: Street light present,Fine without high winds,Dry,None,None,1,Yes,E01002913,2005
267,200501BS70273,527190.0,177960.0,-0.169533,51.486242,1,3,1,1,10/06/2005,6,18:00,12,E09000020,4,304,Single carriageway,30,Giveway or uncontrolled,6,0,None within 50 metres,No physical crossing within 50 meters,Daylight: Street light present,Fine without high winds,Dry,None,None,1,Yes,E01002844,2005
268,200501BS70274,526740.0,178980.0,-0.175645,51.49551,1,3,2,1,15/06/2005,4,18:50,12,E09000020,3,4,Single carriageway,30,None,-1,0,None within 50 metres,non-junction pedestrian crossing,Daylight: Street light present,Fine without high winds,Dry,None,None,1,Yes,E01002821,2005
269,200501BS70275,526550.0,177260.0,-0.178997,51.480094,1,3,2,1,04/06/2005,7,20:50,12,E09000020,3,3220,Single carriageway,30,None,-1,0,None within 50 metres,Zebra crossing,Daylight: Street light present,Fine without high winds,Dry,None,None,1,Yes,E01002841,2005
270,200501BS70276,524290.0,181350.0,-0.210085,51.517353,1,2,1,1,02/06/2005,5,23:26,12,E09000020,4,450,Single carriageway,30,None,-1,0,None within 50 metres,No physical crossing within 50 meters,Darkness: Street lights present and lit,Fine without high winds,Dry,None,None,1,Yes,E01002831,2005
271,200501BS70277,528080.0,178300.0,-0.156599,51.489097,1,2,2,1,03/06/2005,6,18:36,12,E09000020,4,302,Single carriageway,30,None,-1,0,None within 50 metres,No physical crossing within 50 meters,Daylight: Street light present,Raining without high winds,Wet/Damp,None,None,1,Yes,E01002902,2005
272,200501BS70278,526640.0,177300.0,-0.177687,51.480434,1,2,2,1,09/06/2005,5,08:45,12,E09000020,3,3220,Single carriageway,30,None,-1,0,None within 50 metres,No physical crossing within 50 meters,Daylight: Street light present,Fine without high winds,Dry,None,None,1,No,E01002840,2005
273,200501BS70279,527220.0,177900.0,-0.169123,51.485696,1,2,2,1,06/06/2005,2,18:40,12,E09000020,4,304,Single carriageway,30,None,-1,0,None within 50 metres,No physical crossing within 50 meters,Daylight: Street light present,Fine without high winds,Dry,None,None,1,Yes,E01002844,2005
274,200501BS70280,524220.0,181510.0,-0.211037,51.518806,1,3,1,1,19/05/2005,5,22:10,12,E09000020,4,450,Single carriageway,30,Giveway or uncontrolled,6,0,None within 50 metres,No physical crossing within 50 meters,Darkness: Street lights present and lit,Fine without high winds,Dry,None,None,1,Yes,E01002878,2005
275,200501BS70281,524590.0,180330.0,-0.206124,51.50812,1,3,2,1,15/06/2005,4,08:00,12,E09000020,6,0,Single carriageway,30,Giveway or uncontrolled,6,0,None within 50 metres,No physical crossing within 50 meters,Daylight: Street light present,Fine without high winds,Dry,None,None,1,No,E01002875,2005
276,200501BS70282,524980.0,178800.0,-0.201049,51.494283,1,3,2,1,10/06/2005,6,12:00,12,E09000020,5,0,Single carriageway,30,None,-1,0,None within 50 metres,No physical crossing within 50 meters,Daylight: Street light present,Fine without high winds,Dry,None,None,1,Yes,E01002814,2005
277,200501BS70283,523990.0,182100.0,-0.214143,51.524159,1,3,2,1,06/06/2005,2,04:22,12,E09000020,4,450,Single carriageway,30,Giveway or uncontrolled,5,0,None within 50 metres,Zebra crossing,Darkness: Street lights present and lit,Fine without high winds,Dry,None,None,1,Yes,E01002905,2005
278,200501BS70284,526230.0,178910.0,-0.183013,51.494995,1,3,2,1,10/06/2005,6,13:45,12,E09000020,3,4,Single carriageway,30,Automatic traffic signal,4,325,None within 50 metres,Pedestrian phase at traffic signal junction,Daylight: Street light present,Fine without high winds,Dry,None,None,1,Yes,E01002835,2005
279,200501BS70285,526380.0,178190.0,-0.181111,51.48849,1,3,2,1,11/05/2005,4,22:35,12,E09000020,5,0,Single carriageway,30,Automatic traffic signal,6,0,None within 50 metres,No physical crossing within 50 meters,Darkness: Street lights present and lit,Fine without high winds,Dry,None,None,1,No,E01002895,2005
280,200501BS70286,527610.0,179500.0,-0.162931,51.499987,1,3,1,1,11/06/2005,7,10:47,12,E09000020,3,4,Dual carriageway,30,Giveway or uncontrolled,3,4,None within 50 metres,non-junction pedestrian crossing,Daylight: Street light present,Fine without high winds,Dry,None,None,1,Yes,E01002819,2005
281,200501BS70287,525060.0,178660.0,-0.199947,51.493008,1,3,2,1,13/06/2005,2,21:15,12,E09000020,3,4,Dual carriageway,30,None,-1,0,None within 50 metres,Pedestrian phase at traffic signal junction,Darkness: Street lights present and lit,Fine without high winds,Dry,None,None,1,Yes,E01002814,2005
282,200501BS70288,523780.0,181260.0,-0.217463,51.516656,1,3,1,1,15/06/2005,4,16:00,12,E09000020,6,0,Single carriageway,30,Giveway or uncontrolled,6,0,None within 50 metres,non-junction pedestrian crossing,Daylight: Street light present,Fine without high winds,Dry,None,None,1,Yes,E01002877,2005
283,200501BS70289,523160.0,181570.0,-0.226286,51.519577,1,3,2,1,03/06/2005,6,18:33,11,E09000013,4,412,Single carriageway,30,Giveway or uncontrolled,4,412,None within 50 metres,No physical crossing within 50 meters,Daylight: Street light present,Raining without high winds,Wet/Damp,None,None,1,Yes,E01002876,2005
284,200501BS70290,526680.0,177350.0,-0.177093,51.480874,1,3,2,1,14/06/2005,3,19:40,12,E09000020,3,3220,Single carriageway,30,Giveway or uncontrolled,6,0,None within 50 metres,No physical crossing within 50 meters,Daylight: Street light present,Fine without high winds,Dry,None,None,1,Yes,E01002840,2005
285,200501BS70291,523510.0,181060.0,-0.221423,51.514918,1,3,2,1,16/06/2005,5,15:45,11,E09000013,3,3220,Roundabout,30,Giveway or uncontrolled,3,40,None within 50 metres,No physical crossing within 50 meters,Daylight: Street light present,Raining without high winds,Wet/Damp,None,None,1,Yes,E01002877,2005
286,200501BS70292,525870.0,179710.0,-0.187911,51.502264,1,3,2,2,15/06/2005,4,19:48,12,E09000020,3,315,Dual carriageway,30,Giveway or uncontrolled,6,0,None within 50 metres,No physical crossing within 50 meters,Daylight: Street light present,Fine without high winds,Dry,None,None,1,Yes,E01002889,2005
287,200501BS70293,527380.0,179290.0,-0.166319,51.498152,1,3,1,1,15/06/2005,4,10:10,12,E09000020,3,4,Single carriageway,30,Automatic traffic signal,4,319,None within 50 metres,No physical crossing within 50 meters,Daylight: Street light present,Raining without high winds,Wet/Damp,None,None,1,Yes,E01002819,2005
288,200501BS70294,527560.0,179160.0,-0.163774,51.496943,1,3,2,1,15/06/2005,4,16:20,12,E09000020,5,0,Single carriageway,30,Automatic traffic signal,4,319,None within 50 metres,Pedestrian phase at traffic signal junction,Daylight: Street light present,Fine without high winds,Dry,None,None,1,No,E01002818,2005
289,200501BS70295,527170.0,178230.0,-0.169724,51.488673,1,3,3,1,20/06/2005,2,09:10,12,E09000020,4,304,Single carriageway,30,Giveway or uncontrolled,6,0,None within 50 metres,No physical crossing within 50 meters,Daylight: Street light present,Fine without high winds,Dry,None,None,1,No,E01002914,2005
290,200501BS70296,527760.0,179700.0,-0.160699,51.501751,1,3,2,1,15/06/2005,4,10:30,1,E09000033,3,315,Dual carriageway,30,Automatic traffic signal,3,4,None within 50 metres,No physical crossing within 50 meters,Daylight: Street light present,Raining without high winds,Wet/Damp,None,None,1,Yes,E01004689,2005
291,200501BS70297,526800.0,177450.0,-0.17533,51.481746,1,3,3,1,20/06/2005,2,12:13,12,E09000020,3,3220,Single carriageway,30,Giveway or uncontrolled,6,0,None within 50 metres,No physical crossing within 50 meters,Daylight: Street light present,Fine without high winds,Dry,None,None,1,Yes,E01002840,2005
292,200501BS70298,523840.0,179960.0,-0.217055,51.504959,1,2,2,1,11/06/2005,7,15:52,11,E09000013,3,3220,Roundabout,30,Automatic traffic signal,3,402,None within 50 metres,No physical crossing within 50 meters,Daylight: Street light present,Fine without high winds,Dry,None,None,1,Yes,E01002873,2005
293,200501BS70299,527140.0,178030.0,-0.170228,51.486882,1,3,2,1,20/06/2005,2,18:00,12,E09000020,4,304,Single carriageway,30,Automatic traffic signal,3,3217,None within 50 metres,No physical crossing within 50 meters,Daylight: Street light present,Fine without high winds,Dry,None,None,1,No,E01002914,2005
294,200501BS70300,526360.0,177250.0,-0.181735,51.480047,1,3,3,1,20/06/2005,2,16:50,12,E09000020,3,3220,Single carriageway,30,Automatic traffic signal,6,0,None within 50 metres,No physical crossing within 50 meters,Daylight: Street light present,Fine without high winds,Dry,None,None,1,No,E01002841,2005
295,200501BS70301,526020.0,178400.0,-0.186218,51.490458,1,2,2,1,16/06/2005,5,23:46,12,E09000020,3,3218,One way street,30,Automatic traffic signal,3,3218,None within 50 metres,No physical crossing within 50 meters,Darkness: Street lights present and lit,Fine without high winds,Dry,None,None,1,Yes,E01002898,2005
296,200501BS70302,523480.0,181140.0,-0.221827,51.515643,1,3,2,1,16/06/2005,5,16:20,11,E09000013,3,40,One way street,50,Giveway or uncontrolled,3,3220,None within 50 metres,No physical crossing within 50 meters,Daylight: Street light present,Raining without high winds,Wet/Damp,None,None,1,Yes,E01002877,2005
297,200501BS70303,525050.0,181040.0,-0.199248,51.514399,1,3,3,2,16/06/2005,5,08:58,12,E09000020,5,0,Single carriageway,30,Giveway or uncontrolled,5,0,None within 50 metres,Zebra crossing,Daylight: Street light present,Fine without high winds,Dry,None,None,1,Yes,E01002886,2005
298,200501BS70304,524670.0,179030.0,-0.205431,51.496419,1,3,1,1,21/06/2005,3,14:30,12,E09000020,3,3220,One way street,30,None,-1,0,None within 50 metres,No physical crossing within 50 meters,Daylight: Street light present,Fine without high winds,Dry,None,None,1,Yes,E01002814,2005
299,200501BS70305,523760.0,180810.0,-0.217909,51.512616,1,3,1,1,21/06/2005,3,15:37,12,E09000020,6,0,Single carriageway,30,None,-1,0,None within 50 metres,Zebra crossing,Daylight: Street light present,Fine without high winds,Dry,None,None,1,Yes,E01002870,2005
300,200501BS70306,524550.0,180810.0,-0.206531,51.512443,1,3,2,1,16/06/2005,5,13:20,12,E09000020,4,450,Single carriageway,30,Giveway or uncontrolled,5,0,None within 50 metres,No physical crossing within 50 meters,Daylight: Street light present,Raining without high winds,Wet/Damp,None,None,1,Yes,E01002875,2005
301,200501BS70307,525140.0,180540.0,-0.198129,51.509886,1,3,2,1,20/06/2005,2,10:34,12,E09000020,4,415,Single carriageway,30,Giveway or uncontrolled,6,0,None within 50 metres,Zebra crossing,Daylight: Street light present,Raining without high winds,Wet/Damp,None,None,1,Yes,E01002883,2005
302,200501BS70308,523290.0,181690.0,-0.224371,51.520628,1,3,1,1,20/06/2005,2,10:42,12,E09000020,5,0,One way street,30,Giveway or uncontrolled,6,0,None within 50 metres,non-junction pedestrian crossing,Daylight: Street light present,Fine without high winds,Dry,None,None,1,Yes,E01002908,2005
303,200501BS70309,525080.0,179290.0,-0.199436,51.498665,1,3,1,1,20/06/2005,2,11:05,12,E09000020,3,315,Dual carriageway,30,Giveway or uncontrolled,6,0,None within 50 metres,No physical crossing within 50 meters,Daylight: Street light present,Fine without high winds,Dry,None,None,1,Yes,E01002817,2005
304,200501BS70310,524390.0,181310.0,-0.208659,51.516971,1,3,2,1,01/07/2005,6,01:43,12,E09000020,5,0,Single carriageway,30,None,-1,0,None within 50 metres,No physical crossing within 50 meters,Darkness: Street lights present and lit,Fine without high winds,Dry,None,None,1,No,E01002831,2005
305,200501BS70311,525200.0,178740.0,-0.197903,51.493696,1,3,2,1,24/06/2005,6,09:55,12,E09000020,3,4,Dual carriageway,30,None,-1,0,None within 50 metres,No physical crossing within 50 meters,Daylight: Street light present,Fine without high winds,Dry,None,None,1,Yes,E01002814,2005
306,200501BS70312,527850.0,179730.0,-0.159392,51.502,1,3,2,1,30/06/2005,5,10:00,1,E09000033,3,4,Single carriageway,30,Giveway or uncontrolled,6,0,None within 50 metres,No physical crossing within 50 meters,Daylight: Street light present,Raining without high winds,Wet/Damp,None,None,1,Yes,E01004689,2005
307,200501BS70313,525030.0,180640.0,-0.199677,51.510809,1,3,2,1,24/06/2005,6,13:43,12,E09000020,4,415,Single carriageway,30,None,-1,0,None within 50 metres,No physical crossing within 50 meters,Daylight: Street light present,Fine without high winds,Dry,None,None,1,Yes,E01002883,2005
308,200501BS70314,527300.0,179210.0,-0.167499,51.497451,1,3,1,1,21/06/2005,3,07:12,12,E09000020,3,4,Single carriageway,30,Giveway or uncontrolled,6,0,None within 50 metres,No physical crossing within 50 meters,Daylight: Street light present,Fine without high winds,Dry,None,None,1,Yes,E01002819,2005
309,200501BS70315,523950.0,179950.0,-0.215475,51.504845,1,3,2,3,23/06/2005,5,12:50,12,E09000020,3,402,Single carriageway,30,Giveway or uncontrolled,6,0,None within 50 metres,No physical crossing within 50 meters,Daylight: Street light present,Fine without high winds,Dry,None,None,1,Yes,E01002873,2005
310,200501BS70317,525370.0,178820.0,-0.195427,51.494377,1,3,1,1,23/06/2005,5,23:53,12,E09000020,3,4,Dual carriageway,30,Automatic traffic signal,3,3220,None within 50 metres,Pedestrian phase at traffic signal junction,Darkness: Street lights present and lit,Fine without high winds,Dry,None,None,1,Yes,E01002851,2005
311,200501BS70318,527250.0,179160.0,-0.168237,51.497013,1,3,2,1,28/06/2005,3,19:30,12,E09000020,3,4,Dual carriageway,30,Giveway or uncontrolled,6,0,None within 50 metres,non-junction pedestrian crossing,Daylight: Street light present,Fine without high winds,Dry,None,None,1,Yes,E01002819,2005
312,200501BS70319,524540.0,181380.0,-0.206474,51.517568,1,3,2,2,29/06/2005,4,15:35,12,E09000020,6,0,One way street,30,Giveway or uncontrolled,6,0,None within 50 metres,No physical crossing within 50 meters,Daylight: Street light present,Raining without high winds,Wet/Damp,None,None,1,Yes,E01002831,2005
313,200501BS70321,523890.0,182370.0,-0.215489,51.526608,1,3,1,1,29/06/2005,4,07:05,12,E09000020,4,450,Single carriageway,30,None,-1,0,None within 50 metres,No physical crossing within 50 meters,Daylight: Street light present,Fine without high winds,Dry,None,None,1,Yes,E01002852,2005
314,200501BS70322,527700.0,178430.0,-0.162022,51.490351,1,2,2,2,01/06/2005,4,11:30,12,E09000020,3,3217,Single carriageway,30,Giveway or uncontrolled,5,0,None within 50 metres,Zebra crossing,Daylight: Street light present,Fine without high winds,Dry,None,None,1,No,E01002861,2005
315,200501BS70323,526870.0,177580.0,-0.174276,51.482899,1,3,2,1,23/06/2005,5,11:50,12,E09000020,3,3220,Single carriageway,30,Giveway or uncontrolled,6,0,None within 50 metres,No physical crossing within 50 meters,Daylight: Street light present,Fine without high winds,Dry,None,None,1,Yes,E01002840,2005
316,200501BS70324,526400.0,177370.0,-0.181116,51.481116,1,3,2,1,20/06/2005,2,13:20,12,E09000020,3,3220,Single carriageway,30,None,-1,0,None within 50 metres,No physical crossing within 50 meters,Daylight: Street light present,Fine without high winds,Dry,None,None,1,No,E01002843,2005
317,200501BS70325,526280.0,177790.0,-0.182693,51.484918,1,3,2,1,04/07/2005,2,07:40,12,E09000020,3,308,Single carriageway,30,Giveway or uncontrolled,6,0,None within 50 metres,non-junction pedestrian crossing,Daylight: Street light present,Fine without high winds,Dry,None,None,1,Yes,E01002912,2005
318,200501BS70326,526060.0,179670.0,-0.185189,51.501863,1,3,2,1,30/06/2005,5,18:54,12,E09000020,3,315,Single carriageway,30,Giveway or uncontrolled,6,0,None within 50 metres,No physical crossing within 50 meters,Daylight: Street light present,Fine without high winds,Dry,None,None,1,Yes,E01002889,2005
319,200501BS70327,525390.0,179550.0,-0.19488,51.500933,1,3,2,1,03/07/2005,1,19:05,12,E09000020,5,0,Single carriageway,30,Giveway or uncontrolled,6,0,None within 50 metres,No physical crossing within 50 meters,Daylight: Street light present,Fine without high winds,Dry,None,None,1,Yes,E01002865,2005
320,200501BS70328,526080.0,177260.0,-0.185761,51.480199,1,3,2,1,03/07/2005,1,17:30,12,E09000020,3,308,Single carriageway,30,Automatic traffic signal,5,0,None within 50 metres,No physical crossing within 50 meters,Daylight: Street light present,Fine without high winds,Dry,None,None,1,Yes,E01002913,2005
321,200501BS70329,527040.0,179040.0,-0.171304,51.495982,1,3,2,1,30/06/2005,5,07:55,12,E09000020,3,4,Single carriageway,30,None,-1,0,None within 50 metres,No physical crossing within 50 meters,Daylight: Street light present,Raining without high winds,Wet/Damp,None,None,1,Yes,E01002821,2005
322,200501BS70330,523900.0,182330.0,-0.215359,51.526246,1,3,2,1,20/06/2005,2,10:50,12,E09000020,4,450,Single carriageway,30,Giveway or uncontrolled,5,0,None within 50 metres,No physical crossing within 50 meters,Daylight: Street light present,Fine without high winds,Dry,None,None,1,No,E01002852,2005
323,200501BS70331,525730.0,177980.0,-0.190543,51.486748,1,2,1,2,30/06/2005,5,23:30,12,E09000020,3,3220,One way street,30,Giveway or uncontrolled,6,0,None within 50 metres,non-junction pedestrian crossing,Darkness: Street lights present and lit,Fine without high winds,Dry,None,None,1,Yes,E01002893,2005
324,200501BS70332,525800.0,179710.0,-0.188919,51.50228,1,3,2,1,06/06/2005,2,19:49,12,E09000020,3,315,Single carriageway,30,Giveway or uncontrolled,6,0,None within 50 metres,non-junction pedestrian crossing,Daylight: Street light present,Fine without high winds,Dry,None,None,1,Yes,E01002889,2005
325,200501BS70333,525230.0,180440.0,-0.196868,51.508967,1,3,2,1,29/06/2005,4,23:36,12,E09000020,3,402,Single carriageway,30,Automatic traffic signal,3,4206,None within 50 metres,Pedestrian phase at traffic signal junction,Darkness: Street lights present and lit,Fine without high winds,Wet/Damp,None,None,1,Yes,E01002884,2005
326,200501BS70334,527770.0,179160.0,-0.16075,51.496896,1,3,2,1,05/07/2005,3,18:30,12,E09000020,4,319,Single carriageway,30,Giveway or uncontrolled,6,0,None within 50 metres,No physical crossing within 50 meters,Daylight: Street light present,Raining without high winds,Wet/Damp,None,None,1,Yes,E01002863,2005
327,200501BS70335,524500.0,180900.0,-0.207219,51.513262,1,3,2,1,30/06/2005,5,15:45,12,E09000020,4,450,Single carriageway,30,Giveway or uncontrolled,6,0,None within 50 metres,No physical crossing within 50 meters,Daylight: Street light present,Fine without high winds,Wet/Damp,None,None,1,Yes,E01002874,2005
328,200501BS70336,524240.0,180640.0,-0.211056,51.510983,1,3,1,1,07/07/2005,5,02:00,12,E09000020,6,0,Single carriageway,30,None,-1,0,None within 50 metres,No physical crossing within 50 meters,Darkness: Street lights present and lit,Fine without high winds,Dry,None,None,1,No,E01002872,2005
329,200501BS70337,524910.0,178780.0,-0.202064,51.494119,1,3,1,1,30/06/2005,5,17:50,12,E09000020,3,3220,Single carriageway,30,Automatic traffic signal,5,0,None within 50 metres,Pedestrian phase at traffic signal junction,Daylight: Street light present,Fine without high winds,Dry,None,None,1,Yes,E01002814,2005
330,200501BS70338,525950.0,177410.0,-0.187579,51.481576,1,3,2,1,01/07/2005,6,18:04,12,E09000020,6,0,Single carriageway,20,Giveway or uncontrolled,3,304,None within 50 metres,Zebra crossing,Daylight: Street light present,Raining without high winds,Wet/Damp,None,None,1,Yes,E01002897,2005
331,200501BS70339,527820.0,179530.0,-0.159896,51.50021,1,3,2,2,14/07/2005,5,19:48,12,E09000020,3,3216,Single carriageway,30,Giveway or uncontrolled,6,0,None within 50 metres,Zebra crossing,Daylight: Street light present,Fine without high winds,Dry,None,None,1,Yes,E01002818,2005
332,200501BS70340,526500.0,178940.0,-0.179115,51.495204,1,2,2,1,08/07/2005,6,13:01,12,E09000020,3,4,Dual carriageway,30,Automatic traffic signal,5,0,None within 50 metres,No physical crossing within 50 meters,Daylight: Street light present,Fine without high winds,Dry,None,None,1,Yes,E01002835,2005
333,200501BS70341,524470.0,181520.0,-0.207432,51.518841,1,3,2,1,09/07/2005,7,07:00,12,E09000020,6,0,One way street,30,Giveway or uncontrolled,6,0,None within 50 metres,No physical crossing within 50 meters,Daylight: Street light present,Fine without high winds,Dry,None,None,1,Yes,E01002856,2005
334,200501BS70342,526880.0,178990.0,-0.173626,51.495568,1,3,2,1,11/07/2005,2,23:15,12,E09000020,3,4,Single carriageway,30,Automatic traffic signal,5,0,None within 50 metres,No physical crossing within 50 meters,Darkness: Street lights present and lit,Fine without high winds,Dry,None,None,1,No,E01002821,2005
335,200501BS70343,527850.0,179370.0,-0.159522,51.498765,1,3,2,1,09/07/2005,7,18:05,12,E09000020,3,3216,Single carriageway,30,None,-1,0,None within 50 metres,No physical crossing within 50 meters,Daylight: Street light present,Fine without high winds,Dry,None,None,1,Yes,E01002818,2005
336,200501BS70344,526580.0,177280.0,-0.178558,51.480267,1,2,1,1,10/07/2005,1,15:50,12,E09000020,3,3220,One way street,30,Giveway or uncontrolled,5,0,None within 50 metres,No physical crossing within 50 meters,Daylight: Street light present,Fine without high winds,Dry,None,None,1,Yes,E01002840,2005
337,200501BS70346,528020.0,178320.0,-0.157455,51.48929,1,3,3,1,13/07/2005,4,17:30,12,E09000020,6,0,Single carriageway,30,None,-1,0,None within 50 metres,No physical crossing within 50 meters,Daylight: Street light present,Fine without high winds,Dry,None,None,1,Yes,E01002902,2005
338,200501BS70347,527580.0,177700.0,-0.164013,51.483817,1,3,2,1,12/07/2005,3,13:10,12,E09000020,4,302,Single carriageway,30,Automatic traffic signal,3,3212,None within 50 metres,Pedestrian phase at traffic signal junction,Daylight: Street light present,Fine without high winds,Dry,None,None,1,Yes,E01002900,2005
339,200501BS70348,527630.0,178500.0,-0.163005,51.490996,1,3,2,1,16/07/2005,7,23:20,12,E09000020,5,0,One way street,30,Giveway or uncontrolled,5,0,None within 50 metres,No physical crossing within 50 meters,Darkness: Street lights present and lit,Fine without high winds,Dry,None,None,1,Yes,E01002861,2005
340,200501BS70349,525290.0,180450.0,-0.196,51.509044,1,3,2,1,16/07/2005,7,15:18,12,E09000020,3,402,Dual carriageway,30,None,-1,0,None within 50 metres,Pedestrian phase at traffic signal junction,Daylight: Street light present,Fine without high winds,Dry,None,None,1,Yes,E01002827,2005
341,200501BS70350,527490.0,178260.0,-0.165107,51.48887,1,3,3,1,30/06/2005,5,14:20,12,E09000020,3,3217,Single carriageway,30,Giveway or uncontrolled,6,0,None within 50 metres,No physical crossing within 50 meters,Daylight: Street light present,Fine without high winds,Dry,None,None,1,Yes,E01002903,2005
342,200501BS70351,527760.0,179160.0,-0.160894,51.496898,1,3,2,1,30/06/2005,5,14:00,12,E09000020,4,319,Single carriageway,30,Giveway or uncontrolled,6,0,None within 50 metres,No physical crossing within 50 meters,Daylight: Street light present,Fine without high winds,Dry,None,None,1,Yes,E01002863,2005
343,200501BS70352,526360.0,177420.0,-0.181674,51.481575,1,2,2,1,08/07/2005,6,09:43,12,E09000020,3,3217,Single carriageway,30,Automatic traffic signal,3,3220,None within 50 metres,Pedestrian phase at traffic signal junction,Daylight: Street light present,Fine without high winds,Dry,None,None,1,Yes,E01002913,2005
344,200501BS70353,527310.0,178760.0,-0.167518,51.493405,1,3,2,1,16/07/2005,7,16:04,12,E09000020,6,0,Single carriageway,30,Giveway or uncontrolled,6,0,None within 50 metres,No physical crossing within 50 meters,Daylight: Street light present,Fine without high winds,Dry,None,None,1,Yes,E01002860,2005
345,200501BS70354,527270.0,178660.0,-0.16813,51.492515,1,3,2,1,30/06/2005,5,16:25,12,E09000020,6,0,Single carriageway,30,Giveway or uncontrolled,6,0,None within 50 metres,No physical crossing within 50 meters,Daylight: Street light present,Fine without high winds,Dry,None,None,1,No,E01002862,2005
346,200501BS70355,523770.0,181070.0,-0.217674,51.514951,1,3,2,1,05/07/2005,3,09:09,12,E09000020,6,0,Single carriageway,30,Giveway or uncontrolled,6,0,None within 50 metres,No physical crossing within 50 meters,Daylight: Street light present,Fine without high winds,Dry,None,None,1,Yes,E01002880,2005
347,200501BS70356,526210.0,177340.0,-0.183862,51.480889,1,3,1,2,25/06/2005,7,16:50,12,E09000020,3,308,Single carriageway,30,None,-1,0,None within 50 metres,No physical crossing within 50 meters,Daylight: Street light present,Fine without high winds,Dry,None,None,1,Yes,E01002843,2005
348,200501BS70357,527060.0,179690.0,-0.170782,51.501819,1,2,2,1,17/06/2005,6,18:50,1,E09000033,3,315,Single carriageway,30,None,-1,0,None within 50 metres,No physical crossing within 50 meters,Daylight: Street light present,Fine without high winds,Dry,None,None,1,Yes,E01004692,2005
349,200501BS70358,528450.0,177900.0,-0.151418,51.485418,1,3,1,2,30/06/2005,5,21:00,12,E09000020,3,3212,Single carriageway,30,None,-1,0,None within 50 metres,No physical crossing within 50 meters,Darkness: Street lights present and lit,Raining without high winds,Wet/Damp,None,None,1,Yes,E01002901,2005
350,200501BS70359,526300.0,177390.0,-0.182548,51.481318,1,3,2,1,08/07/2005,6,07:44,12,E09000020,3,3217,Single carriageway,30,Giveway or uncontrolled,6,0,None within 50 metres,No physical crossing within 50 meters,Daylight: Street light present,Fine without high winds,Dry,None,None,1,No,E01002843,2005
351,200501BS70360,527510.0,177990.0,-0.164916,51.486439,1,3,1,1,06/07/2005,4,17:45,12,E09000020,6,0,Single carriageway,30,Giveway or uncontrolled,6,0,None within 50 metres,No physical crossing within 50 meters,Daylight: Street light present,Fine without high winds,Dry,None,None,1,Yes,E01002903,2005
352,200501BS70361,527190.0,179110.0,-0.169119,51.496577,1,3,2,1,08/07/2005,6,19:45,12,E09000020,3,4,Dual carriageway,30,Automatic traffic signal,3,308,None within 50 metres,Pedestrian phase at traffic signal junction,Daylight: Street light present,Fine without high winds,Dry,None,None,1,Yes,E01002819,2005
353,200501BS70362,526780.0,178990.0,-0.175065,51.495591,1,3,2,1,14/07/2005,5,00:40,12,E09000020,3,4,Single carriageway,30,None,-1,0,None within 50 metres,No physical crossing within 50 meters,Darkness: Street lights present and lit,Fine without high winds,Dry,None,None,1,No,E01002821,2005
354,200501BS70363,525200.0,180430.0,-0.197303,51.508884,1,3,2,1,15/07/2005,6,10:15,12,E09000020,3,402,Single carriageway,30,Automatic traffic signal,3,4206,None within 50 metres,Pedestrian phase at traffic signal junction,Daylight: Street light present,Fine without high winds,Dry,None,None,1,Yes,E01002884,2005
355,200501BS70364,527870.0,178580.0,-0.15952,51.491661,1,3,2,1,13/07/2005,4,08:33,12,E09000020,3,3217,Single carriageway,30,Giveway or uncontrolled,6,0,None within 50 metres,Zebra crossing,Daylight: Street light present,Fine without high winds,Dry,None,None,1,Yes,E01002859,2005
356,200501BS70365,526090.0,177600.0,-0.185496,51.483253,1,2,2,1,21/07/2005,5,17:45,12,E09000020,3,3220,Dual carriageway,30,Automatic traffic signal,3,308,None within 50 metres,No physical crossing within 50 meters,Daylight: Street light present,Fine without high winds,Dry,None,None,1,Yes,E01002912,2005
357,200501BS70366,526880.0,181680.0,-0.172659,51.519743,1,3,2,1,11/07/2005,2,18:40,1,E09000033,3,40,Dual carriageway,50,None,-1,0,None within 50 metres,No physical crossing within 50 meters,Daylight: Street light present,Fine without high winds,Dry,None,None,1,No,E01004685,2005
358,200501BS70367,525310.0,179430.0,-0.196074,51.499872,1,3,2,1,16/06/2005,5,14:05,12,E09000020,3,315,Single carriageway,30,Giveway or uncontrolled,6,0,None within 50 metres,No physical crossing within 50 meters,Daylight: Street light present,Raining without high winds,Wet/Damp,None,None,1,No,E01002817,2005
359,200501BS70369,524790.0,180310.0,-0.203251,51.507896,1,3,3,1,13/07/2005,4,17:12,12,E09000020,4,450,Single carriageway,30,Automatic traffic signal,3,402,None within 50 metres,Pedestrian phase at traffic signal junction,Daylight: Street light present,Fine without high winds,Dry,None,None,1,Yes,E01002871,2005
360,200501BS70370,525990.0,178490.0,-0.186618,51.491273,1,3,2,1,13/07/2005,4,07:45,12,E09000020,5,0,Single carriageway,30,Giveway or uncontrolled,6,0,None within 50 metres,No physical crossing within 50 meters,Daylight: Street light present,Fine without high winds,Dry,None,None,1,Yes,E01002836,2005
361,200501BS70371,526910.0,177510.0,-0.173725,51.48226,1,3,2,1,09/07/2005,7,18:48,12,E09000020,3,3220,Single carriageway,30,None,-1,0,None within 50 metres,No physical crossing within 50 meters,Daylight: Street light present,Fine without high winds,Dry,None,None,1,Yes,E01002840,2005
362,200501BS70372,528100.0,178740.0,-0.156151,51.493046,1,2,2,1,21/07/2005,5,16:13,12,E09000020,3,3217,Single carriageway,30,Giveway or uncontrolled,3,3217,None within 50 metres,Zebra crossing,Daylight: Street light present,Fine without high winds,Dry,None,None,1,Yes,E01002859,2005
363,200501BS70373,527930.0,178620.0,-0.158642,51.492006,1,3,2,1,19/07/2005,3,18:20,12,E09000020,3,3217,Single carriageway,30,None,-1,0,None within 50 metres,No physical crossing within 50 meters,Daylight: Street light present,Fine without high winds,Dry,None,None,1,Yes,E01002902,2005
364,200501BS70374,527120.0,178340.0,-0.170404,51.489673,1,3,2,1,21/07/2005,5,21:10,12,E09000020,4,304,Single carriageway,30,None,-1,0,None within 50 metres,No physical crossing within 50 meters,Daylight: Street light present,Fine without high winds,Dry,None,None,1,Yes,E01002914,2005
365,200501BS70375,528000.0,179340.0,-0.157374,51.498461,1,3,2,1,26/07/2005,3,20:31,12,E09000020,6,0,Single carriageway,30,Giveway or uncontrolled,6,0,None within 50 metres,No physical crossing within 50 meters,Daylight: Street light present,Fine without high winds,Wet/Damp,None,None,1,Yes,E01002818,2005
366,200501BS70376,523910.0,179890.0,-0.216072,51.504315,1,2,2,1,14/07/2005,5,10:20,11,E09000013,3,3220,Roundabout,30,Automatic traffic signal,3,402,None within 50 metres,No physical crossing within 50 meters,Daylight: Street light present,Fine without high winds,Dry,None,None,1,Yes,E01002869,2005
367,200501BS70377,527020.0,177520.0,-0.172139,51.482326,1,3,2,1,19/07/2005,3,09:20,12,E09000020,3,3212,Single carriageway,30,Giveway or uncontrolled,6,0,None within 50 metres,No physical crossing within 50 meters,Daylight: Street light present,Fine with high winds,Dry,None,None,1,No,E01002840,2005
368,200501BS70378,526930.0,177490.0,-0.173445,51.482076,1,3,2,1,12/07/2005,3,08:05,12,E09000020,3,3220,Single carriageway,30,Automatic traffic signal,3,3220,None within 50 metres,No physical crossing within 50 meters,Daylight: Street light present,Fine without high winds,Dry,None,None,1,No,E01002840,2005
369,200501BS70379,527030.0,179020.0,-0.171455,51.495804,1,2,2,1,27/07/2005,4,21:16,12,E09000020,3,4,Dual carriageway,30,Giveway or uncontrolled,3,4,None within 50 metres,No physical crossing within 50 meters,Darkness: Street lights present and lit,Raining without high winds,Wet/Damp,None,None,1,Yes,E01002821,2005
370,200501BS70380,524390.0,180100.0,-0.209086,51.506097,1,2,2,1,20/07/2005,4,23:00,12,E09000020,3,402,Single carriageway,30,Giveway or uncontrolled,6,0,None within 50 metres,No physical crossing within 50 meters,Darkness: Street lights present and lit,Fine without high winds,Dry,None,None,1,Yes,E01002868,2005
371,200501BS70381,526860.0,177580.0,-0.17442,51.482901,1,3,1,1,22/07/2005,6,11:04,12,E09000020,3,3220,Single carriageway,30,None,-1,0,None within 50 metres,No physical crossing within 50 meters,Daylight: Street light present,Fine without high winds,Dry,None,None,1,Yes,E01002840,2005
372,200501BS70382,525410.0,178300.0,-0.195036,51.489695,1,3,1,1,16/07/2005,7,11:57,12,E09000020,3,3220,Single carriageway,30,Automatic traffic signal,6,0,None within 50 metres,Pedestrian phase at traffic signal junction,Daylight: Street light present,Fine without high winds,Dry,None,None,1,Yes,E01002846,2005
373,200501BS70383,527960.0,178630.0,-0.158207,51.49209,1,3,1,1,18/07/2005,2,09:29,12,E09000020,3,3217,Single carriageway,30,Giveway or uncontrolled,3,3217,None within 50 metres,non-junction pedestrian crossing,Daylight: Street light present,Fine without high winds,Dry,None,None,1,Yes,E01002902,2005
374,200501BS70384,524600.0,179080.0,-0.206421,51.496884,1,3,3,1,17/07/2005,1,17:48,12,E09000020,3,3220,One way street,30,None,-1,0,None within 50 metres,No physical crossing within 50 meters,Daylight: Street light present,Fine without high winds,Dry,None,None,1,Yes,E01002867,2005
375,200501BS70385,524540.0,180180.0,-0.206897,51.506783,1,3,4,4,24/07/2005,1,07:30,12,E09000020,3,402,Single carriageway,30,Automatic traffic signal,5,0,None within 50 metres,No physical crossing within 50 meters,Daylight: Street light present,Fine without high winds,Dry,None,None,1,Yes,E01002871,2005
376,200501BS70386,525330.0,179850.0,-0.195637,51.503643,1,3,1,1,25/07/2005,2,18:20,12,E09000020,6,0,Single carriageway,30,Giveway or uncontrolled,6,0,None within 50 metres,No physical crossing within 50 meters,Daylight: Street light present,Fine without high winds,Dry,None,None,1,Yes,E01002824,2005
377,200501BS70387,524940.0,179230.0,-0.201473,51.498157,1,3,2,1,17/07/2005,1,20:15,12,E09000020,3,315,Single carriageway,30,Giveway or uncontrolled,6,0,None within 50 metres,No physical crossing within 50 meters,Darkness: Street lights present and lit,Fine without high winds,Dry,None,None,1,Yes,E01002817,2005
378,200501BS70388,525480.0,179530.0,-0.193591,51.500733,1,2,2,1,21/07/2005,5,12:30,12,E09000020,3,315,Dual carriageway,30,Giveway or uncontrolled,5,0,None within 50 metres,non-junction pedestrian crossing,Daylight: Street light present,Fine without high winds,Dry,None,None,1,Yes,E01002816,2005
379,200501BS70389,524800.0,180300.0,-0.20311,51.507804,1,2,1,1,22/07/2005,6,23:32,12,E09000020,3,402,Dual carriageway,30,Automatic traffic signal,4,450,None within 50 metres,Pedestrian phase at traffic signal junction,Darkness: Street lights present and lit,Fine without high winds,Dry,None,None,1,Yes,E01002871,2005
380,200501BS70391,524720.0,179100.0,-0.204686,51.497037,1,2,2,1,25/07/2005,2,09:50,12,E09000020,3,315,Single carriageway,30,Automatic traffic signal,3,3220,None within 50 metres,Pedestrian phase at traffic signal junction,Daylight: Street light present,Raining without high winds,Wet/Damp,None,None,1,Yes,E01002867,2005
381,200501BS70392,527310.0,178880.0,-0.167474,51.494483,1,3,2,1,29/06/2005,4,16:00,12,E09000020,5,0,Single carriageway,30,None,-1,0,None within 50 metres,No physical crossing within 50 meters,Daylight: Street light present,Fine without high winds,Dry,None,None,1,No,E01002821,2005
382,200501BS70393,525040.0,178840.0,-0.200171,51.49463,1,3,2,1,02/08/2005,3,14:40,12,E09000020,3,3220,Single carriageway,30,Giveway or uncontrolled,5,0,None within 50 metres,No physical crossing within 50 meters,Daylight: Street light present,Fine without high winds,Dry,None,None,1,Yes,E01002815,2005
383,200501BS70394,526720.0,178810.0,-0.175994,51.493986,1,3,2,1,29/06/2005,4,11:44,12,E09000020,5,0,Single carriageway,30,Automatic traffic signal,5,0,None within 50 metres,Pedestrian phase at traffic signal junction,Daylight: Street light present,Fine without high winds,Dry,None,None,1,Yes,E01002820,2005
384,200501BS70395,524720.0,179110.0,-0.204683,51.497127,1,3,2,1,03/08/2005,4,19:20,12,E09000020,3,3220,One way street,30,Automatic traffic signal,3,315,None within 50 metres,No physical crossing within 50 meters,Daylight: Street light present,Fine without high winds,Dry,None,None,1,Yes,E01002867,2005
385,200501BS70396,526880.0,178460.0,-0.173816,51.490805,1,3,1,1,28/07/2005,5,16:43,12,E09000020,3,308,Single carriageway,30,Giveway or uncontrolled,6,0,None within 50 metres,No physical crossing within 50 meters,Daylight: Street light present,Fine without high winds,Dry,None,None,1,Yes,E01002822,2005
386,200501BS70398,526670.0,177870.0,-0.177051,51.48555,1,3,2,1,28/07/2005,5,16:14,12,E09000020,5,0,Single carriageway,30,Giveway or uncontrolled,6,0,None within 50 metres,No physical crossing within 50 meters,Daylight: Street light present,Fine without high winds,Dry,None,None,1,Yes,E01002911,2005
387,200501BS70399,526160.0,177690.0,-0.184456,51.484046,1,2,2,1,05/02/2005,7,08:00,12,E09000020,3,3220,Single carriageway,30,Automatic traffic signal,3,308,None within 50 metres,Pedestrian phase at traffic signal junction,Daylight: Street light present,Fine without high winds,Dry,None,None,1,No,E01002897,2005
388,200501BS70400,527600.0,179480.0,-0.163082,51.49981,1,3,1,1,20/07/2005,4,11:30,12,E09000020,3,4,Single carriageway,30,Giveway or uncontrolled,3,4,None within 50 metres,non-junction pedestrian crossing,Daylight: Street light present,Fine without high winds,Dry,None,None,1,No,E01002819,2005
389,200501BS70401,525310.0,178390.0,-0.196443,51.490526,1,3,1,1,23/07/2005,7,12:54,12,E09000020,3,3220,Single carriageway,30,Giveway or uncontrolled,6,0,None within 50 metres,non-junction pedestrian crossing,Daylight: Street light present,Fine without high winds,Dry,None,None,1,Yes,E01002847,2005
390,200501BS70402,525300.0,179430.0,-0.196218,51.499875,1,3,2,1,27/07/2005,4,09:50,12,E09000020,3,315,Single carriageway,30,Giveway or uncontrolled,6,0,None within 50 metres,No physical crossing within 50 meters,Daylight: Street light present,Raining without high winds,Wet/Damp,None,None,1,No,E01002865,2005
391,200501BS70403,527080.0,177550.0,-0.171264,51.482582,1,3,2,1,13/07/2005,4,17:30,12,E09000020,3,3212,Single carriageway,30,Giveway or uncontrolled,5,0,None within 50 metres,No physical crossing within 50 meters,Daylight: Street light present,Fine without high winds,Dry,None,None,1,Yes,E01002844,2005
392,200501BS70404,525030.0,179280.0,-0.200159,51.498586,1,3,2,1,19/07/2005,3,14:00,12,E09000020,3,315,Single carriageway,30,Automatic traffic signal,6,0,None within 50 metres,Pedestrian phase at traffic signal junction,Daylight: Street light present,Fine without high winds,Dry,None,None,1,No,E01002865,2005
393,200501BS70405,527420.0,179180.0,-0.165782,51.497154,1,3,1,1,27/07/2005,4,14:00,12,E09000020,6,0,Single carriageway,30,Giveway or uncontrolled,6,0,None within 50 metres,No physical crossing within 50 meters,Daylight: Street light present,Fine without high winds,Wet/Damp,None,None,1,No,E01002819,2005
394,200501BS70406,523510.0,181070.0,-0.221419,51.515007,1,3,2,1,28/07/2005,5,08:25,11,E09000013,3,3220,Roundabout,30,Automatic traffic signal,3,40,None within 50 metres,Pedestrian phase at traffic signal junction,Daylight: Street light present,Fine without high winds,Wet/Damp,None,None,1,Yes,E01002877,2005
395,200501BS70407,523770.0,180760.0,-0.217783,51.512165,1,3,2,1,26/07/2005,3,08:16,12,E09000020,5,0,Single carriageway,30,Giveway or uncontrolled,5,0,None within 50 metres,No physical crossing within 50 meters,Daylight: Street light present,Fine without high winds,Dry,None,None,1,Yes,E01002870,2005
396,200501BS70408,526260.0,177770.0,-0.182988,51.484743,1,3,2,1,03/08/2005,4,13:00,12,E09000020,3,308,Single carriageway,30,None,-1,0,None within 50 metres,No physical crossing within 50 meters,Daylight: Street light present,Fine without high winds,Dry,None,None,1,No,E01002912,2005
397,200501BS70409,525990.0,178480.0,-0.186622,51.491184,1,3,2,1,28/07/2005,5,21:30,12,E09000020,5,0,Single carriageway,30,Giveway or uncontrolled,6,0,None within 50 metres,non-junction pedestrian crossing,Darkness: Street lights present and lit,Fine without high winds,Dry,None,None,1,No,E01002898,2005
398,200501BS70410,527900.0,178840.0,-0.158994,51.49399,1,3,2,1,29/07/2005,6,13:27,12,E09000020,6,0,Single carriageway,30,Giveway or uncontrolled,6,0,None within 50 metres,No physical crossing within 50 meters,Daylight: Street light present,Fine without high winds,Dry,None,None,1,Yes,E01002859,2005
399,200501BS70411,526490.0,177260.0,-0.17986,51.480108,1,2,1,1,28/07/2005,5,23:07,12,E09000020,3,3220,Single carriageway,30,Giveway or uncontrolled,3,3220,None within 50 metres,Zebra crossing,Darkness: Street lights present and lit,Fine without high winds,Dry,None,None,1,Yes,E01002841,2005
400,200501BS70412,527730.0,179650.0,-0.161149,51.501308,1,3,2,1,27/07/2005,4,12:50,1,E09000033,3,4,Single carriageway,30,Giveway or uncontrolled,3,315,None within 50 metres,No physical crossing within 50 meters,Daylight: Street light present,Fine without high winds,Dry,None,None,1,No,E01002818,2005
401,200501BS70413,526440.0,179330.0,-0.179839,51.498722,1,3,2,1,16/07/2005,7,15:20,12,E09000020,5,0,Single carriageway,30,Giveway or uncontrolled,6,0,None within 50 metres,Zebra crossing,Daylight: Street light present,Fine without high winds,Dry,None,None,1,Yes,E01002892,2005
402,200501BS70414,525000.0,181040.0,-0.199968,51.51441,1,3,2,1,19/07/2005,3,13:25,12,E09000020,5,0,Single carriageway,30,None,-1,0,None within 50 metres,No physical crossing within 50 meters,Daylight: Street light present,Fine without high winds,Dry,None,None,1,Yes,E01002832,2005
403,200501BS70415,527870.0,179240.0,-0.159282,51.497592,1,3,2,1,28/07/2005,5,10:00,12,E09000020,3,3216,Single carriageway,30,Giveway or uncontrolled,6,0,None within 50 metres,No physical crossing within 50 meters,Daylight: Street light present,Fine without high winds,Dry,None,None,1,Yes,E01002818,2005
404,200501BS70416,524730.0,179110.0,-0.204539,51.497125,1,3,1,1,06/08/2005,7,16:20,12,E09000020,3,315,Single carriageway,30,Automatic traffic signal,3,3220,None within 50 metres,Pedestrian phase at traffic signal junction,Daylight: Street light present,Fine without high winds,Dry,None,None,1,Yes,E01002867,2005
405,200501BS70417,527410.0,178200.0,-0.16628,51.488349,1,3,2,1,02/08/2005,3,19:05,12,E09000020,3,3217,Single carriageway,30,Giveway or uncontrolled,6,0,None within 50 metres,No physical crossing within 50 meters,Daylight: Street light present,Fine without high winds,Dry,None,None,1,Yes,E01002903,2005
406,200501BS70419,526600.0,178610.0,-0.177793,51.492216,1,3,2,1,03/08/2005,4,13:15,12,E09000020,3,3218,Single carriageway,30,Giveway or uncontrolled,5,0,None within 50 metres,No physical crossing within 50 meters,Daylight: Street light present,Fine without high winds,Dry,None,None,1,Yes,E01002820,2005
407,200501BS70420,527610.0,179120.0,-0.163068,51.496572,1,3,2,1,06/08/2005,7,16:40,12,E09000020,6,0,Single carriageway,30,Giveway or uncontrolled,4,319,None within 50 metres,No physical crossing within 50 meters,Daylight: Street light present,Fine without high winds,Dry,None,None,1,No,E01002818,2005
408,200501BS70421,526170.0,177690.0,-0.184312,51.484044,1,2,1,2,03/08/2005,4,00:30,12,E09000020,3,308,Single carriageway,30,Automatic traffic signal,3,3220,None within 50 metres,Pedestrian phase at traffic signal junction,Darkness: Street lights present and lit,Fine without high winds,Dry,None,None,1,Yes,E01002912,2005
409,200501BS70422,526590.0,178960.0,-0.177812,51.495363,1,3,2,1,05/08/2005,6,20:30,12,E09000020,3,4,Single carriageway,30,Giveway or uncontrolled,3,4,None within 50 metres,No physical crossing within 50 meters,Darkness: Street lights present and lit,Fine without high winds,Dry,None,None,1,Yes,E01002820,2005
410,200501BS70423,524860.0,178930.0,-0.202731,51.495478,1,3,2,2,07/08/2005,1,16:40,12,E09000020,4,314,One way street,30,Giveway or uncontrolled,6,0,None within 50 metres,No physical crossing within 50 meters,Daylight: Street light present,Fine without high winds,Dry,None,None,1,Yes,E01002817,2005
411,200501BS70424,526500.0,178540.0,-0.179258,51.491609,1,3,2,1,25/07/2005,2,08:55,12,E09000020,3,3218,Single carriageway,30,Giveway or uncontrolled,6,0,None within 50 metres,No physical crossing within 50 meters,Daylight: Street light present,Fine without high winds,Dry,None,None,1,Yes,E01002820,2005
412,200501BS70425,527640.0,178480.0,-0.162868,51.490814,1,3,2,1,05/08/2005,6,12:52,12,E09000020,5,0,Single carriageway,30,Giveway or uncontrolled,6,0,None within 50 metres,No physical crossing within 50 meters,Daylight: Street light present,Fine without high winds,Dry,None,None,1,Yes,E01002861,2005
413,200501BS70426,526500.0,178940.0,-0.179115,51.495204,1,3,2,1,27/07/2005,4,19:05,12,E09000020,3,4,Dual carriageway,30,Automatic traffic signal,5,0,None within 50 metres,No physical crossing within 50 meters,Daylight: Street light present,Raining without high winds,Wet/Damp,None,None,1,Yes,E01002835,2005
414,200501BS70427,525510.0,179470.0,-0.19318,51.500188,1,3,2,1,28/07/2005,5,16:40,12,E09000020,5,0,Single carriageway,30,Giveway or uncontrolled,6,0,None within 50 metres,No physical crossing within 50 meters,Daylight: Street light present,Fine without high winds,Dry,None,None,1,Yes,E01002816,2005
415,200501BS70429,524680.0,181100.0,-0.204556,51.51502,1,3,1,1,03/08/2005,4,19:20,12,E09000020,6,0,Single carriageway,30,Giveway or uncontrolled,6,0,None within 50 metres,Zebra crossing,Darkness: Street lights present and lit,Fine without high winds,Wet/Damp,None,None,1,Yes,E01002833,2005
416,200501BS70430,525570.0,179110.0,-0.192444,51.496939,1,3,2,1,04/08/2005,5,14:05,12,E09000020,5,0,Single carriageway,30,Giveway or uncontrolled,6,0,None within 50 metres,No physical crossing within 50 meters,Daylight: Street light present,Fine without high winds,Dry,None,None,1,Yes,E01002813,2005
417,200501BS70431,526030.0,178410.0,-0.186071,51.490546,1,3,2,1,10/08/2005,4,23:18,12,E09000020,3,3218,Single carriageway,30,Automatic traffic signal,5,0,None within 50 metres,No physical crossing within 50 meters,Darkness: Street lights present and lit,Fine without high winds,Dry,None,None,1,Yes,E01002898,2005
418,200501BS70432,524550.0,181370.0,-0.206333,51.517475,1,3,1,1,05/08/2005,6,16:22,12,E09000020,5,0,Single carriageway,30,Giveway or uncontrolled,6,0,None within 50 metres,non-junction pedestrian crossing,Daylight: Street light present,Fine without high winds,Dry,None,None,1,Yes,E01002831,2005
419,200501BS70433,526130.0,177640.0,-0.184906,51.483603,1,2,2,1,12/08/2005,6,10:35,12,E09000020,3,308,Single carriageway,30,Giveway or uncontrolled,6,0,None within 50 metres,No physical crossing within 50 meters,Daylight: Street light present,Fine without high winds,Dry,None,None,1,Yes,E01002912,2005
420,200501BS70434,524110.0,181810.0,-0.212516,51.521527,1,3,2,1,09/08/2005,3,11:09,12,E09000020,4,450,Single carriageway,30,Giveway or uncontrolled,6,0,None within 50 metres,No physical crossing within 50 meters,Daylight: Street light present,Fine without high winds,Dry,None,None,1,Yes,E01002905,2005
421,200501BS70435,525410.0,178070.0,-0.195117,51.487628,1,3,2,1,11/08/2005,5,07:55,12,E09000020,3,3218,Single carriageway,30,Giveway or uncontrolled,6,0,None within 50 metres,No physical crossing within 50 meters,Daylight: Street light present,Fine without high winds,Dry,None,None,1,Yes,E01002894,2005
422,200501BS70436,524320.0,182110.0,-0.209385,51.524177,1,3,2,1,14/08/2005,1,12:10,12,E09000020,6,0,Single carriageway,30,Giveway or uncontrolled,6,0,None within 50 metres,No physical crossing within 50 meters,Daylight: Street light present,Fine without high winds,Dry,None,None,1,No,E01002852,2005
423,200501BS70437,524360.0,181190.0,-0.209133,51.5159,1,3,2,1,02/08/2005,3,15:30,12,E09000020,4,450,Single carriageway,30,Automatic traffic signal,4,412,None within 50 metres,No physical crossing within 50 meters,Daylight: Street light present,Fine without high winds,Dry,None,None,1,No,E01002879,2005
424,200501BS70438,524830.0,181140.0,-0.202381,51.515347,1,2,2,1,08/08/2005,2,07:08,12,E09000020,6,0,Single carriageway,30,Giveway or uncontrolled,6,0,None within 50 metres,No physical crossing within 50 meters,Daylight: Street light present,Fine without high winds,Dry,None,None,1,Yes,E01002832,2005
425,200501BS70439,526400.0,178470.0,-0.180723,51.491002,1,3,2,1,10/08/2005,4,16:09,12,E09000020,3,3218,Single carriageway,30,Giveway or uncontrolled,6,0,None within 50 metres,No physical crossing within 50 meters,Daylight: Street light present,Fine without high winds,Dry,None,None,1,Yes,E01002837,2005
426,200501BS70440,526860.0,179000.0,-0.17391,51.495662,1,2,1,1,13/08/2005,7,07:59,12,E09000020,3,4,Dual carriageway,30,Automatic traffic signal,5,0,None within 50 metres,Pedestrian phase at traffic signal junction,Daylight: Street light present,Fine without high winds,Dry,None,None,1,Yes,E01002821,2005
427,200501BS70441,523930.0,180340.0,-0.215626,51.508355,1,3,1,8,17/08/2005,4,18:25,12,E09000020,5,0,Single carriageway,30,None,-1,0,None within 50 metres,No physical crossing within 50 meters,Daylight: Street light present,Fine without high winds,Dry,None,None,1,Yes,E01001944,2005
428,200501BS70442,527060.0,178780.0,-0.17111,51.49364,1,3,1,1,14/08/2005,1,17:45,12,E09000020,5,0,Dual carriageway,30,None,-1,0,None within 50 metres,No physical crossing within 50 meters,Daylight: Street light present,Fine without high winds,Dry,None,None,1,No,E01002823,2005
429,200501BS70444,526930.0,177490.0,-0.173445,51.482076,1,3,2,2,14/08/2005,1,22:36,12,E09000020,3,3220,Single carriageway,30,Automatic traffic signal,3,3220,None within 50 metres,Pedestrian phase at traffic signal junction,Darkness: Street lights present and lit,Fine without high winds,Dry,None,None,1,Yes,E01002840,2005
430,200501BS70445,524500.0,182010.0,-0.206827,51.523238,1,3,2,1,22/08/2005,2,20:30,12,E09000020,5,0,Single carriageway,30,Giveway or uncontrolled,5,0,None within 50 metres,non-junction pedestrian crossing,Darkness: Street lights present and lit,Raining without high winds,Wet/Damp,None,None,1,Yes,E01002854,2005
431,200501BS70446,526920.0,177510.0,-0.173582,51.482258,1,3,1,1,16/08/2005,3,15:11,12,E09000020,3,3220,Single carriageway,30,Automatic traffic signal,3,3220,None within 50 metres,Pedestrian phase at traffic signal junction,Daylight: Street light present,Fine without high winds,Dry,None,None,1,Yes,E01002845,2005
432,200501BS70447,525490.0,179530.0,-0.193447,51.500731,1,2,2,1,15/08/2005,2,19:55,12,E09000020,3,315,Dual carriageway,30,Giveway or uncontrolled,5,0,None within 50 metres,No physical crossing within 50 meters,Daylight: Street light present,Fine without high winds,Dry,None,None,1,Yes,E01002816,2005
433,200501BS70448,523900.0,182330.0,-0.215359,51.526246,1,3,2,1,17/08/2005,4,19:46,12,E09000020,4,450,Single carriageway,30,Giveway or uncontrolled,5,0,None within 50 metres,No physical crossing within 50 meters,Daylight: Street light present,Fine without high winds,Dry,None,None,1,Yes,E01002852,2005
434,200501BS70449,526170.0,179190.0,-0.183777,51.497524,1,3,2,1,31/08/2005,4,16:00,12,E09000020,4,325,Single carriageway,30,Giveway or uncontrolled,6,0,None within 50 metres,No physical crossing within 50 meters,Daylight: Street light present,Fine without high winds,Dry,None,None,1,Yes,E01002887,2005
435,200501BS70450,526240.0,178900.0,-0.182872,51.494902,1,2,2,1,16/08/2005,3,13:49,12,E09000020,3,4,Dual carriageway,30,Automatic traffic signal,4,325,None within 50 metres,No physical crossing within 50 meters,Daylight: Street light present,Fine without high winds,Dry,None,None,1,Yes,E01002835,2005
436,200501BS70451,523840.0,180600.0,-0.216831,51.510711,1,3,2,1,15/08/2005,2,19:21,12,E09000020,5,0,Single carriageway,30,Giveway or uncontrolled,6,0,None within 50 metres,No physical crossing within 50 meters,Darkness: Street lights present and lit,Fine without high winds,Dry,None,None,1,Yes,E01002870,2005
437,200501BS70452,526580.0,177540.0,-0.178465,51.482604,1,3,1,1,22/08/2005,2,10:25,12,E09000020,3,3217,Single carriageway,30,Giveway or uncontrolled,6,0,None within 50 metres,Zebra crossing,Daylight: Street light present,Raining without high winds,Wet/Damp,None,None,1,Yes,E01002840,2005
438,200501BS70453,525650.0,179660.0,-0.191097,51.501864,1,3,1,2,19/08/2005,6,17:35,12,E09000020,3,315,Single carriageway,30,Automatic traffic signal,3,4204,None within 50 metres,Pedestrian phase at traffic signal junction,Daylight: Street light present,Raining without high winds,Wet/Damp,None,None,1,Yes,E01002826,2005
439,200501BS70456,525070.0,178570.0,-0.199835,51.492197,1,3,2,2,17/08/2005,4,12:25,12,E09000020,3,3220,One way street,30,Giveway or uncontrolled,6,0,None within 50 metres,No physical crossing within 50 meters,Daylight: Street light present,Fine without high winds,Dry,None,None,1,Yes,E01002848,2005
440,200501BS70458,524910.0,179210.0,-0.201912,51.497984,1,3,2,1,02/09/2005,6,19:38,12,E09000020,3,315,Single carriageway,30,None,-1,0,None within 50 metres,No physical crossing within 50 meters,Darkness: Street lights present and lit,Fine without high winds,Dry,None,None,1,Yes,E01002817,2005
441,200501BS70459,524550.0,181360.0,-0.206337,51.517386,1,3,1,1,08/08/2005,2,18:19,12,E09000020,5,0,Single carriageway,30,Giveway or uncontrolled,6,0,None within 50 metres,No physical crossing within 50 meters,Daylight: Street light present,Fine without high winds,Dry,None,None,1,Yes,E01002831,2005
442,200501BS70460,524120.0,181770.0,-0.212386,51.521165,1,3,1,1,18/08/2005,5,18:49,12,E09000020,4,450,Single carriageway,30,None,-1,0,None within 50 metres,No physical crossing within 50 meters,Daylight: Street light present,Fine without high winds,Dry,None,None,1,Yes,E01002905,2005
443,200501BS70461,526570.0,177240.0,-0.178716,51.47991,1,2,2,1,25/08/2005,5,07:18,12,E09000020,5,0,Single carriageway,30,None,-1,0,None within 50 metres,No physical crossing within 50 meters,Daylight: Street light present,Fine without high winds,Dry,None,None,1,Yes,E01002841,2005
444,200501BS70462,526170.0,177320.0,-0.184445,51.480718,1,3,2,1,02/09/2005,6,16:30,12,E09000020,3,308,Single carriageway,30,Giveway or uncontrolled,6,0,None within 50 metres,No physical crossing within 50 meters,Daylight: Street light present,Fine without high winds,Dry,None,None,1,No,E01002843,2005
445,200501BS70463,527390.0,177650.0,-0.166766,51.483411,1,3,2,1,25/08/2005,5,15:44,12,E09000020,3,3212,Single carriageway,30,Giveway or uncontrolled,3,3212,None within 50 metres,No physical crossing within 50 meters,Daylight: Street light present,Fine without high winds,Dry,None,None,1,Yes,E01002900,2005
446,200501BS70464,528540.0,177940.0,-0.150108,51.485757,1,3,2,3,13/08/2005,7,16:57,12,E09000020,3,3216,Single carriageway,30,Automatic traffic signal,3,3212,None within 50 metres,Pedestrian phase at traffic signal junction,Daylight: Street light present,Raining without high winds,Wet/Damp,None,None,1,Yes,E01002901,2005
447,200501BS70465,525380.0,180220.0,-0.194786,51.506957,1,3,1,1,16/08/2005,3,12:20,12,E09000020,3,4204,Single carriageway,30,Giveway or uncontrolled,6,0,None within 50 metres,No physical crossing within 50 meters,Daylight: Street light present,Fine without high winds,Dry,None,None,1,Yes,E01002827,2005
448,200501BS70466,526190.0,177710.0,-0.184017,51.484219,1,2,1,1,21/08/2005,1,23:54,12,E09000020,3,308,Single carriageway,30,None,-1,0,None within 50 metres,No physical crossing within 50 meters,Darkness: Street lights present and lit,Fine without high winds,Dry,None,None,1,Yes,E01002912,2005
449,200501BS70467,526480.0,177130.0,-0.180051,51.478942,1,3,2,1,22/08/2005,2,17:34,12,E09000020,5,0,Single carriageway,30,None,-1,0,None within 50 metres,No physical crossing within 50 meters,Daylight: Street light present,Raining without high winds,Wet/Damp,None,None,1,Yes,E01002841,2005
450,200501BS70468,526810.0,178190.0,-0.174921,51.488394,1,3,3,1,06/09/2005,3,00:10,12,E09000020,5,0,Single carriageway,30,None,-1,0,None within 50 metres,No physical crossing within 50 meters,Darkness: Street lights present and lit,Fine without high winds,Dry,None,None,1,Yes,E01002910,2005
451,200501BS70469,525320.0,180750.0,-0.195462,51.511733,1,3,2,1,24/08/2005,4,19:20,12,E09000020,6,0,Single carriageway,30,Giveway or uncontrolled,6,0,None within 50 metres,No physical crossing within 50 meters,Darkness: Street lighting unknown,Raining without high winds,Wet/Damp,None,None,1,Yes,E01002885,2005
452,200501BS70470,524530.0,181260.0,-0.20666,51.516491,1,3,2,1,22/08/2005,2,17:50,12,E09000020,4,412,Single carriageway,30,Giveway or uncontrolled,6,0,None within 50 metres,No physical crossing within 50 meters,Daylight: Street light present,Fine without high winds,Dry,None,None,1,No,E01002831,2005
453,200501BS70471,523800.0,180680.0,-0.217379,51.511439,1,3,3,1,09/09/2005,6,16:20,12,E09000020,5,0,Single carriageway,30,None,-1,0,None within 50 metres,No physical crossing within 50 meters,Daylight: Street light present,Raining without high winds,Wet/Damp,None,None,1,Yes,E01002870,2005
454,200501BS70472,524770.0,179120.0,-0.203959,51.497206,1,3,2,2,18/08/2005,5,20:05,12,E09000020,3,315,Single carriageway,30,None,-1,0,None within 50 metres,No physical crossing within 50 meters,Daylight: Street light present,Fine without high winds,Dry,None,None,1,No,E01002814,2005
455,200501BS70473,524640.0,180620.0,-0.205302,51.510715,1,3,2,1,20/08/2005,7,18:00,12,E09000020,4,450,Single carriageway,30,Giveway or uncontrolled,6,0,None within 50 metres,No physical crossing within 50 meters,Daylight: Street light present,Fine without high winds,Dry,None,None,1,Yes,E01002875,2005
456,200501BS70474,526250.0,178900.0,-0.182729,51.4949,1,2,1,1,03/09/2005,7,22:55,12,E09000020,3,4,Dual carriageway,50,Automatic traffic signal,4,325,None within 50 metres,Pedestrian phase at traffic signal junction,Darkness: Street lights present and lit,Other,Dry,None,None,1,Yes,E01002835,2005
457,200501BS70475,524720.0,179110.0,-0.204683,51.497127,1,3,1,1,29/08/2005,2,13:15,12,E09000020,3,3220,Single carriageway,30,Automatic traffic signal,3,315,None within 50 metres,Pedestrian phase at traffic signal junction,Daylight: Street light present,Fine without high winds,Dry,None,None,1,Yes,E01002867,2005
458,200501BS70479,527300.0,178110.0,-0.167896,51.487565,1,3,2,1,01/09/2005,5,18:43,12,E09000020,6,0,Single carriageway,30,Giveway or uncontrolled,3,3217,None within 50 metres,No physical crossing within 50 meters,Daylight: Street light present,Fine without high winds,Dry,None,None,1,Yes,E01002899,2005
459,200501BS70480,525660.0,179670.0,-0.190949,51.501952,1,3,1,1,27/08/2005,7,11:40,12,E09000020,3,315,Single carriageway,30,Automatic traffic signal,3,4204,None within 50 metres,Pedestrian phase at traffic signal junction,Daylight: Street light present,Fine without high winds,Dry,None,None,1,Yes,E01002826,2005
460,200501BS70481,527830.0,179460.0,-0.159778,51.499578,1,3,2,1,26/08/2005,6,15:58,12,E09000020,3,3216,Single carriageway,30,None,-1,0,None within 50 metres,No physical crossing within 50 meters,Daylight: Street light present,Fine without high winds,Dry,None,None,1,Yes,E01002818,2005
461,200501BS70482,527250.0,178780.0,-0.168374,51.493598,1,3,2,1,30/08/2005,3,09:03,12,E09000020,5,0,Single carriageway,30,Giveway or uncontrolled,6,0,None within 50 metres,No physical crossing within 50 meters,Daylight: Street light present,Fine without high winds,Dry,None,None,1,Yes,E01002821,2005
462,200501BS70483,524700.0,180880.0,-0.204346,51.513039,1,3,2,2,31/08/2005,4,20:09,12,E09000020,4,415,Single carriageway,30,Automatic traffic signal,5,0,None within 50 metres,No physical crossing within 50 meters,Darkness: Street lights present and lit,Fine without high winds,Dry,None,None,1,Yes,E01002882,2005
463,200501BS70484,526520.0,178030.0,-0.179153,51.487021,1,3,1,1,27/08/2005,7,11:10,12,E09000020,3,308,Single carriageway,30,Automatic traffic signal,5,0,None within 50 metres,No physical crossing within 50 meters,Daylight: Street light present,Fine without high winds,Dry,None,None,1,Yes,E01002838,2005
464,200501BS70485,526190.0,177330.0,-0.184153,51.480804,1,3,1,1,01/09/2005,5,07:40,12,E09000020,3,308,Single carriageway,30,Giveway or uncontrolled,6,0,None within 50 metres,Zebra crossing,Daylight: Street light present,Fine without high winds,Dry,None,None,1,Yes,E01002843,2005
465,200501BS70486,524220.0,181510.0,-0.211037,51.518806,1,3,2,1,14/09/2005,4,09:25,12,E09000020,4,450,Single carriageway,30,Giveway or uncontrolled,6,0,None within 50 metres,No physical crossing within 50 meters,Daylight: Street light present,Fine without high winds,Dry,Roadworks,None,1,Yes,E01002878,2005
466,200501BS70487,525190.0,181070.0,-0.19722,51.514638,1,3,1,1,05/09/2005,2,16:00,1,E09000033,5,0,Single carriageway,30,Giveway or uncontrolled,6,0,None within 50 metres,No physical crossing within 50 meters,Daylight: Street light present,Fine without high winds,Dry,None,None,1,No,E01002886,2005
467,200501BS70488,527920.0,179610.0,-0.158428,51.500906,1,3,2,1,30/08/2005,3,08:45,12,E09000020,6,0,One way street,30,None,-1,0,None within 50 metres,No physical crossing within 50 meters,Daylight: Street light present,Fine without high winds,Dry,None,None,1,Yes,E01002818,2005
468,200501BS70489,526600.0,178960.0,-0.177668,51.495361,1,3,2,1,07/09/2005,4,09:09,12,E09000020,3,4,Single carriageway,30,Giveway or uncontrolled,3,4,None within 50 metres,No physical crossing within 50 meters,Daylight: Street light present,Fine without high winds,Dry,None,None,1,Yes,E01002820,2005
469,200501BS70490,523720.0,181420.0,-0.218272,51.518107,1,3,3,1,02/09/2005,6,16:20,12,E09000020,6,0,Single carriageway,30,None,-1,0,None within 50 metres,No physical crossing within 50 meters,Daylight: Street light present,Fine without high winds,Dry,None,None,1,Yes,E01002877,2005
470,200501BS70491,526170.0,178680.0,-0.183959,51.492941,1,3,2,1,29/08/2005,2,12:35,12,E09000020,6,0,Roundabout,30,Giveway or uncontrolled,6,0,None within 50 metres,No physical crossing within 50 meters,Daylight: Street light present,Fine without high winds,Dry,None,None,1,Yes,E01002836,2005
471,200501BS70493,523760.0,180920.0,-0.217871,51.513605,1,2,1,1,13/09/2005,3,20:46,12,E09000020,6,0,Single carriageway,30,Giveway or uncontrolled,6,0,None within 50 metres,Zebra crossing,Darkness: Street lights present and lit,Fine without high winds,Dry,None,None,1,Yes,E01002877,2005
472,200501BS70494,524740.0,179100.0,-0.204398,51.497033,1,3,3,1,04/09/2005,1,15:00,12,E09000020,3,315,Single carriageway,30,Automatic traffic signal,3,3220,None within 50 metres,Pedestrian phase at traffic signal junction,Daylight: Street light present,Fine without high winds,Dry,None,None,1,No,E01002814,2005
473,200501BS70495,523520.0,181050.0,-0.221282,51.514826,1,3,2,1,03/09/2005,7,18:38,11,E09000013,3,3220,Single carriageway,30,Giveway or uncontrolled,3,40,None within 50 metres,No physical crossing within 50 meters,Daylight: Street light present,Fine without high winds,Dry,None,None,1,Yes,E01002877,2005
474,200501BS70496,527200.0,178750.0,-0.169105,51.493339,1,3,2,1,02/09/2005,6,23:55,12,E09000020,3,308,Single carriageway,30,Automatic traffic signal,5,0,None within 50 metres,Pedestrian phase at traffic signal junction,Darkness: Street lights present and lit,Fine without high winds,Dry,None,None,1,Yes,E01002862,2005
475,200501BS70497,526620.0,177560.0,-0.177882,51.482775,1,3,2,1,13/09/2005,3,15:40,12,E09000020,3,3217,Single carriageway,30,Giveway or uncontrolled,6,0,None within 50 metres,No physical crossing within 50 meters,Daylight: Street light present,Fine without high winds,Dry,None,None,1,Yes,E01002840,2005
476,200501BS70498,525200.0,180460.0,-0.197293,51.509154,1,3,1,1,20/09/2005,3,16:30,12,E09000020,3,4206,Single carriageway,30,None,-1,0,None within 50 metres,No physical crossing within 50 meters,Daylight: Street light present,Fine without high winds,Dry,None,None,1,No,E01002884,2005
477,200501BS70499,524210.0,180040.0,-0.211699,51.505597,1,3,2,1,19/09/2005,2,10:35,12,E09000020,3,402,Single carriageway,30,Automatic traffic signal,6,0,None within 50 metres,No physical crossing within 50 meters,Daylight: Street light present,Fine without high winds,Dry,None,None,1,Yes,E01002869,2005
478,200501BS70500,524610.0,181400.0,-0.205458,51.517732,1,3,1,1,21/09/2005,4,04:54,12,E09000020,5,0,Single carriageway,30,Giveway or uncontrolled,6,0,None within 50 metres,No physical crossing within 50 meters,Darkness: Street lights present and lit,Fine without high winds,Dry,None,None,1,Yes,E01002830,2005
479,200501BS70501,524050.0,179700.0,-0.214123,51.502577,1,3,2,1,14/07/2005,5,09:00,12,E09000020,3,3220,Single carriageway,30,Automatic traffic signal,5,0,None within 50 metres,Pedestrian phase at traffic signal junction,Daylight: Street light present,Fine without high winds,Dry,None,None,1,No,E01002869,2005
480,200501BS70502,527870.0,179280.0,-0.159267,51.497951,1,3,2,1,13/09/2005,3,09:00,12,E09000020,3,3216,Single carriageway,30,None,-1,0,None within 50 metres,No physical crossing within 50 meters,Daylight: Street light present,Fine without high winds,Dry,None,None,1,Yes,E01002818,2005
481,200501BS70503,527360.0,178430.0,-0.166917,51.490428,1,2,1,1,12/09/2005,2,11:15,12,E09000020,6,0,Single carriageway,30,Giveway or uncontrolled,6,0,None within 50 metres,No physical crossing within 50 meters,Daylight: Street light present,Fine without high winds,Dry,None,None,1,Yes,E01002914,2005
482,200501BS70504,526880.0,177470.0,-0.174172,51.481908,1,3,2,1,16/09/2005,6,08:25,12,E09000020,3,3220,Single carriageway,30,Giveway or uncontrolled,6,0,None within 50 metres,No physical crossing within 50 meters,Daylight: Street light present,Fine without high winds,Dry,None,None,1,Yes,E01002840,2005
483,200501BS70505,524700.0,181030.0,-0.204292,51.514387,1,3,1,1,14/09/2005,4,22:10,12,E09000020,6,0,One way street,30,None,-1,0,None within 50 metres,No physical crossing within 50 meters,Darkness: Street lights present and lit,Fine without high winds,Dry,None,None,1,Yes,E01002832,2005
484,200501BS70506,526060.0,178880.0,-0.185471,51.494763,1,3,1,1,08/09/2005,5,19:14,12,E09000020,3,4,Single carriageway,30,None,-1,0,None within 50 metres,No physical crossing within 50 meters,Darkness: Street lights present and lit,Fine without high winds,Dry,None,None,1,Yes,E01002835,2005
485,200501BS70507,526030.0,178410.0,-0.186071,51.490546,1,3,2,1,09/09/2005,6,19:14,12,E09000020,3,3218,Single carriageway,30,Automatic traffic signal,5,0,None within 50 metres,Pedestrian phase at traffic signal junction,Darkness: Street lights present and lit,Fine without high winds,Dry,None,None,1,Yes,E01002898,2005
486,200501BS70508,525300.0,179430.0,-0.196218,51.499875,1,3,2,1,16/09/2005,6,09:05,12,E09000020,3,315,Single carriageway,30,Giveway or uncontrolled,6,0,None within 50 metres,No physical crossing within 50 meters,Daylight: Street light present,Fine without high winds,Dry,None,None,1,Yes,E01002865,2005
487,200501BS70509,525060.0,179290.0,-0.199724,51.49867,1,3,1,1,13/09/2005,3,21:49,12,E09000020,3,315,Single carriageway,30,Giveway or uncontrolled,6,0,None within 50 metres,No physical crossing within 50 meters,Darkness: Street lights present and lit,Fine without high winds,Dry,None,None,1,Yes,E01002817,2005
488,200501BS70510,527990.0,178350.0,-0.157876,51.489566,1,3,2,1,10/09/2005,7,18:27,12,E09000020,6,0,Single carriageway,30,Giveway or uncontrolled,6,0,None within 50 metres,No physical crossing within 50 meters,Daylight: Street light present,Raining without high winds,Wet/Damp,None,None,1,No,E01002902,2005
489,200501BS70511,525140.0,179330.0,-0.198558,51.499011,1,3,1,1,13/09/2005,3,16:09,12,E09000020,3,315,Single carriageway,30,Automatic traffic signal,4,316,None within 50 metres,Pedestrian phase at traffic signal junction,Daylight: Street light present,Fine without high winds,Dry,None,None,1,Yes,E01002817,2005
490,200501BS70513,525330.0,178360.0,-0.196166,51.490252,1,3,1,1,01/09/2005,5,14:55,12,E09000020,3,3220,Single carriageway,30,None,-1,0,None within 50 metres,non-junction pedestrian crossing,Daylight: Street light present,Fine without high winds,Dry,None,None,1,Yes,E01002846,2005
491,200501BS70514,524610.0,179270.0,-0.20621,51.498589,1,3,2,1,15/09/2005,5,07:40,12,E09000020,3,3220,Single carriageway,30,Giveway or uncontrolled,6,0,None within 50 metres,No physical crossing within 50 meters,Daylight: Street light present,Raining without high winds,Wet/Damp,None,None,1,Yes,E01002864,2005
492,200501BS70515,524150.0,181700.0,-0.211979,51.520529,1,3,2,1,17/09/2005,7,13:19,12,E09000020,4,450,Single carriageway,30,Giveway or uncontrolled,6,0,None within 50 metres,No physical crossing within 50 meters,Daylight: Street light present,Fine without high winds,Dry,None,None,1,Yes,E01002909,2005
493,200501BS70516,527380.0,177650.0,-0.16691,51.483413,1,3,1,1,17/09/2005,7,10:05,12,E09000020,3,3212,Dual carriageway,30,None,-1,0,None within 50 metres,No physical crossing within 50 meters,Daylight: Street light present,Fine without high winds,Dry,None,None,1,Yes,E01002900,2005
494,200501BS70517,525010.0,180390.0,-0.200054,51.508566,1,2,2,1,25/09/2005,1,11:42,12,E09000020,3,402,Single carriageway,30,Automatic traffic signal,5,0,None within 50 metres,Pedestrian phase at traffic signal junction,Daylight: Street light present,Fine without high winds,Wet/Damp,None,None,1,Yes,E01002828,2005
495,200501BS70518,527010.0,179020.0,-0.171743,51.495809,1,3,2,1,15/09/2005,5,16:40,12,E09000020,3,4,Single carriageway,30,Giveway or uncontrolled,3,3218,None within 50 metres,No physical crossing within 50 meters,Daylight: Street light present,Fine without high winds,Dry,None,None,1,Yes,E01002821,2005
496,200501BS70519,526090.0,177600.0,-0.185496,51.483253,1,3,2,1,13/09/2005,3,04:52,12,E09000020,3,304,Single carriageway,30,Automatic traffic signal,3,3220,None within 50 metres,Pedestrian phase at traffic signal junction,Darkness: Street lights present and lit,Fine without high winds,Dry,None,None,1,Yes,E01002912,2005
497,200501BS70521,526240.0,178880.0,-0.18288,51.494723,1,3,1,1,20/09/2005,3,19:01,12,E09000020,4,325,Single carriageway,30,Automatic traffic signal,3,4,None within 50 metres,Pedestrian phase at traffic signal junction,Darkness: Street lights present and lit,Fine without high winds,Dry,None,None,1,Yes,E01002835,2005
498,200501BS70523,525250.0,178950.0,-0.197108,51.495572,1,2,2,1,22/09/2005,5,13:15,12,E09000020,3,3220,Single carriageway,30,None,-1,0,None within 50 metres,No physical crossing within 50 meters,Daylight: Street light present,Fine without high winds,Dry,None,None,1,No,E01002815,2005
499,200501BS70524,527090.0,177550.0,-0.17112,51.48258,1,2,2,1,07/09/2005,4,07:35,12,E09000020,3,3212,Single carriageway,30,Giveway or uncontrolled,5,0,None within 50 metres,No physical crossing within 50 meters,Daylight: Street light present,Fine without high winds,Dry,None,None,1,Yes,E01002844,2005
500,200501BS70525,525980.0,177690.0,-0.187047,51.484086,1,3,1,1,15/09/2005,5,13:50,12,E09000020,6,0,Single carriageway,30,Giveway or uncontrolled,6,0,None within 50 metres,No physical crossing within 50 meters,Daylight: Street light present,Fine without high winds,Dry,None,None,1,No,E01002897,2005
501,200501BS70526,527660.0,178390.0,-0.162612,51.49,1,3,2,1,15/09/2005,5,18:29,12,E09000020,3,3217,Dual carriageway,30,None,-1,0,None within 50 metres,Zebra crossing,Daylight: Street light present,Fine without high winds,Dry,None,None,1,Yes,E01002903,2005
502,200501BS70527,526240.0,177370.0,-0.183419,51.481152,1,3,2,1,09/08/2005,3,14:10,12,E09000020,3,3220,Single carriageway,30,Automatic traffic signal,3,3217,None within 50 metres,Pedestrian phase at traffic signal junction,Daylight: Street light present,Fine without high winds,Dry,None,None,1,Yes,E01002913,2005
503,200501BS70528,524840.0,180320.0,-0.202527,51.507975,1,3,2,1,12/09/2005,2,16:21,12,E09000020,3,402,Single carriageway,30,Giveway or uncontrolled,6,0,None within 50 metres,No physical crossing within 50 meters,Daylight: Street light present,Fine without high winds,Dry,None,None,1,Yes,E01002883,2005
504,200501BS70529,525080.0,180600.0,-0.198971,51.510438,1,2,1,1,23/09/2005,6,07:55,12,E09000020,4,415,Single carriageway,30,None,-1,0,None within 50 metres,No physical crossing within 50 meters,Daylight: Street light present,Fine without high winds,Dry,None,None,1,Yes,E01002883,2005
505,200501BS70530,527980.0,178710.0,-0.15789,51.492804,1,3,1,1,06/09/2005,3,23:30,12,E09000020,3,3216,Single carriageway,30,None,-1,0,None within 50 metres,Zebra crossing,Darkness: Street lights present and lit,Fine without high winds,Dry,None,None,1,Yes,E01002859,2005
506,200501BS70531,527950.0,177770.0,-0.158662,51.484363,1,3,2,1,28/09/2005,4,20:45,12,E09000020,3,3212,Single carriageway,30,Giveway or uncontrolled,6,0,None within 50 metres,Zebra crossing,Darkness: Street lights present and lit,Raining without high winds,Wet/Damp,None,None,1,No,E01002900,2005
507,200501BS70532,523900.0,182280.0,-0.215377,51.525797,1,3,1,1,21/10/2005,6,22:55,12,E09000020,6,0,Single carriageway,30,Giveway or uncontrolled,4,450,None within 50 metres,No physical crossing within 50 meters,Darkness: Street lights present and lit,Fine without high winds,Dry,None,None,1,Yes,E01002852,2005
508,200501BS70533,527560.0,179170.0,-0.16377,51.497033,1,3,1,1,30/09/2005,6,16:02,12,E09000020,4,319,Single carriageway,30,Automatic traffic signal,5,0,None within 50 metres,No physical crossing within 50 meters,Daylight: Street light present,Fine without high winds,Wet/Damp,None,None,1,Yes,E01002818,2005
509,200501BS70534,525120.0,180040.0,-0.198594,51.505397,1,3,2,1,26/09/2005,2,12:15,12,E09000020,5,0,Single carriageway,30,Giveway or uncontrolled,6,0,None within 50 metres,No physical crossing within 50 meters,Daylight: Street light present,Fine without high winds,Dry,None,None,1,Yes,E01002825,2005
510,200501BS70535,525040.0,178620.0,-0.200249,51.492652,1,3,2,2,24/09/2005,7,10:26,12,E09000020,3,4,Dual carriageway,40,Automatic traffic signal,3,3220,None within 50 metres,Pedestrian phase at traffic signal junction,Daylight: Street light present,Fine without high winds,Dry,None,None,1,Yes,E01002848,2005
511,200501BS70536,525190.0,179360.0,-0.197827,51.49927,1,3,3,1,24/09/2005,7,12:34,12,E09000020,3,315,Single carriageway,30,Giveway or uncontrolled,6,0,None within 50 metres,No physical crossing within 50 meters,Daylight: Street light present,Fine without high winds,Dry,None,None,1,Yes,E01002817,2005
512,200501BS70537,525410.0,179510.0,-0.194606,51.500569,1,3,1,1,29/09/2005,5,16:00,12,E09000020,5,0,Single carriageway,30,Giveway or uncontrolled,3,315,None within 50 metres,No physical crossing within 50 meters,Daylight: Street light present,Fine without high winds,Dry,None,None,1,No,E01002865,2005
513,200501BS70538,527460.0,179360.0,-0.165142,51.498763,1,3,1,1,19/09/2005,2,15:05,12,E09000020,3,4,Single carriageway,30,None,-1,0,None within 50 metres,non-junction pedestrian crossing,Daylight: Street light present,Fine without high winds,Dry,None,None,1,Yes,E01002819,2005
514,200501BS70539,527080.0,177550.0,-0.171264,51.482582,1,3,2,1,30/09/2005,6,16:12,12,E09000020,3,3212,Single carriageway,30,Giveway or uncontrolled,5,0,None within 50 metres,No physical crossing within 50 meters,Daylight: Street light present,Fine without high winds,Dry,Ol or diesel,None,1,Yes,E01002844,2005
515,200501BS70540,526110.0,178880.0,-0.184751,51.494752,1,2,2,2,27/09/2005,3,10:20,12,E09000020,3,4,Dual carriageway,30,Automatic traffic signal,6,0,None within 50 metres,Pedestrian phase at traffic signal junction,Daylight: Street light present,Fine without high winds,Dry,None,None,1,Yes,E01002835,2005
516,200501BS70541,524290.0,181340.0,-0.210089,51.517263,1,3,1,2,30/09/2005,6,17:55,12,E09000020,4,450,Single carriageway,30,None,-1,0,None within 50 metres,non-junction pedestrian crossing,Daylight: Street light present,Fine without high winds,Dry,None,None,1,Yes,E01002831,2005
517,200501BS70542,525220.0,179370.0,-0.197391,51.499353,1,3,2,1,28/08/2005,1,19:00,12,E09000020,3,315,Single carriageway,30,Giveway or uncontrolled,6,0,None within 50 metres,No physical crossing within 50 meters,Darkness: Street lights present and lit,Fine without high winds,Dry,None,None,1,Yes,E01002817,2005
518,200501BS70543,524460.0,182270.0,-0.207312,51.525584,1,3,2,1,03/10/2005,2,18:33,12,E09000020,5,0,Single carriageway,30,Giveway or uncontrolled,6,0,None within 50 metres,Zebra crossing,Darkness: Street lights present and lit,Fine without high winds,Dry,None,None,1,Yes,E01002857,2005
519,200501BS70545,526630.0,178960.0,-0.177236,51.495355,1,3,2,1,04/10/2005,3,17:05,12,E09000020,3,4,Dual carriageway,30,Giveway or uncontrolled,3,4,None within 50 metres,No physical crossing within 50 meters,Daylight: Street light present,Fine without high winds,Dry,None,None,1,Yes,E01002820,2005
520,200501BS70546,527680.0,178410.0,-0.162317,51.490176,1,2,1,1,24/09/2005,7,15:38,12,E09000020,3,3217,Single carriageway,30,Giveway or uncontrolled,5,0,None within 50 metres,Zebra crossing,Daylight: Street light present,Fine without high winds,Dry,None,None,1,Yes,E01002902,2005
521,200501BS70547,523910.0,182310.0,-0.215222,51.526064,1,3,1,1,23/09/2005,6,08:30,12,E09000020,4,450,Single carriageway,30,Giveway or uncontrolled,5,0,None within 50 metres,No physical crossing within 50 meters,Daylight: Street light present,Fine without high winds,Dry,None,None,1,Yes,E01002852,2005
522,200501BS70548,525070.0,179300.0,-0.199576,51.498757,1,3,2,1,09/10/2005,1,14:30,12,E09000020,3,315,Single carriageway,30,Giveway or uncontrolled,6,0,None within 50 metres,No physical crossing within 50 meters,Daylight: Street light present,Fine without high winds,Dry,None,None,1,No,E01002865,2005
523,200501BS70549,524420.0,181890.0,-0.208022,51.522177,1,3,2,1,04/10/2005,3,21:10,12,E09000020,5,0,Single carriageway,30,Giveway or uncontrolled,6,0,None within 50 metres,non-junction pedestrian crossing,Darkness: Street lights present and lit,Fine without high winds,Dry,None,None,1,Yes,E01002855,2005
524,200501BS70550,524950.0,179240.0,-0.201325,51.498244,1,3,2,1,08/10/2005,7,22:50,12,E09000020,3,315,Single carriageway,30,Giveway or uncontrolled,6,0,None within 50 metres,No physical crossing within 50 meters,Darkness: Street lights present and lit,Fine without high winds,Dry,None,None,1,No,E01002817,2005
525,200501BS70551,524080.0,181890.0,-0.21292,51.522252,1,3,2,1,16/09/2005,6,20:20,12,E09000020,4,450,Single carriageway,30,Giveway or uncontrolled,6,0,None within 50 metres,Zebra crossing,Darkness: Street lights present and lit,Fine without high winds,Dry,None,None,1,No,E01002905,2005
526,200501BS70552,524640.0,179040.0,-0.205859,51.496515,1,3,2,1,09/10/2005,1,20:10,12,E09000020,3,315,Single carriageway,30,Automatic traffic signal,3,3220,None within 50 metres,Pedestrian phase at traffic signal junction,Darkness: Street lighting unknown,Fine without high winds,Dry,None,None,1,No,E01002814,2005
527,200501BS70554,524230.0,181250.0,-0.210985,51.516467,1,3,3,1,12/10/2005,4,12:10,12,E09000020,5,0,Single carriageway,30,None,-1,0,None within 50 metres,No physical crossing within 50 meters,Daylight: Street light present,Fine without high winds,Dry,None,None,1,Yes,E01002831,2005
528,200501BS70555,527870.0,178590.0,-0.159517,51.49175,1,3,1,1,15/10/2005,7,14:55,12,E09000020,3,3217,Single carriageway,30,Giveway or uncontrolled,6,0,None within 50 metres,Zebra crossing,Daylight: Street light present,Fine without high winds,Dry,None,None,1,No,E01002859,2005
529,200501BS70556,525370.0,178810.0,-0.19543,51.494287,1,3,1,1,10/10/2005,2,16:25,12,E09000020,3,3220,Single carriageway,30,Automatic traffic signal,3,4,None within 50 metres,No physical crossing within 50 meters,Daylight: Street light present,Fine without high winds,Dry,None,None,1,Yes,E01002851,2005
530,200501BS70557,526000.0,179370.0,-0.18616,51.49918,1,2,1,1,06/10/2005,5,08:27,12,E09000020,6,0,Single carriageway,20,Giveway or uncontrolled,6,0,None within 50 metres,No physical crossing within 50 meters,Daylight: Street light present,Fine without high winds,Dry,None,None,1,No,E01002890,2005
531,200501BS70558,523780.0,181560.0,-0.217358,51.519352,1,3,2,1,29/09/2005,5,17:33,12,E09000020,6,0,Single carriageway,30,Giveway or uncontrolled,6,0,None within 50 metres,Zebra crossing,Daylight: Street light present,Fine without high winds,Dry,None,None,1,Yes,E01002905,2005
532,200501BS70559,527020.0,178770.0,-0.171689,51.49356,1,3,1,1,30/09/2005,6,15:52,12,E09000020,5,0,Single carriageway,30,Giveway or uncontrolled,6,0,None within 50 metres,No physical crossing within 50 meters,Daylight: Street light present,Raining without high winds,Wet/Damp,None,None,1,Yes,E01002823,2005
533,200501BS70561,524220.0,181520.0,-0.211034,51.518896,1,3,1,1,06/10/2005,5,08:22,12,E09000020,4,450,Single carriageway,30,Giveway or uncontrolled,6,0,None within 50 metres,Zebra crossing,Daylight: Street light present,Fine without high winds,Dry,None,None,1,Yes,E01002909,2005
534,200501BS70562,526470.0,177250.0,-0.180152,51.480022,1,2,1,1,07/09/2005,4,23:00,12,E09000020,3,3220,One way street,30,Giveway or uncontrolled,3,3220,None within 50 metres,non-junction pedestrian crossing,Darkness: Street lights present and lit,Fine without high winds,Dry,None,None,1,Yes,E01002841,2005
535,200501BS70564,526640.0,177580.0,-0.177587,51.48295,1,3,2,1,06/10/2005,5,07:20,12,E09000020,3,3217,Single carriageway,30,None,-1,0,None within 50 metres,No physical crossing within 50 meters,Daylight: Street light present,Fine without high winds,Dry,None,None,1,Yes,E01002840,2005
536,200501BS70565,525410.0,178060.0,-0.195121,51.487538,1,3,4,1,08/10/2005,7,13:35,12,E09000020,3,3218,Single carriageway,30,Giveway or uncontrolled,6,0,Control by other authorised person,No physical crossing within 50 meters,Daylight: Street light present,Fine without high winds,Dry,None,None,1,Yes,E01002894,2005
537,200501BS70566,526800.0,177450.0,-0.17533,51.481746,1,3,2,1,11/10/2005,3,08:55,12,E09000020,6,0,Single carriageway,30,Giveway or uncontrolled,3,3220,None within 50 metres,No physical crossing within 50 meters,Daylight: Street light present,Fine without high winds,Dry,None,None,1,Yes,E01002840,2005
538,200501BS70567,526210.0,179000.0,-0.183269,51.495808,1,3,2,1,10/10/2005,2,11:55,12,E09000020,4,325,Single carriageway,30,Giveway or uncontrolled,6,0,None within 50 metres,No physical crossing within 50 meters,Daylight: Street light present,Fine without high winds,Dry,None,None,1,Yes,E01002887,2005
539,200501BS70568,526080.0,179440.0,-0.184983,51.499791,1,3,1,1,10/10/2005,2,13:40,12,E09000020,6,0,Single carriageway,30,None,-1,0,None within 50 metres,Zebra crossing,Daylight: Street light present,Fine without high winds,Dry,None,None,1,Yes,E01002890,2005
540,200501BS70569,524770.0,181600.0,-0.203083,51.519494,1,2,2,1,19/10/2005,4,07:50,12,E09000020,6,0,Single carriageway,30,Giveway or uncontrolled,6,0,None within 50 metres,No physical crossing within 50 meters,Daylight: Street light present,Raining without high winds,Wet/Damp,None,None,1,No,E01002830,2005
541,200501BS70570,525590.0,180550.0,-0.191644,51.509876,1,2,2,1,11/10/2005,3,08:28,12,E09000020,3,402,Single carriageway,30,Giveway or uncontrolled,6,0,None within 50 metres,No physical crossing within 50 meters,Daylight: Street light present,Fine without high winds,Dry,None,None,1,Yes,E01004693,2005
542,200501BS70571,528150.0,178790.0,-0.155413,51.493484,1,2,2,1,12/10/2005,4,18:15,1,E09000033,3,3217,Single carriageway,30,None,-1,0,None within 50 metres,No physical crossing within 50 meters,Darkness: Street lights present and lit,Raining without high winds,Wet/Damp,None,None,1,No,E01002859,2005
543,200501BS70572,524890.0,181680.0,-0.201326,51.520186,1,3,2,1,05/10/2005,4,20:20,1,E09000033,6,0,Single carriageway,30,Giveway or uncontrolled,6,0,None within 50 metres,No physical crossing within 50 meters,Darkness: Street lights present and lit,Fine without high winds,Dry,None,None,1,Yes,E01004759,2005
544,200501BS70574,525130.0,179320.0,-0.198705,51.498924,1,3,2,1,15/10/2005,7,09:30,12,E09000020,3,315,Single carriageway,30,Automatic traffic signal,4,316,None within 50 metres,No physical crossing within 50 meters,Daylight: Street light present,Fine without high winds,Dry,None,None,1,Yes,E01002817,2005
545,200501BS70575,524470.0,180720.0,-0.207715,51.511651,1,3,2,2,15/10/2005,7,14:04,12,E09000020,6,0,Single carriageway,30,None,-1,0,None within 50 metres,No physical crossing within 50 meters,Daylight: Street light present,Fine without high winds,Dry,None,None,1,Yes,E01002875,2005
546,200501BS70576,524840.0,180320.0,-0.202527,51.507975,1,3,3,1,14/10/2005,6,13:10,12,E09000020,3,402,Dual carriageway,30,None,-1,0,None within 50 metres,No physical crossing within 50 meters,Daylight: Street light present,Fine without high winds,Dry,None,None,1,Yes,E01002883,2005
547,200501BS70577,525380.0,178840.0,-0.195276,51.494554,1,3,2,1,03/10/2005,2,08:27,12,E09000020,3,4,Dual carriageway,30,Automatic traffic signal,3,3220,None within 50 metres,No physical crossing within 50 meters,Daylight: Street light present,Fine without high winds,Dry,None,None,1,Yes,E01002815,2005
548,200501BS70578,526880.0,179000.0,-0.173622,51.495658,1,3,2,1,08/10/2005,7,21:20,12,E09000020,5,0,Single carriageway,30,Automatic traffic signal,3,4,None within 50 metres,No physical crossing within 50 meters,Darkness: Street lights present and lit,Fine without high winds,Dry,None,None,1,Yes,E01002821,2005
549,200501BS70579,526770.0,177500.0,-0.175744,51.482202,1,3,2,1,10/10/2005,2,08:30,12,E09000020,6,0,Single carriageway,30,Giveway or uncontrolled,6,0,None within 50 metres,No physical crossing within 50 meters,Daylight: Street light present,Fine without high winds,Dry,None,None,1,Yes,E01002840,2005
550,200501BS70580,526940.0,177490.0,-0.173301,51.482074,1,3,2,1,11/10/2005,3,08:40,12,E09000020,3,3212,Single carriageway,30,Automatic traffic signal,3,3220,None within 50 metres,Pedestrian phase at traffic signal junction,Daylight: Street light present,Fine without high winds,Dry,None,None,1,No,E01002840,2005
551,200501BS70581,527550.0,177900.0,-0.164373,51.485622,1,3,4,1,17/10/2005,2,19:35,12,E09000020,6,0,Single carriageway,30,None,-1,0,None within 50 metres,No physical crossing within 50 meters,Darkness: Street lights present and lit,Fine without high winds,Dry,None,Other object in carriageway,1,Yes,E01002899,2005
552,200501BS70582,523890.0,181300.0,-0.215865,51.516991,1,3,2,2,10/10/2005,2,10:30,12,E09000020,6,0,Single carriageway,30,None,-1,0,None within 50 metres,No physical crossing within 50 meters,Daylight: Street light present,Fine without high winds,Dry,None,None,1,Yes,E01002878,2005
553,200501BS70583,526410.0,178920.0,-0.180418,51.495044,1,3,2,1,19/10/2005,4,09:00,12,E09000020,3,4,Single carriageway,30,Giveway or uncontrolled,6,0,None within 50 metres,No physical crossing within 50 meters,Daylight: Street light present,Fine without high winds,Dry,None,None,1,Yes,E01002835,2005
554,200501BS70585,526240.0,178900.0,-0.182872,51.494902,1,3,2,1,16/10/2005,1,01:30,12,E09000020,3,4,Single carriageway,30,Automatic traffic signal,5,0,None within 50 metres,Pedestrian phase at traffic signal junction,Darkness: Street lights present and lit,Fine without high winds,Dry,None,None,1,Yes,E01002835,2005
555,200501BS70587,527510.0,179400.0,-0.164407,51.499111,1,3,1,1,17/10/2005,2,09:59,12,E09000020,3,4,Single carriageway,30,Giveway or uncontrolled,6,0,None within 50 metres,No physical crossing within 50 meters,Daylight: Street light present,Fine without high winds,Dry,None,None,1,Yes,E01002819,2005
556,200501BS70588,526090.0,177600.0,-0.185496,51.483253,1,3,2,1,20/10/2005,5,01:45,12,E09000020,3,3220,Single carriageway,30,Automatic traffic signal,3,308,None within 50 metres,No physical crossing within 50 meters,Darkness: Street lights present and lit,Fine with high winds,Wet/Damp,None,None,1,No,E01002912,2005
557,200501BS70589,524300.0,181460.0,-0.209903,51.518339,1,3,1,1,19/10/2005,4,11:40,12,E09000020,4,412,Single carriageway,30,Giveway or uncontrolled,4,450,None within 50 metres,No physical crossing within 50 meters,Daylight: Street light present,Fine without high winds,Dry,None,None,1,Yes,E01002856,2005
558,200501BS70590,527720.0,178610.0,-0.161669,51.491964,1,3,2,1,20/10/2005,5,07:44,12,E09000020,5,0,Single carriageway,30,Giveway or uncontrolled,6,0,None within 50 metres,No physical crossing within 50 meters,Daylight: Street light present,Fine without high winds,Dry,None,None,1,Yes,E01002859,2005
559,200501BS70591,524420.0,181890.0,-0.208022,51.522177,1,3,2,1,17/10/2005,2,16:35,12,E09000020,5,0,Single carriageway,30,Giveway or uncontrolled,6,0,None within 50 metres,No physical crossing within 50 meters,Daylight: Street light present,Fine without high winds,Dry,None,None,1,Yes,E01002855,2005
560,200501BS70592,527660.0,179570.0,-0.162186,51.500605,1,3,2,1,19/10/2005,4,00:25,12,E09000020,3,4,Single carriageway,30,Giveway or uncontrolled,6,0,None within 50 metres,non-junction pedestrian crossing,Darkness: Street lights present and lit,Raining without high winds,Wet/Damp,None,None,1,Yes,E01002818,2005
561,200501BS70593,526580.0,177270.0,-0.178561,51.480177,1,3,2,1,16/10/2005,1,15:25,12,E09000020,3,3220,Single carriageway,30,None,-1,0,None within 50 metres,Zebra crossing,Daylight: Street light present,Fine without high winds,Dry,None,None,1,Yes,E01002841,2005
562,200501BS70594,526360.0,177160.0,-0.181767,51.479238,1,3,3,1,10/10/2005,2,08:03,12,E09000020,6,0,Roundabout,30,Giveway or uncontrolled,6,0,None within 50 metres,No physical crossing within 50 meters,Daylight: Street light present,Fine without high winds,Dry,None,None,1,Yes,E01002841,2005
563,200501BS70595,526460.0,177460.0,-0.18022,51.481912,1,3,1,1,19/10/2005,4,20:15,12,E09000020,3,3217,Single carriageway,30,Giveway or uncontrolled,6,0,None within 50 metres,Zebra crossing,Darkness: Street lights present and lit,Raining without high winds,Wet/Damp,None,None,1,Yes,E01002840,2005
564,200501BS70596,526190.0,179070.0,-0.183532,51.496441,1,3,2,4,14/10/2005,6,18:45,12,E09000020,4,325,Single carriageway,30,Giveway or uncontrolled,6,0,None within 50 metres,No physical crossing within 50 meters,Darkness: Street lights present and lit,Fine without high winds,Dry,None,None,1,Yes,E01002887,2005
565,200501BS70597,525380.0,180250.0,-0.194775,51.507226,1,3,1,1,15/10/2005,7,12:10,12,E09000020,3,4204,Single carriageway,30,Giveway or uncontrolled,6,0,None within 50 metres,No physical crossing within 50 meters,Daylight: Street light present,Fine without high winds,Dry,None,None,1,Yes,E01002827,2005
566,200501BS70598,527440.0,179340.0,-0.165437,51.498588,1,2,2,1,19/10/2005,4,18:26,12,E09000020,3,4,Single carriageway,30,Giveway or uncontrolled,3,4,None within 50 metres,non-junction pedestrian crossing,Darkness: Street lights present and lit,Raining without high winds,Wet/Damp,None,None,1,Yes,E01002819,2005
567,200501BS70599,527620.0,179510.0,-0.162784,51.500075,1,2,1,1,20/10/2005,5,14:10,12,E09000020,3,4,Dual carriageway,30,Giveway or uncontrolled,3,4,None within 50 metres,non-junction pedestrian crossing,Daylight: Street light present,Fine without high winds,Dry,None,None,1,Yes,E01002818,2005
568,200501BS70600,527860.0,179310.0,-0.1594,51.498223,1,3,2,1,23/10/2005,1,13:15,12,E09000020,3,3216,Single carriageway,30,Giveway or uncontrolled,6,0,None within 50 metres,Zebra crossing,Daylight: Street light present,Fine without high winds,Dry,None,None,1,Yes,E01002818,2005
569,200501BS70601,524550.0,181260.0,-0.206372,51.516487,1,3,2,1,22/10/2005,7,15:53,12,E09000020,4,412,Single carriageway,30,Giveway or uncontrolled,6,0,None within 50 metres,No physical crossing within 50 meters,Daylight: Street light present,Fine without high winds,Dry,None,None,1,Yes,E01002831,2005
570,200501BS70602,526620.0,178790.0,-0.177441,51.493829,1,3,1,1,21/10/2005,6,12:17,12,E09000020,5,0,Single carriageway,30,Giveway or uncontrolled,6,0,None within 50 metres,No physical crossing within 50 meters,Daylight: Street light present,Fine without high winds,Wet/Damp,None,None,1,Yes,E01002820,2005
571,200501BS70603,526630.0,177920.0,-0.177609,51.486008,1,3,2,1,03/11/2005,5,08:35,12,E09000020,5,0,Single carriageway,30,Giveway or uncontrolled,6,0,None within 50 metres,No physical crossing within 50 meters,Daylight: Street light present,Fine without high winds,Dry,None,None,1,No,E01002911,2005
572,200501BS70604,525090.0,179310.0,-0.199285,51.498843,1,3,2,1,21/10/2005,6,11:39,12,E09000020,3,315,Single carriageway,30,Automatic traffic signal,6,0,None within 50 metres,Pedestrian phase at traffic signal junction,Daylight: Street light present,Fine without high winds,Dry,None,None,1,Yes,E01002865,2005
573,200501BS70605,526870.0,179000.0,-0.173766,51.49566,1,2,1,1,25/10/2005,3,20:45,12,E09000020,3,4,Single carriageway,30,Automatic traffic signal,5,0,None within 50 metres,Pedestrian phase at traffic signal junction,Darkness: Street lights present and lit,Fine without high winds,Dry,None,None,1,No,E01002821,2005
574,200501BS70606,524750.0,179050.0,-0.204272,51.496581,1,3,2,2,06/10/2005,5,16:51,12,E09000020,4,314,Single carriageway,30,None,-1,0,None within 50 metres,No physical crossing within 50 meters,Daylight: Street light present,Fine without high winds,Dry,None,None,1,Yes,E01002814,2005
575,200501BS70607,527200.0,177950.0,-0.169393,51.48615,1,3,2,2,27/10/2005,5,17:00,12,E09000020,4,304,Single carriageway,30,Giveway or uncontrolled,6,0,None within 50 metres,No physical crossing within 50 meters,Daylight: Street light present,Fine without high winds,Dry,None,None,1,Yes,E01002844,2005
576,200501BS70608,527620.0,178360.0,-0.163199,51.48974,1,3,1,1,26/10/2005,4,14:18,12,E09000020,3,3217,Single carriageway,30,None,-1,0,None within 50 metres,No physical crossing within 50 meters,Daylight: Street light present,Fine without high winds,Dry,None,None,1,Yes,E01002861,2005
577,200501BS70609,527270.0,179180.0,-0.167942,51.497188,1,3,2,1,19/10/2005,4,22:40,12,E09000020,3,4,Single carriageway,30,Giveway or uncontrolled,6,0,None within 50 metres,non-junction pedestrian crossing,Darkness: Street lights present and lit,Raining without high winds,Wet/Damp,None,None,1,Yes,E01002819,2005
578,200501BS70610,527610.0,177680.0,-0.163589,51.483631,1,2,4,3,23/10/2005,1,18:20,12,E09000020,3,3212,Single carriageway,30,Automatic traffic signal,4,302,None within 50 metres,Pedestrian phase at traffic signal junction,Darkness: Street lights present and lit,Fine without high winds,Dry,None,None,1,Yes,E01002900,2005
579,200501BS70611,526760.0,177740.0,-0.175802,51.484361,1,3,2,1,08/10/2005,7,10:40,12,E09000020,3,3217,Single carriageway,30,Automatic traffic signal,3,3220,None within 50 metres,Pedestrian phase at traffic signal junction,Daylight: Street light present,Fine without high winds,Dry,None,None,1,Yes,E01002845,2005
580,200501BS70613,527100.0,178000.0,-0.170814,51.486622,1,3,2,1,04/11/2005,6,17:10,12,E09000020,3,3217,Single carriageway,30,Giveway or uncontrolled,6,0,None within 50 metres,No physical crossing within 50 meters,Darkness: Street lights present and lit,Fine without high winds,Dry,None,None,1,No,E01002844,2005
581,200501BS70614,527160.0,178400.0,-0.169807,51.490203,1,3,1,1,27/10/2005,5,12:30,12,E09000020,6,0,Single carriageway,30,Giveway or uncontrolled,6,0,None within 50 metres,No physical crossing within 50 meters,Daylight: Street light present,Fine without high winds,Dry,None,None,1,Yes,E01002914,2005
582,200501BS70615,527760.0,178500.0,-0.161133,51.490966,1,3,1,1,28/10/2005,6,14:14,12,E09000020,3,3217,Single carriageway,30,Giveway or uncontrolled,6,0,None within 50 metres,No physical crossing within 50 meters,Daylight: Street light present,Fine without high winds,Dry,None,None,1,Yes,E01002861,2005
583,200501BS70616,527350.0,177620.0,-0.167353,51.48315,1,2,1,1,21/10/2005,6,11:10,12,E09000020,3,3031,Single carriageway,30,None,-1,0,None within 50 metres,No physical crossing within 50 meters,Daylight: Street light present,Raining without high winds,Wet/Damp,None,None,1,Yes,E01002844,2005
584,200501BS70617,523490.0,181920.0,-0.22141,51.522651,1,3,2,1,01/11/2005,3,08:40,12,E09000020,5,0,Single carriageway,30,Giveway or uncontrolled,6,0,None within 50 metres,Zebra crossing,Daylight: Street light present,Fine without high winds,Dry,None,None,1,Yes,E01002906,2005
585,200501BS70618,525420.0,178070.0,-0.194973,51.487625,1,3,2,4,17/10/2005,2,16:00,12,E09000020,3,3218,Single carriageway,30,Giveway or uncontrolled,6,0,None within 50 metres,No physical crossing within 50 meters,Daylight: Street light present,Fine without high winds,Dry,None,None,1,No,E01002894,2005
586,200501BS70619,524780.0,181360.0,-0.203023,51.517335,1,3,2,2,30/10/2005,1,15:29,12,E09000020,4,412,Single carriageway,30,Giveway or uncontrolled,6,0,None within 50 metres,No physical crossing within 50 meters,Daylight: Street light present,Fine without high winds,Dry,None,None,1,Yes,E01002830,2005
587,200501BS70620,524800.0,180300.0,-0.20311,51.507804,1,3,1,2,02/11/2005,4,15:50,12,E09000020,3,402,Dual carriageway,30,Automatic traffic signal,4,450,None within 50 metres,Pedestrian phase at traffic signal junction,Daylight: Street light present,Raining without high winds,Wet/Damp,None,None,1,Yes,E01002871,2005
588,200501BS70621,523420.0,181190.0,-0.222674,51.516106,1,3,3,1,07/11/2005,2,09:40,12,E09000020,6,0,Single carriageway,30,Giveway or uncontrolled,6,0,None within 50 metres,No physical crossing within 50 meters,Daylight: Street light present,Fine without high winds,Dry,None,None,1,Yes,E01002877,2005
589,200501BS70622,526140.0,178890.0,-0.184316,51.494835,1,3,1,1,27/10/2005,5,17:48,12,E09000020,3,4,Single carriageway,30,None,-1,0,None within 50 metres,No physical crossing within 50 meters,Darkness: Street lights present and lit,Fine without high winds,Dry,None,None,1,Yes,E01002835,2005
590,200501BS70623,528030.0,178500.0,-0.157246,51.490905,1,3,1,1,15/10/2005,7,14:54,12,E09000020,3,3216,Single carriageway,30,None,-1,0,None within 50 metres,No physical crossing within 50 meters,Daylight: Street light present,Fine without high winds,Dry,None,None,1,No,E01002902,2005
591,200501BS70624,527130.0,179080.0,-0.169994,51.496321,1,3,2,1,15/10/2005,7,11:50,12,E09000020,3,4,Single carriageway,30,Giveway or uncontrolled,6,0,None within 50 metres,No physical crossing within 50 meters,Daylight: Street light present,Fine without high winds,Dry,None,None,1,Yes,E01002821,2005
592,200501BS70625,524600.0,179030.0,-0.206439,51.496434,1,3,2,1,01/11/2005,3,19:03,12,E09000020,3,315,Single carriageway,30,None,-1,0,None within 50 metres,Pedestrian phase at traffic signal junction,Darkness: Street lights present and lit,Raining without high winds,Wet/Damp,None,None,1,Yes,E01002867,2005
593,200501BS70626,526730.0,177720.0,-0.176241,51.484188,1,3,1,1,28/10/2005,6,13:55,12,E09000020,3,3217,Single carriageway,30,None,-1,0,None within 50 metres,No physical crossing within 50 meters,Daylight: Street light present,Fine without high winds,Dry,None,None,1,Yes,E01002845,2005
594,200501BS70627,525180.0,180870.0,-0.197435,51.512843,1,3,1,1,20/10/2005,5,13:20,12,E09000020,3,4206,Single carriageway,30,None,-1,0,None within 50 metres,No physical crossing within 50 meters,Daylight: Street light present,Fine without high winds,Dry,None,None,1,Yes,E01002886,2005
595,200501BS70628,526030.0,178870.0,-0.185907,51.49468,1,3,2,1,02/11/2005,4,20:45,12,E09000020,3,4,Single carriageway,30,Automatic traffic signal,6,0,None within 50 metres,Pedestrian phase at traffic signal junction,Darkness: Street lights present and lit,Raining without high winds,Wet/Damp,None,None,1,Yes,E01002835,2005
596,200501BS70629,524090.0,181210.0,-0.213016,51.516139,1,2,1,1,26/10/2005,4,09:56,12,E09000020,6,0,Single carriageway,30,None,-1,0,None within 50 metres,No physical crossing within 50 meters,Daylight: Street light present,Fine without high winds,Dry,None,None,1,Yes,E01002878,2005
597,200501BS70630,527240.0,179160.0,-0.168381,51.497015,1,2,2,2,28/10/2005,6,08:00,12,E09000020,3,4,Single carriageway,30,Giveway or uncontrolled,6,0,None within 50 metres,No physical crossing within 50 meters,Daylight: Street light present,Raining without high winds,Wet/Damp,None,None,1,Yes,E01002819,2005
598,200501BS70631,525720.0,178850.0,-0.190377,51.494569,1,3,1,1,27/10/2005,5,16:12,12,E09000020,3,4,Dual carriageway,30,None,-1,0,None within 50 metres,Pedestrian phase at traffic signal junction,Daylight: Street light present,Fine without high winds,Dry,None,None,1,Yes,E01002839,2005
599,200501BS70632,527520.0,179400.0,-0.164263,51.499109,1,2,2,1,21/10/2005,6,18:23,12,E09000020,3,4,Single carriageway,30,Giveway or uncontrolled,6,0,None within 50 metres,No physical crossing within 50 meters,Darkness: Street lights present and lit,Fine without high winds,Dry,None,None,1,Yes,E01002819,2005
600,200501BS70633,526820.0,178990.0,-0.17449,51.495582,1,3,2,1,06/11/2005,1,18:40,12,E09000020,3,4,Dual carriageway,30,None,-1,0,None within 50 metres,No physical crossing within 50 meters,Darkness: Street lights present and lit,Raining without high winds,Wet/Damp,None,None,1,Yes,E01002821,2005
601,200501BS70634,527390.0,179290.0,-0.166175,51.49815,1,3,2,1,04/11/2005,6,10:07,12,E09000020,3,4,Single carriageway,30,Automatic traffic signal,4,319,None within 50 metres,No physical crossing within 50 meters,Daylight: Street light present,Fine without high winds,Dry,None,None,1,Yes,E01002819,2005
602,200501BS70635,528540.0,177940.0,-0.150108,51.485757,1,3,2,1,26/10/2005,4,10:50,12,E09000020,3,3216,Single carriageway,30,Automatic traffic signal,3,3212,None within 50 metres,No physical crossing within 50 meters,Daylight: Street light present,Fine without high winds,Dry,None,None,1,Yes,E01002901,2005
603,200501BS70637,526180.0,177330.0,-0.184297,51.480806,1,3,2,1,02/11/2005,4,08:18,12,E09000020,3,308,Single carriageway,30,Giveway or uncontrolled,6,0,None within 50 metres,Zebra crossing,Daylight: Street light present,Fine without high winds,Dry,None,None,1,Yes,E01002913,2005
604,200501BS70638,527470.0,179230.0,-0.165044,51.497592,1,2,3,1,02/11/2005,4,11:00,12,E09000020,4,319,Single carriageway,30,None,-1,0,None within 50 metres,No physical crossing within 50 meters,Daylight: Street light present,Raining without high winds,Wet/Damp,None,None,1,Yes,E01002818,2005
605,200501BS70640,524960.0,180380.0,-0.200778,51.508488,1,2,2,1,06/11/2005,1,00:50,12,E09000020,3,402,Single carriageway,30,Giveway or uncontrolled,6,0,None within 50 metres,Zebra crossing,Darkness: Street lights present and lit,Fine without high winds,Dry,None,Other object in carriageway,1,Yes,E01002883,2005
606,200501BS70641,525420.0,180490.0,-0.194114,51.509374,1,3,1,1,07/11/2005,2,09:20,12,E09000020,3,4204,Single carriageway,30,Automatic traffic signal,3,402,None within 50 metres,Pedestrian phase at traffic signal junction,Daylight: Street light present,Fine without high winds,Dry,None,None,1,Yes,E01002827,2005
607,200501BS70642,526660.0,178180.0,-0.177084,51.488338,1,3,1,1,07/11/2005,2,17:50,12,E09000020,3,308,Single carriageway,30,Giveway or uncontrolled,6,0,None within 50 metres,Zebra crossing,Darkness: Street lights present and lit,Fine without high winds,Dry,None,None,1,Yes,E01002910,2005
608,200501BS70643,527300.0,179210.0,-0.167499,51.497451,1,3,2,1,02/11/2005,4,07:10,12,E09000020,3,4,Single carriageway,30,Giveway or uncontrolled,6,0,None within 50 metres,No physical crossing within 50 meters,Daylight: Street light present,Raining without high winds,Wet/Damp,None,None,1,Yes,E01002819,2005
609,200501BS70644,524950.0,179250.0,-0.201322,51.498334,1,3,2,1,12/11/2005,7,16:05,12,E09000020,3,315,Single carriageway,30,Giveway or uncontrolled,6,0,None within 50 metres,No physical crossing within 50 meters,Daylight: Street light present,Fine without high winds,Dry,None,None,1,No,E01002864,2005
610,200501BS70645,525800.0,178610.0,-0.189311,51.492394,1,3,2,1,02/11/2005,4,01:00,12,E09000020,6,0,Single carriageway,30,Giveway or uncontrolled,6,0,None within 50 metres,No physical crossing within 50 meters,Darkness: Street lights present and lit,Raining without high winds,Wet/Damp,None,None,1,Yes,E01002834,2005
611,200501BS70646,525130.0,179320.0,-0.198705,51.498924,1,3,1,1,02/11/2005,4,17:00,12,E09000020,3,315,Single carriageway,30,Automatic traffic signal,4,316,None within 50 metres,Pedestrian phase at traffic signal junction,Darkness: Street lights present and lit,Fine without high winds,Dry,None,None,1,Yes,E01002817,2005
612,200501BS70647,524890.0,180990.0,-0.20157,51.513985,1,2,2,1,04/11/2005,6,13:16,12,E09000020,5,0,Single carriageway,30,Giveway or uncontrolled,6,0,None within 50 metres,No physical crossing within 50 meters,Daylight: Street light present,Fine without high winds,Dry,None,None,1,Yes,E01002832,2005
613,200501BS70648,527980.0,178700.0,-0.157893,51.492714,1,2,1,1,09/11/2005,4,13:08,12,E09000020,3,3216,Single carriageway,30,Giveway or uncontrolled,3,3217,None within 50 metres,Zebra crossing,Daylight: Street light present,Fine without high winds,Dry,None,None,1,Yes,E01002859,2005
614,200501BS70649,524810.0,180310.0,-0.202963,51.507892,1,3,2,1,09/11/2005,4,15:24,12,E09000020,3,402,Single carriageway,30,Giveway or uncontrolled,4,450,None within 50 metres,No physical crossing within 50 meters,Daylight: Street light present,Fine without high winds,Dry,None,None,1,Yes,E01002883,2005
615,200501BS70650,525410.0,180520.0,-0.194247,51.509646,1,3,2,1,07/11/2005,2,16:35,12,E09000020,3,402,Single carriageway,30,Automatic traffic signal,3,402,None within 50 metres,No physical crossing within 50 meters,Darkness: Street lights present and lit,Fine without high winds,Dry,None,None,1,Yes,E01002884,2005
616,200501BS70651,525590.0,178180.0,-0.192487,51.488576,1,3,2,1,07/11/2005,2,18:10,12,E09000020,3,3218,Single carriageway,30,Automatic traffic signal,3,3220,None within 50 metres,Pedestrian phase at traffic signal junction,Darkness: Street lights present and lit,Fine without high winds,Dry,None,None,1,Yes,E01002894,2005
617,200501BS70652,527080.0,177550.0,-0.171264,51.482582,1,3,2,1,03/11/2005,5,08:22,12,E09000020,3,3212,Single carriageway,30,Giveway or uncontrolled,5,0,None within 50 metres,No physical crossing within 50 meters,Daylight: Street light present,Fine with high winds,Wet/Damp,None,Other object in carriageway,1,Yes,E01002844,2005
618,200501BS70653,524440.0,180230.0,-0.20832,51.507254,1,3,2,2,04/11/2005,6,22:40,12,E09000020,6,0,Single carriageway,30,Giveway or uncontrolled,6,0,None within 50 metres,No physical crossing within 50 meters,Darkness: Street lights present and lit,Fine without high winds,Dry,None,Other object in carriageway,1,Yes,E01002871,2005
619,200501BS70654,526620.0,178790.0,-0.177441,51.493829,1,3,2,1,12/11/2005,7,19:24,12,E09000020,5,0,Single carriageway,30,Automatic traffic signal,6,0,None within 50 metres,No physical crossing within 50 meters,Darkness: Street lights present and lit,Fine without high winds,Dry,None,None,1,Yes,E01002820,2005
620,200501BS70655,524930.0,181420.0,-0.200841,51.517841,1,3,2,1,12/10/2005,4,21:35,1,E09000033,6,0,Single carriageway,30,Giveway or uncontrolled,4,412,None within 50 metres,No physical crossing within 50 meters,Darkness: Street lights present and lit,Raining without high winds,Wet/Damp,None,None,1,No,E01004760,2005
621,200501BS70656,527420.0,179320.0,-0.165732,51.498412,1,3,2,1,08/11/2005,3,09:53,12,E09000020,3,4,Single carriageway,30,Giveway or uncontrolled,6,0,None within 50 metres,No physical crossing within 50 meters,Daylight: Street light present,Fine without high winds,Dry,None,None,1,Yes,E01002819,2005
622,200501BS70657,524270.0,182310.0,-0.210035,51.525985,1,3,2,1,02/11/2005,4,19:44,12,E09000020,5,0,Single carriageway,30,Giveway or uncontrolled,6,0,None within 50 metres,No physical crossing within 50 meters,Darkness: Street lights present and lit,Raining without high winds,Wet/Damp,None,None,1,Yes,E01002852,2005
623,200501BS70658,528490.0,178010.0,-0.150802,51.486398,1,3,2,1,07/11/2005,2,16:14,12,E09000020,3,3216,Single carriageway,30,Giveway or uncontrolled,6,0,None within 50 metres,No physical crossing within 50 meters,Darkness: Street lights present and lit,Fine without high winds,Dry,None,None,1,No,E01004664,2005
624,200501BS70659,527340.0,177670.0,-0.167479,51.483602,1,3,2,1,10/11/2005,5,10:00,12,E09000020,4,304,Single carriageway,30,Automatic traffic signal,3,3212,None within 50 metres,Pedestrian phase at traffic signal junction,Daylight: Street light present,Fine without high winds,Dry,None,None,1,No,E01002844,2005
625,200501BS70660,526660.0,178180.0,-0.177084,51.488338,1,3,2,1,04/11/2005,6,14:20,12,E09000020,3,308,Single carriageway,30,Giveway or uncontrolled,6,0,None within 50 metres,Zebra crossing,Daylight: Street light present,Fine without high winds,Dry,None,None,1,Yes,E01002910,2005
626,200501BS70661,525470.0,179590.0,-0.193714,51.501275,1,2,1,2,07/11/2005,2,09:50,12,E09000020,5,0,Single carriageway,30,Giveway or uncontrolled,6,0,None within 50 metres,Zebra crossing,Daylight: Street light present,Fine without high winds,Dry,None,None,1,Yes,E01002825,2005
627,200501BS70662,527520.0,179420.0,-0.164256,51.499289,1,3,2,1,08/11/2005,3,18:20,12,E09000020,3,4,Single carriageway,30,None,-1,0,None within 50 metres,No physical crossing within 50 meters,Darkness: Street lights present and lit,Fine without high winds,Dry,None,None,1,Yes,E01002819,2005
628,200501BS70663,527020.0,177530.0,-0.172135,51.482416,1,3,1,1,08/11/2005,3,16:16,12,E09000020,3,3212,Single carriageway,30,Giveway or uncontrolled,6,0,None within 50 metres,No physical crossing within 50 meters,Darkness: Street lights present and lit,Fine without high winds,Dry,None,None,1,Yes,E01002845,2005
629,200501BS70664,528530.0,177930.0,-0.150255,51.48567,1,3,2,1,10/11/2005,5,14:10,12,E09000020,3,3212,Single carriageway,30,Giveway or uncontrolled,3,3216,None within 50 metres,No physical crossing within 50 meters,Daylight: Street light present,Fine without high winds,Dry,None,None,1,No,E01002901,2005
630,200501BS70666,524450.0,181600.0,-0.207692,51.519565,1,3,1,1,27/10/2005,5,12:06,12,E09000020,6,0,Single carriageway,30,Giveway or uncontrolled,6,0,None within 50 metres,No physical crossing within 50 meters,Daylight: Street light present,Fine without high winds,Dry,None,None,1,Yes,E01002856,2005
631,200501BS70667,524780.0,180290.0,-0.203402,51.507719,1,3,2,1,15/11/2005,3,17:04,12,E09000020,3,402,Single carriageway,30,Automatic traffic signal,4,450,None within 50 metres,Pedestrian phase at traffic signal junction,Daylight: Street light present,Fine without high winds,Dry,None,None,1,Yes,E01002828,2005
632,200501BS70668,525400.0,179210.0,-0.194856,51.497875,1,3,2,2,19/11/2005,7,13:10,12,E09000020,6,0,Single carriageway,30,Giveway or uncontrolled,6,0,None within 50 metres,No physical crossing within 50 meters,Daylight: Street light present,Fine without high winds,Dry,None,None,1,No,E01002813,2005
633,200501BS70669,526690.0,177680.0,-0.176831,51.483838,1,3,2,1,15/11/2005,3,12:01,12,E09000020,3,3217,Single carriageway,30,Giveway or uncontrolled,6,0,None within 50 metres,No physical crossing within 50 meters,Daylight: Street light present,Fine without high winds,Dry,None,None,1,Yes,E01002845,2005
634,200501BS70670,526040.0,177680.0,-0.186187,51.483983,1,3,2,1,11/11/2005,6,15:13,12,E09000020,3,3220,One way street,30,Automatic traffic signal,6,0,None within 50 metres,Pedestrian phase at traffic signal junction,Daylight: Street light present,Fine without high winds,Dry,None,None,1,Yes,E01002897,2005
635,200501BS70671,523770.0,181070.0,-0.217674,51.514951,1,3,2,2,06/11/2005,1,10:43,12,E09000020,6,0,Single carriageway,30,Giveway or uncontrolled,6,0,None within 50 metres,No physical crossing within 50 meters,Daylight: Street light present,Raining without high winds,Wet/Damp,None,None,1,Yes,E01002880,2005
636,200501BS70672,523850.0,179960.0,-0.216911,51.504957,1,3,2,1,21/11/2005,2,18:25,11,E09000013,3,3220,Dual carriageway,50,Automatic traffic signal,3,402,None within 50 metres,No physical crossing within 50 meters,Darkness: Street lights present and lit,Raining without high winds,Wet/Damp,Road surface defective,None,1,Yes,E01002873,2005
637,200501BS70673,528530.0,177930.0,-0.150255,51.48567,1,2,1,1,16/11/2005,4,23:40,12,E09000020,3,3212,Single carriageway,30,Automatic traffic signal,3,3216,None within 50 metres,Pedestrian phase at traffic signal junction,Darkness: Street lights present and lit,Fine without high winds,Dry,None,None,1,Yes,E01002901,2005
638,200501BS70674,523900.0,182330.0,-0.215359,51.526246,1,3,2,1,18/11/2005,6,09:10,12,E09000020,4,450,Single carriageway,30,Giveway or uncontrolled,5,0,None within 50 metres,No physical crossing within 50 meters,Daylight: Street light present,Fine without high winds,Dry,None,None,1,Yes,E01002852,2005
639,200501BS70675,525580.0,178530.0,-0.192506,51.491724,1,3,2,1,09/11/2005,4,07:04,12,E09000020,3,3220,One way street,30,Giveway or uncontrolled,6,0,None within 50 metres,No physical crossing within 50 meters,Daylight: Street light present,Fine without high winds,Dry,None,None,1,Yes,E01002849,2005
640,200501BS70676,524950.0,179240.0,-0.201325,51.498244,1,3,2,1,11/11/2005,6,18:09,12,E09000020,3,315,Single carriageway,30,Giveway or uncontrolled,6,0,None within 50 metres,No physical crossing within 50 meters,Darkness: Street lights present and lit,Raining without high winds,Wet/Damp,None,None,1,Yes,E01002817,2005
641,200501BS70677,526340.0,177840.0,-0.181812,51.485354,1,2,1,1,11/11/2005,6,08:50,12,E09000020,3,308,Single carriageway,30,Giveway or uncontrolled,6,0,None within 50 metres,No physical crossing within 50 meters,Daylight: Street light present,Fine without high winds,Dry,None,None,1,Yes,E01002912,2005
642,200501BS70678,526280.0,178790.0,-0.182336,51.493905,1,3,1,1,18/11/2005,6,11:05,12,E09000020,5,0,Single carriageway,30,Giveway or uncontrolled,6,0,None within 50 metres,non-junction pedestrian crossing,Daylight: Street light present,Fine without high winds,Dry,None,None,1,Yes,E01002835,2005
643,200501BS70679,524300.0,180070.0,-0.210392,51.505847,1,3,2,2,13/11/2005,1,15:57,12,E09000020,3,402,Dual carriageway,30,Giveway or uncontrolled,6,0,None within 50 metres,No physical crossing within 50 meters,Darkness: Street lights present and lit,Fine without high winds,Dry,None,None,1,Yes,E01002869,2005
644,200501BS70680,527770.0,179690.0,-0.160559,51.501659,1,3,1,1,29/09/2005,5,12:20,1,E09000033,3,3216,Single carriageway,30,Automatic traffic signal,3,4,None within 50 metres,Pedestrian phase at traffic signal junction,Daylight: Street light present,Fine without high winds,Dry,None,None,1,No,E01004689,2005
645,200501BS70681,525380.0,180480.0,-0.194693,51.509293,1,3,2,1,20/11/2005,1,01:20,12,E09000020,3,402,Single carriageway,30,None,-1,0,None within 50 metres,No physical crossing within 50 meters,Darkness: Street lights present and lit,Fine without high winds,Dry,None,None,1,Yes,E01002827,2005
646,200501BS70683,526500.0,178530.0,-0.179262,51.491519,1,3,2,1,17/11/2005,5,10:45,12,E09000020,3,3218,Single carriageway,30,Giveway or uncontrolled,6,0,None within 50 metres,No physical crossing within 50 meters,Daylight: Street light present,Fine without high winds,Dry,None,None,1,No,E01002820,2005
647,200501BS70684,525010.0,181210.0,-0.199764,51.515936,1,3,1,2,11/11/2005,6,14:25,12,E09000020,6,0,One way street,30,Giveway or uncontrolled,6,0,None within 50 metres,No physical crossing within 50 meters,Daylight: Street light present,Fine without high winds,Dry,None,None,1,Yes,E01002829,2005
648,200501BS70685,524540.0,181260.0,-0.206516,51.516489,1,3,2,1,03/11/2005,5,18:20,12,E09000020,4,412,Single carriageway,30,Giveway or uncontrolled,6,0,None within 50 metres,No physical crossing within 50 meters,Daylight: Street light present,Fine without high winds,Dry,None,None,1,No,E01002831,2005
649,200501BS70687,525270.0,178780.0,-0.196881,51.49404,1,3,2,1,16/11/2005,4,20:05,12,E09000020,3,4,Dual carriageway,30,None,-1,0,None within 50 metres,No physical crossing within 50 meters,Darkness: Street lighting unknown,Fine with high winds,Dry,None,None,1,Yes,E01002815,2005
650,200501BS70688,525200.0,180480.0,-0.197286,51.509333,1,3,1,1,29/11/2005,3,10:25,12,E09000020,3,4206,Single carriageway,30,None,-1,0,None within 50 metres,non-junction pedestrian crossing,Daylight: Street light present,Fine without high winds,Dry,None,None,1,Yes,E01002884,2005
651,200501BS70689,526130.0,177640.0,-0.184906,51.483603,1,3,2,1,24/11/2005,5,18:30,12,E09000020,3,308,Single carriageway,30,Giveway or uncontrolled,6,0,None within 50 metres,No physical crossing within 50 meters,Darkness: Street lights present and lit,Raining without high winds,Wet/Damp,None,None,1,No,E01002912,2005
652,200501BS70690,526730.0,178780.0,-0.175861,51.493714,1,3,2,1,17/11/2005,5,12:08,12,E09000020,5,0,Single carriageway,30,None,-1,0,None within 50 metres,Pedestrian phase at traffic signal junction,Daylight: Street light present,Fine without high winds,Dry,None,None,1,Yes,E01002821,2005
653,200501BS70691,527290.0,179210.0,-0.167643,51.497453,1,2,2,1,27/11/2005,1,17:30,12,E09000020,3,4,Single carriageway,30,None,-1,0,None within 50 metres,No physical crossing within 50 meters,Darkness: Street lights present and lit,Fine without high winds,Dry,None,None,1,No,E01002819,2005
654,200501BS70692,526430.0,179430.0,-0.179947,51.499623,1,3,2,1,18/11/2005,6,13:01,12,E09000020,5,0,Single carriageway,30,Giveway or uncontrolled,5,0,None within 50 metres,No physical crossing within 50 meters,Daylight: Street light present,Fine without high winds,Dry,None,None,1,Yes,E01002891,2005
655,200501BS70693,526200.0,179200.0,-0.183341,51.497608,1,3,2,1,18/11/2005,6,10:10,12,E09000020,6,0,Single carriageway,30,Giveway or uncontrolled,6,0,None within 50 metres,No physical crossing within 50 meters,Daylight: Street light present,Fine without high winds,Dry,None,None,1,Yes,E01002887,2005
656,200501BS70694,523850.0,182470.0,-0.21603,51.527515,1,3,2,1,02/12/2005,6,09:15,1,E09000033,4,450,Single carriageway,30,Giveway or uncontrolled,3,404,None within 50 metres,No physical crossing within 50 meters,Daylight: Street light present,Fine without high winds,Dry,None,None,1,No,E01002852,2005
657,200501BS70697,525170.0,179350.0,-0.198119,51.499184,1,3,2,1,02/12/2005,6,11:20,12,E09000020,3,315,Single carriageway,30,None,-1,0,None within 50 metres,No physical crossing within 50 meters,Daylight: Street light present,Fine without high winds,Dry,None,None,1,No,E01002817,2005
658,200501BS70698,525590.0,178180.0,-0.192487,51.488576,1,3,2,1,23/11/2005,4,07:40,12,E09000020,3,3218,Single carriageway,30,Automatic traffic signal,3,3220,None within 50 metres,Pedestrian phase at traffic signal junction,Daylight: Street light present,Fine without high winds,Dry,None,None,1,Yes,E01002894,2005
659,200501BS70699,527450.0,177650.0,-0.165902,51.483397,1,3,1,1,21/10/2005,6,08:45,12,E09000020,3,3212,Single carriageway,30,None,-1,0,None within 50 metres,No physical crossing within 50 meters,Daylight: Street light present,Raining without high winds,Wet/Damp,None,None,1,Yes,E01002900,2005
660,200501BS70700,525760.0,180570.0,-0.189188,51.510018,1,3,2,1,23/11/2005,4,09:50,12,E09000020,3,402,Single carriageway,30,Giveway or uncontrolled,6,0,None within 50 metres,No physical crossing within 50 meters,Daylight: Street light present,Fine without high winds,Dry,None,None,1,Yes,E01002827,2005
661,200501BS70701,523960.0,179950.0,-0.215331,51.504843,1,3,1,1,19/11/2005,7,21:40,12,E09000020,3,402,Dual carriageway,30,Giveway or uncontrolled,5,0,Control by other authorised person,Footbridge or subway,Darkness: Street lights present and lit,Fine without high winds,Dry,None,None,1,Yes,E01002873,2005
662,200501BS70702,526080.0,177790.0,-0.185572,51.484962,1,3,2,1,13/11/2005,1,11:45,12,E09000020,3,3220,Single carriageway,30,Giveway or uncontrolled,6,0,None within 50 metres,Zebra crossing,Daylight: Street light present,Fine without high winds,Dry,None,None,1,Yes,E01002893,2005
663,200501BS70703,526240.0,177370.0,-0.183419,51.481152,1,3,1,1,22/11/2005,3,13:52,12,E09000020,3,3220,Single carriageway,30,Automatic traffic signal,3,308,None within 50 metres,No physical crossing within 50 meters,Daylight: Street light present,Fine without high winds,Dry,None,None,1,Yes,E01002913,2005
664,200501BS70704,527020.0,177520.0,-0.172139,51.482326,1,3,2,1,23/11/2005,4,09:35,12,E09000020,3,3212,Single carriageway,30,Giveway or uncontrolled,6,0,None within 50 metres,No physical crossing within 50 meters,Daylight: Street light present,Fine without high winds,Dry,None,None,1,Yes,E01002840,2005
665,200501BS70705,525350.0,178810.0,-0.195718,51.494291,1,3,1,2,02/12/2005,6,03:35,12,E09000020,3,4,Single carriageway,30,Automatic traffic signal,3,3220,None within 50 metres,Pedestrian phase at traffic signal junction,Darkness: Street lights present and lit,Raining without high winds,Wet/Damp,None,None,1,Yes,E01002851,2005
666,200501BS70708,525730.0,179690.0,-0.189934,51.502116,1,3,1,1,25/11/2005,6,13:07,12,E09000020,3,315,Single carriageway,30,Giveway or uncontrolled,6,0,None within 50 metres,non-junction pedestrian crossing,Daylight: Street light present,Fine without high winds,Dry,None,None,1,Yes,E01002889,2005
667,200501BS70709,527040.0,177960.0,-0.171693,51.486276,1,3,2,1,28/11/2005,2,15:25,12,E09000020,3,3217,Single carriageway,30,Giveway or uncontrolled,6,0,None within 50 metres,No physical crossing within 50 meters,Daylight: Street light present,Fine without high winds,Dry,None,None,1,No,E01002844,2005
668,200501BS70710,526090.0,177600.0,-0.185496,51.483253,1,3,2,1,22/10/2005,7,07:50,12,E09000020,3,304,Single carriageway,30,Automatic traffic signal,3,3220,None within 50 metres,Pedestrian phase at traffic signal junction,Daylight: Street light present,Fine without high winds,Dry,None,None,1,Yes,E01002912,2005
669,200501BS70712,527250.0,179160.0,-0.168237,51.497013,1,3,2,1,22/11/2005,3,06:30,12,E09000020,3,4,Single carriageway,30,Giveway or uncontrolled,6,0,None within 50 metres,non-junction pedestrian crossing,Darkness: Street lights present and lit,Fine without high winds,Dry,None,None,1,Yes,E01002819,2005
670,200501BS70713,525220.0,179380.0,-0.197388,51.499443,1,2,2,1,28/11/2005,2,19:45,12,E09000020,3,315,Single carriageway,30,Giveway or uncontrolled,6,0,None within 50 metres,non-junction pedestrian crossing,Darkness: Street lights present and lit,Fine without high winds,Dry,None,None,1,Yes,E01002817,2005
671,200501BS70714,527780.0,179160.0,-0.160606,51.496893,1,3,2,1,28/11/2005,2,13:00,12,E09000020,4,319,Single carriageway,30,Giveway or uncontrolled,6,0,None within 50 metres,No physical crossing within 50 meters,Daylight: Street light present,Fine without high winds,Dry,None,None,1,Yes,E01002863,2005
672,200501BS70715,528280.0,178730.0,-0.153564,51.492916,1,3,2,1,25/11/2005,6,08:30,1,E09000033,6,0,Single carriageway,30,Giveway or uncontrolled,6,0,None within 50 metres,No physical crossing within 50 meters,Daylight: Street light present,Fine without high winds,Dry,None,None,1,Yes,E01004687,2005
673,200501BS70716,528140.0,178340.0,-0.155721,51.489443,1,3,2,1,02/12/2005,6,12:09,12,E09000020,3,3216,Single carriageway,30,Giveway or uncontrolled,4,302,None within 50 metres,No physical crossing within 50 meters,Daylight: Street light present,Fine without high winds,Wet/Damp,None,None,1,Yes,E01002902,2005
674,200501BS70717,524950.0,179240.0,-0.201325,51.498244,1,3,2,1,11/08/2005,5,07:15,12,E09000020,3,315,Single carriageway,30,Giveway or uncontrolled,6,0,None within 50 metres,No physical crossing within 50 meters,Daylight: Street light present,Fine without high winds,Dry,None,None,1,Yes,E01002817,2005
675,200501BS70718,523680.0,177750.0,-0.220134,51.485132,1,3,1,1,21/12/2005,4,14:35,11,E09000013,3,219,Single carriageway,30,Giveway or uncontrolled,6,0,None within 50 metres,No physical crossing within 50 meters,Daylight: Street light present,Fine without high winds,Dry,None,None,1,No,E01001891,2005
676,200501BS70719,523530.0,181940.0,-0.220826,51.522822,1,3,2,1,01/12/2005,5,16:47,12,E09000020,5,0,Single carriageway,30,Stop Sign,6,0,None within 50 metres,No physical crossing within 50 meters,Darkness: Street lights present and lit,Raining without high winds,Wet/Damp,None,None,1,Yes,E01002906,2005
677,200501BS70721,523200.0,181610.0,-0.225696,51.519928,1,3,2,1,29/11/2005,3,18:30,12,E09000020,4,412,Single carriageway,30,Giveway or uncontrolled,6,0,None within 50 metres,No physical crossing within 50 meters,Darkness: Street lights present and lit,Fine without high winds,Dry,None,None,1,Yes,E01002908,2005
678,200501BS70722,527150.0,178020.0,-0.170087,51.48679,1,3,1,1,03/12/2005,7,01:45,12,E09000020,4,304,Single carriageway,30,Automatic traffic signal,3,3217,None within 50 metres,No physical crossing within 50 meters,Darkness: Street lights present and lit,Fine without high winds,Wet/Damp,None,None,1,Yes,E01002844,2005
679,200501BS70723,526170.0,179290.0,-0.183741,51.498423,1,3,2,1,07/12/2005,4,19:30,12,E09000020,4,325,Single carriageway,30,Giveway or uncontrolled,6,0,None within 50 metres,Zebra crossing,Darkness: Street lights present and lit,Raining without high winds,Wet/Damp,None,None,1,Yes,E01002890,2005
680,200501BS70724,524540.0,181380.0,-0.206474,51.517568,1,3,1,1,03/12/2005,7,13:00,12,E09000020,5,0,Single carriageway,30,Giveway or uncontrolled,6,0,None within 50 metres,No physical crossing within 50 meters,Daylight: Street light present,Fine without high winds,Dry,None,None,1,Yes,E01002831,2005
681,200501BS70725,527350.0,177650.0,-0.167342,51.48342,1,3,2,1,06/12/2005,3,15:10,12,E09000020,3,3212,Single carriageway,30,Automatic traffic signal,4,304,None within 50 metres,Pedestrian phase at traffic signal junction,Daylight: Street light present,Fine without high winds,Dry,None,None,1,No,E01002900,2005
682,200501BS70726,525720.0,179660.0,-0.190089,51.501848,1,3,2,1,08/12/2005,5,15:55,12,E09000020,6,0,Single carriageway,30,Giveway or uncontrolled,3,315,None within 50 metres,No physical crossing within 50 meters,Daylight: Street light present,Fine without high winds,Dry,None,None,1,Yes,E01002889,2005
683,200501BS70727,526210.0,178900.0,-0.183304,51.494909,1,2,2,1,12/12/2005,2,16:15,12,E09000020,3,4,Single carriageway,30,Automatic traffic signal,5,0,None within 50 metres,Pedestrian phase at traffic signal junction,Darkness: Street lights present and lit,Fine without high winds,Dry,None,None,1,Yes,E01002835,2005
684,200501BS70728,527700.0,178510.0,-0.161993,51.49107,1,3,2,1,10/12/2005,7,18:45,12,E09000020,6,0,Single carriageway,30,Giveway or uncontrolled,6,0,None within 50 metres,non-junction pedestrian crossing,Darkness: Street lights present and lit,Fine without high winds,Dry,None,None,1,No,E01002861,2005
685,200501BS70730,525010.0,178600.0,-0.200688,51.492479,1,3,2,1,07/12/2005,4,16:32,12,E09000020,3,4,Dual carriageway,30,Automatic traffic signal,3,3220,None within 50 metres,Pedestrian phase at traffic signal junction,Darkness: Street lights present and lit,Fine without high winds,Dry,None,None,1,Yes,E01002848,2005
686,200501BS70731,524240.0,180050.0,-0.211263,51.505681,1,2,1,1,03/12/2005,7,16:30,12,E09000020,3,402,Dual carriageway,40,None,-1,0,None within 50 metres,Pedestrian phase at traffic signal junction,Daylight: Street light present,Other,Wet/Damp,None,None,1,Yes,E01002869,2005
687,200501BS70732,526550.0,178570.0,-0.178527,51.491867,1,3,2,1,06/12/2005,3,10:24,12,E09000020,3,3218,Single carriageway,30,Automatic traffic signal,5,0,None within 50 metres,Pedestrian phase at traffic signal junction,Daylight: Street light present,Fine without high winds,Dry,None,None,1,Yes,E01002820,2005
688,200501BS70733,524610.0,179030.0,-0.206295,51.496432,1,3,2,1,05/12/2005,2,16:08,12,E09000020,3,315,Single carriageway,30,None,-1,0,None within 50 metres,Pedestrian phase at traffic signal junction,Darkness: Street lights present and lit,Raining without high winds,Wet/Damp,None,None,1,Yes,E01002814,2005
689,200501BS70734,526310.0,178720.0,-0.181929,51.493269,1,3,2,1,03/12/2005,7,05:15,12,E09000020,5,0,Single carriageway,30,Automatic traffic signal,5,0,None within 50 metres,Pedestrian phase at traffic signal junction,Darkness: Street lights present and lit,Fine without high winds,Dry,None,None,1,Yes,E01002835,2005
690,200501BS70735,528540.0,177940.0,-0.150108,51.485757,1,3,2,3,09/12/2005,6,22:08,12,E09000020,3,3212,Single carriageway,30,Automatic traffic signal,3,3216,None within 50 metres,Pedestrian phase at traffic signal junction,Darkness: Street lights present and lit,Fine without high winds,Dry,None,None,1,Yes,E01002901,2005
691,200501BS70736,525200.0,179170.0,-0.19775,51.49756,1,3,1,1,13/12/2005,3,23:36,12,E09000020,4,316,Dual carriageway,30,Stop Sign,6,0,None within 50 metres,Zebra crossing,Darkness: Street lights present and lit,Fine without high winds,Dry,None,None,1,Yes,E01002817,2005
692,200501BS70737,527800.0,177730.0,-0.160836,51.484037,1,3,2,1,13/12/2005,3,16:40,12,E09000020,3,3212,Dual carriageway,30,Giveway or uncontrolled,6,0,None within 50 metres,No physical crossing within 50 meters,Darkness: Street lights present and lit,Fine without high winds,Dry,None,None,1,Yes,E01002900,2005
693,200501BS70738,527090.0,177990.0,-0.170962,51.486534,1,3,1,1,16/12/2005,6,00:55,12,E09000020,3,3217,Single carriageway,30,Giveway or uncontrolled,6,0,None within 50 metres,No physical crossing within 50 meters,Darkness: Street lights present and lit,Fine without high winds,Dry,None,None,1,Yes,E01002844,2005
694,200501BS70739,525020.0,178590.0,-0.200547,51.492387,1,3,2,1,17/12/2005,7,07:10,12,E09000020,3,4,Dual carriageway,40,Giveway or uncontrolled,3,3220,None within 50 metres,No physical crossing within 50 meters,Darkness: Street lights present and lit,Fine without high winds,Dry,None,None,1,No,E01002848,2005
695,200501BS70740,524020.0,179970.0,-0.21446,51.50501,1,3,2,3,28/12/2005,4,21:30,12,E09000020,3,402,Single carriageway,30,None,-1,0,None within 50 metres,No physical crossing within 50 meters,Darkness: Street lights present and lit,Fine without high winds,Frost/Ice,None,None,1,Yes,E01002869,2005
696,200501BS70741,526230.0,177750.0,-0.183427,51.484569,1,3,2,1,18/12/2005,1,18:15,12,E09000020,3,308,Single carriageway,30,Giveway or uncontrolled,6,0,None within 50 metres,Zebra crossing,Darkness: Street lights present and lit,Fine without high winds,Dry,None,None,1,Yes,E01002896,2005
697,200501BS70742,524150.0,181700.0,-0.211979,51.520529,1,3,2,1,09/12/2005,6,11:05,12,E09000020,4,450,Single carriageway,30,Giveway or uncontrolled,6,0,None within 50 metres,No physical crossing within 50 meters,Daylight: Street light present,Fine without high winds,Dry,None,None,1,Yes,E01002909,2005
698,200501BS70743,527010.0,179000.0,-0.17175,51.495629,1,3,1,1,01/12/2005,5,01:47,12,E09000020,3,4,Single carriageway,30,Automatic traffic signal,3,3218,None within 50 metres,No physical crossing within 50 meters,Darkness: Street lights present and lit,Fine without high winds,Wet/Damp,None,None,1,Yes,E01002821,2005
699,200501BS70744,526120.0,177640.0,-0.18505,51.483605,1,3,2,1,18/12/2005,1,08:21,12,E09000020,3,308,Single carriageway,30,Giveway or uncontrolled,6,0,None within 50 metres,No physical crossing within 50 meters,Daylight: Street light present,Fine without high winds,Dry,None,None,1,Yes,E01002897,2005
700,200501BS70745,526140.0,178890.0,-0.184316,51.494835,1,3,1,1,09/12/2005,6,15:28,12,E09000020,3,4,Single carriageway,30,None,-1,0,None within 50 metres,No physical crossing within 50 meters,Daylight: Street light present,Fine without high winds,Dry,None,None,1,Yes,E01002835,2005
701,200501BS70747,527140.0,178030.0,-0.170228,51.486882,1,2,1,1,17/12/2005,7,01:07,12,E09000020,3,3217,Single carriageway,20,Automatic traffic signal,4,304,None within 50 metres,Pedestrian phase at traffic signal junction,Darkness: Street lights present and lit,Fine without high winds,Dry,None,None,1,Yes,E01002914,2005
702,200501BS70748,524060.0,179690.0,-0.213982,51.502485,1,3,2,2,17/12/2005,7,16:30,12,E09000020,3,3220,Single carriageway,30,Automatic traffic signal,5,0,None within 50 metres,Pedestrian phase at traffic signal junction,Darkness: Street lights present and lit,Fine without high winds,Dry,Auto traffic singal out,None,1,Yes,E01002866,2005
703,200501BS70749,524250.0,181440.0,-0.21063,51.518171,1,2,1,1,08/12/2005,5,11:05,12,E09000020,4,412,Single carriageway,30,Giveway or uncontrolled,4,450,None within 50 metres,Zebra crossing,Daylight: Street light present,Fine without high winds,Dry,None,None,1,Yes,E01002878,2005
704,200501BS70751,525040.0,180300.0,-0.199654,51.507751,1,3,2,1,25/11/2005,6,15:45,12,E09000020,5,0,Single carriageway,30,None,-1,0,None within 50 metres,No physical crossing within 50 meters,Daylight: Street light present,Fine without high winds,Dry,None,None,1,No,E01002828,2005
705,200501BS70752,526390.0,177380.0,-0.181257,51.481209,1,2,2,1,10/12/2005,7,11:29,12,E09000020,3,3220,One way street,30,None,-1,0,None within 50 metres,No physical crossing within 50 meters,Daylight: Street light present,Fine without high winds,Wet/Damp,None,None,1,Yes,E01002843,2005
706,200501BS70755,527000.0,178600.0,-0.172038,51.492036,1,2,1,1,16/12/2005,6,16:20,12,E09000020,4,304,Single carriageway,30,None,-1,0,None within 50 metres,No physical crossing within 50 meters,Darkness: Street lights present and lit,Fine without high winds,Dry,None,None,1,Yes,E01002822,2005
707,200501BS70756,527940.0,178930.0,-0.158386,51.49479,1,3,1,1,09/12/2005,6,18:14,12,E09000020,3,3216,Single carriageway,30,None,-1,0,None within 50 metres,No physical crossing within 50 meters,Darkness: Street lights present and lit,Fine without high winds,Dry,None,None,1,Yes,E01002863,2005
708,200501BS70757,526440.0,179340.0,-0.179835,51.498812,1,3,2,1,14/12/2005,4,16:16,12,E09000020,5,0,Single carriageway,30,Giveway or uncontrolled,6,0,None within 50 metres,No physical crossing within 50 meters,Darkness: Street lights present and lit,Fine without high winds,Dry,None,None,1,Yes,E01002891,2005
709,200501BS70758,524630.0,180640.0,-0.205439,51.510897,1,3,1,1,19/12/2005,2,17:10,12,E09000020,4,450,Single carriageway,30,Giveway or uncontrolled,6,0,None within 50 metres,Zebra crossing,Darkness: Street lights present and lit,Fine without high winds,Dry,None,None,1,Yes,E01002875,2005
710,200501BS70759,523470.0,181880.0,-0.221712,51.522296,1,3,2,1,21/12/2005,4,18:45,12,E09000020,5,0,Single carriageway,30,None,-1,0,None within 50 metres,Zebra crossing,Darkness: Street lights present and lit,Fine without high winds,Dry,None,None,1,Yes,E01002906,2005
711,200501BS70760,526610.0,177280.0,-0.178126,51.480261,1,3,2,1,28/12/2005,4,12:35,12,E09000020,3,3220,Single carriageway,30,None,-1,0,None within 50 metres,Pedestrian phase at traffic signal junction,Daylight: Street light present,Fine without high winds,Wet/Damp,None,None,1,Yes,E01002840,2005
712,200501BS70761,524390.0,180110.0,-0.209082,51.506187,1,2,1,1,23/12/2005,6,19:00,12,E09000020,3,402,Single carriageway,30,Giveway or uncontrolled,6,0,None within 50 metres,Zebra crossing,Darkness: Street lights present and lit,Fine without high winds,Dry,None,None,1,Yes,E01002871,2005
713,200501BS70762,525650.0,179690.0,-0.191086,51.502134,1,3,1,1,28/12/2005,4,14:20,12,E09000020,3,4204,Single carriageway,30,Automatic traffic signal,3,315,None within 50 metres,Pedestrian phase at traffic signal junction,Daylight: Street light present,Fine without high winds,Dry,None,None,1,Yes,E01002826,2005
714,200501BS70763,525080.0,180750.0,-0.198918,51.511786,1,2,2,1,30/11/2005,4,11:20,12,E09000020,6,0,Single carriageway,30,None,-1,0,None within 50 metres,No physical crossing within 50 meters,Daylight: Street light present,Fine without high winds,Dry,None,None,1,Yes,E01002884,2005
715,200501BS70764,526170.0,178680.0,-0.183959,51.492941,1,3,2,1,28/11/2005,2,17:15,12,E09000020,6,0,Single carriageway,30,Giveway or uncontrolled,6,0,None within 50 metres,No physical crossing within 50 meters,Darkness: Street lights present and lit,Fine without high winds,Dry,None,None,1,Yes,E01002836,2005
716,200501BS70765,525590.0,178180.0,-0.192487,51.488576,1,3,1,1,19/12/2005,2,14:57,12,E09000020,3,3218,Single carriageway,30,Automatic traffic signal,3,3220,None within 50 metres,Pedestrian phase at traffic signal junction,Daylight: Street light present,Fine without high winds,Dry,None,None,1,Yes,E01002894,2005
717,200501BS70766,525110.0,181330.0,-0.198281,51.516992,1,3,2,1,17/12/2005,7,11:29,1,E09000033,6,0,Single carriageway,30,Giveway or uncontrolled,6,0,None within 50 metres,No physical crossing within 50 meters,Daylight: Street light present,Fine without high winds,Dry,None,None,1,Yes,E01004653,2005
718,200501BS70767,525520.0,178590.0,-0.193349,51.492277,1,3,2,1,19/12/2005,2,17:15,12,E09000020,3,3220,Single carriageway,30,Automatic traffic signal,6,0,None within 50 metres,No physical crossing within 50 meters,Darkness: Street lights present and lit,Fine without high winds,Dry,None,None,1,Yes,E01002850,2005
719,200501BS70768,525180.0,180590.0,-0.197535,51.510326,1,3,1,1,17/12/2005,7,00:41,12,E09000020,3,4206,Single carriageway,30,None,-1,0,None within 50 metres,No physical crossing within 50 meters,Darkness: Street lights present and lit,Fine without high winds,Dry,None,None,1,Yes,E01002883,2005
720,200501BS70769,525010.0,178610.0,-0.200684,51.492569,1,3,1,2,15/12/2005,5,03:27,12,E09000020,3,4,Dual carriageway,30,Automatic traffic signal,3,3220,None within 50 metres,Pedestrian phase at traffic signal junction,Darkness: Street lights present and lit,Fine without high winds,Dry,None,None,1,Yes,E01002814,2005
721,200501BS70770,526440.0,179330.0,-0.179839,51.498722,1,3,2,2,29/12/2005,5,20:10,12,E09000020,5,0,Single carriageway,30,Giveway or uncontrolled,6,0,None within 50 metres,No physical crossing within 50 meters,Darkness: Street lights present and lit,Fine without high winds,Dry,None,None,1,Yes,E01002892,2005
722,200501BS70771,524190.0,180030.0,-0.21199,51.505512,1,3,2,1,30/12/2005,6,16:40,12,E09000020,3,402,Single carriageway,30,Automatic traffic signal,6,0,None within 50 metres,Pedestrian phase at traffic signal junction,Darkness: Street lights present and lit,Raining with high winds,Wet/Damp,None,None,1,Yes,E01002869,2005
723,200501BS70772,525410.0,180110.0,-0.194393,51.505962,1,3,1,1,30/12/2005,6,18:00,12,E09000020,3,4204,Single carriageway,30,Giveway or uncontrolled,6,0,None within 50 metres,Zebra crossing,Darkness: Street lights present and lit,Fog or mist,Wet/Damp,None,None,1,Yes,E01002825,2005
724,200501BS70773,526230.0,177300.0,-0.183588,51.480525,1,3,1,1,19/12/2005,2,09:20,12,E09000020,6,0,Single carriageway,30,None,-1,0,None within 50 metres,No physical crossing within 50 meters,Daylight: Street light present,Fine without high winds,Wet/Damp,None,None,1,Yes,E01002843,2005
725,200501BS70774,525550.0,180540.0,-0.192224,51.509795,1,3,2,1,20/12/2005,3,12:40,12,E09000020,3,402,Single carriageway,30,Giveway or uncontrolled,3,402,None within 50 metres,No physical crossing within 50 meters,Daylight: Street light present,Fine without high winds,Dry,None,None,1,Yes,E01002885,2005
726,200501BS70775,527980.0,179200.0,-0.157712,51.497208,1,3,2,1,29/12/2005,5,17:05,12,E09000020,4,319,Single carriageway,30,Automatic traffic signal,6,0,None within 50 metres,Pedestrian phase at traffic signal junction,Darkness: Street lights present and lit,Fine without high winds,Dry,None,None,1,Yes,E01002863,2005
727,200501BS70776,526130.0,177640.0,-0.184906,51.483603,1,3,1,1,19/12/2005,2,10:40,12,E09000020,6,0,Single carriageway,30,Giveway or uncontrolled,3,308,None within 50 metres,No physical crossing within 50 meters,Daylight: Street light present,Other,Dry,None,None,1,Yes,E01002912,2005
728,200501BS70777,524650.0,179040.0,-0.205715,51.496513,1,2,1,1,21/12/2005,4,21:25,12,E09000020,3,315,Single carriageway,30,Automatic traffic signal,3,3220,None within 50 metres,Pedestrian phase at traffic signal junction,Darkness: Street lights present and lit,Fine without high winds,Dry,None,None,1,Yes,E01002814,2005
729,200501BS70779,525010.0,178620.0,-0.200681,51.492659,1,3,2,1,20/12/2005,3,22:20,12,E09000020,3,4,Single carriageway,30,Giveway or uncontrolled,3,3220,None within 50 metres,Pedestrian phase at traffic signal junction,Darkness: Street lights present and lit,Fine without high winds,Dry,None,None,1,No,E01002814,2005
730,200501BS70780,523550.0,181120.0,-0.220826,51.515448,1,3,5,3,21/12/2005,4,06:44,12,E09000020,3,40,Dual carriageway,50,None,-1,0,None within 50 metres,No physical crossing within 50 meters,Darkness: Street lights present and lit,Fine without high winds,Dry,None,Other object in carriageway,1,Yes,E01002877,2005
731,200501BS70782,526370.0,178460.0,-0.181158,51.490919,1,3,2,1,17/11/2005,5,11:55,12,E09000020,3,3218,Single carriageway,30,Giveway or uncontrolled,6,0,None within 50 metres,No physical crossing within 50 meters,Daylight: Street light present,Fine without high winds,Dry,None,None,1,Yes,E01002837,2005
732,200501BS70783,525470.0,179600.0,-0.19371,51.501365,1,3,1,1,19/12/2005,2,10:05,12,E09000020,5,0,One way street,30,Automatic traffic signal,6,0,None within 50 metres,Pedestrian phase at traffic signal junction,Daylight: Street light present,Fine without high winds,Dry,None,None,1,Yes,E01002825,2005
733,200501BS70784,527240.0,178090.0,-0.168767,51.487399,1,2,2,1,23/12/2005,6,05:50,12,E09000020,3,3217,Single carriageway,30,Automatic traffic signal,4,304,None within 50 metres,No physical crossing within 50 meters,Daylight: Street light present,Fine without high winds,Dry,Auto traffic singal out,None,1,Yes,E01002914,2005
734,200501BS70785,527730.0,178610.0,-0.161525,51.491962,1,3,2,1,29/12/2005,5,13:20,12,E09000020,5,0,Single carriageway,30,Giveway or uncontrolled,6,0,None within 50 metres,No physical crossing within 50 meters,Daylight: Street light present,Fine without high winds,Dry,None,None,1,Yes,E01002859,2005
735,200501BS70786,526180.0,177330.0,-0.184297,51.480806,1,3,2,1,31/12/2005,7,21:29,12,E09000020,3,308,Single carriageway,30,Giveway or uncontrolled,6,0,None within 50 metres,Zebra crossing,Darkness: Street lights present and lit,Fine without high winds,Dry,None,None,1,Yes,E01002913,2005
736,200501BS70787,527740.0,178470.0,-0.161432,51.490701,1,3,1,1,27/12/2005,3,10:32,12,E09000020,3,3217,Single carriageway,30,Giveway or uncontrolled,6,0,None within 50 metres,No physical crossing within 50 meters,Daylight: Street light present,Snowing without high winds,Wet/Damp,None,None,1,Yes,E01002861,2005
737,200501BS70789,527910.0,177760.0,-0.159242,51.484282,1,3,3,1,27/12/2005,3,14:00,12,E09000020,3,3212,Single carriageway,30,Giveway or uncontrolled,6,0,None within 50 metres,Zebra crossing,Daylight: Street light present,Fine without high winds,Dry,None,None,1,No,E01002900,2005
738,200501BS70793,524240.0,179410.0,-0.211489,51.499929,1,3,2,1,12/12/2005,2,21:30,12,E09000020,6,0,Single carriageway,30,Giveway or uncontrolled,6,0,None within 50 metres,No physical crossing within 50 meters,Darkness: Street lights present and lit,Fine without high winds,Dry,None,None,1,No,E01002866,2005
739,200501BS79011,524290.0,181340.0,-0.210089,51.517263,1,2,1,1,12/12/2005,2,08:30,12,E09000020,4,450,Single carriageway,30,None,-1,0,None within 50 metres,No physical crossing within 50 meters,Daylight: Street light present,Fine without high winds,Dry,None,None,1,Yes,E01002831,2005
740,200501BS79054,527860.0,178570.0,-0.159668,51.491573,1,3,2,1,01/09/2005,5,17:15,12,E09000020,3,3217,Single carriageway,30,Giveway or uncontrolled,6,0,None within 50 metres,No physical crossing within 50 meters,Daylight: Street light present,Fine without high winds,Dry,None,None,1,No,E01002859,2005
741,200501BS79097,527010.0,179010.0,-0.171747,51.495719,1,2,2,1,06/12/2005,3,19:23,12,E09000020,3,3218,Dual carriageway,30,Giveway or uncontrolled,3,4,None within 50 metres,No physical crossing within 50 meters,Darkness: Street lights present and lit,Fine without high winds,Dry,None,None,1,Yes,E01002821,2005
742,200501CP00001,533230.0,181490.0,-0.08126,51.516575,48,3,2,1,01/01/2005,7,22:50,570,E09000001,3,10,Single carriageway,30,Automatic traffic signal,3,1211,None within 50 metres,Pedestrian phase at traffic signal junction,Darkness: Street lights present and lit,Fine without high winds,Dry,None,None,1,Yes,E01000004,2005
743,200501CP00002,533740.0,180550.0,-0.074271,51.508007,48,3,2,1,02/01/2005,1,20:50,570,E09000001,3,100,Single carriageway,30,None,-1,0,None within 50 metres,No physical crossing within 50 meters,Darkness: Street lights present and lit,Fine without high winds,Dry,None,None,1,Yes,E01004293,2005
744,200501CP00003,533230.0,181500.0,-0.081256,51.516665,48,3,3,1,02/01/2005,1,10:02,570,E09000001,3,10,Single carriageway,30,Automatic traffic signal,3,1211,None within 50 metres,Pedestrian phase at traffic signal junction,Daylight: Street light present,Fine without high winds,Dry,None,None,1,Yes,E01000004,2005
745,200501CP00004,531750.0,180830.0,-0.102824,51.510991,48,3,2,3,08/01/2005,7,02:45,570,E09000001,3,3211,One way street,30,Automatic traffic signal,3,3211,None within 50 metres,Pedestrian phase at traffic signal junction,Darkness: Street lights present and lit,Raining without high winds,Wet/Damp,None,None,1,Yes,E01000004,2005
746,200501CP00005,532930.0,181500.0,-0.085578,51.516735,48,3,1,1,04/01/2005,3,12:30,570,E09000001,3,1211,Dual carriageway,30,Automatic traffic signal,6,0,None within 50 metres,Pedestrian phase at traffic signal junction,Daylight: Street light present,Fine without high winds,Dry,None,None,1,Yes,E01000004,2005
747,200501CP00006,531390.0,181570.0,-0.107733,51.517725,48,2,2,1,07/01/2005,6,18:05,570,E09000001,3,40,Roundabout,30,Automatic traffic signal,4,521,None within 50 metres,Pedestrian phase at traffic signal junction,Darkness: Street lights present and lit,Fine without high winds,Dry,None,None,1,Yes,E01000004,2005
748,200501CP00008,531830.0,181810.0,-0.101306,51.519779,48,2,2,1,10/01/2005,2,10:00,570,E09000001,5,0,Single carriageway,30,None,-1,0,None within 50 metres,No physical crossing within 50 meters,Daylight: Street light present,Fine without high winds,Dry,None,None,1,No,E01002705,2005
749,200501CP00009,532140.0,181430.0,-0.096983,51.516292,48,2,2,1,10/01/2005,2,15:00,570,E09000001,3,1,One way street,30,Giveway or uncontrolled,6,0,None within 50 metres,non-junction pedestrian crossing,Daylight: Street light present,Raining without high winds,Wet/Damp,None,None,1,Yes,E01000001,2005
750,200501CP00010,532830.0,181520.0,-0.08701,51.516939,48,2,1,1,11/01/2005,3,11:59,570,E09000001,3,1211,Single carriageway,30,Automatic traffic signal,6,0,None within 50 metres,Pedestrian phase at traffic signal junction,Daylight: Street light present,Raining without high winds,Wet/Damp,None,None,1,Yes,E01000004,2005
751,200501CP00011,533630.0,180150.0,-0.076006,51.504439,48,3,3,1,18/01/2005,3,02:45,570,E09000001,3,100,Single carriageway,20,None,-1,0,None within 50 metres,No physical crossing within 50 meters,Darkness: Street lights present and lit,Raining without high winds,Wet/Damp,None,None,1,Yes,,2005
752,200501CP00012,533270.0,181570.0,-0.080654,51.517284,48,3,1,1,14/01/2005,6,14:22,570,E09000001,3,10,Single carriageway,30,None,-1,0,None within 50 metres,non-junction pedestrian crossing,Daylight: Street light present,Fine without high winds,Dry,None,None,1,Yes,E01000004,2005
753,200501CP00013,533090.0,181570.0,-0.083247,51.517327,48,3,1,1,15/01/2005,7,12:25,570,E09000001,5,0,Single carriageway,30,Giveway or uncontrolled,5,0,None within 50 metres,No physical crossing within 50 meters,Daylight: Street light present,Fine without high winds,Dry,None,None,1,Yes,E01000004,2005
754,200501CP00014,532650.0,181270.0,-0.089697,51.514734,48,3,2,1,19/01/2005,4,07:30,570,E09000001,5,0,Single carriageway,30,Automatic traffic signal,5,0,None within 50 metres,Pedestrian phase at traffic signal junction,Daylight: Street light present,Fine without high winds,Dry,None,None,1,Yes,E01000004,2005
755,200501CP00015,532860.0,180790.0,-0.086853,51.510371,48,3,2,1,22/01/2005,7,00:30,570,E09000001,3,3,Dual carriageway,30,Giveway or uncontrolled,3,3,None within 50 metres,No physical crossing within 50 meters,Darkness: Street lights present and lit,Fine without high winds,Dry,None,None,1,Yes,E01000004,2005
756,200501CP00016,531490.0,181370.0,-0.106368,51.515904,48,3,2,1,23/01/2005,1,14:35,570,E09000001,3,4208,Single carriageway,30,None,-1,0,None within 50 metres,Zebra crossing,Daylight: Street light present,Fine without high winds,Dry,None,None,1,Yes,E01000004,2005
757,200501CP00017,533060.0,180930.0,-0.08392,51.511583,48,2,1,1,28/01/2005,6,17:45,570,E09000001,6,0,Single carriageway,30,Giveway or uncontrolled,6,0,None within 50 metres,non-junction pedestrian crossing,Darkness: Street lights present and lit,Raining without high winds,Wet/Damp,None,None,1,Yes,E01000004,2005
758,200501CP00018,531390.0,180820.0,-0.108013,51.510984,48,2,1,1,01/02/2005,3,22:30,570,E09000001,3,3211,Dual carriageway,30,Automatic traffic signal,5,0,None within 50 metres,Pedestrian phase at traffic signal junction,Darkness: Street lights present and lit,Fine without high winds,Dry,None,None,1,Yes,E01000004,2005
759,200501CP00019,531400.0,181570.0,-0.107589,51.517722,48,3,2,1,07/02/2005,2,15:30,570,E09000001,3,40,Roundabout,30,Automatic traffic signal,4,500,None within 50 metres,Pedestrian phase at traffic signal junction,Daylight: Street light present,Fine without high winds,Dry,None,None,1,Yes,E01000004,2005
760,200501CP00020,532780.0,180760.0,-0.088017,51.510121,48,3,1,1,03/02/2005,5,04:52,570,E09000001,5,0,Single carriageway,30,None,-1,0,None within 50 metres,non-junction pedestrian crossing,Darkness: Street lights present and lit,Fine without high winds,Dry,None,None,1,Yes,E01000004,2005
761,200501CP00021,531640.0,181120.0,-0.1043,51.513622,48,3,2,1,20/01/2005,5,23:20,570,E09000001,3,201,Dual carriageway,30,Giveway or uncontrolled,6,0,None within 50 metres,non-junction pedestrian crossing,Darkness: Street lights present and lit,Raining without high winds,Wet/Damp,None,None,1,Yes,E01000004,2005
762,200501CP00022,533370.0,181120.0,-0.079384,51.513217,48,3,1,1,17/02/2005,5,16:00,570,E09000001,5,0,Dual carriageway,30,Giveway or uncontrolled,5,0,None within 50 metres,No physical crossing within 50 meters,Daylight: Street light present,Raining without high winds,Wet/Damp,Road surface defective,None,1,Yes,E01000004,2005
763,200501CP00023,533070.0,180920.0,-0.08378,51.51149,48,3,1,1,10/02/2005,5,18:50,570,E09000001,5,0,Single carriageway,30,Automatic traffic signal,5,0,None within 50 metres,Pedestrian phase at traffic signal junction,Darkness: Street lights present and lit,Raining without high winds,Wet/Damp,None,None,1,Yes,E01000004,2005
764,200501CP00024,532960.0,180950.0,-0.085353,51.511786,48,3,1,1,15/02/2005,3,08:25,570,E09000001,5,0,Single carriageway,30,Automatic traffic signal,3,10,None within 50 metres,Pedestrian phase at traffic signal junction,Daylight: Street light present,Fine without high winds,Dry,None,None,1,Yes,E01000004,2005
765,200501CP00025,533410.0,181270.0,-0.078751,51.514555,48,3,2,1,05/02/2005,7,16:20,570,E09000001,3,1211,One way street,30,Giveway or uncontrolled,6,0,None within 50 metres,non-junction pedestrian crossing,Daylight: Street light present,Fine without high winds,Dry,None,None,1,Yes,E01000004,2005
766,200501CP00026,532620.0,181120.0,-0.090186,51.513393,48,3,1,1,18/02/2005,6,21:00,570,E09000001,5,0,Single carriageway,30,Automatic traffic signal,5,0,None within 50 metres,Pedestrian phase at traffic signal junction,Darkness: Street lights present and lit,Fine without high winds,Dry,None,None,1,Yes,E01000004,2005
767,200501CP00027,531390.0,181550.0,-0.107741,51.517545,48,3,2,1,23/02/2005,4,13:05,570,E09000001,3,4,Single carriageway,30,Automatic traffic signal,3,40,None within 50 metres,Pedestrian phase at traffic signal junction,Daylight: Street light present,Fine without high winds,Dry,None,None,1,Yes,E01000004,2005
768,200501CP00028,532150.0,181220.0,-0.096917,51.514402,48,3,1,1,02/02/2005,4,08:30,570,E09000001,5,0,Dual carriageway,30,Automatic traffic signal,5,0,None within 50 metres,Pedestrian phase at traffic signal junction,Daylight: Street light present,Fine without high winds,Dry,None,None,1,Yes,E01000004,2005
769,200501CP00029,533090.0,181260.0,-0.083364,51.514541,48,3,1,1,17/02/2005,5,16:00,570,E09000001,3,10,Single carriageway,30,Automatic traffic signal,3,10,None within 50 metres,Pedestrian phase at traffic signal junction,Daylight: Street light present,Fine without high winds,Dry,None,None,1,No,E01000004,2005
770,200501CP00030,531560.0,181560.0,-0.105288,51.517595,48,3,2,1,02/02/2005,4,09:20,570,E09000001,3,201,Single carriageway,30,Giveway or uncontrolled,5,0,None within 50 metres,No physical crossing within 50 meters,Daylight: Street light present,Fine without high winds,Dry,None,None,1,Yes,E01000004,2005
771,200501CP00031,532980.0,180670.0,-0.08517,51.509265,48,3,2,1,25/02/2005,6,11:15,570,E09000001,3,3211,Dual carriageway,30,None,-1,0,None within 50 metres,No physical crossing within 50 meters,Daylight: Street light present,Snowing without high winds,Wet/Damp,None,None,1,Yes,E01000004,2005
772,200501CP00032,531890.0,181360.0,-0.10061,51.515721,48,3,2,1,15/02/2005,3,19:05,570,E09000001,3,40,Single carriageway,30,Giveway or uncontrolled,5,0,None within 50 metres,No physical crossing within 50 meters,Daylight: Street light present,Fine without high winds,Dry,None,None,1,Yes,E01000004,2005
773,200501CP00033,531280.0,181360.0,-0.109396,51.515863,48,2,1,1,28/02/2005,2,07:25,570,E09000001,5,0,One way street,30,Giveway or uncontrolled,5,0,None within 50 metres,No physical crossing within 50 meters,Daylight: Street light present,Fine without high winds,Dry,None,None,1,Yes,E01000004,2005
774,200501CP00034,532310.0,181190.0,-0.094624,51.514095,48,3,2,1,23/02/2005,4,11:40,570,E09000001,5,0,Single carriageway,30,Giveway or uncontrolled,5,0,None within 50 metres,No physical crossing within 50 meters,Daylight: Street light present,Fine without high winds,Dry,None,None,1,Yes,E01000004,2005
775,200501CP00035,533340.0,181740.0,-0.079581,51.518796,48,3,2,1,06/02/2005,1,15:10,570,E09000001,3,10,Dual carriageway,30,Giveway or uncontrolled,5,0,None within 50 metres,non-junction pedestrian crossing,Daylight: Street light present,Fine without high winds,Dry,None,None,1,Yes,E01000004,2005
776,200501CP00036,532120.0,181330.0,-0.097308,51.515398,48,2,2,1,03/03/2005,5,13:31,570,E09000001,3,40,One way street,30,None,-1,0,None within 50 metres,non-junction pedestrian crossing,Daylight: Street light present,Fine without high winds,Wet/Damp,None,None,1,Yes,E01000001,2005
777,200501CP00037,532460.0,181160.0,-0.092475,51.51379,48,3,2,1,05/03/2005,7,13:00,570,E09000001,5,0,Single carriageway,30,Automatic traffic signal,5,0,None within 50 metres,Pedestrian phase at traffic signal junction,Daylight: Street light present,Fine without high winds,Dry,None,None,1,Yes,E01000004,2005
778,200501CP00038,531390.0,181570.0,-0.107733,51.517725,48,3,2,1,12/03/2005,7,15:45,570,E09000001,3,40,Dual carriageway,30,Automatic traffic signal,4,521,None within 50 metres,Pedestrian phase at traffic signal junction,Daylight: Street light present,Fine without high winds,Dry,None,None,1,No,E01000004,2005
779,200501CP00039,532130.0,181370.0,-0.097149,51.515755,48,3,3,2,23/03/2005,4,10:05,570,E09000001,5,0,One way street,30,Giveway or uncontrolled,3,1,None within 50 metres,No physical crossing within 50 meters,Daylight: Street light present,Fine without high winds,Dry,None,None,1,Yes,E01000001,2005
780,200501CP00040,531390.0,181560.0,-0.107737,51.517635,48,2,2,4,07/03/2005,2,22:26,570,E09000001,3,40,Roundabout,30,Automatic traffic signal,3,4,None within 50 metres,Pedestrian phase at traffic signal junction,Darkness: Street lights present and lit,Raining without high winds,Wet/Damp,None,None,1,Yes,E01000004,2005
781,200501CP00041,532580.0,180930.0,-0.090833,51.511695,48,2,2,1,15/03/2005,3,15:15,570,E09000001,5,0,Single carriageway,30,Giveway or uncontrolled,5,0,None within 50 metres,No physical crossing within 50 meters,Daylight: Street light present,Fine without high winds,Dry,None,None,1,No,E01000004,2005
782,200501CP00043,532730.0,181110.0,-0.088605,51.513278,48,3,2,1,10/03/2005,5,21:15,570,E09000001,5,0,Single carriageway,30,Automatic traffic signal,5,0,None within 50 metres,Pedestrian phase at traffic signal junction,Darkness: Street lights present and lit,Fine without high winds,Dry,None,None,1,Yes,E01000004,2005
783,200501CP00044,533360.0,181850.0,-0.079252,51.519779,48,3,1,2,11/03/2005,6,18:00,570,E09000001,3,10,Single carriageway,30,None,-1,0,None within 50 metres,No physical crossing within 50 meters,Darkness: Street lights present but unlit,Fine without high winds,Dry,None,None,1,No,E01000004,2005
784,200501CP00045,533210.0,181420.0,-0.081575,51.515951,48,3,1,1,13/03/2005,1,10:41,570,E09000001,3,10,Dual carriageway,30,Automatic traffic signal,3,1211,None within 50 metres,Pedestrian phase at traffic signal junction,Daylight: Street light present,Fine without high winds,Dry,Roadworks,None,1,Yes,E01000004,2005
785,200501CP00046,533290.0,181610.0,-0.080351,51.517639,48,3,1,1,14/03/2005,2,17:00,570,E09000001,3,10,Single carriageway,30,None,-1,0,None within 50 metres,No physical crossing within 50 meters,Daylight: Street light present,Fine without high winds,Dry,None,None,1,Yes,E01000004,2005
786,200501CP00047,532890.0,181210.0,-0.086263,51.514139,48,3,1,1,15/03/2005,3,11:26,570,E09000001,5,0,Single carriageway,30,Automatic traffic signal,5,0,None within 50 metres,Pedestrian phase at traffic signal junction,Daylight: Street light present,Fine without high winds,Dry,None,None,1,Yes,E01000004,2005
787,200501CP00048,532970.0,180960.0,-0.085205,51.511873,48,3,1,1,17/03/2005,5,06:35,570,E09000001,3,10,Dual carriageway,30,Automatic traffic signal,5,0,None within 50 metres,Pedestrian phase at traffic signal junction,Daylight: Street light present,Fine without high winds,Dry,None,None,1,Yes,E01000004,2005
788,200501CP00049,532920.0,180680.0,-0.086031,51.509369,48,3,1,1,21/03/2005,2,08:30,570,E09000001,3,3211,Dual carriageway,30,None,-1,0,None within 50 metres,No physical crossing within 50 meters,Daylight: Street light present,Fine without high winds,Dry,None,None,1,No,E01000004,2005
789,200501CP00050,531860.0,180950.0,-0.101195,51.512043,48,3,1,1,29/03/2005,3,07:13,570,E09000001,5,0,Single carriageway,30,None,-1,0,None within 50 metres,non-junction pedestrian crossing,Daylight: Street light present,Fine without high winds,Dry,None,None,1,No,E01000004,2005
790,200501CP00051,531550.0,181170.0,-0.105578,51.514093,48,3,3,1,30/03/2005,4,09:45,570,E09000001,5,0,Single carriageway,30,None,-1,0,None within 50 metres,No physical crossing within 50 meters,Daylight: Street light present,Fine without high winds,Wet/Damp,None,None,1,No,E01000004,2005
791,200501CP00052,533250.0,181530.0,-0.080957,51.51693,48,3,1,2,30/03/2005,4,15:30,570,E09000001,3,10,Single carriageway,30,Automatic traffic signal,3,10,None within 50 metres,No physical crossing within 50 meters,Daylight: Street light present,Other,Wet/Damp,None,None,1,Yes,E01000004,2005
792,200501CP00053,532420.0,180820.0,-0.093179,51.510744,48,3,2,1,04/04/2005,2,19:30,570,E09000001,3,3211,Dual carriageway,30,Automatic traffic signal,3,300,None within 50 metres,Pedestrian phase at traffic signal junction,Daylight: Street light present,Fine without high winds,Dry,None,None,1,Yes,E01000004,2005
793,200501CP00054,532450.0,180970.0,-0.09269,51.512085,48,3,2,1,04/04/2005,2,07:15,570,E09000001,5,0,Single carriageway,30,Giveway or uncontrolled,5,0,None within 50 metres,No physical crossing within 50 meters,Daylight: Street light present,Fine without high winds,Dry,None,None,1,No,E01000004,2005
794,200501CP00055,533130.0,180650.0,-0.083018,51.50905,48,3,1,1,06/04/2005,4,17:15,570,E09000001,3,3211,Dual carriageway,30,None,-1,0,None within 50 metres,No physical crossing within 50 meters,Daylight: Street light present,Fine without high winds,Dry,None,None,1,Yes,E01000004,2005
795,200501CP00056,532240.0,180940.0,-0.095726,51.511865,48,3,1,1,06/04/2005,4,19:05,570,E09000001,5,0,One way street,30,Giveway or uncontrolled,5,0,None within 50 metres,Zebra crossing,Daylight: Street light present,Fine without high winds,Dry,None,None,1,Yes,E01000004,2005
796,200501CP00057,532090.0,182010.0,-0.097486,51.521516,48,2,2,1,01/04/2005,6,20:50,570,E09000001,3,1,Dual carriageway,30,Giveway or uncontrolled,5,0,None within 50 metres,No physical crossing within 50 meters,Darkness: Street lights present and lit,Fine without high winds,Dry,None,None,1,Yes,E01002705,2005
797,200501CP00058,532840.0,180770.0,-0.087149,51.510196,48,3,1,2,07/04/2005,5,18:00,570,E09000001,3,3,One way street,30,Giveway or uncontrolled,3,3,None within 50 metres,Central refuge,Daylight: Street light present,Other,Wet/Damp,None,None,1,Yes,E01000004,2005
798,200501CP00059,533250.0,180650.0,-0.081289,51.509022,48,3,2,1,07/04/2005,5,12:05,570,E09000001,3,3211,Dual carriageway,30,Giveway or uncontrolled,5,0,None within 50 metres,No physical crossing within 50 meters,Daylight: Street light present,Fine without high winds,Dry,None,None,1,Yes,E01000004,2005
799,200501CP00060,533400.0,181350.0,-0.078865,51.515277,48,3,3,1,11/04/2005,2,10:59,570,E09000001,3,1211,One way street,30,Giveway or uncontrolled,5,0,None within 50 metres,No physical crossing within 50 meters,Daylight: Street light present,Fine without high winds,Dry,None,None,1,Yes,E01000005,2005
800,200501CP00061,531650.0,180980.0,-0.104209,51.512362,48,3,2,1,12/04/2005,3,18:15,570,E09000001,3,201,Dual carriageway,30,None,-1,0,None within 50 metres,No physical crossing within 50 meters,Daylight: Street light present,Fine without high winds,Dry,None,None,1,Yes,E01000004,2005
801,200501CP00062,531810.0,180820.0,-0.101964,51.510887,48,3,2,1,15/04/2005,6,06:58,570,E09000001,3,3211,Dual carriageway,30,Giveway or uncontrolled,3,3211,None within 50 metres,Zebra crossing,Daylight: Street light present,Fine without high winds,Dry,None,None,1,Yes,E01000004,2005
802,200501CP00063,533670.0,181220.0,-0.075025,51.514045,48,3,1,1,16/04/2005,7,16:52,570,E09000001,3,11,Single carriageway,30,None,-1,0,None within 50 metres,No physical crossing within 50 meters,Daylight: Street light present,Fine without high winds,Dry,None,None,1,Yes,E01000005,2005
803,200501CP00064,532940.0,181280.0,-0.085516,51.514756,48,3,2,1,19/04/2005,3,14:30,570,E09000001,5,0,Single carriageway,30,Giveway or uncontrolled,5,0,None within 50 metres,No physical crossing within 50 meters,Daylight: Street light present,Fine without high winds,Wet/Damp,None,None,1,Yes,E01000004,2005
804,200501CP00065,531880.0,181180.0,-0.100821,51.514106,48,3,1,1,19/05/2005,5,16:55,570,E09000001,5,0,Single carriageway,30,None,-1,0,None within 50 metres,No physical crossing within 50 meters,Daylight: Street light present,Fine without high winds,Wet/Damp,None,None,1,No,E01000004,2005
805,200501CP00066,533130.0,181320.0,-0.082765,51.515071,48,3,2,1,20/04/2005,4,14:00,570,E09000001,3,10,Dual carriageway,30,None,-1,0,None within 50 metres,No physical crossing within 50 meters,Daylight: Street light present,Fine without high winds,Dry,None,None,1,No,E01000004,2005
806,200501CP00067,533100.0,181590.0,-0.083095,51.517504,48,3,2,1,19/03/2005,7,15:33,570,E09000001,5,0,One way street,30,Giveway or uncontrolled,5,0,None within 50 metres,Central refuge,Daylight: Street light present,Fine without high winds,Dry,None,None,1,Yes,E01000004,2005
807,200501CP00068,532900.0,181110.0,-0.086157,51.513238,48,3,1,1,21/04/2005,5,13:00,570,E09000001,5,0,Single carriageway,30,Giveway or uncontrolled,5,0,None within 50 metres,non-junction pedestrian crossing,Daylight: Street light present,Fine without high winds,Dry,None,None,1,Yes,E01000004,2005
808,200501CP00069,531720.0,181160.0,-0.103133,51.513963,48,3,2,2,22/04/2005,6,08:40,570,E09000001,5,0,Single carriageway,30,None,-1,0,None within 50 metres,No physical crossing within 50 meters,Daylight: Street light present,Fine without high winds,Dry,None,None,1,Yes,E01000004,2005
809,200501CP00070,532710.0,181110.0,-0.088893,51.513282,48,3,2,1,22/04/2005,6,06:50,570,E09000001,5,0,Single carriageway,30,Automatic traffic signal,5,0,None within 50 metres,Pedestrian phase at traffic signal junction,Daylight: Street light present,Fine without high winds,Dry,None,None,1,No,E01000004,2005
810,200501CP00071,532110.0,181290.0,-0.097467,51.51504,48,2,1,1,25/04/2005,2,13:30,570,E09000001,3,40,One way street,30,Automatic traffic signal,3,40,None within 50 metres,Pedestrian phase at traffic signal junction,Daylight: Street light present,Fine without high winds,Wet/Damp,None,None,1,Yes,E01000004,2005
811,200501CP00072,533070.0,181460.0,-0.083576,51.516343,48,3,1,1,28/04/2005,5,09:05,570,E09000001,3,1211,Dual carriageway,30,Automatic traffic signal,5,0,None within 50 metres,Pedestrian phase at traffic signal junction,Daylight: Street light present,Fine without high winds,Wet/Damp,Roadworks,None,1,Yes,E01000004,2005
812,200501CP00073,532220.0,180950.0,-0.09601,51.511959,48,3,1,1,29/04/2005,6,12:55,570,E09000001,5,0,Single carriageway,30,Giveway or uncontrolled,5,0,None within 50 metres,Zebra crossing,Daylight: Street light present,Fine without high winds,Dry,None,None,1,No,E01000004,2005
813,200501CP00074,533280.0,181590.0,-0.080502,51.517462,48,3,2,2,18/03/2005,6,13:45,570,E09000001,3,10,Single carriageway,30,Automatic traffic signal,6,0,None within 50 metres,Pedestrian phase at traffic signal junction,Daylight: Street light present,Fine without high winds,Dry,None,None,1,Yes,E01000004,2005
814,200501CP00075,532420.0,180820.0,-0.093179,51.510744,48,3,2,1,24/04/2005,1,09:55,570,E09000001,3,3211,Dual carriageway,30,Automatic traffic signal,3,300,None within 50 metres,Pedestrian phase at traffic signal junction,Daylight: Street light present,Fine without high winds,Dry,None,None,1,No,E01000004,2005
815,200501CP00076,531630.0,181160.0,-0.104429,51.513984,48,3,2,1,02/05/2005,2,14:45,570,E09000001,5,0,Single carriageway,30,Automatic traffic signal,3,201,None within 50 metres,Pedestrian phase at traffic signal junction,Daylight: Street light present,Fine without high winds,Wet/Damp,None,None,1,No,E01000004,2005
816,200501CP00077,532250.0,180950.0,-0.095578,51.511952,48,3,2,1,05/05/2005,5,15:40,570,E09000001,5,0,One way street,30,Giveway or uncontrolled,5,0,None within 50 metres,Zebra crossing,Daylight: Street light present,Fine without high winds,Dry,None,None,1,Yes,E01000004,2005
817,200501CP00078,532050.0,180930.0,-0.098466,51.511819,48,3,1,1,07/05/2005,7,16:17,570,E09000001,5,0,Single carriageway,30,None,-1,0,None within 50 metres,non-junction pedestrian crossing,Daylight: Street light present,Fine without high winds,Dry,None,None,1,Yes,E01000004,2005
818,200501CP00079,533300.0,181620.0,-0.080203,51.517727,48,3,1,1,09/05/2005,2,09:08,570,E09000001,3,10,Single carriageway,30,None,-1,0,None within 50 metres,non-junction pedestrian crossing,Daylight: Street light present,Fine without high winds,Dry,None,None,1,Yes,E01000004,2005
819,200501CP00080,531940.0,181340.0,-0.099897,51.515529,48,3,2,2,09/05/2005,2,12:26,570,E09000001,3,40,Single carriageway,30,None,-1,0,None within 50 metres,No physical crossing within 50 meters,Daylight: Street light present,Fine without high winds,Dry,None,None,1,Yes,E01000004,2005
820,200501CP00081,531640.0,180980.0,-0.104353,51.512364,48,3,2,1,11/05/2005,4,08:30,570,E09000001,3,201,Single carriageway,30,Giveway or uncontrolled,5,0,None within 50 metres,No physical crossing within 50 meters,Daylight: Street light present,Fine without high winds,Dry,None,None,1,Yes,E01000004,2005
821,200501CP00082,533260.0,180660.0,-0.081142,51.509109,48,3,2,1,12/05/2005,5,22:10,570,E09000001,3,3211,Dual carriageway,30,Giveway or uncontrolled,3,3211,None within 50 metres,non-junction pedestrian crossing,Darkness: Street lights present and lit,Fine without high winds,Dry,None,None,1,Yes,E01000004,2005
822,200501CP00083,533540.0,181240.0,-0.07689,51.514255,48,3,2,1,12/05/2005,5,08:50,570,E09000001,3,1211,Roundabout,30,Automatic traffic signal,3,11,None within 50 metres,Pedestrian phase at traffic signal junction,Daylight: Street light present,Fine without high winds,Dry,None,None,1,Yes,E01000005,2005
823,200501CP00084,533200.0,181430.0,-0.081715,51.516043,48,3,2,1,12/05/2005,5,09:00,570,E09000001,3,10,Single carriageway,30,Automatic traffic signal,3,1211,None within 50 metres,Pedestrian phase at traffic signal junction,Daylight: Street light present,Fine without high winds,Dry,None,None,1,No,E01000004,2005
824,200501CP00085,532120.0,181370.0,-0.097293,51.515757,48,1,2,2,18/05/2005,4,18:30,570,E09000001,3,1,One way street,30,Giveway or uncontrolled,5,0,None within 50 metres,No physical crossing within 50 meters,Daylight: Street light present,Fine without high winds,Dry,None,None,1,Yes,E01000001,2005
825,200501CP00086,533440.0,180700.0,-0.078534,51.509426,1,3,2,1,17/05/2005,3,18:45,5,E09000030,5,0,Single carriageway,30,Automatic traffic signal,3,3211,None within 50 metres,Pedestrian phase at traffic signal junction,Daylight: Street light present,Fine without high winds,Dry,None,None,1,No,E01004293,2005
826,200501CP00087,532800.0,180940.0,-0.087661,51.511733,48,3,3,1,19/05/2005,5,18:57,570,E09000001,5,0,Single carriageway,30,Giveway or uncontrolled,5,0,None within 50 metres,No physical crossing within 50 meters,Daylight: Street light present,Fine without high winds,Wet/Damp,None,None,1,Yes,E01000004,2005
827,200501CP00088,533150.0,180920.0,-0.082628,51.511471,48,3,1,1,19/05/2005,5,12:50,570,E09000001,5,0,Single carriageway,30,None,-1,0,None within 50 metres,No physical crossing within 50 meters,Daylight: Street light present,Fine without high winds,Dry,None,None,1,Yes,E01000004,2005
828,200501CP00089,532820.0,180570.0,-0.087512,51.508404,48,3,1,1,15/04/2005,6,16:50,570,E09000001,3,3,Dual carriageway,30,None,-1,0,None within 50 metres,No physical crossing within 50 meters,Daylight: Street light present,Raining without high winds,Wet/Damp,None,None,1,Yes,,2005
829,200501CP00090,532170.0,181220.0,-0.096629,51.514397,48,2,1,1,25/05/2005,4,14:00,570,E09000001,5,0,One way street,30,Automatic traffic signal,5,0,None within 50 metres,Pedestrian phase at traffic signal junction,Daylight: Street light present,Fine without high winds,Dry,None,None,1,Yes,E01000004,2005
830,200501CP00091,531170.0,181590.0,-0.110895,51.517955,48,3,1,1,20/05/2005,6,16:28,570,E09000001,3,40,Single carriageway,30,Giveway or uncontrolled,5,0,None within 50 metres,No physical crossing within 50 meters,Daylight: Street light present,Fine without high winds,Dry,None,None,1,Yes,E01000004,2005
831,200501CP00092,532770.0,180870.0,-0.088119,51.511111,48,3,2,1,24/05/2005,3,13:40,570,E09000001,5,0,Single carriageway,30,Giveway or uncontrolled,5,0,None within 50 metres,No physical crossing within 50 meters,Daylight: Street light present,Fine without high winds,Dry,None,None,1,Yes,E01000004,2005
832,200501CP00093,531340.0,181170.0,-0.108603,51.514141,48,3,1,1,25/05/2005,4,04:07,570,E09000001,5,0,Single carriageway,30,None,-1,0,None within 50 metres,No physical crossing within 50 meters,Darkness: Street lights present and lit,Fine without high winds,Dry,None,None,1,Yes,E01000004,2005
833,200501CP00095,533060.0,181240.0,-0.083803,51.514368,48,3,2,1,25/05/2005,4,07:50,570,E09000001,5,0,Single carriageway,30,Automatic traffic signal,3,10,None within 50 metres,Pedestrian phase at traffic signal junction,Daylight: Street light present,Fine without high winds,Dry,None,None,1,No,E01000004,2005
834,200501CP00096,532890.0,180830.0,-0.086406,51.510724,48,3,2,1,25/05/2005,4,17:50,570,E09000001,3,10,Dual carriageway,30,Automatic traffic signal,5,0,None within 50 metres,Pedestrian phase at traffic signal junction,Daylight: Street light present,Fine without high winds,Dry,None,None,1,Yes,E01000004,2005
835,200501CP00097,531810.0,181150.0,-0.101841,51.513852,48,3,1,1,26/05/2005,5,12:25,570,E09000001,5,0,Single carriageway,30,Giveway or uncontrolled,6,0,None within 50 metres,No physical crossing within 50 meters,Daylight: Street light present,Fine without high winds,Dry,None,None,1,No,E01000004,2005
836,200501CP00098,531650.0,180710.0,-0.104309,51.509935,48,3,2,1,31/05/2005,3,15:00,570,E09000001,3,201,One way street,30,None,-1,0,None within 50 metres,No physical crossing within 50 meters,Daylight: Street light present,Fine without high winds,Dry,None,None,1,Yes,,2005
837,200501CP00099,533060.0,181460.0,-0.08372,51.516345,48,3,2,1,31/05/2005,3,23:37,570,E09000001,3,1211,Dual carriageway,30,Automatic traffic signal,5,0,None within 50 metres,Pedestrian phase at traffic signal junction,Darkness: Street lights present and lit,Fine without high winds,Dry,None,None,1,Yes,E01000004,2005
838,200501CP00100,533100.0,181590.0,-0.083095,51.517504,48,3,1,1,11/05/2005,4,07:15,570,E09000001,5,0,Single carriageway,30,Giveway or uncontrolled,5,0,None within 50 metres,Zebra crossing,Daylight: Street light present,Fine without high winds,Dry,None,None,1,Yes,E01000004,2005
839,200501CP00101,533110.0,181600.0,-0.082947,51.517592,48,3,1,1,01/06/2005,4,08:45,570,E09000001,5,0,One way street,30,Giveway or uncontrolled,5,0,None within 50 metres,No physical crossing within 50 meters,Daylight: Street light present,Fine without high winds,Dry,None,None,1,Yes,E01000004,2005
840,200501CP00102,532190.0,181110.0,-0.096383,51.513404,48,2,1,1,01/06/2005,4,18:10,570,E09000001,5,0,Single carriageway,30,Automatic traffic signal,6,0,None within 50 metres,Pedestrian phase at traffic signal junction,Daylight: Street light present,Raining without high winds,Wet/Damp,None,None,1,Yes,E01000004,2005
841,200501CP00103,533720.0,181260.0,-0.07429,51.514392,48,3,1,1,04/06/2005,7,16:26,570,E09000001,3,11,Single carriageway,30,Giveway or uncontrolled,3,11,None within 50 metres,No physical crossing within 50 meters,Daylight: Street light present,Fine without high winds,Dry,None,None,1,Yes,E01000005,2005
842,200501CP00104,531640.0,181050.0,-0.104326,51.512993,48,3,2,1,06/06/2005,2,15:00,570,E09000001,3,201,Single carriageway,30,Automatic traffic signal,5,0,None within 50 metres,Pedestrian phase at traffic signal junction,Daylight: Street light present,Fine without high winds,Dry,None,None,1,Yes,E01000004,2005
843,200501CP00105,533060.0,181190.0,-0.083822,51.513919,48,3,2,1,07/06/2005,3,17:15,570,E09000001,3,10,Single carriageway,30,None,-1,0,None within 50 metres,No physical crossing within 50 meters,Daylight: Street light present,Fine without high winds,Dry,None,None,1,Yes,E01000004,2005
844,200501CP00106,532860.0,180780.0,-0.086857,51.510282,48,3,2,1,08/06/2005,4,23:45,570,E09000001,3,3,Dual carriageway,30,Giveway or uncontrolled,3,3,None within 50 metres,No physical crossing within 50 meters,Darkness: Street lights present and lit,Fine without high winds,Dry,None,None,1,Yes,E01000004,2005
845,200501CP00107,532400.0,180980.0,-0.093407,51.512187,48,2,1,2,09/06/2005,5,15:00,570,E09000001,5,0,Single carriageway,30,Automatic traffic signal,5,0,None within 50 metres,Pedestrian phase at traffic signal junction,Daylight: Street light present,Fine without high winds,Dry,None,None,1,Yes,E01000004,2005
846,200501CP00108,533670.0,180870.0,-0.075158,51.510899,48,3,1,1,04/06/2005,7,00:40,570,E09000001,3,1211,One way street,30,None,-1,0,None within 50 metres,non-junction pedestrian crossing,Darkness: Street lights present and lit,Fine without high winds,Dry,None,None,1,Yes,E01000005,2005
847,200501CP00109,531870.0,181370.0,-0.100894,51.515815,48,3,1,1,09/06/2005,5,17:50,570,E09000001,3,40,Single carriageway,30,None,-1,0,None within 50 metres,No physical crossing within 50 meters,Daylight: Street light present,Fine without high winds,Dry,None,None,1,Yes,E01000004,2005
848,200501CP00111,531630.0,180810.0,-0.10456,51.510839,48,3,2,1,11/06/2005,7,06:35,570,E09000001,3,201,Dual carriageway,30,Automatic traffic signal,3,3211,None within 50 metres,Pedestrian phase at traffic signal junction,Daylight: Street light present,Fine without high winds,Dry,None,None,1,Yes,E01000004,2005
849,200501CP00112,533020.0,181070.0,-0.084443,51.51285,48,3,2,1,11/06/2005,7,13:44,570,E09000001,3,10,Single carriageway,30,Giveway or uncontrolled,6,0,None within 50 metres,Pedestrian phase at traffic signal junction,Daylight: Street light present,Fine without high winds,Dry,None,None,1,Yes,E01000004,2005
850,200501CP00113,531760.0,180820.0,-0.102684,51.510898,48,3,1,4,13/06/2005,2,00:04,570,E09000001,3,3211,Dual carriageway,30,Automatic traffic signal,3,3211,None within 50 metres,Pedestrian phase at traffic signal junction,Darkness: Street lights present and lit,Fine without high winds,Dry,None,None,1,Yes,E01000004,2005
851,200501CP00114,531540.0,180990.0,-0.105789,51.512477,48,3,1,1,13/06/2005,2,17:20,570,E09000001,5,0,Single carriageway,30,Giveway or uncontrolled,5,0,None within 50 metres,No physical crossing within 50 meters,Daylight: Street light present,Fine without high winds,Dry,None,None,1,Yes,E01000004,2005
852,200501CP00115,533270.0,181420.0,-0.080711,51.515936,48,3,2,1,14/06/2005,3,17:10,570,E09000001,3,1211,Dual carriageway,30,Automatic traffic signal,3,1211,None within 50 metres,No physical crossing within 50 meters,Daylight: Street light present,Fine without high winds,Dry,Roadworks,None,1,Yes,E01000004,2005
853,200501CP00116,532760.0,180720.0,-0.08832,51.509766,48,3,2,2,14/06/2005,3,17:29,570,E09000001,3,3211,Dual carriageway,30,Automatic traffic signal,5,0,None within 50 metres,No physical crossing within 50 meters,Daylight: Street light present,Fine without high winds,Dry,None,None,1,Yes,E01000004,2005
854,200501CP00117,531630.0,181160.0,-0.104429,51.513984,48,3,1,1,15/06/2005,4,13:46,570,E09000001,3,201,Single carriageway,30,Automatic traffic signal,5,0,None within 50 metres,Pedestrian phase at traffic signal junction,Daylight: Street light present,Other,Wet/Damp,None,None,1,Yes,E01000004,2005
855,200501CP00118,531630.0,181170.0,-0.104426,51.514074,48,2,2,2,18/06/2005,7,08:00,570,E09000001,3,201,Single carriageway,30,Automatic traffic signal,5,0,None within 50 metres,Pedestrian phase at traffic signal junction,Daylight: Street light present,Fine without high winds,Dry,None,None,1,Yes,E01000004,2005
856,200501CP00119,533240.0,181140.0,-0.081248,51.513427,48,3,2,1,17/06/2005,6,13:15,570,E09000001,5,0,Single carriageway,30,None,-1,0,None within 50 metres,No physical crossing within 50 meters,Daylight: Street light present,Fine without high winds,Dry,None,None,1,Yes,E01000004,2005
857,200501CP00120,532870.0,180840.0,-0.08669,51.510818,48,3,2,1,09/05/2005,2,22:37,570,E09000001,5,0,Single carriageway,30,Automatic traffic signal,3,10,None within 50 metres,Pedestrian phase at traffic signal junction,Darkness: Street lights present and lit,Fine without high winds,Dry,None,None,1,No,E01000004,2005
858,200501CP00121,531080.0,180810.0,-0.112481,51.510967,1,3,2,1,20/06/2005,2,08:15,1,E09000033,3,3211,Single carriageway,30,None,-1,0,None within 50 metres,No physical crossing within 50 meters,Daylight: Street light present,Fine without high winds,Dry,None,None,1,No,E01004735,2005
859,200501CP00122,531580.0,181460.0,-0.105038,51.516692,48,3,2,1,20/06/2005,2,10:35,570,E09000001,3,201,Single carriageway,30,Giveway or uncontrolled,6,0,None within 50 metres,No physical crossing within 50 meters,Daylight: Street light present,Fine without high winds,Wet/Damp,None,None,1,Yes,E01000004,2005
860,200501CP00123,533070.0,181460.0,-0.083576,51.516343,48,3,1,1,21/06/2005,3,09:20,570,E09000001,3,1211,Single carriageway,30,Automatic traffic signal,5,0,None within 50 metres,Pedestrian phase at traffic signal junction,Daylight: Street light present,Fine without high winds,Dry,Roadworks,None,1,Yes,E01000004,2005
861,200501CP00124,532810.0,181190.0,-0.087423,51.513978,48,3,1,1,22/06/2005,4,13:15,570,E09000001,5,0,Single carriageway,30,Giveway or uncontrolled,5,0,None within 50 metres,Zebra crossing,Daylight: Street light present,Fine without high winds,Dry,None,None,1,Yes,E01000004,2005
862,200501CP00125,532640.0,181510.0,-0.089751,51.516893,48,3,1,1,24/06/2005,6,08:40,570,E09000001,5,0,One way street,30,Giveway or uncontrolled,5,0,None within 50 metres,No physical crossing within 50 meters,Daylight: Street light present,Fine without high winds,Dry,None,None,1,No,E01000004,2005
863,200501CP00126,532320.0,181420.0,-0.094394,51.51616,48,3,2,1,27/06/2005,2,13:52,570,E09000001,5,0,Single carriageway,30,None,-1,0,None within 50 metres,No physical crossing within 50 meters,Daylight: Street light present,Fine without high winds,Dry,None,None,1,Yes,E01000002,2005
864,200501CP00127,533230.0,181510.0,-0.081253,51.516755,48,2,1,1,24/06/2005,6,16:29,570,E09000001,3,10,Single carriageway,30,Automatic traffic signal,3,1211,None within 50 metres,Pedestrian phase at traffic signal junction,Daylight: Street light present,Fine without high winds,Dry,None,None,1,Yes,E01000004,2005
865,200501CP00128,533260.0,181550.0,-0.080805,51.517107,48,2,1,1,24/06/2005,6,23:00,570,E09000001,3,10,Single carriageway,30,None,-1,0,None within 50 metres,non-junction pedestrian crossing,Darkness: Street lights present and lit,Unknown,Dry,None,None,1,No,E01000004,2005
866,200501CP00129,533050.0,181120.0,-0.083992,51.513292,48,3,1,2,27/06/2005,2,08:45,570,E09000001,3,10,Single carriageway,30,Automatic traffic signal,5,0,None within 50 metres,Pedestrian phase at traffic signal junction,Daylight: Street light present,Fine without high winds,Dry,None,None,1,Yes,E01000004,2005
867,200501CP00130,532910.0,180850.0,-0.086111,51.510899,48,3,1,2,28/06/2005,3,08:36,570,E09000001,3,10,Single carriageway,30,Automatic traffic signal,5,0,None within 50 metres,Pedestrian phase at traffic signal junction,Daylight: Street light present,Fine without high winds,Dry,None,None,1,Yes,E01000004,2005
868,200501CP00131,533100.0,181590.0,-0.083095,51.517504,48,3,1,1,29/06/2005,4,13:00,570,E09000001,5,0,Single carriageway,30,Giveway or uncontrolled,5,0,None within 50 metres,No physical crossing within 50 meters,Daylight: Street light present,Fine without high winds,Dry,None,None,1,Yes,E01000004,2005
869,200501CP00132,532770.0,180310.0,-0.08833,51.506079,1,3,2,1,30/06/2005,5,16:57,8,E09000028,3,3,Dual carriageway,30,Automatic traffic signal,3,200,None within 50 metres,Pedestrian phase at traffic signal junction,Daylight: Street light present,Raining without high winds,Wet/Damp,None,None,1,Yes,E01004027,2005
870,200501CP00133,532610.0,181560.0,-0.090164,51.51735,48,3,2,1,21/06/2005,3,08:40,570,E09000001,3,1211,Single carriageway,30,Giveway or uncontrolled,6,0,None within 50 metres,non-junction pedestrian crossing,Daylight: Street light present,Fine without high winds,Dry,None,None,1,No,E01000002,2005
871,200501CP00134,532550.0,180780.0,-0.091322,51.510354,48,3,1,1,01/07/2005,6,17:45,570,E09000001,3,3211,Dual carriageway,30,Automatic traffic signal,3,3211,None within 50 metres,Pedestrian phase at traffic signal junction,Daylight: Street light present,Fine without high winds,Wet/Damp,None,None,1,No,E01000004,2005
872,200501CP00135,532690.0,181130.0,-0.089174,51.513467,48,3,2,1,02/07/2005,7,13:35,570,E09000001,5,0,Single carriageway,30,None,-1,0,None within 50 metres,Pedestrian phase at traffic signal junction,Daylight: Street light present,Fine without high winds,Dry,None,None,1,No,E01000004,2005
873,200501CP00136,531860.0,181370.0,-0.101038,51.515818,48,3,3,2,05/07/2005,3,13:46,570,E09000001,3,40,Single carriageway,30,None,-1,0,None within 50 metres,No physical crossing within 50 meters,Daylight: Street light present,Fine without high winds,Wet/Damp,None,None,1,Yes,E01000004,2005
874,200501CP00137,531630.0,181190.0,-0.104418,51.514254,48,3,1,1,06/07/2005,4,15:05,570,E09000001,3,201,Single carriageway,30,None,-1,0,None within 50 metres,No physical crossing within 50 meters,Daylight: Street light present,Fine without high winds,Dry,None,None,1,Yes,E01000004,2005
875,200501CP00138,532590.0,181080.0,-0.090633,51.513041,48,3,2,1,07/07/2005,5,08:00,570,E09000001,5,0,Single carriageway,30,Giveway or uncontrolled,5,0,None within 50 metres,Pedestrian phase at traffic signal junction,Daylight: Street light present,Fine without high winds,Dry,None,None,1,No,E01000004,2005
876,200501CP00139,532980.0,181580.0,-0.084827,51.517443,48,3,1,1,08/07/2005,6,17:25,570,E09000001,5,0,Single carriageway,30,Giveway or uncontrolled,5,0,None within 50 metres,No physical crossing within 50 meters,Daylight: Street light present,Fine without high winds,Dry,None,None,1,Yes,E01000004,2005
877,200501CP00140,532460.0,181150.0,-0.092479,51.5137,48,3,1,1,08/07/2005,6,11:22,570,E09000001,5,0,Single carriageway,30,Automatic traffic signal,5,0,None within 50 metres,Pedestrian phase at traffic signal junction,Daylight: Street light present,Fine without high winds,Dry,None,None,1,Yes,E01000004,2005
878,200501CP00141,532000.0,181080.0,-0.09913,51.513179,48,3,1,1,10/07/2005,1,16:40,570,E09000001,5,0,Single carriageway,30,Giveway or uncontrolled,6,0,None within 50 metres,non-junction pedestrian crossing,Daylight: Street light present,Fine without high winds,Dry,None,None,1,Yes,E01000004,2005
879,200501CP00142,532740.0,181130.0,-0.088454,51.513455,48,2,1,1,11/07/2005,2,08:30,570,E09000001,5,0,Single carriageway,30,None,-1,0,None within 50 metres,No physical crossing within 50 meters,Daylight: Street light present,Fine without high winds,Dry,None,None,1,Yes,E01000004,2005
880,200501CP00143,531590.0,181370.0,-0.104927,51.515881,48,3,2,2,12/07/2005,3,11:20,570,E09000001,3,201,Dual carriageway,30,Giveway or uncontrolled,3,4208,None within 50 metres,No physical crossing within 50 meters,Daylight: Street light present,Fine without high winds,Dry,None,None,1,Yes,E01000004,2005
881,200501CP00144,532870.0,180700.0,-0.086743,51.50956,48,3,2,1,15/07/2005,6,09:20,570,E09000001,3,3211,Single carriageway,30,Automatic traffic signal,5,0,None within 50 metres,Pedestrian phase at traffic signal junction,Daylight: Street light present,Fine without high winds,Dry,None,None,1,Yes,E01000004,2005
882,200501CP00145,531640.0,180980.0,-0.104353,51.512364,48,3,2,1,15/07/2005,6,11:00,570,E09000001,3,201,Dual carriageway,30,Giveway or uncontrolled,5,0,None within 50 metres,No physical crossing within 50 meters,Daylight: Street light present,Fine without high winds,Dry,None,None,1,Yes,E01000004,2005
883,200501CP00146,533180.0,181410.0,-0.082011,51.515868,48,3,2,1,19/07/2005,3,11:05,570,E09000001,3,10,Single carriageway,30,Automatic traffic signal,3,1211,None within 50 metres,Pedestrian phase at traffic signal junction,Daylight: Street light present,Fine without high winds,Dry,None,None,1,Yes,E01000004,2005
884,200501CP00147,532820.0,180600.0,-0.087501,51.508673,48,3,2,1,19/07/2005,3,21:09,570,E09000001,3,3,Dual carriageway,30,None,-1,0,None within 50 metres,No physical crossing within 50 meters,Darkness: Street lights present and lit,Fine without high winds,Dry,None,Other object in carriageway,1,Yes,,2005
885,200501CP00148,531360.0,181160.0,-0.108318,51.514047,48,3,2,1,20/07/2005,4,09:35,570,E09000001,5,0,Single carriageway,30,Giveway or uncontrolled,5,0,None within 50 metres,non-junction pedestrian crossing,Daylight: Street light present,Fine without high winds,Dry,None,None,1,Yes,E01000004,2005
886,200501CP00149,532770.0,181760.0,-0.087784,51.51911,48,3,2,1,20/07/2005,4,17:45,570,E09000001,3,501,Single carriageway,30,Automatic traffic signal,5,0,None within 50 metres,Pedestrian phase at traffic signal junction,Daylight: Street light present,Fine without high winds,Dry,None,None,1,Yes,E01000004,2005
887,200501CP00150,533370.0,181920.0,-0.079081,51.520406,48,3,2,2,24/07/2005,1,00:33,570,E09000001,5,0,Single carriageway,30,Automatic traffic signal,3,10,None within 50 metres,Pedestrian phase at traffic signal junction,Darkness: Street lights present and lit,Fine without high winds,Dry,None,None,1,Yes,E01000004,2005
888,200501CP00151,531240.0,180800.0,-0.11018,51.51084,48,3,2,1,25/07/2005,2,17:40,570,E09000001,3,3211,Single carriageway,30,None,-1,0,None within 50 metres,No physical crossing within 50 meters,Daylight: Street light present,Fine without high winds,Dry,None,None,1,No,E01000004,2005
889,200501CP00152,531590.0,181570.0,-0.104853,51.517678,48,3,2,1,26/07/2005,3,07:55,570,E09000001,5,0,One way street,30,Giveway or uncontrolled,5,0,None within 50 metres,No physical crossing within 50 meters,Daylight: Street light present,Fine without high winds,Dry,None,None,1,Yes,E01000004,2005
890,200501CP00153,533060.0,181460.0,-0.08372,51.516345,48,3,2,1,22/07/2005,6,09:57,570,E09000001,3,1211,Single carriageway,30,Automatic traffic signal,5,0,None within 50 metres,Pedestrian phase at traffic signal junction,Daylight: Street light present,Fine without high winds,Dry,None,None,1,Yes,E01000004,2005
891,200501CP00154,532220.0,181040.0,-0.095977,51.512768,48,3,2,1,25/07/2005,2,16:46,570,E09000001,5,0,One way street,30,Automatic traffic signal,5,0,None within 50 metres,Pedestrian phase at traffic signal junction,Daylight: Street light present,Fine without high winds,Dry,None,None,1,Yes,E01000004,2005
892,200501CP00155,531620.0,181170.0,-0.10457,51.514076,48,3,2,1,25/07/2005,2,17:15,570,E09000001,3,201,Single carriageway,30,Automatic traffic signal,5,0,None within 50 metres,Pedestrian phase at traffic signal junction,Daylight: Street light present,Fine without high winds,Dry,None,None,1,Yes,E01000004,2005
893,200501CP00156,532760.0,180710.0,-0.088324,51.509676,48,3,2,1,26/07/2005,3,19:23,570,E09000001,3,3211,Dual carriageway,30,Automatic traffic signal,3,3211,None within 50 metres,Pedestrian phase at traffic signal junction,Daylight: Street light present,Fine without high winds,Dry,None,None,1,Yes,E01000004,2005
894,200501CP00157,532820.0,180600.0,-0.087501,51.508673,48,3,2,1,27/07/2005,4,07:25,570,E09000001,3,3,Dual carriageway,30,None,-1,0,None within 50 metres,No physical crossing within 50 meters,Daylight: Street light present,Raining without high winds,Wet/Damp,None,None,1,Yes,,2005
895,200501CP00158,532730.0,181130.0,-0.088598,51.513457,48,2,2,1,27/07/2005,4,13:15,570,E09000001,5,0,Single carriageway,30,Automatic traffic signal,5,0,None within 50 metres,Pedestrian phase at traffic signal junction,Daylight: Street light present,Raining without high winds,Wet/Damp,None,None,1,Yes,E01000004,2005
896,200501CP00159,532790.0,180860.0,-0.087835,51.511017,48,3,2,1,22/07/2005,6,10:15,570,E09000001,5,0,Single carriageway,30,Giveway or uncontrolled,5,0,None within 50 metres,No physical crossing within 50 meters,Daylight: Street light present,Fine without high winds,Dry,None,None,1,Yes,E01000004,2005
897,200501CP00160,531590.0,181340.0,-0.104938,51.515611,48,2,2,1,28/07/2005,5,17:00,570,E09000001,3,201,Single carriageway,30,Automatic traffic signal,3,4208,None within 50 metres,Pedestrian phase at traffic signal junction,Daylight: Street light present,Fine without high winds,Dry,None,None,1,No,E01000004,2005
898,200501CP00161,531570.0,181570.0,-0.105141,51.517683,48,3,2,1,28/07/2005,5,18:30,570,E09000001,3,201,Single carriageway,30,Giveway or uncontrolled,3,201,None within 50 metres,Central refuge,Daylight: Street light present,Fine without high winds,Dry,None,None,1,No,E01000004,2005
899,200501CP00162,532760.0,181720.0,-0.087943,51.518752,48,3,1,1,15/07/2005,6,10:45,570,E09000001,3,501,Single carriageway,30,None,-1,0,None within 50 metres,No physical crossing within 50 meters,Daylight: Street light present,Fine without high winds,Dry,None,None,1,Yes,E01000004,2005
900,200501CP00163,533020.0,181070.0,-0.084443,51.51285,48,3,2,1,01/08/2005,2,13:00,570,E09000001,3,10,Single carriageway,30,None,-1,0,None within 50 metres,No physical crossing within 50 meters,Daylight: Street light present,Fine without high winds,Dry,None,None,1,Yes,E01000004,2005
901,200501CP00164,531020.0,181610.0,-0.113048,51.51817,48,3,2,1,01/08/2005,2,14:39,570,E09000001,3,40,Single carriageway,30,Giveway or uncontrolled,6,0,None within 50 metres,No physical crossing within 50 meters,Daylight: Street light present,Fine without high winds,Dry,None,None,1,Yes,E01000914,2005
902,200501CP00165,531630.0,180710.0,-0.104597,51.50994,48,2,1,1,02/08/2005,3,08:00,570,E09000001,3,201,Dual carriageway,30,None,-1,0,None within 50 metres,No physical crossing within 50 meters,Daylight: Street light present,Fine without high winds,Dry,Roadworks,None,1,Yes,,2005
903,200501CP00166,532550.0,181130.0,-0.09119,51.5135,48,3,2,1,03/08/2005,4,09:00,570,E09000001,5,0,Single carriageway,30,Giveway or uncontrolled,5,0,None within 50 metres,No physical crossing within 50 meters,Daylight: Street light present,Fine without high winds,Dry,None,Pedestrian in carriageway (not injured),1,Yes,E01000004,2005
904,200501CP00167,533030.0,181460.0,-0.084152,51.516352,48,3,1,2,03/08/2005,4,09:50,570,E09000001,3,1211,Dual carriageway,30,None,-1,0,None within 50 metres,Pedestrian phase at traffic signal junction,Daylight: Street light present,Fine without high winds,Dry,None,None,1,Yes,E01000004,2005
905,200501CP00168,532940.0,181280.0,-0.085516,51.514756,48,3,1,2,03/08/2005,4,14:15,570,E09000001,5,0,Single carriageway,30,Giveway or uncontrolled,5,0,None within 50 metres,No physical crossing within 50 meters,Daylight: Street light present,Fine without high winds,Dry,None,None,1,Yes,E01000004,2005
906,200501CP00169,531510.0,181170.0,-0.106154,51.514102,48,3,2,1,03/08/2005,4,20:20,570,E09000001,5,0,Single carriageway,30,Giveway or uncontrolled,5,0,None within 50 metres,No physical crossing within 50 meters,Daylight: Street light present,Fine without high winds,Dry,None,None,1,Yes,E01000004,2005
907,200501CP00170,532970.0,180950.0,-0.085209,51.511783,48,2,2,1,04/08/2005,5,17:00,570,E09000001,3,10,Single carriageway,30,Automatic traffic signal,5,0,None within 50 metres,Pedestrian phase at traffic signal junction,Daylight: Street light present,Fine without high winds,Dry,None,None,1,Yes,E01000004,2005
908,200501CP00171,531560.0,181540.0,-0.105296,51.517415,48,3,2,1,05/08/2005,6,08:55,570,E09000001,3,201,Single carriageway,30,Giveway or uncontrolled,5,0,None within 50 metres,No physical crossing within 50 meters,Daylight: Street light present,Other,Wet/Damp,None,None,1,No,E01000004,2005
909,200501CP00172,533250.0,180650.0,-0.081289,51.509022,48,3,2,1,10/08/2005,4,07:50,570,E09000001,3,3211,Dual carriageway,30,Giveway or uncontrolled,5,0,None within 50 metres,non-junction pedestrian crossing,Daylight: Street light present,Fine without high winds,Dry,None,None,1,Yes,E01000004,2005
910,200501CP00173,533320.0,181670.0,-0.079896,51.518171,48,3,2,1,10/08/2005,4,09:22,570,E09000001,3,10,Single carriageway,30,Giveway or uncontrolled,5,0,None within 50 metres,Pedestrian phase at traffic signal junction,Daylight: Street light present,Fine without high winds,Dry,None,None,1,Yes,E01000004,2005
911,200501CP00174,533220.0,181480.0,-0.081408,51.516487,48,3,2,1,10/08/2005,4,09:52,570,E09000001,3,10,Dual carriageway,30,Automatic traffic signal,3,1211,None within 50 metres,Pedestrian phase at traffic signal junction,Daylight: Street light present,Fine without high winds,Dry,None,None,1,Yes,E01000004,2005
912,200501CP00175,531700.0,181170.0,-0.103417,51.514058,48,3,1,1,10/08/2005,4,14:40,570,E09000001,5,0,Single carriageway,30,Automatic traffic signal,6,0,None within 50 metres,Pedestrian phase at traffic signal junction,Daylight: Street light present,Fine without high winds,Dry,None,None,1,Yes,E01000004,2005
913,200501CP00176,532780.0,181530.0,-0.087727,51.51704,48,3,2,1,12/08/2005,6,09:50,570,E09000001,3,1211,Single carriageway,30,Giveway or uncontrolled,5,0,None within 50 metres,No physical crossing within 50 meters,Daylight: Street light present,Fine without high winds,Dry,None,None,1,No,E01000004,2005
914,200501CP00177,532550.0,181140.0,-0.091186,51.513589,48,2,2,1,13/08/2005,7,12:40,570,E09000001,5,0,Single carriageway,30,Giveway or uncontrolled,5,0,None within 50 metres,No physical crossing within 50 meters,Daylight: Street light present,Fine without high winds,Dry,None,None,1,No,E01000004,2005
915,200501CP00178,532020.0,181490.0,-0.098689,51.516859,48,3,2,1,15/08/2005,2,06:40,570,E09000001,6,0,Single carriageway,30,Giveway or uncontrolled,3,40,None within 50 metres,No physical crossing within 50 meters,Daylight: Street light present,Fine without high winds,Dry,None,None,1,Yes,E01000001,2005
916,200501CP00179,531710.0,181450.0,-0.103169,51.516572,48,3,3,1,03/08/2005,4,18:20,570,E09000001,3,40,Single carriageway,30,Automatic traffic signal,5,0,None within 50 metres,Pedestrian phase at traffic signal junction,Daylight: Street light present,Fine without high winds,Dry,None,None,1,Yes,E01000004,2005
917,200501CP00180,531640.0,181070.0,-0.104319,51.513173,48,3,1,1,17/08/2005,4,23:45,570,E09000001,3,201,Single carriageway,30,Automatic traffic signal,5,0,None within 50 metres,Pedestrian phase at traffic signal junction,Darkness: Street lights present and lit,Fine without high winds,Dry,None,None,1,Yes,E01000004,2005
918,200501CP00181,533150.0,181370.0,-0.082458,51.515515,48,3,1,1,19/08/2005,6,11:00,570,E09000001,3,10,Single carriageway,30,None,-1,0,None within 50 metres,non-junction pedestrian crossing,Daylight: Street light present,Fine without high winds,Wet/Damp,None,None,1,Yes,E01000004,2005
919,200501CP00182,532170.0,181040.0,-0.096697,51.51278,48,3,1,1,17/08/2005,4,11:34,570,E09000001,5,0,Single carriageway,30,Automatic traffic signal,5,0,None within 50 metres,Pedestrian phase at traffic signal junction,Daylight: Street light present,Fine without high winds,Dry,None,None,1,Yes,E01000004,2005
920,200501CP00183,533110.0,181290.0,-0.083064,51.514806,48,3,1,1,21/08/2005,1,01:00,570,E09000001,3,10,Single carriageway,30,Giveway or uncontrolled,6,0,None within 50 metres,No physical crossing within 50 meters,Darkness: Street lights present and lit,Fine without high winds,Dry,None,None,1,Yes,E01000004,2005
921,200501CP00184,531910.0,180940.0,-0.100479,51.511942,48,2,2,1,30/08/2005,3,04:40,570,E09000001,5,0,Single carriageway,30,None,-1,0,None within 50 metres,No physical crossing within 50 meters,Darkness: Street lights present and lit,Fine without high winds,Dry,None,None,1,Yes,E01000004,2005
922,200501CP00185,532810.0,180920.0,-0.087524,51.511551,48,3,2,1,25/08/2005,5,12:58,570,E09000001,5,0,Single carriageway,30,Giveway or uncontrolled,5,0,None within 50 metres,No physical crossing within 50 meters,Daylight: Street light present,Fine without high winds,Dry,None,None,1,Yes,E01000004,2005
923,200501CP00186,531590.0,181680.0,-0.104812,51.518667,48,2,2,1,25/08/2005,5,18:21,570,E09000001,4,400,Single carriageway,30,None,-1,0,None within 50 metres,No physical crossing within 50 meters,Daylight: Street light present,Fine without high winds,Dry,None,None,1,Yes,E01002724,2005
924,200501CP00187,532960.0,181880.0,-0.085002,51.520143,1,2,2,1,25/08/2005,5,00:41,4,E09000012,4,100,Single carriageway,30,None,-1,0,None within 50 metres,No physical crossing within 50 meters,Darkness: Street lights present and lit,Fine without high winds,Dry,None,None,1,Yes,E01000004,2005
925,200501CP00188,532620.0,181100.0,-0.090193,51.513214,48,3,2,1,25/08/2005,5,22:36,570,E09000001,5,0,Dual carriageway,30,None,-1,0,None within 50 metres,No physical crossing within 50 meters,Darkness: Street lights present and lit,Fine without high winds,Dry,None,None,1,Yes,E01000004,2005
926,200501CP00189,532750.0,181140.0,-0.088306,51.513543,48,3,1,1,25/08/2005,5,22:07,570,E09000001,5,0,Single carriageway,30,None,-1,0,None within 50 metres,No physical crossing within 50 meters,Darkness: Street lights present and lit,Fine without high winds,Dry,None,None,1,Yes,E01000004,2005
927,200501CP00190,533630.0,181190.0,-0.075612,51.513785,48,3,1,1,26/08/2005,6,20:56,570,E09000001,3,11,Single carriageway,30,None,-1,0,None within 50 metres,No physical crossing within 50 meters,Darkness: Street lights present and lit,Fine without high winds,Dry,None,None,1,Yes,E01000005,2005
928,200501CP00191,531670.0,180930.0,-0.103939,51.511908,48,2,2,1,31/08/2005,4,08:27,570,E09000001,3,201,Single carriageway,30,Automatic traffic signal,3,3211,None within 50 metres,Pedestrian phase at traffic signal junction,Daylight: Street light present,Fine without high winds,Dry,None,None,1,Yes,E01000004,2005
929,200501CP00192,532570.0,181940.0,-0.090598,51.520774,1,3,2,1,31/08/2005,4,11:00,3,E09000019,4,100,Single carriageway,30,Giveway or uncontrolled,6,0,None within 50 metres,No physical crossing within 50 meters,Daylight: Street light present,Fine without high winds,Dry,None,None,1,Yes,E01002704,2005
930,200501CP00193,533750.0,181260.0,-0.073858,51.514385,48,3,2,1,16/08/2005,3,08:00,570,E09000001,3,11,One way street,30,Automatic traffic signal,3,11,None within 50 metres,No physical crossing within 50 meters,Daylight: Street light present,Fine without high winds,Dry,None,None,1,No,E01004320,2005
931,200501CP00194,533070.0,181450.0,-0.08358,51.516253,48,3,2,1,16/08/2005,3,18:27,570,E09000001,3,1211,Single carriageway,30,Giveway or uncontrolled,5,0,None within 50 metres,No physical crossing within 50 meters,Daylight: Street light present,Fine without high winds,Dry,None,None,1,No,E01000004,2005
932,200501CP00195,533280.0,181590.0,-0.080502,51.517462,48,3,1,1,04/09/2005,1,13:21,570,E09000001,3,10,Single carriageway,30,Giveway or uncontrolled,6,0,None within 50 metres,No physical crossing within 50 meters,Daylight: Street light present,Fine without high winds,Dry,None,None,1,Yes,E01000004,2005
933,200501CP00196,533100.0,181590.0,-0.083095,51.517504,48,2,1,1,06/09/2005,3,10:22,570,E09000001,5,0,Single carriageway,30,Giveway or uncontrolled,5,0,None within 50 metres,No physical crossing within 50 meters,Daylight: Street light present,Fine without high winds,Dry,None,None,1,Yes,E01000004,2005
934,200501CP00197,531190.0,181600.0,-0.110603,51.518041,48,3,2,1,07/09/2005,4,18:45,570,E09000001,3,40,Single carriageway,30,Giveway or uncontrolled,5,0,None within 50 metres,No physical crossing within 50 meters,Daylight: Street light present,Fine without high winds,Dry,None,None,1,Yes,E01000917,2005
935,200501CP00198,532580.0,181070.0,-0.09078,51.512953,48,3,2,1,08/09/2005,5,08:05,570,E09000001,5,0,Single carriageway,30,Giveway or uncontrolled,5,0,None within 50 metres,No physical crossing within 50 meters,Daylight: Street light present,Fine without high winds,Dry,None,None,1,Yes,E01000004,2005
936,200501CP00199,533120.0,181580.0,-0.082811,51.51741,48,3,1,1,09/09/2005,6,23:33,570,E09000001,5,0,Single carriageway,30,None,-1,0,None within 50 metres,No physical crossing within 50 meters,Darkness: Street lights present and lit,Fine without high winds,Dry,None,None,1,Yes,E01000004,2005
937,200501CP00200,532660.0,181110.0,-0.089613,51.513294,48,3,2,1,12/09/2005,2,10:30,570,E09000001,5,0,Single carriageway,30,Automatic traffic signal,5,0,None within 50 metres,Pedestrian phase at traffic signal junction,Daylight: Street light present,Fine without high winds,Dry,None,None,1,Yes,E01000004,2005
938,200501CP00201,533020.0,181070.0,-0.084443,51.51285,48,3,2,1,12/09/2005,2,08:40,570,E09000001,3,10,Single carriageway,30,Giveway or uncontrolled,6,0,None within 50 metres,No physical crossing within 50 meters,Daylight: Street light present,Raining without high winds,Wet/Damp,None,None,1,No,E01000004,2005
939,200501CP00202,531640.0,180760.0,-0.104435,51.510387,48,3,2,1,13/09/2005,3,17:20,570,E09000001,3,201,Dual carriageway,30,None,-1,0,None within 50 metres,Pedestrian phase at traffic signal junction,Daylight: Street light present,Fine without high winds,Dry,None,None,1,Yes,,2005
940,200501CP00203,532410.0,180750.0,-0.093349,51.510117,48,3,2,1,13/09/2005,3,08:55,570,E09000001,3,300,Dual carriageway,30,None,-1,0,None within 50 metres,Pedestrian phase at traffic signal junction,Daylight: Street light present,Fine without high winds,Dry,None,None,1,Yes,E01000004,2005
941,200501CP00204,532880.0,180840.0,-0.086546,51.510816,48,3,2,1,16/09/2005,6,12:05,570,E09000001,5,0,Single carriageway,30,Automatic traffic signal,3,10,None within 50 metres,Pedestrian phase at traffic signal junction,Daylight: Street light present,Fine without high winds,Dry,None,None,1,Yes,E01000004,2005
942,200501CP00205,533110.0,181600.0,-0.082947,51.517592,48,3,1,1,16/09/2005,6,12:50,570,E09000001,5,0,Single carriageway,30,Giveway or uncontrolled,5,0,None within 50 metres,No physical crossing within 50 meters,Daylight: Street light present,Fine without high winds,Dry,None,None,1,Yes,E01000004,2005
943,200501CP00206,532290.0,181080.0,-0.094953,51.513111,48,3,2,1,12/09/2005,2,18:21,570,E09000001,5,0,Single carriageway,30,Giveway or uncontrolled,5,0,None within 50 metres,No physical crossing within 50 meters,Daylight: Street light present,Fine without high winds,Dry,None,None,1,Yes,E01000004,2005
944,200501CP00207,532970.0,180960.0,-0.085205,51.511873,48,3,1,1,19/09/2005,2,18:22,570,E09000001,3,10,Single carriageway,30,Automatic traffic signal,5,0,None within 50 metres,Pedestrian phase at traffic signal junction,Daylight: Street light present,Fine without high winds,Dry,None,None,1,Yes,E01000004,2005
945,200501CP00208,531720.0,181450.0,-0.103025,51.516569,48,3,2,1,19/09/2005,2,12:30,570,E09000001,5,0,Single carriageway,30,Giveway or uncontrolled,3,40,None within 50 metres,No physical crossing within 50 meters,Daylight: Street light present,Fine without high winds,Dry,None,None,1,Yes,E01000004,2005
946,200501CP00209,533330.0,181670.0,-0.079752,51.518169,48,3,2,1,20/09/2005,3,17:50,570,E09000001,3,10,Single carriageway,30,Automatic traffic signal,5,0,None within 50 metres,Pedestrian phase at traffic signal junction,Daylight: Street light present,Fine without high winds,Dry,None,None,1,Yes,E01000004,2005
947,200501CP00210,532140.0,180860.0,-0.097196,51.511169,48,3,2,1,21/09/2005,4,03:40,570,E09000001,3,3211,Single carriageway,30,None,-1,0,None within 50 metres,No physical crossing within 50 meters,Darkness: Street lights present and lit,Fine without high winds,Dry,None,None,1,Yes,E01000004,2005
948,200501CP00211,533340.0,180710.0,-0.079971,51.50954,48,3,3,1,20/09/2005,3,07:03,570,E09000001,5,0,Single carriageway,30,Giveway or uncontrolled,3,3211,None within 50 metres,No physical crossing within 50 meters,Daylight: Street light present,Fine without high winds,Dry,None,None,1,Yes,E01000004,2005
949,200501CP00212,533260.0,180620.0,-0.081157,51.50875,48,3,2,1,20/09/2005,3,09:00,570,E09000001,3,3211,Single carriageway,30,Giveway or uncontrolled,3,3211,None within 50 metres,No physical crossing within 50 meters,Daylight: Street light present,Fine without high winds,Dry,None,None,1,Yes,E01000004,2005
950,200501CP00213,533110.0,181290.0,-0.083064,51.514806,48,3,2,1,20/09/2005,3,15:35,570,E09000001,3,10,Single carriageway,30,Automatic traffic signal,6,0,None within 50 metres,Pedestrian phase at traffic signal junction,Daylight: Street light present,Fine without high winds,Dry,None,None,1,Yes,E01000004,2005
951,200501CP00214,533050.0,181220.0,-0.083955,51.514191,48,3,2,1,21/09/2005,4,08:40,570,E09000001,3,10,Dual carriageway,30,Automatic traffic signal,5,0,None within 50 metres,Pedestrian phase at traffic signal junction,Daylight: Street light present,Fine without high winds,Dry,None,None,1,Yes,E01000004,2005
952,200501CP00215,533250.0,180650.0,-0.081289,51.509022,48,2,2,1,23/09/2005,6,20:34,570,E09000001,3,3211,Dual carriageway,30,Giveway or uncontrolled,3,3211,None within 50 metres,Pedestrian phase at traffic signal junction,Darkness: Street lights present and lit,Fine without high winds,Dry,None,None,1,Yes,E01000004,2005
953,200501CP00216,533040.0,181120.0,-0.084136,51.513295,48,2,2,1,16/09/2005,6,22:11,570,E09000001,3,10,Single carriageway,30,Automatic traffic signal,5,0,None within 50 metres,Pedestrian phase at traffic signal junction,Darkness: Street lights present and lit,Fine without high winds,Dry,None,None,1,Yes,E01000004,2005
954,200501CP00217,533380.0,181930.0,-0.078933,51.520494,48,3,2,1,21/09/2005,4,18:35,570,E09000001,3,10,Single carriageway,30,Automatic traffic signal,5,0,None within 50 metres,Pedestrian phase at traffic signal junction,Daylight: Street light present,Fine without high winds,Dry,None,None,1,Yes,E01000004,2005
955,200501CP00218,532700.0,181550.0,-0.088872,51.517239,48,3,2,1,22/09/2005,5,14:08,570,E09000001,3,501,Dual carriageway,30,Automatic traffic signal,3,1211,None within 50 metres,Pedestrian phase at traffic signal junction,Daylight: Street light present,Fine without high winds,Dry,None,None,1,Yes,E01000004,2005
956,200501CP00219,532280.0,181080.0,-0.095098,51.513114,48,3,2,1,22/09/2005,5,16:45,570,E09000001,5,0,Single carriageway,30,Giveway or uncontrolled,5,0,None within 50 metres,No physical crossing within 50 meters,Daylight: Street light present,Fine without high winds,Dry,None,None,1,Yes,E01000004,2005
957,200501CP00220,532100.0,181830.0,-0.097409,51.519896,48,3,2,2,23/09/2005,6,16:32,570,E09000001,3,1,Dual carriageway,30,Automatic traffic signal,5,0,None within 50 metres,Pedestrian phase at traffic signal junction,Daylight: Street light present,Fine without high winds,Dry,None,Pedestrian in carriageway (not injured),1,Yes,E01000001,2005
958,200501CP00221,531390.0,180810.0,-0.108016,51.510895,48,2,2,1,07/09/2005,4,17:33,570,E09000001,3,3211,Single carriageway,30,Automatic traffic signal,5,0,None within 50 metres,Pedestrian phase at traffic signal junction,Daylight: Street light present,Fine without high winds,Dry,None,None,1,Yes,E01000004,2005
959,200501CP00222,532850.0,180760.0,-0.087009,51.510104,48,3,1,1,26/09/2005,2,10:00,570,E09000001,3,3,Dual carriageway,30,Automatic traffic signal,3,3,None within 50 metres,Pedestrian phase at traffic signal junction,Daylight: Street light present,Fine without high winds,Dry,None,None,1,Yes,E01000004,2005
960,200501CP00223,531890.0,181360.0,-0.10061,51.515721,48,3,2,1,26/09/2005,2,10:39,570,E09000001,3,40,Single carriageway,30,Giveway or uncontrolled,5,0,None within 50 metres,No physical crossing within 50 meters,Daylight: Street light present,Raining with high winds,Wet/Damp,None,None,1,Yes,E01000004,2005
961,200501CP00224,531770.0,180940.0,-0.102495,51.511974,48,3,2,1,26/09/2005,2,18:31,570,E09000001,3,3211,Slip road,30,Giveway or uncontrolled,5,0,None within 50 metres,No physical crossing within 50 meters,Daylight: Street light present,Fine without high winds,Dry,None,None,1,Yes,E01000004,2005
962,200501CP00225,532680.0,181450.0,-0.089197,51.516345,48,3,1,1,27/09/2005,3,17:17,570,E09000001,5,0,Single carriageway,30,None,-1,0,None within 50 metres,No physical crossing within 50 meters,Daylight: Street light present,Fine without high winds,Dry,None,None,1,Yes,E01000004,2005
963,200501CP00226,531440.0,181170.0,-0.107162,51.514118,48,3,1,2,15/09/2005,5,20:50,570,E09000001,5,0,Single carriageway,30,None,-1,0,None within 50 metres,non-junction pedestrian crossing,Darkness: Street lights present and lit,Fine without high winds,Dry,None,None,1,Yes,E01000004,2005
964,200501CP00227,532170.0,181220.0,-0.096629,51.514397,48,3,2,1,05/08/2005,6,08:43,570,E09000001,5,0,Single carriageway,30,Automatic traffic signal,5,0,None within 50 metres,Pedestrian phase at traffic signal junction,Daylight: Street light present,Other,Wet/Damp,None,None,1,Yes,E01000004,2005
965,200501CP00228,532120.0,181370.0,-0.097293,51.515757,48,3,2,1,28/09/2005,4,17:23,570,E09000001,5,0,One way street,30,Giveway or uncontrolled,3,1,Control by other authorised person,No physical crossing within 50 meters,Daylight: Street light present,Fine without high winds,Dry,None,None,1,Yes,E01000001,2005
966,200501CP00229,531160.0,181600.0,-0.111035,51.518048,1,3,1,1,30/09/2005,6,10:45,2,E09000007,3,40,Single carriageway,30,Automatic traffic signal,3,5200,None within 50 metres,Pedestrian phase at traffic signal junction,Daylight: Street light present,Other,Wet/Damp,None,None,1,Yes,E01000004,2005
967,200501CP00230,532660.0,181310.0,-0.089538,51.515091,48,3,2,1,30/09/2005,6,19:40,570,E09000001,5,0,Single carriageway,30,Giveway or uncontrolled,6,0,None within 50 metres,No physical crossing within 50 meters,Darkness: Street lights present and lit,Fine without high winds,Dry,None,None,1,Yes,E01000004,2005
968,200501CP00231,532790.0,180400.0,-0.088008,51.506883,48,3,3,1,30/09/2005,6,21:17,570,E09000001,3,3,Single carriageway,30,None,-1,0,None within 50 metres,No physical crossing within 50 meters,Darkness: Street lights present and lit,Raining without high winds,Wet/Damp,None,None,1,Yes,,2005
969,200501CP00232,531530.0,181530.0,-0.105732,51.517333,48,3,2,2,06/10/2005,5,15:53,570,E09000001,3,40,Single carriageway,30,None,-1,0,None within 50 metres,No physical crossing within 50 meters,Daylight: Street light present,Fine without high winds,Dry,None,None,1,Yes,E01000004,2005
970,200501CP00233,531720.0,181440.0,-0.103029,51.516479,48,3,2,1,13/10/2005,5,06:25,570,E09000001,3,40,Single carriageway,30,Giveway or uncontrolled,6,0,None within 50 metres,Pedestrian phase at traffic signal junction,Darkness: Street lights present and lit,Raining without high winds,Wet/Damp,None,None,1,Yes,E01000004,2005
971,200501CP00234,532840.0,180760.0,-0.087153,51.510107,48,3,2,2,23/08/2005,3,10:01,570,E09000001,3,3,Single carriageway,30,Automatic traffic signal,3,3,None within 50 metres,Pedestrian phase at traffic signal junction,Daylight: Street light present,Fine without high winds,Dry,None,None,1,No,E01000004,2005
972,200501CP00235,533030.0,180670.0,-0.08445,51.509253,48,2,2,1,13/10/2005,5,13:50,570,E09000001,3,3211,Dual carriageway,30,Giveway or uncontrolled,5,0,None within 50 metres,No physical crossing within 50 meters,Daylight: Street light present,Raining without high winds,Wet/Damp,None,None,1,Yes,E01000004,2005
973,200501CP00236,533840.0,180880.0,-0.072706,51.510949,48,3,2,1,13/10/2005,5,16:30,570,E09000001,3,1210,One way street,30,Giveway or uncontrolled,3,1210,None within 50 metres,No physical crossing within 50 meters,Daylight: Street light present,Other,Dry,None,None,1,Yes,E01004320,2005
974,200501CP00237,532710.0,181540.0,-0.088731,51.517147,48,3,2,1,16/10/2005,1,21:25,570,E09000001,3,1211,Unknown,30,Automatic traffic signal,5,0,None within 50 metres,Pedestrian phase at traffic signal junction,Darkness: Street lights present and lit,Raining without high winds,Wet/Damp,None,None,1,Yes,E01000004,2005
975,200501CP00238,533030.0,181120.0,-0.084281,51.513297,48,3,2,1,21/10/2005,6,11:00,570,E09000001,3,10,Single carriageway,30,Automatic traffic signal,3,10,None within 50 metres,Pedestrian phase at traffic signal junction,Daylight: Street light present,Raining without high winds,Wet/Damp,None,None,1,Yes,E01000004,2005
976,200501CP00239,533330.0,181690.0,-0.079744,51.518349,48,3,2,1,21/10/2005,6,16:40,570,E09000001,3,10,Dual carriageway,30,Giveway or uncontrolled,3,10,None within 50 metres,non-junction pedestrian crossing,Daylight: Street light present,Fine without high winds,Dry,None,None,1,Yes,E01000004,2005
977,200501CP00240,533230.0,181490.0,-0.08126,51.516575,48,2,2,1,21/10/2005,6,17:50,570,E09000001,3,1211,Dual carriageway,30,Automatic traffic signal,3,10,None within 50 metres,Pedestrian phase at traffic signal junction,Daylight: Street light present,Fine without high winds,Dry,None,None,1,Yes,E01000004,2005
978,200501CP00241,531540.0,181650.0,-0.105543,51.518409,1,3,2,1,24/10/2005,2,08:50,2,E09000007,3,201,Single carriageway,30,Automatic traffic signal,4,500,None within 50 metres,Pedestrian phase at traffic signal junction,Daylight: Street light present,Raining without high winds,Wet/Damp,None,None,1,No,E01000004,2005
979,200501CP00242,532660.0,181100.0,-0.089617,51.513204,48,3,1,1,25/10/2005,3,18:25,570,E09000001,5,0,Dual carriageway,30,Automatic traffic signal,5,0,None within 50 metres,No physical crossing within 50 meters,Darkness: Street lights present and lit,Fine without high winds,Dry,None,None,1,Yes,E01000004,2005
980,200501CP00243,533750.0,181240.0,-0.073865,51.514206,48,3,2,1,25/10/2005,3,19:15,570,E09000001,3,11,One way street,30,Giveway or uncontrolled,3,11,None within 50 metres,No physical crossing within 50 meters,Darkness: Street lights present and lit,Fine with high winds,Wet/Damp,None,None,1,Yes,E01000005,2005
981,200501CP00244,532760.0,180720.0,-0.08832,51.509766,48,3,2,1,25/10/2005,3,22:31,570,E09000001,3,3211,Dual carriageway,30,Automatic traffic signal,3,3211,None within 50 metres,Pedestrian phase at traffic signal junction,Darkness: Street lights present and lit,Fine without high winds,Dry,None,None,1,Yes,E01000004,2005
982,200501CP00245,532700.0,181110.0,-0.089037,51.513285,48,3,2,1,26/10/2005,4,08:55,570,E09000001,5,0,Single carriageway,30,Automatic traffic signal,5,0,None within 50 metres,Pedestrian phase at traffic signal junction,Daylight: Street light present,Fine without high winds,Dry,None,None,1,No,E01000004,2005
983,200501CP00246,531920.0,181350.0,-0.100182,51.515624,48,3,2,1,27/10/2005,5,08:35,570,E09000001,3,40,Single carriageway,30,Automatic traffic signal,6,0,None within 50 metres,Pedestrian phase at traffic signal junction,Daylight: Street light present,Fine without high winds,Dry,None,None,1,No,E01000004,2005
984,200501CP00247,531730.0,180820.0,-0.103116,51.510905,48,3,2,1,27/10/2005,5,14:05,570,E09000001,3,3211,Single carriageway,30,None,-1,0,None within 50 metres,No physical crossing within 50 meters,Daylight: Street light present,Fine without high winds,Dry,None,None,1,Yes,E01000004,2005
985,200501CP00248,532160.0,181540.0,-0.096653,51.517275,48,3,2,1,27/10/2005,5,11:52,570,E09000001,3,1211,Roundabout,30,Giveway or uncontrolled,3,1,None within 50 metres,No physical crossing within 50 meters,Daylight: Street light present,Fine without high winds,Dry,None,None,1,Yes,E01000001,2005
986,200501CP00249,532970.0,180950.0,-0.085209,51.511783,48,3,1,2,28/10/2005,6,13:39,570,E09000001,5,0,Single carriageway,30,Automatic traffic signal,5,0,None within 50 metres,Pedestrian phase at traffic signal junction,Daylight: Street light present,Fine without high winds,Dry,None,None,1,Yes,E01000004,2005
987,200501CP00250,533040.0,181390.0,-0.084035,51.515721,48,3,2,3,06/10/2005,5,12:04,570,E09000001,5,0,Single carriageway,30,None,-1,0,None within 50 metres,No physical crossing within 50 meters,Daylight: Street light present,Fine without high winds,Dry,None,None,1,No,E01000004,2005
988,200501CP00251,533270.0,181390.0,-0.080722,51.515667,48,3,1,1,03/10/2005,2,09:32,570,E09000001,3,1211,One way street,30,None,-1,0,None within 50 metres,No physical crossing within 50 meters,Daylight: Street light present,Fine without high winds,Dry,None,None,1,Yes,E01000004,2005
989,200501CP00252,533750.0,181240.0,-0.073865,51.514206,48,3,2,1,04/10/2005,3,22:10,570,E09000001,3,11,One way street,30,Giveway or uncontrolled,3,11,None within 50 metres,Footbridge or subway,Darkness: Street lights present and lit,Fine without high winds,Dry,None,None,1,Yes,E01000005,2005
990,200501CP00253,532890.0,180990.0,-0.086346,51.512162,48,3,1,1,03/11/2005,5,14:05,570,E09000001,5,0,One way street,30,Giveway or uncontrolled,6,0,None within 50 metres,No physical crossing within 50 meters,Daylight: Street light present,Fine with high winds,Wet/Damp,None,None,1,No,E01000004,2005
991,200501CP00254,531470.0,181550.0,-0.106589,51.517526,48,3,2,1,03/11/2005,5,15:00,570,E09000001,3,40,Single carriageway,30,None,-1,0,None within 50 metres,No physical crossing within 50 meters,Daylight: Street light present,Fine without high winds,Dry,None,None,1,Yes,E01000004,2005
992,200501CP00255,533290.0,181590.0,-0.080358,51.517459,48,3,1,1,03/11/2005,5,22:20,570,E09000001,6,0,Single carriageway,30,Giveway or uncontrolled,3,10,None within 50 metres,No physical crossing within 50 meters,Darkness: Street lights present and lit,Fine without high winds,Dry,None,None,1,Yes,E01000004,2005
993,200501CP00256,532790.0,181760.0,-0.087496,51.519105,48,2,1,1,04/11/2005,6,16:00,570,E09000001,5,0,Single carriageway,30,None,-1,0,None within 50 metres,No physical crossing within 50 meters,Daylight: Street light present,Fine without high winds,Dry,None,None,1,Yes,E01000004,2005
994,200501CP00257,533060.0,181450.0,-0.083724,51.516256,48,3,1,2,06/11/2005,1,07:50,570,E09000001,3,1211,Dual carriageway,30,Automatic traffic signal,6,0,None within 50 metres,Pedestrian phase at traffic signal junction,Daylight: Street light present,Fine without high winds,Dry,None,None,1,Yes,E01000004,2005
995,200501CP00258,531560.0,181570.0,-0.105285,51.517685,48,3,2,1,08/11/2005,3,08:45,570,E09000001,3,201,Dual carriageway,30,Giveway or uncontrolled,5,0,None within 50 metres,No physical crossing within 50 meters,Daylight: Street light present,Fine without high winds,Dry,None,None,1,Yes,E01000004,2005
996,200501CP00259,531390.0,181570.0,-0.107733,51.517725,48,3,2,1,08/11/2005,3,21:00,570,E09000001,3,40,Single carriageway,30,Automatic traffic signal,3,40,None within 50 metres,Pedestrian phase at traffic signal junction,Darkness: Street lights present and lit,Other,Dry,None,None,1,Yes,E01000004,2005
997,200501CP00260,531550.0,181650.0,-0.105399,51.518406,1,3,1,1,09/11/2005,4,22:30,2,E09000007,3,201,Single carriageway,30,Automatic traffic signal,4,500,None within 50 metres,No physical crossing within 50 meters,Darkness: Street lights present and lit,Raining without high winds,Wet/Damp,None,None,1,Yes,E01000004,2005
998,200501CP00261,532390.0,180820.0,-0.093611,51.510751,48,3,2,1,09/11/2005,4,14:31,570,E09000001,3,3211,Dual carriageway,30,None,-1,0,None within 50 metres,No physical crossing within 50 meters,Daylight: Street light present,Fine without high winds,Dry,None,None,1,Yes,E01000004,2005
999,200501CP00262,533330.0,181690.0,-0.079744,51.518349,48,3,1,1,11/10/2005,3,15:25,570,E09000001,3,10,Single carriageway,30,Giveway or uncontrolled,3,10,None within 50 metres,No physical crossing within 50 meters,Daylight: Street light present,Fine without high winds,Dry,None,None,1,No,E01000004,2005
1000,200501CP00263,533380.0,181920.0,-0.078937,51.520404,48,3,2,1,12/11/2005,7,01:21,570,E09000001,3,10,Single carriageway,30,Automatic traffic signal,5,0,None within 50 metres,Pedestrian phase at traffic signal junction,Darkness: Street lights present and lit,Fine without high winds,Dry,None,None,1,Yes,E01000004,2005
1001,200501CP00264,532140.0,181550.0,-0.096938,51.51737,48,3,1,1,14/11/2005,2,17:15,570,E09000001,3,1,Dual carriageway,30,None,-1,0,None within 50 metres,Central refuge,Darkness: Street lights present and lit,Fine without high winds,Dry,None,None,1,Yes,E01000001,2005
1002,200501CP00265,532970.0,180950.0,-0.085209,51.511783,48,3,2,1,14/11/2005,2,21:45,570,E09000001,3,10,Single carriageway,30,Automatic traffic signal,5,0,None within 50 metres,Pedestrian phase at traffic signal junction,Darkness: Street lights present and lit,Fine without high winds,Dry,None,None,1,No,E01000004,2005
1003,200501CP00266,533090.0,181450.0,-0.083292,51.516248,48,3,2,1,15/11/2005,3,09:14,570,E09000001,3,1211,Dual carriageway,30,None,-1,0,None within 50 metres,No physical crossing within 50 meters,Daylight: Street light present,Fine without high winds,Wet/Damp,None,None,1,Yes,E01000004,2005
1004,200501CP00267,533250.0,181540.0,-0.080953,51.51702,48,3,1,1,19/10/2005,4,08:26,570,E09000001,3,10,Single carriageway,30,Automatic traffic signal,5,0,None within 50 metres,Pedestrian phase at traffic signal junction,Daylight: Street light present,Raining without high winds,Wet/Damp,Auto traffic singal out,None,1,Yes,E01000004,2005
1005,200501CP00268,531620.0,181160.0,-0.104573,51.513986,48,3,2,1,20/10/2005,5,07:10,570,E09000001,3,201,Slip road,30,Automatic traffic signal,5,0,None within 50 metres,Pedestrian phase at traffic signal junction,Daylight: Street light present,Fine without high winds,Wet/Damp,None,None,1,Yes,E01000004,2005
1006,200501CP00269,532980.0,180990.0,-0.08505,51.512141,48,3,2,3,15/11/2005,3,17:45,570,E09000001,3,10,Single carriageway,30,Giveway or uncontrolled,6,0,None within 50 metres,No physical crossing within 50 meters,Darkness: Street lights present and lit,Fine without high winds,Dry,None,None,1,Yes,E01000004,2005
1007,200501CP00270,531350.0,181570.0,-0.10831,51.517734,48,3,2,1,16/11/2005,4,23:15,570,E09000001,3,40,Single carriageway,30,None,-1,0,None within 50 metres,Pedestrian phase at traffic signal junction,Darkness: Street lights present and lit,Fine without high winds,Dry,None,None,1,Yes,E01000004,2005
1008,200501CP00271,531550.0,181670.0,-0.105391,51.518586,1,3,2,1,17/11/2005,5,09:50,2,E09000007,3,201,Single carriageway,30,Automatic traffic signal,4,400,None within 50 metres,Pedestrian phase at traffic signal junction,Daylight: Street light present,Fine without high winds,Dry,None,None,1,No,E01000916,2005
1009,200501CP00272,532660.0,181220.0,-0.089572,51.514283,48,3,1,1,17/11/2005,5,18:10,570,E09000001,5,0,Single carriageway,30,None,-1,0,None within 50 metres,No physical crossing within 50 meters,Darkness: Street lights present and lit,Fine without high winds,Dry,None,None,1,No,E01000004,2005
1010,200501CP00273,531620.0,181160.0,-0.104573,51.513986,48,3,2,1,21/11/2005,2,09:02,570,E09000001,3,201,Single carriageway,30,Automatic traffic signal,5,0,None within 50 metres,Pedestrian phase at traffic signal junction,Daylight: Street light present,Fine without high winds,Dry,None,None,1,Yes,E01000004,2005
1011,200501CP00274,533200.0,181420.0,-0.081719,51.515953,48,3,1,1,21/11/2005,2,17:55,570,E09000001,3,10,Single carriageway,30,Automatic traffic signal,3,1211,None within 50 metres,Pedestrian phase at traffic signal junction,Darkness: Street lights present and lit,Fine without high winds,Dry,None,None,1,Yes,E01000004,2005
1012,200501CP00275,533330.0,180710.0,-0.080115,51.509542,48,3,1,1,26/11/2005,7,00:10,570,E09000001,3,3211,Single carriageway,30,Automatic traffic signal,6,0,None within 50 metres,Pedestrian phase at traffic signal junction,Darkness: Street lights present and lit,Fine without high winds,Dry,None,None,1,Yes,E01000004,2005
1013,200501CP00276,531620.0,181490.0,-0.10445,51.516952,48,3,2,1,24/11/2005,5,09:15,570,E09000001,3,40,Single carriageway,30,None,-1,0,None within 50 metres,No physical crossing within 50 meters,Daylight: Street light present,Fine without high winds,Wet/Damp,None,None,1,Yes,E01000004,2005
1014,200501CP00277,532940.0,180680.0,-0.085743,51.509364,48,2,2,1,25/11/2005,6,07:21,570,E09000001,3,3211,Single carriageway,30,None,-1,0,None within 50 metres,No physical crossing within 50 meters,Daylight: Street light present,Other,Dry,None,None,1,Yes,E01000004,2005
1015,200501CP00278,531790.0,181410.0,-0.102032,51.516194,48,3,1,1,28/11/2005,2,14:20,570,E09000001,3,40,Single carriageway,30,Automatic traffic signal,3,40,None within 50 metres,Pedestrian phase at traffic signal junction,Daylight: Street light present,Fine without high winds,Dry,None,None,1,Yes,E01000004,2005
1016,200501CP00279,531560.0,181570.0,-0.105285,51.517685,48,3,2,1,29/11/2005,3,05:05,570,E09000001,3,201,Single carriageway,30,Giveway or uncontrolled,5,0,None within 50 metres,No physical crossing within 50 meters,Darkness: Street lights present and lit,Fine without high winds,Dry,None,None,1,Yes,E01000004,2005
1017,200501CP00280,531580.0,181510.0,-0.105019,51.517141,48,3,2,1,29/11/2005,3,16:39,570,E09000001,3,40,Dual carriageway,30,Giveway or uncontrolled,6,0,None within 50 metres,No physical crossing within 50 meters,Darkness: Street lights present and lit,Fine without high winds,Dry,None,None,1,Yes,E01000004,2005
1018,200501CP00281,531610.0,181290.0,-0.104669,51.515157,48,3,2,1,01/11/2005,3,10:55,570,E09000001,3,201,Dual carriageway,30,Giveway or uncontrolled,6,0,None within 50 metres,No physical crossing within 50 meters,Daylight: Street light present,Fine without high winds,Dry,None,None,1,Yes,E01000004,2005
1019,200501CP00282,532990.0,180680.0,-0.085022,51.509352,48,3,2,1,14/09/2005,4,17:15,570,E09000001,3,3211,Single carriageway,30,None,-1,0,None within 50 metres,No physical crossing within 50 meters,Daylight: Street light present,Fine without high winds,Dry,None,None,1,No,E01000004,2005
1020,200501CP00283,531580.0,181170.0,-0.105146,51.514086,48,3,2,1,15/12/2005,5,11:00,570,E09000001,5,0,Single carriageway,30,Giveway or uncontrolled,6,0,None within 50 metres,No physical crossing within 50 meters,Daylight: Street light present,Unknown,Dry,None,None,1,Yes,E01000004,2005
1021,200501CP00284,532160.0,181580.0,-0.096639,51.517635,48,3,2,1,23/11/2005,4,18:45,570,E09000001,3,1211,Roundabout,30,Giveway or uncontrolled,3,1,None within 50 metres,No physical crossing within 50 meters,Darkness: Street lights present and lit,Fine without high winds,Dry,None,None,1,Yes,E01000001,2005
1022,200501CP00285,533210.0,181430.0,-0.081571,51.51604,48,3,1,1,28/11/2005,2,21:42,570,E09000001,3,10,Dual carriageway,30,Automatic traffic signal,3,1211,None within 50 metres,Pedestrian phase at traffic signal junction,Darkness: Street lights present and lit,Fine without high winds,Dry,None,None,1,Yes,E01000004,2005
1023,200501CP00286,532740.0,181050.0,-0.088484,51.512736,48,3,1,1,01/12/2005,5,16:20,570,E09000001,5,0,Dual carriageway,30,Giveway or uncontrolled,5,0,None within 50 metres,No physical crossing within 50 meters,Darkness: Street lights present and lit,Fine without high winds,Wet/Damp,None,None,1,No,E01000004,2005
1024,200501CP00287,532690.0,181130.0,-0.089174,51.513467,48,2,1,2,01/12/2005,5,23:30,570,E09000001,5,0,Single carriageway,30,Automatic traffic signal,5,0,None within 50 metres,Pedestrian phase at traffic signal junction,Darkness: Street lights present and lit,Raining without high winds,Wet/Damp,None,None,1,No,E01000004,2005
1025,200501CP00288,532390.0,180980.0,-0.093551,51.512189,48,3,1,1,02/12/2005,6,07:30,570,E09000001,5,0,Single carriageway,30,Automatic traffic signal,5,0,None within 50 metres,Pedestrian phase at traffic signal junction,Darkness: Street lights present and lit,Fine without high winds,Dry,None,None,1,Yes,E01000004,2005
1026,200501CP00289,531590.0,181000.0,-0.105065,51.512556,48,3,2,1,02/12/2005,6,08:20,570,E09000001,5,0,One way street,30,Giveway or uncontrolled,5,0,None within 50 metres,No physical crossing within 50 meters,Daylight: Street light present,Fine without high winds,Wet/Damp,None,None,1,No,E01000004,2005
1027,200501CP00290,533300.0,181130.0,-0.080388,51.513323,48,3,2,1,02/12/2005,6,09:15,570,E09000001,5,0,Single carriageway,30,Giveway or uncontrolled,5,0,None within 50 metres,No physical crossing within 50 meters,Daylight: Street light present,Fine without high winds,Dry,None,None,1,Yes,E01000004,2005
1028,200501CP00291,533020.0,181060.0,-0.084447,51.51276,48,3,1,1,05/12/2005,2,12:00,570,E09000001,3,10,Single carriageway,30,Stop Sign,6,0,None within 50 metres,No physical crossing within 50 meters,Daylight: Street light present,Fine without high winds,Dry,None,None,1,Yes,E01000004,2005
1029,200501CP00292,532080.0,180930.0,-0.098034,51.511812,48,3,3,2,05/12/2005,2,14:15,570,E09000001,5,0,Single carriageway,30,Giveway or uncontrolled,5,0,None within 50 metres,No physical crossing within 50 meters,Daylight: Street light present,Fine without high winds,Dry,None,None,1,Yes,E01000004,2005
1030,200501CP00293,531390.0,181560.0,-0.107737,51.517635,48,3,2,1,06/12/2005,3,10:45,570,E09000001,3,40,Roundabout,30,Automatic traffic signal,3,4,None within 50 metres,Pedestrian phase at traffic signal junction,Daylight: Street light present,Fine without high winds,Dry,None,None,1,Yes,E01000004,2005
1031,200501CP00294,532870.0,180790.0,-0.086709,51.510369,48,3,2,1,02/12/2005,6,18:00,570,E09000001,3,3,Single carriageway,30,Giveway or uncontrolled,5,0,None within 50 metres,No physical crossing within 50 meters,Darkness: Street lights present and lit,Fine without high winds,Wet/Damp,None,None,1,Yes,E01000004,2005
1032,200501CP00295,531610.0,181280.0,-0.104673,51.515067,48,3,2,1,07/12/2005,4,12:05,570,E09000001,3,201,Single carriageway,30,None,-1,0,None within 50 metres,No physical crossing within 50 meters,Daylight: Street light present,Fine without high winds,Dry,None,None,1,Yes,E01000004,2005
1033,200501CP00296,532740.0,181630.0,-0.088265,51.517948,48,3,2,1,07/12/2005,4,19:15,570,E09000001,3,501,Single carriageway,30,Giveway or uncontrolled,6,0,None within 50 metres,No physical crossing within 50 meters,Darkness: Street lights present and lit,Fine without high winds,Dry,None,None,1,Yes,E01000004,2005
1034,200501CP00297,532030.0,181310.0,-0.098612,51.515239,48,3,1,1,07/12/2005,4,23:30,570,E09000001,3,40,Dual carriageway,30,Giveway or uncontrolled,3,40,None within 50 metres,No physical crossing within 50 meters,Darkness: Street lights present and lit,Fine without high winds,Wet/Damp,None,None,1,Yes,E01000004,2005
1035,200501CP00298,532840.0,180750.0,-0.087156,51.510017,48,3,2,1,27/11/2005,1,17:00,570,E09000001,3,3,Single carriageway,30,Giveway or uncontrolled,5,0,None within 50 metres,No physical crossing within 50 meters,Darkness: Street lights present and lit,Fine without high winds,Dry,None,None,1,No,E01000004,2005
1036,200501CP00299,532710.0,181100.0,-0.088897,51.513192,48,3,2,1,09/12/2005,6,07:35,570,E09000001,5,0,Single carriageway,30,Automatic traffic signal,5,0,None within 50 metres,Pedestrian phase at traffic signal junction,Darkness: Street lights present and lit,Fine without high winds,Dry,None,None,1,Yes,E01000004,2005
1037,200501CP00300,531360.0,181450.0,-0.10821,51.516653,48,3,1,1,09/12/2005,6,13:02,570,E09000001,3,4,Single carriageway,30,None,-1,0,None within 50 metres,No physical crossing within 50 meters,Daylight: Street light present,Fine without high winds,Dry,None,None,1,Yes,E01000004,2005
1038,200501CP00301,533040.0,180820.0,-0.08425,51.510599,48,3,1,1,10/12/2005,7,00:15,570,E09000001,5,0,Single carriageway,30,Giveway or uncontrolled,5,0,None within 50 metres,No physical crossing within 50 meters,Darkness: Street lights present and lit,Fine without high winds,Dry,None,None,1,Yes,E01000004,2005
1039,200501CP00302,533540.0,181200.0,-0.076905,51.513896,48,3,1,1,11/12/2005,1,02:50,570,E09000001,3,1211,Roundabout,30,Automatic traffic signal,3,11,None within 50 metres,No physical crossing within 50 meters,Darkness: Street lights present and lit,Fine without high winds,Dry,None,None,1,No,E01000005,2005
1040,200501CP00303,533350.0,180710.0,-0.079827,51.509537,48,3,2,1,14/12/2005,4,17:40,570,E09000001,3,3211,Single carriageway,30,Giveway or uncontrolled,3,3211,None within 50 metres,No physical crossing within 50 meters,Darkness: Street lights present and lit,Fine without high winds,Dry,None,None,1,Yes,E01000004,2005
1041,200501CP00304,532860.0,181110.0,-0.086733,51.513247,48,3,1,1,17/12/2005,7,01:00,570,E09000001,5,0,Single carriageway,30,None,-1,0,None within 50 metres,No physical crossing within 50 meters,Darkness: Street lights present and lit,Fine without high winds,Dry,None,None,1,Yes,E01000004,2005
1042,200501CP00305,532860.0,181560.0,-0.086563,51.517291,48,3,2,1,21/12/2005,4,12:05,570,E09000001,6,0,Single carriageway,30,Giveway or uncontrolled,6,0,None within 50 metres,No physical crossing within 50 meters,Daylight: Street light present,Fine without high winds,Dry,None,None,1,Yes,E01000004,2005
1043,200501CP00306,533040.0,181120.0,-0.084136,51.513295,48,3,2,2,23/12/2005,6,02:38,570,E09000001,5,0,Single carriageway,30,Automatic traffic signal,3,10,None within 50 metres,Pedestrian phase at traffic signal junction,Darkness: Street lights present and lit,Fine without high winds,Dry,Roadworks,None,1,No,E01000004,2005
1044,200501CP00307,531720.0,180950.0,-0.103212,51.512076,48,3,2,1,17/11/2005,5,18:10,570,E09000001,3,3211,One way street,30,Giveway or uncontrolled,5,0,None within 50 metres,No physical crossing within 50 meters,Darkness: Street lights present and lit,Fine without high winds,Dry,None,None,1,Yes,E01000004,2005
1045,200501CP09007,532920.0,180850.0,-0.085967,51.510897,48,3,2,1,12/11/2005,7,20:38,570,E09000001,3,10,Single carriageway,30,Automatic traffic signal,5,0,None within 50 metres,No physical crossing within 50 meters,Darkness: Street lights present and lit,Fine without high winds,Dry,None,None,1,No,E01000004,2005
1046,200501CW10002,528510.0,179810.0,-0.149859,51.50257,1,3,2,1,04/01/2005,3,09:28,1,E09000033,3,4,Roundabout,30,Automatic traffic signal,5,0,None within 50 metres,Pedestrian phase at traffic signal junction,Daylight: Street light present,Fine without high winds,Dry,None,None,1,Yes,E01004736,2005
1047,200501CW10003,530050.0,178230.0,-0.128266,51.488018,1,3,2,1,01/01/2005,7,01:30,1,E09000033,3,202,Dual carriageway,30,None,-1,0,None within 50 metres,No physical crossing within 50 meters,Darkness: Street lights present and lit,Fine without high winds,Dry,None,None,1,Yes,,2005
1048,200501CW10008,528000.0,179340.0,-0.157374,51.498461,1,3,2,1,12/01/2005,4,09:00,1,E09000033,6,0,Single carriageway,30,Giveway or uncontrolled,6,0,None within 50 metres,No physical crossing within 50 meters,Daylight: Street light present,Fine without high winds,Dry,None,None,1,Yes,E01002818,2005
1049,200501CW10013,528100.0,180490.0,-0.155516,51.508774,1,3,1,1,09/01/2005,1,01:10,1,E09000033,3,4202,Dual carriageway,40,None,-1,0,None within 50 metres,No physical crossing within 50 meters,Darkness: Street lights present and lit,Fine without high winds,Dry,None,None,1,Yes,E01004689,2005
1050,200501CW10014,528850.0,181200.0,-0.144456,51.514984,1,3,1,1,09/01/2005,1,15:00,1,E09000033,3,40,One way street,30,Automatic traffic signal,3,40,None within 50 metres,Pedestrian phase at traffic signal junction,Daylight: Street light present,Raining without high winds,Wet/Damp,None,None,1,Yes,E01004765,2005
1051,200501CW10015,530140.0,180470.0,-0.126145,51.508128,1,3,2,1,12/01/2005,4,12:20,1,E09000033,3,4,Single carriageway,30,None,-1,0,None within 50 metres,No physical crossing within 50 meters,Daylight: Street light present,Fine without high winds,Dry,None,None,1,Yes,E01004736,2005
1052,200501CW10016,529740.0,180780.0,-0.131791,51.511006,1,3,1,1,14/01/2005,6,02:30,1,E09000033,5,0,One way street,30,Giveway or uncontrolled,6,0,None within 50 metres,No physical crossing within 50 meters,Darkness: Street lights present and lit,Fine without high winds,Dry,None,None,1,Yes,E01004734,2005
1053,200501CW10017,530050.0,179570.0,-0.127772,51.500061,1,3,1,1,08/01/2005,7,20:15,1,E09000033,3,302,One way street,30,Automatic traffic signal,3,302,None within 50 metres,Pedestrian phase at traffic signal junction,Darkness: Street lights present and lit,Fine without high winds,Dry,None,None,1,Yes,E01004733,2005
1054,200501CW10018,529130.0,179160.0,-0.141169,51.496587,1,3,2,1,13/01/2005,5,17:33,1,E09000033,3,302,Single carriageway,30,None,-1,0,None within 50 metres,No physical crossing within 50 meters,Darkness: Street lights present and lit,Fine without high winds,Dry,None,None,1,Yes,E01004748,2005
1055,200501CW10019,528640.0,182160.0,-0.14713,51.523659,1,3,2,2,15/01/2005,7,17:31,1,E09000033,3,501,Dual carriageway,30,None,-1,0,None within 50 metres,No physical crossing within 50 meters,Darkness: Street lights present and lit,Fine without high winds,Dry,None,None,1,Yes,E01004716,2005
1056,200501CW10020,529210.0,178180.0,-0.140376,51.487761,1,3,1,1,13/01/2005,5,17:15,1,E09000033,5,0,Single carriageway,30,Giveway or uncontrolled,6,0,None within 50 metres,No physical crossing within 50 meters,Darkness: Street lights present and lit,Fine without high winds,Dry,None,None,1,Yes,E01004669,2005
1057,200501CW10022,526590.0,183470.0,-0.176193,51.535895,1,3,2,1,18/01/2005,3,12:00,1,E09000033,3,41,Dual carriageway,30,Automatic traffic signal,5,0,None within 50 metres,Pedestrian phase at traffic signal junction,Daylight: Street light present,Fine without high winds,Dry,None,None,1,Yes,E01004649,2005
1058,200501CW10023,528910.0,181200.0,-0.143592,51.51497,1,3,1,1,08/01/2005,7,10:28,1,E09000033,3,40,Single carriageway,30,None,-1,0,None within 50 metres,No physical crossing within 50 meters,Daylight: Street light present,Fine without high winds,Dry,None,None,1,Yes,E01004764,2005
1059,200501CW10024,528750.0,178650.0,-0.146826,51.49209,1,3,1,1,08/01/2005,7,15:58,1,E09000033,6,0,One way street,30,Giveway or uncontrolled,6,0,None within 50 metres,No physical crossing within 50 meters,Darkness: Street lights present and lit,Fine without high winds,Dry,None,None,1,Yes,E01004750,2005
1060,200501CW10025,529920.0,179520.0,-0.129662,51.499641,1,3,2,1,10/01/2005,2,18:05,1,E09000033,5,0,Unknown,30,Giveway or uncontrolled,5,0,None within 50 metres,No physical crossing within 50 meters,Darkness: Street lights present and lit,Fine without high winds,Wet/Damp,None,None,1,Yes,E01004731,2005
1061,200501CW10026,528540.0,181120.0,-0.14895,51.514336,1,3,1,1,20/01/2005,5,17:47,1,E09000033,3,40,Dual carriageway,30,Automatic traffic signal,5,0,None within 50 metres,Pedestrian phase at traffic signal junction,Darkness: Street lights present and lit,Fine without high winds,Dry,None,None,1,Yes,E01004764,2005
1062,200501CW10028,529020.0,181150.0,-0.142025,51.514496,1,3,1,1,05/01/2005,4,18:42,1,E09000033,3,4201,Single carriageway,30,Giveway or uncontrolled,6,0,None within 50 metres,No physical crossing within 50 meters,Daylight: Street light present,Raining without high winds,Wet/Damp,None,None,1,Yes,E01004764,2005
1063,200501CW10029,528140.0,181240.0,-0.154668,51.515505,1,3,2,1,22/01/2005,7,19:40,1,E09000033,3,41,One way street,30,Automatic traffic signal,3,5204,None within 50 metres,Pedestrian phase at traffic signal junction,Darkness: Street lights present and lit,Fine without high winds,Wet/Damp,None,None,1,Yes,E01004714,2005
1064,200501CW10030,526580.0,182190.0,-0.176797,51.524394,1,3,1,1,11/01/2005,3,17:08,1,E09000033,5,0,Single carriageway,30,Automatic traffic signal,3,5,None within 50 metres,Pedestrian phase at traffic signal junction,Darkness: Street lights present and lit,Raining without high winds,Wet/Damp,None,None,1,Yes,E01004703,2005
1065,200501CW10031,527980.0,180730.0,-0.157158,51.510958,1,3,2,3,03/01/2005,2,06:58,1,E09000033,5,0,Dual carriageway,40,Automatic traffic signal,3,4202,None within 50 metres,No physical crossing within 50 meters,Darkness: Street lights present and lit,Fine without high winds,Wet/Damp,None,None,1,Yes,E01004689,2005
1066,200501CW10032,529270.0,181280.0,-0.138377,51.515607,1,3,1,1,07/01/2005,6,14:10,1,E09000033,3,40,Single carriageway,30,Giveway or uncontrolled,6,0,None within 50 metres,Central refuge,Daylight: Street light present,Fine without high winds,Dry,None,None,1,Yes,E01004764,2005
1067,200501CW10033,526850.0,181120.0,-0.173292,51.514717,1,3,2,2,06/01/2005,5,18:45,1,E09000033,5,0,Single carriageway,30,Giveway or uncontrolled,3,4209,None within 50 metres,No physical crossing within 50 meters,Darkness: Street lights present and lit,Fine without high winds,Dry,None,None,1,Yes,E01004683,2005
1068,200501CW10034,527830.0,181710.0,-0.158963,51.519799,1,3,2,1,06/01/2005,5,23:38,1,E09000033,3,41,One way street,30,Automatic traffic signal,5,0,None within 50 metres,Pedestrian phase at traffic signal junction,Darkness: Street lights present and lit,Fine without high winds,Dry,None,None,1,Yes,E01004662,2005
1069,200501CW10036,529750.0,180900.0,-0.131603,51.512082,1,3,2,1,22/01/2005,7,07:50,1,E09000033,3,401,Single carriageway,30,Giveway or uncontrolled,5,0,None within 50 metres,Zebra crossing,Daylight: Street light present,Fine without high winds,Dry,None,None,1,Yes,E01004763,2005
1070,200501CW10037,528380.0,180190.0,-0.151593,51.506014,1,3,2,1,10/01/2005,2,00:36,1,E09000033,3,4202,Dual carriageway,30,Giveway or uncontrolled,5,0,None within 50 metres,No physical crossing within 50 meters,Darkness: Street lights present and lit,Fine without high winds,Dry,None,None,1,Yes,E01004762,2005
1071,200501CW10038,525160.0,182510.0,-0.197141,51.527586,1,3,1,1,11/01/2005,3,15:18,1,E09000033,4,414,Single carriageway,30,Automatic traffic signal,4,413,None within 50 metres,Pedestrian phase at traffic signal junction,Daylight: Street light present,Raining without high winds,Wet/Damp,None,None,1,Yes,E01004675,2005
1072,200501CW10039,528650.0,182070.0,-0.147019,51.522848,1,2,2,1,12/01/2005,4,12:24,1,E09000033,3,4201,Single carriageway,30,None,-1,0,None within 50 metres,No physical crossing within 50 meters,Daylight: Street light present,Fine without high winds,Dry,None,None,1,Yes,E01004716,2005
1073,200501CW10040,528430.0,179670.0,-0.151062,51.50133,1,3,1,1,22/01/2005,7,14:00,1,E09000033,3,302,Single carriageway,30,Giveway or uncontrolled,6,0,None within 50 metres,No physical crossing within 50 meters,Daylight: Street light present,Fine without high winds,Dry,None,None,1,Yes,E01004690,2005
1074,200501CW10041,528930.0,179100.0,-0.144071,51.496093,1,3,1,1,14/01/2005,6,17:29,1,E09000033,6,0,One way street,30,None,-1,0,None within 50 metres,No physical crossing within 50 meters,Darkness: Street lights present and lit,Fine without high winds,Dry,None,None,1,Yes,E01004750,2005
1075,200501CW10042,529830.0,178370.0,-0.131381,51.489327,1,3,2,1,14/01/2005,6,17:16,1,E09000033,3,202,Dual carriageway,30,Automatic traffic signal,4,310,None within 50 metres,Pedestrian phase at traffic signal junction,Darkness: Street lights present and lit,Fine without high winds,Dry,None,None,1,Yes,E01004737,2005
1076,200501CW10043,529660.0,180630.0,-0.132998,51.509676,1,3,1,1,14/02/2005,2,21:17,1,E09000033,3,4,One way street,30,Automatic traffic signal,5,0,None within 50 metres,Pedestrian phase at traffic signal junction,Darkness: Street lights present and lit,Fine without high winds,Dry,None,None,1,Yes,E01004736,2005
1077,200501CW10044,528840.0,181180.0,-0.144607,51.514807,1,3,1,1,17/01/2005,2,16:20,1,E09000033,3,40,Single carriageway,30,Automatic traffic signal,3,40,None within 50 metres,Pedestrian phase at traffic signal junction,Darkness: Street lights present and lit,Raining without high winds,Wet/Damp,None,None,1,Yes,E01004764,2005
1078,200501CW10045,527900.0,181960.0,-0.157864,51.52203,1,3,3,1,17/01/2005,2,17:12,1,E09000033,3,501,Dual carriageway,30,Automatic traffic signal,3,41,None within 50 metres,Pedestrian phase at traffic signal junction,Darkness: Street lights present and lit,Raining without high winds,Wet/Damp,None,None,1,Yes,E01004660,2005
1079,200501CW10047,529900.0,181020.0,-0.129398,51.513126,1,3,1,1,23/01/2005,1,02:59,1,E09000033,3,400,Single carriageway,30,Automatic traffic signal,3,401,None within 50 metres,Pedestrian phase at traffic signal junction,Darkness: Street lights present and lit,Fine without high winds,Dry,None,None,1,Yes,E01004763,2005
1080,200501CW10049,526000.0,182910.0,-0.184896,51.530994,1,3,2,1,10/01/2005,2,08:00,1,E09000033,3,5,Dual carriageway,30,None,-1,0,None within 50 metres,No physical crossing within 50 meters,Daylight: Street light present,Fine without high winds,Dry,None,None,1,Yes,E01004711,2005
1081,200501CW10050,528950.0,181930.0,-0.142749,51.521522,1,3,1,1,19/01/2005,4,17:01,1,E09000033,6,0,Single carriageway,30,None,-1,0,None within 50 metres,No physical crossing within 50 meters,Darkness: Street lights present and lit,Raining without high winds,Wet/Damp,None,None,1,Yes,E01004715,2005
1082,200501CW10052,529960.0,180880.0,-0.128586,51.511854,1,3,1,1,19/01/2005,4,11:55,1,E09000033,3,400,Single carriageway,40,Giveway or uncontrolled,6,0,None within 50 metres,No physical crossing within 50 meters,Daylight: Street light present,Fine without high winds,Dry,None,None,1,Yes,E01004734,2005
1083,200501CW10054,528560.0,177930.0,-0.149824,51.485663,1,3,2,2,13/01/2005,5,09:17,12,E09000020,3,3212,Dual carriageway,30,Automatic traffic signal,3,3216,None within 50 metres,Pedestrian phase at traffic signal junction,Daylight: Street light present,Fine without high winds,Dry,None,None,1,Yes,E01004669,2005
1084,200501CW10055,529970.0,178980.0,-0.129141,51.494777,1,2,2,1,13/01/2005,5,18:20,1,E09000033,4,323,Single carriageway,30,Automatic traffic signal,4,326,None within 50 metres,Pedestrian phase at traffic signal junction,Darkness: Street lights present and lit,Fine without high winds,Dry,None,None,1,Yes,E01004743,2005
1085,200501CW10056,528650.0,179440.0,-0.147978,51.499213,1,3,1,1,11/01/2005,3,14:28,1,E09000033,3,302,Dual carriageway,30,Giveway or uncontrolled,6,0,None within 50 metres,No physical crossing within 50 meters,Daylight: Street light present,Raining without high winds,Wet/Damp,None,None,1,Yes,E01004731,2005
1086,200501CW10057,529300.0,180150.0,-0.138359,51.505445,1,3,1,1,14/01/2005,6,21:30,1,E09000033,3,4,Single carriageway,30,None,-1,0,None within 50 metres,No physical crossing within 50 meters,Darkness: Street lights present and lit,Fine without high winds,Dry,None,None,1,Yes,E01004736,2005
1087,200501CW10058,527930.0,181970.0,-0.157428,51.522113,1,3,2,1,16/01/2005,1,15:19,1,E09000033,3,501,Dual carriageway,30,Automatic traffic signal,3,41,None within 50 metres,Pedestrian phase at traffic signal junction,Daylight: Street light present,Fine without high winds,Dry,None,None,1,Yes,E01004712,2005
1088,200501CW10061,529030.0,181200.0,-0.141863,51.514943,1,3,2,1,10/01/2005,2,18:15,1,E09000033,3,4201,Single carriageway,30,None,-1,0,None within 50 metres,No physical crossing within 50 meters,Darkness: Street lights present and lit,Raining without high winds,Wet/Damp,None,None,1,No,E01004764,2005
1089,200501CW10062,529820.0,180950.0,-0.130576,51.512515,1,3,2,1,01/01/2005,7,14:35,1,E09000033,3,401,Single carriageway,30,Giveway or uncontrolled,6,0,None within 50 metres,No physical crossing within 50 meters,Daylight: Street light present,Fine without high winds,Dry,None,None,1,No,E01004763,2005
1090,200501CW10063,528010.0,181020.0,-0.15662,51.513557,1,3,1,1,20/01/2005,5,23:40,1,E09000033,3,40,Single carriageway,30,None,-1,0,None within 50 metres,No physical crossing within 50 meters,Darkness: Street lights present and lit,Fine without high winds,Dry,None,None,1,Yes,E01004762,2005
1091,200501CW10064,528650.0,179420.0,-0.147985,51.499033,1,2,2,1,21/01/2005,6,21:42,1,E09000033,3,302,Dual carriageway,30,Giveway or uncontrolled,6,0,None within 50 metres,No physical crossing within 50 meters,Darkness: Street lights present and lit,Fine without high winds,Dry,None,None,1,Yes,E01004690,2005
1092,200501CW10070,528630.0,181140.0,-0.147646,51.514495,1,2,1,1,16/01/2005,1,17:18,1,E09000033,3,40,Single carriageway,30,None,-1,0,None within 50 metres,No physical crossing within 50 meters,Darkness: Street lights present and lit,Fine without high winds,Dry,None,None,1,Yes,E01004764,2005
1093,200501CW10073,525880.0,181640.0,-0.187078,51.519607,1,3,2,1,23/01/2005,1,15:30,1,E09000033,3,40,Dual carriageway,50,None,-1,0,None within 50 metres,No physical crossing within 50 meters,Daylight: Street light present,Fine without high winds,Dry,None,None,1,Yes,E01004757,2005
1094,200501CW10074,524930.0,182150.0,-0.200583,51.524402,1,3,2,1,24/01/2005,2,17:36,1,E09000033,5,0,Single carriageway,30,None,-1,0,None within 50 metres,No physical crossing within 50 meters,Darkness: Street lights present and lit,Fine without high winds,Dry,None,None,1,Yes,E01004675,2005
1095,200501CW10075,529470.0,178970.0,-0.136344,51.494802,1,2,2,1,26/01/2005,4,08:15,1,E09000033,6,0,Single carriageway,30,Giveway or uncontrolled,4,324,None within 50 metres,No physical crossing within 50 meters,Daylight: Street light present,Fine without high winds,Dry,None,None,1,Yes,E01004744,2005
1096,200501CW10076,529000.0,181230.0,-0.142284,51.515219,1,3,1,2,26/01/2005,4,14:10,1,E09000033,3,4201,Dual carriageway,30,Automatic traffic signal,3,40,None within 50 metres,No physical crossing within 50 meters,Daylight: Street light present,Fine without high winds,Dry,None,None,1,Yes,E01004764,2005
1097,200501CW10077,528420.0,179680.0,-0.151202,51.501422,1,3,2,1,25/01/2005,3,19:10,1,E09000033,3,302,Single carriageway,30,Stop Sign,6,0,None within 50 metres,No physical crossing within 50 meters,Darkness: Street lights present and lit,Raining without high winds,Wet/Damp,Permanent sign or marking defective or obscured,None,1,Yes,E01004690,2005
1098,200501CW10078,529830.0,180950.0,-0.130432,51.512513,1,3,1,1,26/01/2005,4,16:44,1,E09000033,3,401,Single carriageway,30,Giveway or uncontrolled,6,0,None within 50 metres,No physical crossing within 50 meters,Daylight: Street light present,Fine without high winds,Dry,None,None,1,Yes,E01004734,2005
1099,200501CW10079,530860.0,181040.0,-0.115564,51.513084,1,3,1,1,18/01/2005,3,23:20,1,E09000033,3,4,One way street,30,Automatic traffic signal,6,0,None within 50 metres,Pedestrian phase at traffic signal junction,Darkness: Street lights present and lit,Fine without high winds,Dry,None,None,1,Yes,E01004735,2005
1100,200501CW10080,527770.0,181920.0,-0.159751,51.5217,1,3,3,1,26/01/2005,4,03:25,1,E09000033,3,41,Dual carriageway,30,Automatic traffic signal,3,501,None within 50 metres,Pedestrian phase at traffic signal junction,Darkness: Street lights present and lit,Fine without high winds,Wet/Damp,Auto traffic singal out,None,1,Yes,E01004662,2005
1101,200501CW10081,526690.0,183000.0,-0.174921,51.531649,1,3,2,1,26/01/2005,4,10:25,1,E09000033,5,0,Single carriageway,30,Giveway or uncontrolled,6,0,None within 50 metres,No physical crossing within 50 meters,Daylight: Street light present,Fine without high winds,Dry,None,None,1,Yes,E01004726,2005
1102,200501CW10082,530000.0,180390.0,-0.12819,51.507441,1,3,1,1,27/01/2005,5,11:30,1,E09000033,3,4,One way street,30,Automatic traffic signal,3,3212,None within 50 metres,Pedestrian phase at traffic signal junction,Daylight: Street light present,Fine without high winds,Dry,None,None,1,Yes,E01004736,2005
1103,200501CW10083,529520.0,179380.0,-0.135473,51.498475,1,3,1,1,27/01/2005,5,11:05,1,E09000033,6,0,One way street,30,Giveway or uncontrolled,6,0,None within 50 metres,No physical crossing within 50 meters,Daylight: Street light present,Fine without high winds,Dry,None,None,1,Yes,E01004731,2005
1104,200501CW10084,529110.0,178400.0,-0.141735,51.489761,1,3,2,1,27/01/2005,5,19:00,1,E09000033,6,0,Single carriageway,30,Giveway or uncontrolled,6,0,None within 50 metres,No physical crossing within 50 meters,Darkness: Street lights present and lit,Fine without high winds,Wet/Damp,None,None,1,Yes,E01004753,2005
1105,200501CW10085,529930.0,180980.0,-0.128981,51.51276,1,3,2,1,20/01/2005,5,13:30,1,E09000033,3,400,Dual carriageway,30,Giveway or uncontrolled,6,0,None within 50 metres,No physical crossing within 50 meters,Daylight: Street light present,Fine without high winds,Dry,None,None,1,Yes,E01004734,2005
1106,200501CW10086,529650.0,180430.0,-0.133216,51.507881,1,2,1,1,20/01/2005,5,15:26,1,E09000033,3,4,One way street,30,Giveway or uncontrolled,4,2327,None within 50 metres,Zebra crossing,Daylight: Street light present,Fine without high winds,Wet/Damp,None,None,1,Yes,E01004736,2005
1107,200501CW10087,528840.0,182200.0,-0.144235,51.523973,1,3,2,1,31/01/2005,2,00:35,1,E09000033,3,501,Dual carriageway,30,Automatic traffic signal,3,4201,None within 50 metres,Pedestrian phase at traffic signal junction,Darkness: Street lights present and lit,Fine without high winds,Dry,None,None,1,Yes,E01000946,2005
1108,200501CW10088,530230.0,179040.0,-0.125376,51.495256,1,3,2,1,25/01/2005,3,09:35,1,E09000033,3,3212,Single carriageway,30,None,-1,0,None within 50 metres,No physical crossing within 50 meters,Daylight: Street light present,Fine without high winds,Dry,None,None,1,Yes,E01004733,2005
1109,200501CW10089,527230.0,182760.0,-0.167227,51.529371,1,2,1,1,11/01/2005,3,19:40,1,E09000033,3,41,Single carriageway,30,Automatic traffic signal,6,0,None within 50 metres,Pedestrian phase at traffic signal junction,Darkness: Street lights present and lit,Fine without high winds,Wet/Damp,None,None,1,Yes,E01004725,2005
1110,200501CW10090,528850.0,179160.0,-0.145201,51.496651,1,3,2,1,31/01/2005,2,19:22,1,E09000033,3,302,One way street,30,Automatic traffic signal,3,3214,None within 50 metres,Pedestrian phase at traffic signal junction,Darkness: Street lights present and lit,Fine without high winds,Dry,None,None,1,Yes,E01004750,2005
1111,200501CW10091,530250.0,180590.0,-0.124516,51.509181,1,3,1,1,06/01/2005,5,13:45,1,E09000033,3,4,Single carriageway,30,None,-1,0,None within 50 metres,No physical crossing within 50 meters,Daylight: Street light present,Fine without high winds,Dry,None,None,1,No,E01004734,2005
1112,200501CW10092,529700.0,180580.0,-0.132441,51.509218,1,2,2,1,19/01/2005,4,19:30,1,E09000033,3,4,Single carriageway,30,Automatic traffic signal,3,4,None within 50 metres,Pedestrian phase at traffic signal junction,Darkness: Street lighting unknown,Fine without high winds,Dry,None,None,1,No,E01004736,2005
1113,200501CW10093,529070.0,181050.0,-0.141342,51.513586,1,3,2,1,27/01/2005,5,19:00,1,E09000033,5,0,Single carriageway,30,Automatic traffic signal,3,4201,None within 50 metres,Pedestrian phase at traffic signal junction,Darkness: Street lights present and lit,Fine without high winds,Wet/Damp,None,None,1,No,E01004764,2005
1114,200501CW10094,527630.0,181870.0,-0.161786,51.521282,1,3,1,1,20/01/2005,5,21:10,1,E09000033,6,0,Dual carriageway,30,Giveway or uncontrolled,3,501,None within 50 metres,No physical crossing within 50 meters,Darkness: Street lights present and lit,Fine without high winds,Wet/Damp,None,None,1,Yes,E01004662,2005
1115,200501CW10095,526550.0,181700.0,-0.177405,51.519997,1,3,4,1,23/01/2005,1,11:10,1,E09000033,3,40,Dual carriageway,30,None,-1,0,None within 50 metres,No physical crossing within 50 meters,Daylight: Street light present,Fine without high winds,Wet/Damp,None,None,1,Yes,E01004685,2005
1116,200501CW10102,526190.0,180830.0,-0.182902,51.512259,1,3,2,1,26/01/2005,4,19:30,1,E09000033,4,410,Single carriageway,30,None,-1,0,None within 50 metres,No physical crossing within 50 meters,Darkness: Street lights present and lit,Fine without high winds,Dry,None,None,1,No,E01004694,2005
1117,200501CW10103,526250.0,182620.0,-0.181397,51.528332,1,3,2,1,01/02/2005,3,17:28,1,E09000033,3,5,Dual carriageway,30,Automatic traffic signal,5,0,None within 50 metres,No physical crossing within 50 meters,Darkness: Street lights present and lit,Fine without high winds,Wet/Damp,None,None,1,Yes,E01004726,2005
1118,200501CW10104,529020.0,181190.0,-0.142011,51.514855,1,3,1,1,10/01/2005,2,23:30,1,E09000033,3,4201,Single carriageway,30,None,-1,0,None within 50 metres,No physical crossing within 50 meters,Darkness: Street lights present and lit,Fine without high winds,Dry,None,None,1,Yes,E01004764,2005
1119,200501CW10106,526720.0,181230.0,-0.175125,51.515735,1,3,1,1,18/01/2005,3,10:30,1,E09000033,3,4205,Single carriageway,30,Giveway or uncontrolled,5,0,None within 50 metres,Zebra crossing,Daylight: Street light present,Fine without high winds,Dry,None,None,1,Yes,E01004682,2005
1120,200501CW10107,527580.0,180930.0,-0.162846,51.512846,1,3,1,2,20/01/2005,5,16:36,1,E09000033,6,0,Dual carriageway,30,Giveway or uncontrolled,3,402,None within 50 metres,Zebra crossing,Darkness: Street lights present and lit,Fine without high winds,Dry,None,None,1,Yes,E01004689,2005
1121,200501CW10108,527300.0,181440.0,-0.166695,51.517492,1,3,3,1,20/01/2005,5,23:12,1,E09000033,5,0,Single carriageway,30,Giveway or uncontrolled,3,5,None within 50 metres,No physical crossing within 50 meters,Darkness: Street lights present and lit,Raining without high winds,Wet/Damp,None,None,1,Yes,E01004684,2005
1122,200501CW10109,528700.0,179310.0,-0.147306,51.498033,1,3,2,1,28/01/2005,6,13:10,1,E09000033,3,302,One way street,30,Automatic traffic signal,3,3217,None within 50 metres,Pedestrian phase at traffic signal junction,Daylight: Street light present,Raining without high winds,Wet/Damp,None,None,1,Yes,E01004690,2005
1123,200501CW10110,528930.0,180240.0,-0.143654,51.506338,1,3,2,1,07/01/2005,6,19:30,1,E09000033,5,0,Single carriageway,30,Automatic traffic signal,3,4,None within 50 metres,No physical crossing within 50 meters,Darkness: Street lights present and lit,Fine without high winds,Dry,None,None,1,Yes,E01004761,2005
1124,200501CW10111,530430.0,180350.0,-0.122013,51.506983,1,3,1,1,07/01/2005,6,15:15,1,E09000033,3,3211,Dual carriageway,30,None,-1,0,None within 50 metres,No physical crossing within 50 meters,Daylight: Street light present,Fine without high winds,Dry,None,None,1,Yes,E01004733,2005
1125,200501CW10112,528850.0,178250.0,-0.145532,51.488473,1,3,2,1,08/01/2005,7,12:35,1,E09000033,6,0,Single carriageway,30,Giveway or uncontrolled,6,0,None within 50 metres,No physical crossing within 50 meters,Daylight: Street light present,Fine without high winds,Dry,None,None,1,Yes,E01004668,2005
1126,200501CW10113,529080.0,179140.0,-0.141896,51.496419,1,3,1,1,09/01/2005,1,13:10,1,E09000033,3,302,One way street,30,Giveway or uncontrolled,3,302,None within 50 metres,No physical crossing within 50 meters,Daylight: Street light present,Fine without high winds,Dry,None,None,1,Yes,E01004748,2005
1127,200501CW10114,529920.0,180990.0,-0.129121,51.512852,1,3,1,1,31/01/2005,2,15:10,1,E09000033,3,400,Single carriageway,30,None,-1,0,None within 50 metres,No physical crossing within 50 meters,Daylight: Street light present,Fine without high winds,Dry,None,None,1,Yes,E01004734,2005
1128,200501CW10116,529350.0,180530.0,-0.1375,51.508849,1,3,1,1,01/02/2005,3,15:04,1,E09000033,3,4,One way street,30,Giveway or uncontrolled,6,0,None within 50 metres,Zebra crossing,Daylight: Street light present,Raining without high winds,Wet/Damp,None,None,1,Yes,E01004764,2005
1129,200501CW10118,527420.0,179680.0,-0.165602,51.501648,1,3,2,1,01/02/2005,3,17:40,1,E09000033,3,315,Single carriageway,30,Giveway or uncontrolled,6,0,None within 50 metres,No physical crossing within 50 meters,Darkness: Street lights present and lit,Raining without high winds,Wet/Damp,None,None,1,Yes,E01004689,2005
1130,200501CW10119,527330.0,179690.0,-0.166894,51.501758,1,3,2,1,28/01/2005,6,08:08,1,E09000033,6,0,Single carriageway,30,Giveway or uncontrolled,3,315,None within 50 metres,No physical crossing within 50 meters,Daylight: Street light present,Fine without high winds,Wet/Damp,None,None,1,Yes,E01004689,2005
1131,200501CW10120,526390.0,180690.0,-0.180072,51.510956,1,3,1,1,31/01/2005,2,15:10,1,E09000033,6,0,Single carriageway,30,Giveway or uncontrolled,3,402,None within 50 metres,No physical crossing within 50 meters,Daylight: Street light present,Fine without high winds,Dry,None,None,1,Yes,E01004694,2005
1132,200501CW10121,530000.0,180370.0,-0.128198,51.507262,1,3,1,1,02/02/2005,4,21:20,1,E09000033,3,3212,Single carriageway,30,None,-1,0,None within 50 metres,No physical crossing within 50 meters,Darkness: Street lights present and lit,Fine without high winds,Dry,None,None,1,Yes,E01004736,2005
1133,200501CW10122,529540.0,179100.0,-0.135288,51.495954,1,3,1,1,25/01/2005,3,15:20,1,E09000033,4,323,Single carriageway,30,Giveway or uncontrolled,4,324,None within 50 metres,No physical crossing within 50 meters,Daylight: Street light present,Fine without high winds,Wet/Damp,None,None,1,No,E01004744,2005
1134,200501CW10124,529370.0,179040.0,-0.137758,51.495454,1,3,2,1,02/02/2005,4,13:40,1,E09000033,6,0,Single carriageway,30,Giveway or uncontrolled,6,0,None within 50 metres,No physical crossing within 50 meters,Daylight: Street light present,Fine without high winds,Dry,None,None,1,Yes,E01004748,2005
1135,200501CW10125,527970.0,181010.0,-0.1572,51.513476,1,3,1,1,02/02/2005,4,10:55,1,E09000033,3,40,Single carriageway,30,None,-1,0,None within 50 metres,Pedestrian phase at traffic signal junction,Daylight: Street light present,Fine without high winds,Dry,None,None,1,Yes,E01004762,2005
1136,200501CW10126,529940.0,180470.0,-0.129025,51.508174,1,3,2,1,02/02/2005,4,18:20,1,E09000033,3,4,One way street,30,Automatic traffic signal,3,4,None within 50 metres,Pedestrian phase at traffic signal junction,Darkness: Street lights present and lit,Fine without high winds,Wet/Damp,None,None,1,Yes,E01004736,2005
1137,200501CW10127,527960.0,180650.0,-0.157475,51.510243,1,3,2,1,03/02/2005,5,11:59,1,E09000033,3,4202,Dual carriageway,30,None,-1,0,None within 50 metres,No physical crossing within 50 meters,Daylight: Street light present,Fine without high winds,Dry,None,None,1,Yes,E01004689,2005
1138,200501CW10129,528410.0,179700.0,-0.151339,51.501604,1,3,2,1,31/01/2005,2,21:00,1,E09000033,3,302,Roundabout,30,Giveway or uncontrolled,3,4,None within 50 metres,No physical crossing within 50 meters,Darkness: Street lights present and lit,Fine without high winds,Dry,None,None,1,Yes,E01004691,2005
1139,200501CW10130,529820.0,180200.0,-0.130852,51.505775,1,3,2,1,03/02/2005,5,15:50,1,E09000033,5,0,Single carriageway,30,Automatic traffic signal,6,0,None within 50 metres,Pedestrian phase at traffic signal junction,Daylight: Street light present,Fine without high winds,Dry,None,None,1,Yes,E01004736,2005
1140,200501CW10131,528450.0,181100.0,-0.150254,51.514176,1,3,1,1,04/02/2005,6,15:20,1,E09000033,3,40,One way street,30,Automatic traffic signal,3,40,None within 50 metres,Pedestrian phase at traffic signal junction,Daylight: Street light present,Fine without high winds,Dry,None,None,1,Yes,E01004764,2005
1141,200501CW10132,528500.0,181110.0,-0.14953,51.514255,1,3,1,1,04/02/2005,6,13:23,1,E09000033,3,40,Single carriageway,30,Automatic traffic signal,5,0,None within 50 metres,Pedestrian phase at traffic signal junction,Daylight: Street light present,Fine without high winds,Dry,None,None,1,Yes,E01004764,2005
1142,200501CW10135,529340.0,181180.0,-0.137405,51.514692,1,3,2,2,05/02/2005,7,03:35,1,E09000033,5,0,Single carriageway,30,Giveway or uncontrolled,5,0,None within 50 metres,No physical crossing within 50 meters,Darkness: Street lights present and lit,Fine without high winds,Dry,None,None,1,Yes,E01004764,2005
1143,200501CW10136,528980.0,181380.0,-0.142518,51.516572,1,2,1,1,14/01/2005,6,16:19,1,E09000033,3,4201,Dual carriageway,30,None,-1,0,None within 50 metres,No physical crossing within 50 meters,Darkness: Street lights present and lit,Fine without high winds,Wet/Damp,None,None,1,Yes,E01004765,2005
1144,200501CW10137,527750.0,181900.0,-0.160046,51.521525,1,3,1,1,05/02/2005,7,19:50,1,E09000033,3,501,Dual carriageway,30,Automatic traffic signal,3,41,None within 50 metres,Pedestrian phase at traffic signal junction,Darkness: Street lights present and lit,Fine without high winds,Dry,None,None,1,Yes,E01004662,2005
1145,200501CW10138,530090.0,181340.0,-0.126544,51.515958,1,3,2,1,07/02/2005,2,13:50,2,E09000007,3,401,One way street,30,Automatic traffic signal,3,401,None within 50 metres,Pedestrian phase at traffic signal junction,Daylight: Street light present,Fine without high winds,Dry,None,None,1,Yes,E01000919,2005
1146,200501CW10140,528340.0,179220.0,-0.152522,51.497306,1,3,2,1,07/02/2005,2,08:35,1,E09000033,4,310,Single carriageway,30,Giveway or uncontrolled,6,0,None within 50 metres,No physical crossing within 50 meters,Daylight: Street light present,Fine without high winds,Dry,None,None,1,Yes,E01004690,2005
1147,200501CW10141,527940.0,181160.0,-0.157578,51.514831,1,3,2,1,08/01/2005,7,19:45,1,E09000033,3,5204,Single carriageway,30,Giveway or uncontrolled,6,0,None within 50 metres,No physical crossing within 50 meters,Darkness: Street lights present and lit,Fine without high winds,Dry,None,None,1,Yes,E01004657,2005
1148,200501CW10142,527770.0,181890.0,-0.159762,51.52143,1,3,2,1,08/02/2005,3,23:47,1,E09000033,3,41,One way street,30,Automatic traffic signal,3,501,None within 50 metres,Pedestrian phase at traffic signal junction,Darkness: Street lights present and lit,Fine without high winds,Dry,None,None,1,Yes,E01004662,2005
1149,200501CW10143,529560.0,180660.0,-0.134428,51.509969,1,3,2,1,08/02/2005,3,09:42,1,E09000033,3,4201,One way street,30,Automatic traffic signal,3,4,None within 50 metres,Pedestrian phase at traffic signal junction,Daylight: Street light present,Fine without high winds,Dry,None,None,1,Yes,E01004736,2005
1150,200501CW10144,529580.0,181270.0,-0.133915,51.515446,1,3,2,1,28/01/2005,6,04:30,1,E09000033,5,0,One way street,30,Giveway or uncontrolled,6,0,None within 50 metres,No physical crossing within 50 meters,Darkness: Street lights present and lit,Raining without high winds,Wet/Damp,None,None,1,Yes,E01004763,2005
1151,200501CW10146,530060.0,180460.0,-0.1273,51.508057,1,3,1,1,10/02/2005,5,03:45,1,E09000033,3,4,Single carriageway,30,None,-1,0,None within 50 metres,non-junction pedestrian crossing,Darkness: Street lights present and lit,Raining without high winds,Wet/Damp,None,None,1,Yes,E01004736,2005
1152,200501CW10149,526890.0,181870.0,-0.172446,51.521449,1,3,2,1,13/01/2005,5,20:45,1,E09000033,3,5,Single carriageway,30,None,-1,0,None within 50 metres,No physical crossing within 50 meters,Darkness: Street lights present and lit,Fine without high winds,Wet/Damp,None,None,1,No,E01004702,2005
1153,200501CW10150,527590.0,181160.0,-0.162619,51.51491,1,3,2,1,29/01/2005,7,02:59,1,E09000033,3,5,Single carriageway,30,Automatic traffic signal,3,5,None within 50 metres,Pedestrian phase at traffic signal junction,Darkness: Street lights present and lit,Fine without high winds,Dry,None,None,1,Yes,E01004658,2005
1154,200501CW10160,526230.0,181410.0,-0.182119,51.517462,1,3,2,2,20/01/2005,5,14:25,1,E09000033,5,0,Dual carriageway,30,Automatic traffic signal,3,4206,None within 50 metres,No physical crossing within 50 meters,Daylight: Street light present,Fine without high winds,Dry,None,None,1,Yes,E01004681,2005
1155,200501CW10177,528040.0,180620.0,-0.156333,51.509956,1,3,2,1,27/01/2005,5,13:25,1,E09000033,5,0,Single carriageway,40,Automatic traffic signal,3,4202,None within 50 metres,No physical crossing within 50 meters,Daylight: Street light present,Fine without high winds,Dry,None,None,1,Yes,E01004689,2005
1156,200501CW10182,527480.0,181820.0,-0.163965,51.520867,1,3,1,1,13/01/2005,5,17:30,1,E09000033,5,0,Dual carriageway,30,Giveway or uncontrolled,3,501,None within 50 metres,No physical crossing within 50 meters,Darkness: Street lights present and lit,Fine without high winds,Dry,None,None,1,Yes,E01004661,2005
1157,200501CW10183,524860.0,181970.0,-0.201655,51.522799,1,3,1,1,27/01/2005,5,20:00,1,E09000033,6,0,Single carriageway,30,Giveway or uncontrolled,3,4207,None within 50 metres,No physical crossing within 50 meters,Darkness: Street lights present and lit,Raining without high winds,Wet/Damp,None,None,1,Yes,E01004679,2005
1158,200501CW10184,529110.0,181250.0,-0.140693,51.515374,1,3,1,1,13/01/2005,5,15:40,1,E09000033,3,4201,Single carriageway,30,Automatic traffic signal,3,40,None within 50 metres,No physical crossing within 50 meters,Daylight: Street light present,Fine without high winds,Dry,None,None,1,Yes,E01004764,2005
1159,200501CW10185,525500.0,182100.0,-0.192389,51.523826,1,3,1,1,28/01/2005,6,15:45,1,E09000033,5,0,Single carriageway,30,Giveway or uncontrolled,6,0,None within 50 metres,No physical crossing within 50 meters,Daylight: Street light present,Raining without high winds,Wet/Damp,None,None,1,Yes,E01004756,2005
1160,200501CW10186,529410.0,178850.0,-0.137251,51.493737,1,3,1,1,14/01/2005,6,16:00,1,E09000033,4,324,Single carriageway,30,Automatic traffic signal,6,0,None within 50 metres,Pedestrian phase at traffic signal junction,Daylight: Street light present,Fine without high winds,Dry,None,None,1,Yes,E01004747,2005
1161,200501CW10187,526940.0,181710.0,-0.171783,51.519999,1,3,2,1,01/02/2005,3,14:33,1,E09000033,3,404,Dual carriageway,50,None,-1,0,None within 50 metres,No physical crossing within 50 meters,Daylight: Street light present,Fine without high winds,Dry,None,None,1,Yes,E01004702,2005
1162,200501CW10188,526580.0,183500.0,-0.176327,51.536167,1,3,1,1,01/02/2005,3,15:30,1,E09000033,3,41,Dual carriageway,30,Giveway or uncontrolled,5,0,None within 50 metres,No physical crossing within 50 meters,Daylight: Street light present,Fine without high winds,Dry,None,None,1,Yes,E01004649,2005
1163,200501CW10189,527570.0,181150.0,-0.162911,51.514825,1,3,2,1,01/02/2005,3,19:30,1,E09000033,3,5,Dual carriageway,30,Automatic traffic signal,5,0,None within 50 metres,Pedestrian phase at traffic signal junction,Darkness: Street lights present and lit,Fine without high winds,Wet/Damp,None,None,1,Yes,E01004680,2005
1164,200501CW10190,525280.0,182280.0,-0.195494,51.525492,1,3,1,1,02/02/2005,4,15:25,1,E09000033,6,0,Single carriageway,30,Giveway or uncontrolled,6,0,None within 50 metres,No physical crossing within 50 meters,Daylight: Street light present,Fine without high winds,Dry,None,None,1,Yes,E01004675,2005
1165,200501CW10192,527610.0,180850.0,-0.162443,51.51212,1,3,2,2,04/02/2005,6,16:35,1,E09000033,6,0,Single carriageway,30,None,-1,0,None within 50 metres,No physical crossing within 50 meters,Daylight: Street light present,Fine without high winds,Dry,None,None,1,Yes,E01004689,2005
1166,200501CW10194,530160.0,179660.0,-0.126155,51.500844,1,3,2,1,09/02/2005,4,03:37,1,E09000033,3,302,One way street,30,Automatic traffic signal,3,3212,None within 50 metres,Pedestrian phase at traffic signal junction,Darkness: Street lights present and lit,Fine without high winds,Dry,None,None,1,Yes,E01004733,2005
1167,200501CW10195,529100.0,181010.0,-0.140924,51.513219,1,3,1,1,09/02/2005,4,14:32,1,E09000033,3,4201,Dual carriageway,30,None,-1,0,None within 50 metres,Pedestrian phase at traffic signal junction,Daylight: Street light present,Fine without high winds,Dry,None,None,1,Yes,E01004764,2005
1168,200501CW10196,525800.0,183190.0,-0.187678,51.533555,1,3,2,1,10/02/2005,5,12:27,1,E09000033,3,5,Single carriageway,30,Automatic traffic signal,5,0,None within 50 metres,Pedestrian phase at traffic signal junction,Daylight: Street light present,Fine without high winds,Wet/Damp,None,None,1,Yes,E01004648,2005
1169,200501CW10197,528340.0,179810.0,-0.152307,51.502608,1,3,2,1,07/02/2005,2,13:00,1,E09000033,3,4,Dual carriageway,30,Giveway or uncontrolled,3,4,None within 50 metres,No physical crossing within 50 meters,Daylight: Street light present,Fine without high winds,Dry,None,None,1,Yes,E01004691,2005
1170,200501CW10198,529470.0,180600.0,-0.135746,51.50945,1,3,1,1,08/02/2005,3,15:36,1,E09000033,3,4,Slip road,30,Automatic traffic signal,6,0,None within 50 metres,Pedestrian phase at traffic signal junction,Daylight: Street light present,Fine without high winds,Dry,None,None,1,Yes,E01004764,2005
1171,200501CW10199,529030.0,181230.0,-0.141852,51.515213,1,2,1,1,10/02/2005,5,17:39,1,E09000033,3,40,Single carriageway,30,Automatic traffic signal,3,4201,None within 50 metres,Pedestrian phase at traffic signal junction,Darkness: Street lights present and lit,Fine without high winds,Wet/Damp,None,None,1,Yes,E01004764,2005
1172,200501CW10200,528950.0,179300.0,-0.14371,51.497886,1,3,1,1,11/02/2005,6,17:15,1,E09000033,3,3214,One way street,30,Automatic traffic signal,3,3217,None within 50 metres,Pedestrian phase at traffic signal junction,Daylight: Street light present,Raining without high winds,Wet/Damp,None,None,1,Yes,E01004731,2005
1173,200501CW10201,528950.0,177920.0,-0.144213,51.485484,1,3,1,1,11/02/2005,6,08:18,1,E09000033,3,3212,Dual carriageway,30,None,-1,0,None within 50 metres,No physical crossing within 50 meters,Daylight: Street light present,Raining without high winds,Wet/Damp,None,None,1,Yes,E01004668,2005
1174,200501CW10202,529760.0,179390.0,-0.132014,51.49851,1,3,2,1,11/02/2005,6,20:10,1,E09000033,3,302,Dual carriageway,30,Giveway or uncontrolled,6,0,None within 50 metres,No physical crossing within 50 meters,Darkness: Street lights present and lit,Raining without high winds,Wet/Damp,None,None,1,Yes,E01004732,2005
1175,200501CW10203,529810.0,180200.0,-0.130996,51.505778,1,3,1,1,11/02/2005,6,19:00,1,E09000033,5,0,Dual carriageway,30,Giveway or uncontrolled,6,0,None within 50 metres,non-junction pedestrian crossing,Darkness: Street lights present and lit,Raining without high winds,Wet/Damp,None,None,1,Yes,E01004736,2005
1176,200501CW10204,528890.0,180210.0,-0.144241,51.506078,1,3,1,1,12/02/2005,7,00:55,1,E09000033,3,4,Dual carriageway,30,Automatic traffic signal,6,0,None within 50 metres,Pedestrian phase at traffic signal junction,Darkness: Street lights present and lit,Fine without high winds,Dry,None,None,1,Yes,E01004761,2005
1177,200501CW10205,528080.0,181440.0,-0.155459,51.517316,1,3,1,1,12/02/2005,7,16:04,1,E09000033,3,41,One way street,30,Automatic traffic signal,5,0,None within 50 metres,Pedestrian phase at traffic signal junction,Daylight: Street light present,Raining without high winds,Wet/Damp,None,None,1,Yes,E01004714,2005
1178,200501CW10206,528020.0,181110.0,-0.156444,51.514364,1,3,2,3,13/02/2005,1,16:05,1,E09000033,3,41,Single carriageway,30,Giveway or uncontrolled,6,0,None within 50 metres,No physical crossing within 50 meters,Daylight: Street light present,Fine without high winds,Dry,Roadworks,None,1,Yes,E01004657,2005
1179,200501CW10207,528850.0,181190.0,-0.144459,51.514894,1,2,2,2,13/02/2005,1,18:40,1,E09000033,3,40,Single carriageway,30,Automatic traffic signal,3,40,None within 50 metres,Pedestrian phase at traffic signal junction,Darkness: Street lights present and lit,Raining without high winds,Wet/Damp,None,None,1,Yes,E01004764,2005
1180,200501CW10208,529700.0,180870.0,-0.132334,51.511824,1,3,1,1,13/02/2005,1,21:22,1,E09000033,5,0,Single carriageway,30,Automatic traffic signal,3,401,None within 50 metres,No physical crossing within 50 meters,Darkness: Street lights present and lit,Fine without high winds,Dry,None,None,1,Yes,E01004763,2005
1181,200501CW10209,528170.0,181220.0,-0.154243,51.515318,1,3,2,1,14/02/2005,2,18:40,1,E09000033,3,41,Single carriageway,30,Giveway or uncontrolled,3,5204,None within 50 metres,No physical crossing within 50 meters,Darkness: Street lights present and lit,Fine without high winds,Dry,None,None,1,Yes,E01004714,2005
1182,200501CW10214,527130.0,181620.0,-0.169079,51.519148,1,3,2,1,02/01/2005,1,09:18,1,E09000033,3,4205,Dual carriageway,30,Automatic traffic signal,3,5,None within 50 metres,Pedestrian phase at traffic signal junction,Daylight: Street light present,Fine without high winds,Dry,None,None,1,Yes,E01004685,2005
1183,200501CW10216,527890.0,181000.0,-0.158356,51.513405,1,2,1,2,19/02/2005,7,10:25,1,E09000033,3,40,Single carriageway,30,Giveway or uncontrolled,3,40,None within 50 metres,No physical crossing within 50 meters,Daylight: Street light present,Fine without high winds,Dry,None,None,1,Yes,E01004657,2005
1184,200501CW10217,525990.0,182930.0,-0.185033,51.531176,1,3,4,2,09/01/2005,1,09:50,1,E09000033,3,5,Single carriageway,30,None,-1,0,None within 50 metres,No physical crossing within 50 meters,Daylight: Street light present,Fine without high winds,Dry,None,None,1,Yes,E01004711,2005
1185,200501CW10218,525890.0,183060.0,-0.186427,51.532367,1,3,2,1,10/01/2005,2,08:40,1,E09000033,3,5,Single carriageway,30,None,-1,0,None within 50 metres,No physical crossing within 50 meters,Daylight: Street light present,Fine without high winds,Dry,None,None,1,Yes,E01004711,2005
1186,200501CW10220,529820.0,181380.0,-0.130418,51.51638,1,3,2,1,16/01/2005,1,05:30,2,E09000007,3,40,Single carriageway,30,Automatic traffic signal,3,400,None within 50 metres,No physical crossing within 50 meters,Darkness: Street lights present and lit,Fine without high winds,Dry,None,None,1,Yes,E01004763,2005
1187,200501CW10221,527150.0,180850.0,-0.169068,51.512223,1,2,3,2,07/02/2005,2,14:30,1,E09000033,3,402,Single carriageway,30,Giveway or uncontrolled,6,0,None within 50 metres,No physical crossing within 50 meters,Daylight: Street light present,Fine without high winds,Dry,None,None,1,Yes,E01004689,2005
1188,200501CW10222,525940.0,183000.0,-0.185728,51.531816,1,3,3,1,06/02/2005,1,14:02,1,E09000033,3,5,Dual carriageway,30,None,-1,0,None within 50 metres,No physical crossing within 50 meters,Daylight: Street light present,Fine without high winds,Dry,None,None,1,Yes,E01004711,2005
1189,200501CW10223,528710.0,181150.0,-0.146491,51.514567,1,3,1,1,09/02/2005,4,12:20,1,E09000033,3,40,Single carriageway,30,None,-1,0,None within 50 metres,Pedestrian phase at traffic signal junction,Daylight: Street light present,Fine without high winds,Dry,None,None,1,Yes,E01004764,2005
1190,200501CW10225,528970.0,181370.0,-0.142665,51.516484,1,3,2,1,09/02/2005,4,21:34,1,E09000033,3,4201,Dual carriageway,30,Automatic traffic signal,3,4201,None within 50 metres,Pedestrian phase at traffic signal junction,Darkness: Street lights present and lit,Fine without high winds,Wet/Damp,None,None,1,Yes,E01004765,2005
1191,200501CW10226,527760.0,180980.0,-0.160236,51.513254,1,3,1,1,11/02/2005,6,20:22,1,E09000033,3,5,Dual carriageway,30,Giveway or uncontrolled,3,40,None within 50 metres,No physical crossing within 50 meters,Darkness: Street lights present and lit,Fine without high winds,Dry,None,None,1,Yes,E01004658,2005
1192,200501CW10227,526130.0,181370.0,-0.183574,51.517125,1,3,3,1,11/02/2005,6,18:38,1,E09000033,3,4206,Single carriageway,30,Giveway or uncontrolled,5,0,None within 50 metres,No physical crossing within 50 meters,Darkness: Street lights present and lit,Fine without high winds,Wet/Damp,None,None,1,Yes,E01004656,2005
1193,200501CW10228,528340.0,179790.0,-0.152314,51.502428,1,3,1,1,12/02/2005,7,20:45,1,E09000033,3,4,Single carriageway,30,None,-1,0,None within 50 metres,No physical crossing within 50 meters,Darkness: Street lights present and lit,Fine without high winds,Dry,None,None,1,Yes,E01004691,2005
1194,200501CW10229,528080.0,180760.0,-0.155706,51.511205,1,3,2,1,14/02/2005,2,00:40,1,E09000033,5,0,One way street,30,None,-1,0,None within 50 metres,No physical crossing within 50 meters,Darkness: Street lights present and lit,Fine without high winds,Wet/Damp,None,None,1,Yes,E01004762,2005
1195,200501CW10230,528340.0,179220.0,-0.152522,51.497306,1,3,1,1,15/02/2005,3,12:25,1,E09000033,4,310,One way street,30,Giveway or uncontrolled,6,0,None within 50 metres,No physical crossing within 50 meters,Daylight: Street light present,Fine without high winds,Dry,None,None,1,Yes,E01004690,2005
1196,200501CW10231,528240.0,179820.0,-0.153744,51.502721,1,3,3,1,15/02/2005,3,16:20,1,E09000033,3,4,Dual carriageway,30,None,-1,0,None within 50 metres,No physical crossing within 50 meters,Daylight: Street light present,Fine without high winds,Dry,None,None,1,Yes,E01004691,2005
1197,200501CW10232,529530.0,180610.0,-0.134878,51.509526,1,3,1,1,11/02/2005,6,18:24,1,E09000033,3,4,Single carriageway,30,Automatic traffic signal,3,4,None within 50 metres,Pedestrian phase at traffic signal junction,Darkness: Street lights present and lit,Fine without high winds,Dry,None,None,1,Yes,E01004736,2005
1198,200501CW10234,529790.0,180420.0,-0.131203,51.507759,1,3,1,1,12/02/2005,7,15:16,1,E09000033,3,4,One way street,30,Automatic traffic signal,3,4,None within 50 metres,Pedestrian phase at traffic signal junction,Daylight: Street light present,Fine without high winds,Dry,Roadworks,Other object in carriageway,1,Yes,E01004736,2005
1199,200501CW10235,529080.0,180370.0,-0.141447,51.507472,1,3,2,2,16/02/2005,4,16:50,1,E09000033,5,0,Single carriageway,30,Automatic traffic signal,3,4,None within 50 metres,Pedestrian phase at traffic signal junction,Daylight: Street light present,Fine without high winds,Dry,None,None,1,Yes,E01004761,2005
1200,200501CW10236,528990.0,179450.0,-0.143079,51.499225,1,3,1,1,16/02/2005,4,09:00,1,E09000033,3,3214,Dual carriageway,30,Automatic traffic signal,5,0,None within 50 metres,Pedestrian phase at traffic signal junction,Daylight: Street light present,Fine without high winds,Dry,None,None,1,Yes,E01004731,2005
1201,200501CW10238,526220.0,180640.0,-0.182538,51.510544,1,3,1,1,17/02/2005,5,10:16,1,E09000033,3,402,Dual carriageway,30,Automatic traffic signal,4,410,None within 50 metres,Pedestrian phase at traffic signal junction,Daylight: Street light present,Fine without high winds,Dry,None,None,1,Yes,E01004694,2005
1202,200501CW10239,529350.0,180530.0,-0.1375,51.508849,1,3,2,1,17/02/2005,5,11:08,1,E09000033,3,4,Dual carriageway,30,Giveway or uncontrolled,6,0,None within 50 metres,No physical crossing within 50 meters,Daylight: Street light present,Fine without high winds,Dry,None,None,1,Yes,E01004764,2005
1203,200501CW10240,528040.0,181060.0,-0.156174,51.51391,1,3,1,1,17/02/2005,5,11:52,1,E09000033,3,41,One way street,30,Automatic traffic signal,3,40,None within 50 metres,Pedestrian phase at traffic signal junction,Daylight: Street light present,Raining without high winds,Wet/Damp,None,None,1,Yes,E01004657,2005
1204,200501CW10243,527870.0,181250.0,-0.158553,51.515656,1,3,2,1,05/01/2005,4,07:15,1,E09000033,6,0,Single carriageway,30,Giveway or uncontrolled,6,0,None within 50 metres,No physical crossing within 50 meters,Darkness: Street lights present and lit,Fine without high winds,Wet/Damp,None,None,1,No,E01004657,2005
1205,200501CW10245,527070.0,179690.0,-0.170638,51.501816,1,3,2,1,18/01/2005,3,08:00,1,E09000033,3,315,Single carriageway,30,None,-1,0,None within 50 metres,No physical crossing within 50 meters,Daylight: Street light present,Fine without high winds,Dry,None,None,1,No,E01004692,2005
1206,200501CW10247,525990.0,180600.0,-0.185865,51.510236,1,3,2,2,07/03/2005,2,01:17,1,E09000033,3,402,Single carriageway,30,Giveway or uncontrolled,4,411,None within 50 metres,No physical crossing within 50 meters,Darkness: Street lights present and lit,Fine without high winds,Dry,None,None,1,Yes,E01004688,2005
1207,200501CW10249,529040.0,181230.0,-0.141708,51.51521,1,3,1,1,28/01/2005,6,14:53,1,E09000033,3,40,Dual carriageway,30,Automatic traffic signal,3,4201,None within 50 metres,Pedestrian phase at traffic signal junction,Daylight: Street light present,Raining with high winds,Wet/Damp,None,None,1,Yes,E01004764,2005
1208,200501CW10252,528540.0,178490.0,-0.149908,51.4907,1,3,2,1,06/02/2005,1,19:35,1,E09000033,3,3214,Single carriageway,30,Automatic traffic signal,3,3214,None within 50 metres,Pedestrian phase at traffic signal junction,Darkness: Street lights present and lit,Fine without high winds,Dry,None,None,1,Yes,E01004667,2005
1209,200501CW10253,529070.0,180950.0,-0.141378,51.512687,1,3,1,1,14/02/2005,2,12:06,1,E09000033,4,406,Single carriageway,30,None,-1,0,None within 50 metres,No physical crossing within 50 meters,Daylight: Street light present,Fine without high winds,Dry,None,None,1,Yes,E01004764,2005
1210,200501CW10254,530840.0,180750.0,-0.11596,51.510483,1,2,2,1,15/02/2005,3,11:14,1,E09000033,3,3211,Dual carriageway,30,None,-1,0,None within 50 metres,No physical crossing within 50 meters,Daylight: Street light present,Fine without high winds,Dry,None,None,1,Yes,E01004735,2005
1211,200501CW10255,527240.0,182750.0,-0.167087,51.529279,1,3,2,1,17/02/2005,5,13:45,1,E09000033,3,41,Single carriageway,30,None,-1,0,None within 50 metres,No physical crossing within 50 meters,Daylight: Street light present,Raining without high winds,Wet/Damp,None,None,1,Yes,E01004725,2005
1212,200501CW10257,528830.0,182190.0,-0.144382,51.523886,1,3,1,1,18/02/2005,6,15:30,1,E09000033,3,501,Dual carriageway,30,Automatic traffic signal,3,4201,None within 50 metres,Pedestrian phase at traffic signal junction,Daylight: Street light present,Raining without high winds,Wet/Damp,None,None,1,Yes,E01004715,2005
1213,200501CW10258,528270.0,178990.0,-0.153613,51.495255,1,3,2,3,18/02/2005,6,17:23,1,E09000033,6,0,Single carriageway,30,Giveway or uncontrolled,6,0,None within 50 metres,No physical crossing within 50 meters,Darkness: Street lights present and lit,Raining without high winds,Wet/Damp,None,None,1,Yes,E01004687,2005
1214,200501CW10259,529630.0,180670.0,-0.133416,51.510043,1,3,2,1,18/02/2005,6,21:22,1,E09000033,3,4201,One way street,30,Automatic traffic signal,3,4,None within 50 metres,Pedestrian phase at traffic signal junction,Darkness: Street lights present and lit,Fine without high winds,Dry,None,None,1,Yes,E01004736,2005
1215,200501CW10261,529600.0,181210.0,-0.133649,51.514902,1,3,1,1,19/02/2005,7,01:11,1,E09000033,5,0,One way street,30,Giveway or uncontrolled,6,0,None within 50 metres,No physical crossing within 50 meters,Darkness: Street lights present and lit,Fine without high winds,Dry,None,None,1,Yes,E01004763,2005
1216,200501CW10262,530370.0,180190.0,-0.122936,51.505559,1,3,1,1,19/02/2005,7,03:34,1,E09000033,3,3211,Single carriageway,30,None,-1,0,None within 50 metres,No physical crossing within 50 meters,Darkness: Street lights present and lit,Fine without high winds,Dry,None,None,1,Yes,E01004736,2005
1217,200501CW10264,527570.0,181160.0,-0.162907,51.514915,1,3,2,1,19/02/2005,7,13:00,1,E09000033,3,5,Dual carriageway,30,Automatic traffic signal,5,0,None within 50 metres,Pedestrian phase at traffic signal junction,Daylight: Street light present,Fine without high winds,Dry,None,None,1,Yes,E01004680,2005
1218,200501CW10266,529280.0,181910.0,-0.138002,51.521267,1,3,2,1,20/01/2005,5,18:45,2,E09000007,5,0,One way street,30,Automatic traffic signal,6,0,None within 50 metres,No physical crossing within 50 meters,Darkness: Street lights present and lit,Fine without high winds,Dry,None,None,1,Yes,E01000851,2005
1219,200501CW10267,528820.0,180520.0,-0.145136,51.50888,1,3,1,2,20/02/2005,1,01:00,1,E09000033,6,0,Single carriageway,30,None,-1,0,None within 50 metres,Zebra crossing,Darkness: Street lights present and lit,Fine without high winds,Dry,None,None,1,Yes,E01004761,2005
1220,200501CW10268,528730.0,179240.0,-0.146899,51.497397,1,2,2,1,21/02/2005,2,21:20,1,E09000033,4,312,One way street,30,None,-1,0,None within 50 metres,No physical crossing within 50 meters,Darkness: Street lights present and lit,Snowing without high winds,Snow,None,None,1,Yes,E01004690,2005
1221,200501CW10269,530640.0,180960.0,-0.118763,51.512416,1,2,1,1,22/02/2005,3,19:11,1,E09000033,3,4,Single carriageway,30,None,-1,0,None within 50 metres,No physical crossing within 50 meters,Darkness: Street lights present and lit,Snowing without high winds,Snow,None,None,1,Yes,E01004735,2005
1222,200501CW10270,529020.0,179140.0,-0.14276,51.496432,1,3,1,1,22/02/2005,3,16:20,1,E09000033,3,302,Single carriageway,30,None,-1,0,None within 50 metres,No physical crossing within 50 meters,Daylight: Street light present,Unknown,Wet/Damp,None,None,1,Yes,E01004750,2005
1223,200501CW10271,530440.0,180390.0,-0.121854,51.50734,1,3,1,1,10/01/2005,2,23:50,1,E09000033,3,3211,Dual carriageway,30,None,-1,0,None within 50 metres,No physical crossing within 50 meters,Darkness: Street lights present and lit,Fine without high winds,Dry,None,None,1,No,E01004733,2005
1224,200501CW10272,528360.0,181090.0,-0.151554,51.514107,1,3,1,2,16/02/2005,4,19:50,1,E09000033,3,40,Single carriageway,30,Automatic traffic signal,5,0,None within 50 metres,Pedestrian phase at traffic signal junction,Darkness: Street lights present and lit,Fine without high winds,Dry,None,None,1,Yes,E01004714,2005
1225,200501CW10273,528570.0,178990.0,-0.149294,51.495187,1,2,2,1,02/03/2005,4,17:28,1,E09000033,6,0,One way street,30,Giveway or uncontrolled,3,3213,None within 50 metres,No physical crossing within 50 meters,Darkness: Street lights present and lit,Raining without high winds,Wet/Damp,None,None,1,Yes,E01004690,2005
1226,200501CW10274,528490.0,179880.0,-0.150122,51.503203,1,3,2,1,02/03/2005,4,08:30,1,E09000033,3,4,Roundabout,30,Automatic traffic signal,3,4,None within 50 metres,Pedestrian phase at traffic signal junction,Daylight: Street light present,Fine without high winds,Wet/Damp,None,None,1,Yes,E01004761,2005
1227,200501CW10275,529730.0,178440.0,-0.132795,51.489979,1,2,2,1,23/02/2005,4,17:25,1,E09000033,3,202,Dual carriageway,30,Automatic traffic signal,6,0,None within 50 metres,Pedestrian phase at traffic signal junction,Daylight: Street light present,Other,Wet/Damp,None,None,1,Yes,E01004737,2005
1228,200501CW10276,527640.0,181310.0,-0.161845,51.516247,1,3,1,1,23/02/2005,4,20:10,1,E09000033,5,0,Single carriageway,30,Automatic traffic signal,5,0,None within 50 metres,No physical crossing within 50 meters,Darkness: Street lights present and lit,Fine without high winds,Wet/Damp,None,None,1,Yes,E01004663,2005
1229,200501CW10277,526600.0,183890.0,-0.175898,51.539667,1,2,1,1,24/02/2005,5,09:00,2,E09000007,3,41,Dual carriageway,30,Automatic traffic signal,5,0,None within 50 metres,No physical crossing within 50 meters,Daylight: Street light present,Snowing without high winds,Wet/Damp,None,None,1,Yes,E01000961,2005
1230,200501CW10278,527450.0,181820.0,-0.164397,51.520873,1,3,2,1,24/02/2005,5,08:02,1,E09000033,3,501,Single carriageway,30,Automatic traffic signal,4,507,None within 50 metres,No physical crossing within 50 meters,Daylight: Street light present,Raining without high winds,Wet/Damp,None,None,1,No,E01004673,2005
1231,200501CW10279,531010.0,181070.0,-0.113393,51.513319,1,3,1,1,24/02/2005,5,16:00,1,E09000033,3,4,Dual carriageway,30,None,-1,0,None within 50 metres,Zebra crossing,Daylight: Street light present,Fine without high winds,Dry,None,None,1,Yes,E01004735,2005
1232,200501CW10280,528690.0,180040.0,-0.147183,51.504596,1,3,1,1,25/02/2005,6,20:50,1,E09000033,3,4,Single carriageway,30,None,-1,0,None within 50 metres,No physical crossing within 50 meters,Darkness: Street lights present and lit,Fine without high winds,Dry,None,None,1,Yes,E01004761,2005
1233,200501CW10281,528450.0,181100.0,-0.150254,51.514176,1,3,1,2,25/02/2005,6,22:51,1,E09000033,3,40,Single carriageway,30,Automatic traffic signal,3,40,None within 50 metres,Pedestrian phase at traffic signal junction,Darkness: Street lights present and lit,Fine without high winds,Dry,None,None,1,Yes,E01004764,2005
1234,200501CW10282,529710.0,181360.0,-0.13201,51.516225,1,3,1,1,25/02/2005,6,11:05,1,E09000033,3,40,Dual carriageway,30,None,-1,0,None within 50 metres,No physical crossing within 50 meters,Daylight: Street light present,Snowing without high winds,Wet/Damp,None,None,1,Yes,E01004763,2005
1235,200501CW10283,529010.0,181220.0,-0.142144,51.515127,1,3,1,1,26/02/2005,7,15:10,1,E09000033,3,4201,Dual carriageway,30,Automatic traffic signal,3,40,None within 50 metres,Pedestrian phase at traffic signal junction,Daylight: Street light present,Fine without high winds,Wet/Damp,None,None,1,Yes,E01004764,2005
1236,200501CW10284,530820.0,181050.0,-0.116137,51.513184,1,3,1,1,27/02/2005,1,03:20,1,E09000033,3,4,One way street,30,Giveway or uncontrolled,6,0,None within 50 metres,No physical crossing within 50 meters,Darkness: Street lights present and lit,Fine without high winds,Dry,None,None,1,Yes,E01004735,2005
1237,200501CW10285,529890.0,181100.0,-0.129513,51.513847,1,3,1,1,28/02/2005,2,11:36,1,E09000033,3,400,Single carriageway,30,Automatic traffic signal,5,0,None within 50 metres,Pedestrian phase at traffic signal junction,Daylight: Street light present,Fine without high winds,Dry,None,None,1,Yes,E01004763,2005
1238,200501CW10286,528860.0,181190.0,-0.144315,51.514892,1,3,1,1,28/02/2005,2,15:00,1,E09000033,3,40,Single carriageway,30,Automatic traffic signal,3,40,None within 50 metres,Pedestrian phase at traffic signal junction,Daylight: Street light present,Fine without high winds,Dry,None,None,1,Yes,E01004764,2005
1239,200501CW10287,530250.0,179660.0,-0.124859,51.500824,1,2,1,1,02/03/2005,4,23:02,1,E09000033,3,302,Single carriageway,30,None,-1,0,None within 50 metres,No physical crossing within 50 meters,Darkness: Street lights present and lit,Snowing without high winds,Wet/Damp,None,None,1,Yes,E01004733,2005
1240,200501CW10288,527970.0,180760.0,-0.157291,51.51123,1,3,1,1,03/03/2005,5,20:59,1,E09000033,3,4202,Dual carriageway,40,None,-1,0,None within 50 metres,No physical crossing within 50 meters,Darkness: Street lights present and lit,Fine without high winds,Dry,None,None,1,Yes,E01004689,2005
1241,200501CW10290,525100.0,181810.0,-0.198254,51.521308,1,3,2,1,03/03/2005,5,07:05,1,E09000033,3,40,Dual carriageway,50,None,-1,0,None within 50 metres,No physical crossing within 50 meters,Daylight: Street light present,Fine without high winds,Frost/Ice,None,None,1,Yes,E01004758,2005
1242,200501CW10291,525130.0,181510.0,-0.197929,51.518606,1,3,2,1,03/03/2005,5,14:37,1,E09000033,3,4207,Single carriageway,30,Giveway or uncontrolled,6,0,None within 50 metres,No physical crossing within 50 meters,Daylight: Street light present,Fine without high winds,Dry,None,None,1,Yes,E01004760,2005
1243,200501CW10292,526570.0,182870.0,-0.176697,51.530507,1,3,2,1,03/03/2005,5,17:25,1,E09000033,5,0,Single carriageway,30,Automatic traffic signal,4,507,None within 50 metres,No physical crossing within 50 meters,Darkness: Street lights present and lit,Raining without high winds,Wet/Damp,None,None,1,Yes,E01004726,2005
1244,200501CW10293,525910.0,180990.0,-0.186878,51.513759,1,3,2,1,03/03/2005,5,17:35,1,E09000033,4,411,One way street,30,Automatic traffic signal,6,0,None within 50 metres,Pedestrian phase at traffic signal junction,Darkness: Street lights present and lit,Fine without high winds,Dry,Auto traffic signal partly defective,None,1,Yes,E01004698,2005
1245,200501CW10296,530510.0,180770.0,-0.120705,51.510739,1,2,1,1,13/02/2005,1,22:30,1,E09000033,3,4,Dual carriageway,30,None,-1,0,None within 50 metres,No physical crossing within 50 meters,Darkness: Street lights present and lit,Fine without high winds,Dry,None,None,1,Yes,E01004735,2005
1246,200501CW10297,526870.0,181910.0,-0.17272,51.521813,1,3,1,1,03/03/2005,5,13:40,1,E09000033,3,5,Dual carriageway,30,Automatic traffic signal,3,5,None within 50 metres,Pedestrian phase at traffic signal junction,Daylight: Street light present,Fine without high winds,Dry,None,None,1,Yes,E01004673,2005
1247,200501CW10298,530250.0,179660.0,-0.124859,51.500824,1,3,2,3,03/03/2005,5,20:30,1,E09000033,3,302,Dual carriageway,30,None,-1,0,None within 50 metres,non-junction pedestrian crossing,Darkness: Street lights present and lit,Fine without high winds,Dry,None,None,1,Yes,E01004733,2005
1248,200501CW10300,527010.0,181510.0,-0.170847,51.518186,1,3,2,1,04/03/2005,6,21:50,1,E09000033,6,0,Single carriageway,30,Giveway or uncontrolled,3,4205,None within 50 metres,Zebra crossing,Darkness: Street lights present and lit,Fine without high winds,Dry,None,None,1,Yes,E01004685,2005
1249,200501CW10301,527350.0,182250.0,-0.165682,51.52476,1,3,2,2,04/03/2005,6,04:29,1,E09000033,5,0,Single carriageway,30,Giveway or uncontrolled,6,0,None within 50 metres,No physical crossing within 50 meters,Darkness: Street lights present and lit,Fine without high winds,Dry,None,None,1,Yes,E01004670,2005
1250,200501CW10302,527770.0,181220.0,-0.160005,51.515409,1,3,2,3,04/03/2005,6,13:05,1,E09000033,5,0,Single carriageway,30,Automatic traffic signal,5,0,None within 50 metres,Pedestrian phase at traffic signal junction,Daylight: Street light present,Raining without high winds,Wet/Damp,None,None,1,Yes,E01004658,2005
1251,200501CW10303,529430.0,181320.0,-0.136058,51.51593,1,3,1,1,04/03/2005,6,16:05,1,E09000033,3,40,Single carriageway,30,Automatic traffic signal,3,40,None within 50 metres,Pedestrian phase at traffic signal junction,Daylight: Street light present,Fine without high winds,Wet/Damp,None,None,1,Yes,E01004763,2005
1252,200501CW10304,527320.0,181920.0,-0.166234,51.521801,1,3,2,1,05/03/2005,7,17:46,1,E09000033,6,0,Single carriageway,30,Giveway or uncontrolled,6,0,None within 50 metres,No physical crossing within 50 meters,Darkness: Street lights present and lit,Fine without high winds,Dry,None,None,1,Yes,E01004673,2005
1253,200501CW10305,527140.0,183710.0,-0.168181,51.537929,1,3,2,1,05/03/2005,7,15:00,2,E09000007,4,525,Dual carriageway,30,Giveway or uncontrolled,5,0,None within 50 metres,No physical crossing within 50 meters,Daylight: Street light present,Fine without high winds,Dry,None,None,1,Yes,E01000967,2005
1254,200501CW10306,529540.0,181260.0,-0.134495,51.515366,1,3,2,1,06/03/2005,1,16:40,1,E09000033,6,0,One way street,30,Giveway or uncontrolled,6,0,None within 50 metres,No physical crossing within 50 meters,Daylight: Street light present,Fine without high winds,Dry,None,None,1,Yes,E01004763,2005
1255,200501CW10307,528200.0,181020.0,-0.153884,51.513514,1,3,2,1,07/03/2005,2,15:59,1,E09000033,5,0,One way street,30,Giveway or uncontrolled,6,0,None within 50 metres,No physical crossing within 50 meters,Daylight: Street light present,Fine without high winds,Dry,None,None,1,Yes,E01004762,2005
1256,200501CW10310,529600.0,181200.0,-0.133653,51.514813,1,3,1,1,08/03/2005,3,20:50,1,E09000033,5,0,One way street,30,Giveway or uncontrolled,6,0,None within 50 metres,No physical crossing within 50 meters,Darkness: Street lights present and lit,Fine without high winds,Dry,None,None,1,Yes,E01004763,2005
1257,200501CW10311,528770.0,181840.0,-0.145374,51.520754,1,3,3,2,08/03/2005,3,00:12,1,E09000033,3,4201,Single carriageway,30,Automatic traffic signal,5,0,None within 50 metres,Pedestrian phase at traffic signal junction,Darkness: Street lights present and lit,Fine without high winds,Dry,None,None,1,Yes,E01004713,2005
1258,200501CW10312,529400.0,178690.0,-0.137454,51.492301,1,3,3,1,08/03/2005,3,12:55,1,E09000033,3,202,Dual carriageway,30,None,-1,0,None within 50 metres,No physical crossing within 50 meters,Daylight: Street light present,Fine without high winds,Dry,None,None,1,Yes,E01004740,2005
1259,200501CW10313,525560.0,181150.0,-0.191862,51.515275,1,3,1,1,09/03/2005,4,18:05,1,E09000033,3,4206,Single carriageway,30,Giveway or uncontrolled,6,0,None within 50 metres,No physical crossing within 50 meters,Darkness: Street lights present and lit,Fine without high winds,Dry,None,None,1,Yes,E01004699,2005
1260,200501CW10314,527640.0,179680.0,-0.162434,51.501598,1,3,2,1,09/03/2005,4,19:30,1,E09000033,3,315,Single carriageway,30,None,-1,0,None within 50 metres,No physical crossing within 50 meters,Darkness: Street lights present and lit,Fine without high winds,Dry,None,None,1,Yes,E01004689,2005
1261,200501CW10315,529560.0,181330.0,-0.134182,51.51599,1,3,1,1,09/03/2005,4,09:03,1,E09000033,3,40,Single carriageway,30,Giveway or uncontrolled,5,0,None within 50 metres,No physical crossing within 50 meters,Daylight: Street light present,Fine without high winds,Dry,None,None,1,Yes,E01004763,2005
1262,200501CW10339,528780.0,180990.0,-0.145541,51.513113,1,3,1,1,17/03/2005,5,16:45,1,E09000033,5,0,Single carriageway,30,Automatic traffic signal,4,406,None within 50 metres,Pedestrian phase at traffic signal junction,Daylight: Street light present,Fine without high winds,Dry,None,None,1,No,E01004764,2005
1263,200501CW10340,529980.0,180380.0,-0.128482,51.507356,1,2,1,1,27/02/2005,1,06:00,1,E09000033,3,4,Single carriageway,30,Giveway or uncontrolled,3,3212,None within 50 metres,Zebra crossing,Daylight: Street light present,Fine without high winds,Dry,None,None,1,Yes,E01004736,2005
1264,200501CW10341,527260.0,181500.0,-0.16725,51.51804,1,3,2,1,02/03/2005,4,15:00,1,E09000033,3,501,One way street,30,Automatic traffic signal,3,5,None within 50 metres,No physical crossing within 50 meters,Daylight: Street light present,Fine without high winds,Dry,None,None,1,Yes,E01004663,2005
1265,200501CW10343,528930.0,180240.0,-0.143654,51.506338,1,3,2,1,08/03/2005,3,04:40,1,E09000033,3,4,Single carriageway,30,Automatic traffic signal,5,0,None within 50 metres,No physical crossing within 50 meters,Darkness: Street lights present and lit,Fine without high winds,Dry,None,None,1,Yes,E01004761,2005
1266,200501CW10344,532060.0,180930.0,-0.098322,51.511817,48,3,2,2,08/03/2005,3,15:45,570,E09000001,5,0,Single carriageway,30,None,-1,0,None within 50 metres,Zebra crossing,Daylight: Street light present,Fine without high winds,Dry,None,None,1,Yes,E01000004,2005
1267,200501CW10346,529420.0,178070.0,-0.137393,51.486725,1,2,4,1,09/03/2005,4,08:08,1,E09000033,6,0,Single carriageway,30,None,-1,0,None within 50 metres,non-junction pedestrian crossing,Daylight: Street light present,Fine without high winds,Dry,None,None,1,Yes,E01004738,2005
1268,200501CW10347,526230.0,183000.0,-0.181549,51.531752,1,3,1,1,09/03/2005,4,18:50,1,E09000033,6,0,Single carriageway,30,None,-1,0,None within 50 metres,No physical crossing within 50 meters,Darkness: Street lights present and lit,Fine without high winds,Dry,Roadworks,Other object in carriageway,1,Yes,E01004650,2005
1269,200501CW10348,525130.0,182040.0,-0.19774,51.523369,1,3,2,1,09/03/2005,4,16:20,1,E09000033,3,404,Dual carriageway,30,Automatic traffic signal,6,0,None within 50 metres,No physical crossing within 50 meters,Daylight: Street light present,Fine without high winds,Dry,None,None,1,Yes,E01004755,2005
1270,200501CW10349,527220.0,180860.0,-0.168057,51.512298,1,3,2,1,10/03/2005,5,10:24,1,E09000033,3,402,Single carriageway,30,None,-1,0,None within 50 metres,No physical crossing within 50 meters,Daylight: Street light present,Raining without high winds,Wet/Damp,None,None,1,Yes,E01004689,2005
1271,200501CW10350,527150.0,181410.0,-0.168867,51.517256,1,3,1,1,10/03/2005,5,13:53,1,E09000033,3,4209,Single carriageway,30,Automatic traffic signal,6,0,None within 50 metres,No physical crossing within 50 meters,Daylight: Street light present,Fine without high winds,Dry,None,None,1,Yes,E01004684,2005
1272,200501CW10351,526800.0,181080.0,-0.174027,51.514369,1,3,2,1,10/03/2005,5,20:25,1,E09000033,3,4209,Dual carriageway,30,Giveway or uncontrolled,6,0,None within 50 metres,No physical crossing within 50 meters,Darkness: Street lights present and lit,Fine without high winds,Dry,None,None,1,Yes,E01004683,2005
1273,200501CW10352,529950.0,179140.0,-0.12937,51.496219,1,3,2,1,11/03/2005,6,21:32,1,E09000033,4,326,Single carriageway,30,None,-1,0,None within 50 metres,No physical crossing within 50 meters,Darkness: Street lights present and lit,Raining without high winds,Wet/Damp,None,None,1,Yes,E01004733,2005
1274,200501CW10353,526910.0,182340.0,-0.171989,51.525668,1,3,2,1,11/03/2005,6,17:57,1,E09000033,6,0,Single carriageway,30,Giveway or uncontrolled,6,0,None within 50 metres,No physical crossing within 50 meters,Daylight: Street light present,Fine without high winds,Dry,None,None,1,Yes,E01004672,2005
1275,200501CW10355,530390.0,180280.0,-0.122614,51.506363,1,3,2,1,12/03/2005,7,20:07,1,E09000033,3,3211,Dual carriageway,30,Automatic traffic signal,4,308,None within 50 metres,Pedestrian phase at traffic signal junction,Darkness: Street lights present and lit,Fine without high winds,Dry,None,None,1,Yes,E01004736,2005
1276,200501CW10356,528010.0,180600.0,-0.156773,51.509783,1,3,2,1,13/03/2005,1,15:12,1,E09000033,3,4202,Dual carriageway,30,Automatic traffic signal,3,4202,None within 50 metres,Pedestrian phase at traffic signal junction,Daylight: Street light present,Fine without high winds,Dry,None,None,1,Yes,E01004689,2005
1277,200501CW10357,526470.0,181710.0,-0.178554,51.520105,1,3,2,1,13/03/2005,1,08:43,1,E09000033,3,404,Slip road,30,Giveway or uncontrolled,3,404,None within 50 metres,No physical crossing within 50 meters,Daylight: Street light present,Fine without high winds,Dry,None,None,1,Yes,E01004702,2005
1278,200501CW10358,529180.0,179560.0,-0.140303,51.50017,1,3,2,3,13/03/2005,1,13:20,1,E09000033,5,0,Single carriageway,30,None,-1,0,None within 50 metres,No physical crossing within 50 meters,Daylight: Street light present,Fine without high winds,Dry,None,None,1,No,E01004736,2005
1279,200501CW10359,526540.0,182050.0,-0.177424,51.523145,1,3,1,1,15/03/2005,3,15:48,1,E09000033,6,0,Single carriageway,20,None,-1,0,None within 50 metres,No physical crossing within 50 meters,Daylight: Street light present,Fine without high winds,Dry,None,None,1,Yes,E01004703,2005
1280,200501CW10361,528860.0,180180.0,-0.144684,51.505815,1,3,2,1,16/03/2005,4,23:00,1,E09000033,3,4,Single carriageway,30,Automatic traffic signal,6,0,None within 50 metres,Pedestrian phase at traffic signal junction,Darkness: Street lights present and lit,Fine without high winds,Dry,None,None,1,Yes,E01004761,2005
1281,200501CW10362,528930.0,179310.0,-0.143994,51.497981,1,3,2,1,17/03/2005,5,01:25,1,E09000033,3,3217,One way street,30,Automatic traffic signal,3,3214,None within 50 metres,Pedestrian phase at traffic signal junction,Darkness: Street lights present and lit,Fine without high winds,Dry,None,None,1,Yes,E01004731,2005
1282,200501CW10363,530040.0,180340.0,-0.127633,51.506983,1,3,2,1,17/03/2005,5,08:26,1,E09000033,3,3212,Dual carriageway,30,Automatic traffic signal,3,4,None within 50 metres,Pedestrian phase at traffic signal junction,Daylight: Street light present,Fine without high winds,Dry,None,None,1,Yes,E01004736,2005
1283,200501CW10364,525740.0,181460.0,-0.189159,51.518021,1,3,2,1,18/03/2005,6,11:55,1,E09000033,4,411,Single carriageway,30,Giveway or uncontrolled,5,0,None within 50 metres,No physical crossing within 50 meters,Daylight: Street light present,Fine without high winds,Dry,None,None,1,Yes,E01004656,2005
1284,200501CW10365,530570.0,179660.0,-0.120252,51.50075,1,3,2,1,18/03/2005,6,18:05,9,E09000022,3,302,Single carriageway,30,None,-1,0,None within 50 metres,No physical crossing within 50 meters,Daylight: Street light present,Fine without high winds,Dry,None,None,1,Yes,,2005
1285,200501CW10366,527850.0,180900.0,-0.158968,51.512515,1,3,1,1,19/03/2005,7,15:12,1,E09000033,3,40,One way street,30,Automatic traffic signal,3,4202,None within 50 metres,No physical crossing within 50 meters,Daylight: Street light present,Fine without high winds,Dry,None,None,1,Yes,E01004689,2005
1286,200501CW10367,529190.0,181270.0,-0.139533,51.515536,1,3,2,1,19/03/2005,7,23:55,1,E09000033,3,40,Single carriageway,30,Giveway or uncontrolled,5,0,None within 50 metres,Central refuge,Darkness: Street lights present and lit,Fine without high winds,Dry,None,None,1,Yes,E01004764,2005
1287,200501CW10368,528340.0,182090.0,-0.151478,51.523098,1,3,2,1,20/03/2005,1,02:39,1,E09000033,3,501,Dual carriageway,30,Automatic traffic signal,5,0,None within 50 metres,Pedestrian phase at traffic signal junction,Darkness: Street lights present and lit,Fine without high winds,Dry,None,None,1,Yes,E01004717,2005
1288,200501CW10369,527200.0,182840.0,-0.16763,51.530096,1,3,2,2,22/02/2005,3,14:18,1,E09000033,3,5205,Roundabout,30,Giveway or uncontrolled,3,41,None within 50 metres,No physical crossing within 50 meters,Daylight: Street light present,Snowing without high winds,Wet/Damp,None,None,1,Yes,E01004725,2005
1289,200501CW10370,529820.0,178400.0,-0.131514,51.489599,1,3,2,1,18/03/2005,6,16:34,1,E09000033,3,202,Single carriageway,30,Automatic traffic signal,4,310,None within 50 metres,Pedestrian phase at traffic signal junction,Daylight: Street light present,Fine without high winds,Dry,Auto traffic singal out,Dislodged vehicle load in carriageway,1,Yes,E01004747,2005
1290,200501CW10371,529200.0,178190.0,-0.140516,51.487854,1,3,2,1,18/03/2005,6,09:33,1,E09000033,5,0,Single carriageway,30,Giveway or uncontrolled,6,0,None within 50 metres,No physical crossing within 50 meters,Daylight: Street light present,Fine without high winds,Dry,None,None,1,Yes,E01004753,2005
1291,200501CW10372,529100.0,178940.0,-0.141682,51.494617,1,3,1,1,18/03/2005,6,18:50,1,E09000033,3,202,One way street,30,Automatic traffic signal,5,0,None within 50 metres,Pedestrian phase at traffic signal junction,Daylight: Street light present,Fine without high winds,Dry,None,None,1,Yes,E01004750,2005
1292,200501CW10373,525820.0,183020.0,-0.18745,51.532023,1,3,2,1,18/03/2005,6,17:00,1,E09000033,6,0,Single carriageway,30,None,-1,0,None within 50 metres,No physical crossing within 50 meters,Daylight: Street light present,Fine without high winds,Dry,None,None,1,Yes,E01004711,2005
1293,200501CW10374,528400.0,181290.0,-0.150905,51.515895,1,3,2,1,22/03/2005,3,10:30,1,E09000033,3,5204,Single carriageway,30,Automatic traffic signal,4,524,None within 50 metres,Pedestrian phase at traffic signal junction,Daylight: Street light present,Raining without high winds,Wet/Damp,None,None,1,Yes,E01004714,2005
1294,200501CW10375,528530.0,179870.0,-0.149549,51.503104,1,2,2,1,05/03/2005,7,20:46,1,E09000033,3,4,Dual carriageway,30,Automatic traffic signal,3,4,None within 50 metres,Pedestrian phase at traffic signal junction,Darkness: Street lights present and lit,Fine without high winds,Dry,None,None,1,Yes,E01004736,2005
1295,200501CW10376,528180.0,181050.0,-0.154161,51.513788,1,3,1,1,28/02/2005,2,20:22,1,E09000033,3,40,Single carriageway,30,Automatic traffic signal,3,41,None within 50 metres,Pedestrian phase at traffic signal junction,Darkness: Street lights present and lit,Snowing without high winds,Wet/Damp,None,None,1,No,E01004762,2005
1296,200501CW10377,528940.0,179100.0,-0.143927,51.496091,1,3,1,1,16/03/2005,4,20:37,1,E09000033,6,0,Single carriageway,30,None,-1,0,None within 50 metres,No physical crossing within 50 meters,Darkness: Street lights present and lit,Fine without high winds,Dry,None,None,1,No,E01004750,2005
1297,200501CW10379,529610.0,181490.0,-0.133403,51.517416,1,2,2,1,19/03/2005,7,08:05,1,E09000033,6,0,Single carriageway,30,Giveway or uncontrolled,6,0,None within 50 metres,No physical crossing within 50 meters,Daylight: Street light present,Fine without high winds,Dry,Roadworks,Other object in carriageway,1,Yes,E01004763,2005
1298,200501CW10380,527600.0,181130.0,-0.162486,51.514638,1,3,1,2,19/03/2005,7,16:11,1,E09000033,3,5,Dual carriageway,30,None,-1,0,None within 50 metres,No physical crossing within 50 meters,Daylight: Street light present,Fine without high winds,Dry,None,None,1,Yes,E01004680,2005
1299,200501CW10381,525750.0,182250.0,-0.188733,51.525118,1,3,2,1,19/03/2005,7,19:06,1,E09000033,5,0,Single carriageway,30,Giveway or uncontrolled,6,0,None within 50 metres,No physical crossing within 50 meters,Darkness: Street lights present and lit,Fine without high winds,Dry,None,None,1,Yes,E01004704,2005
1300,200501CW10382,528870.0,181190.0,-0.144171,51.51489,1,3,1,1,20/03/2005,1,16:45,1,E09000033,3,40,Single carriageway,30,Automatic traffic signal,3,40,None within 50 metres,Pedestrian phase at traffic signal junction,Daylight: Street light present,Fine without high winds,Dry,None,None,1,Yes,E01004764,2005
1301,200501CW10383,529970.0,178290.0,-0.129395,51.488576,1,3,2,1,21/03/2005,2,18:23,1,E09000033,3,3212,Dual carriageway,30,Automatic traffic signal,3,202,None within 50 metres,Pedestrian phase at traffic signal junction,Darkness: Street lights present and lit,Fine without high winds,Dry,None,None,1,Yes,E01004745,2005
1302,200501CW10384,529110.0,181250.0,-0.140693,51.515374,1,3,1,1,21/03/2005,2,12:30,1,E09000033,3,40,Single carriageway,30,Automatic traffic signal,3,4201,None within 50 metres,Pedestrian phase at traffic signal junction,Daylight: Street light present,Fine without high winds,Dry,None,None,1,Yes,E01004764,2005
1303,200501CW10385,528220.0,178410.0,-0.154543,51.490054,1,3,1,1,22/03/2005,3,18:55,1,E09000033,3,3214,Single carriageway,30,Giveway or uncontrolled,6,0,None within 50 metres,Zebra crossing,Darkness: Street lights present and lit,Fine without high winds,Dry,None,None,1,Yes,E01004667,2005
1304,200501CW10386,529820.0,180200.0,-0.130852,51.505775,1,3,2,1,22/03/2005,3,11:24,1,E09000033,5,0,Single carriageway,30,Giveway or uncontrolled,6,0,None within 50 metres,No physical crossing within 50 meters,Daylight: Street light present,Raining without high winds,Wet/Damp,None,None,1,Yes,E01004736,2005
1305,200501CW10387,529960.0,179690.0,-0.129024,51.50116,1,3,1,1,22/03/2005,3,08:25,1,E09000033,3,3214,Single carriageway,30,None,-1,0,None within 50 metres,No physical crossing within 50 meters,Daylight: Street light present,Raining without high winds,Wet/Damp,None,None,1,Yes,E01004733,2005
1306,200501CW10388,528370.0,181090.0,-0.15141,51.514105,1,3,1,1,23/03/2005,4,17:50,1,E09000033,3,40,One way street,30,Automatic traffic signal,5,0,None within 50 metres,Pedestrian phase at traffic signal junction,Darkness: Street lights present and lit,Fine without high winds,Dry,None,None,1,Yes,E01004714,2005
1307,200501CW10389,529260.0,181280.0,-0.138521,51.515609,1,3,1,1,23/03/2005,4,14:40,1,E09000033,3,40,Single carriageway,30,Giveway or uncontrolled,6,0,None within 50 metres,Zebra crossing,Daylight: Street light present,Fine without high winds,Dry,None,None,1,Yes,E01004764,2005
1308,200501CW10390,527860.0,182060.0,-0.158404,51.522938,1,3,1,1,23/03/2005,4,09:50,1,E09000033,6,0,One way street,30,None,-1,0,None within 50 metres,No physical crossing within 50 meters,Daylight: Street light present,Fine without high winds,Dry,None,None,1,Yes,E01004660,2005
1309,200501CW10391,528850.0,179330.0,-0.145139,51.498178,1,3,1,1,23/03/2005,4,10:00,1,E09000033,3,3217,Single carriageway,30,None,-1,0,None within 50 metres,No physical crossing within 50 meters,Daylight: Street light present,Fine without high winds,Dry,None,None,1,Yes,E01004731,2005
1310,200501CW10392,529140.0,178170.0,-0.141387,51.487688,1,2,2,2,23/03/2005,4,06:06,1,E09000033,5,0,Single carriageway,30,Giveway or uncontrolled,6,0,None within 50 metres,Zebra crossing,Daylight: Street light present,Fine without high winds,Dry,None,None,1,Yes,E01004665,2005
1311,200501CW10393,527840.0,180980.0,-0.159083,51.513236,1,3,1,1,24/03/2005,5,18:45,1,E09000033,6,0,Single carriageway,30,Giveway or uncontrolled,3,40,None within 50 metres,No physical crossing within 50 meters,Darkness: Street lights present and lit,Fine without high winds,Dry,None,None,1,Yes,E01004689,2005
1312,200501CW10394,529580.0,180750.0,-0.134106,51.510773,1,3,1,2,14/03/2005,2,18:45,1,E09000033,6,0,One way street,30,Giveway or uncontrolled,3,401,None within 50 metres,No physical crossing within 50 meters,Daylight: Street light present,Fine without high winds,Dry,None,None,1,No,E01004764,2005
1313,200501CW10395,529510.0,179260.0,-0.135661,51.497399,1,3,2,1,19/03/2005,7,23:45,1,E09000033,3,302,Single carriageway,30,Automatic traffic signal,4,323,None within 50 metres,Pedestrian phase at traffic signal junction,Darkness: Street lights present and lit,Fine without high winds,Dry,None,None,1,Yes,E01004744,2005
1314,200501CW10396,528690.0,181540.0,-0.146636,51.518076,1,3,2,2,24/03/2005,5,11:20,1,E09000033,5,0,One way street,30,Giveway or uncontrolled,6,0,None within 50 metres,No physical crossing within 50 meters,Daylight: Street light present,Fine without high winds,Dry,None,None,1,Yes,E01004713,2005
1315,200501CW10397,528000.0,179340.0,-0.157374,51.498461,1,3,2,1,24/03/2005,5,22:42,12,E09000020,6,0,Single carriageway,30,Giveway or uncontrolled,6,0,None within 50 metres,No physical crossing within 50 meters,Darkness: Street lights present and lit,Fine without high winds,Dry,None,None,1,Yes,E01002818,2005
1316,200501CW10398,529130.0,180390.0,-0.140719,51.507641,1,3,2,1,25/03/2005,6,04:05,1,E09000033,3,4,Single carriageway,30,Automatic traffic signal,3,4,None within 50 metres,Pedestrian phase at traffic signal junction,Darkness: Street lights present and lit,Fine without high winds,Dry,None,None,1,Yes,E01004761,2005
1317,200501CW10399,529360.0,178730.0,-0.138015,51.49267,1,2,1,1,25/03/2005,6,23:43,1,E09000033,3,202,Dual carriageway,30,Automatic traffic signal,4,324,None within 50 metres,Pedestrian phase at traffic signal junction,Darkness: Street lights present and lit,Fine without high winds,Dry,None,None,1,Yes,E01004740,2005
1318,200501CW10400,529650.0,180830.0,-0.133069,51.511476,1,3,1,1,26/03/2005,7,17:30,1,E09000033,3,401,Single carriageway,30,Automatic traffic signal,6,0,None within 50 metres,Pedestrian phase at traffic signal junction,Darkness: Street lights present and lit,Raining without high winds,Wet/Damp,None,None,1,Yes,E01004763,2005
1319,200501CW10401,528740.0,181400.0,-0.145967,51.516806,1,3,2,1,26/03/2005,7,14:40,1,E09000033,5,0,One way street,30,Automatic traffic signal,3,5204,None within 50 metres,Pedestrian phase at traffic signal junction,Daylight: Street light present,Fine without high winds,Dry,None,None,1,Yes,E01004713,2005
1320,200501CW10402,526300.0,181770.0,-0.180982,51.520682,1,3,3,1,22/03/2005,3,11:15,1,E09000033,3,404,Single carriageway,30,Automatic traffic signal,5,0,None within 50 metres,Pedestrian phase at traffic signal junction,Daylight: Street light present,Raining without high winds,Wet/Damp,None,None,1,Yes,E01004757,2005
1321,200501CW10403,527240.0,181490.0,-0.167541,51.517955,1,3,2,1,23/03/2005,4,18:35,1,E09000033,3,5,Dual carriageway,30,Automatic traffic signal,3,4209,None within 50 metres,Pedestrian phase at traffic signal junction,Darkness: Street lights present and lit,Fine without high winds,Dry,None,None,1,Yes,E01004684,2005
1322,200501CW10405,529820.0,180590.0,-0.130709,51.50928,1,3,1,1,24/03/2005,5,22:00,1,E09000033,6,0,One way street,30,Giveway or uncontrolled,6,0,None within 50 metres,No physical crossing within 50 meters,Darkness: Street lights present and lit,Fine without high winds,Dry,None,None,1,Yes,E01004734,2005
1323,200501CW10406,528870.0,181190.0,-0.144171,51.51489,1,2,1,1,26/03/2005,7,18:05,1,E09000033,3,40,Single carriageway,30,Automatic traffic signal,3,40,None within 50 metres,Pedestrian phase at traffic signal junction,Darkness: Street lights present and lit,Raining without high winds,Wet/Damp,None,None,1,Yes,E01004764,2005
1324,200501CW10407,529800.0,181380.0,-0.130706,51.516384,1,3,1,1,28/03/2005,2,18:44,2,E09000007,3,40,Single carriageway,30,Automatic traffic signal,3,400,None within 50 metres,Pedestrian phase at traffic signal junction,Daylight: Street light present,Fine without high winds,Dry,None,None,1,Yes,E01004763,2005
1325,200501CW10408,529340.0,179870.0,-0.137886,51.50292,1,3,1,2,16/03/2005,4,20:11,1,E09000033,5,0,Dual carriageway,30,Giveway or uncontrolled,6,0,None within 50 metres,No physical crossing within 50 meters,Darkness: Street lights present and lit,Fine without high winds,Dry,None,None,1,Yes,E01004736,2005
1326,200501CW10409,526230.0,181410.0,-0.182119,51.517462,1,3,2,2,17/03/2005,5,07:10,1,E09000033,5,0,Single carriageway,30,Giveway or uncontrolled,3,4206,None within 50 metres,Central refuge,Daylight: Street light present,Fine without high winds,Dry,None,None,1,Yes,E01004681,2005
1327,200501CW10410,525750.0,182250.0,-0.188733,51.525118,1,3,2,2,27/03/2005,1,15:43,1,E09000033,5,0,Dual carriageway,30,Giveway or uncontrolled,6,0,None within 50 metres,No physical crossing within 50 meters,Daylight: Street light present,Fine without high winds,Dry,None,None,1,Yes,E01004704,2005
1328,200501CW10411,526230.0,181910.0,-0.18194,51.521956,1,3,2,1,18/03/2005,6,20:30,1,E09000033,5,0,Single carriageway,30,Automatic traffic signal,5,0,None within 50 metres,No physical crossing within 50 meters,Daylight: Street light present,Fine without high winds,Dry,None,None,1,Yes,E01004703,2005
1329,200501CW10412,528860.0,181190.0,-0.144315,51.514892,1,2,1,1,18/03/2005,6,07:49,1,E09000033,3,40,Single carriageway,30,Automatic traffic signal,3,40,None within 50 metres,Pedestrian phase at traffic signal junction,Darkness: Street lights present and lit,Fine without high winds,Dry,None,None,1,Yes,E01004764,2005
1330,200501CW10413,527440.0,183130.0,-0.164067,51.532648,1,3,2,1,19/05/2005,5,14:45,1,E09000033,6,0,Single carriageway,30,None,-1,0,None within 50 metres,No physical crossing within 50 meters,Daylight: Street light present,Fine without high winds,Dry,None,None,1,Yes,E01004727,2005
1331,200501CW10414,529070.0,180350.0,-0.141598,51.507295,1,2,1,2,29/03/2005,3,14:30,1,E09000033,3,4,Dual carriageway,30,Automatic traffic signal,3,4,None within 50 metres,Pedestrian phase at traffic signal junction,Daylight: Street light present,Fine without high winds,Dry,None,None,1,Yes,E01004761,2005
1332,200501CW10415,528960.0,178130.0,-0.143993,51.487369,1,3,1,1,23/03/2005,4,11:30,1,E09000033,5,0,Single carriageway,30,None,-1,0,None within 50 metres,No physical crossing within 50 meters,Daylight: Street light present,Fine without high winds,Dry,None,None,1,Yes,E01004668,2005
1333,200501CW10416,530290.0,179720.0,-0.124261,51.501354,1,3,2,1,24/03/2005,5,10:00,1,E09000033,3,3211,Dual carriageway,30,None,-1,0,None within 50 metres,No physical crossing within 50 meters,Daylight: Street light present,Fine without high winds,Dry,None,None,1,Yes,E01004733,2005
1334,200501CW10417,528670.0,181150.0,-0.147067,51.514576,1,2,3,1,29/03/2005,3,12:43,1,E09000033,4,406,Single carriageway,30,Automatic traffic signal,3,40,None within 50 metres,Pedestrian phase at traffic signal junction,Daylight: Street light present,Fine without high winds,Dry,None,None,1,Yes,E01004714,2005
1335,200501CW10418,529520.0,179270.0,-0.135514,51.497486,1,3,1,1,31/03/2005,5,18:41,1,E09000033,3,302,Single carriageway,30,Giveway or uncontrolled,3,302,None within 50 metres,No physical crossing within 50 meters,Daylight: Street light present,Fine without high winds,Dry,None,None,1,Yes,E01004731,2005
1336,200501CW10419,530050.0,180510.0,-0.127426,51.508508,1,3,1,1,31/03/2005,5,21:15,1,E09000033,3,4,Single carriageway,30,Automatic traffic signal,3,4,None within 50 metres,Pedestrian phase at traffic signal junction,Darkness: Street lights present and lit,Other,Wet/Damp,None,None,1,Yes,E01004736,2005
1337,200501CW10420,527910.0,181960.0,-0.15772,51.522028,1,3,2,1,25/03/2005,6,18:00,1,E09000033,3,501,Dual carriageway,60,Automatic traffic signal,3,41,None within 50 metres,Pedestrian phase at traffic signal junction,Daylight: Street light present,Fine without high winds,Dry,None,None,1,Yes,E01004660,2005
1338,200501CW10421,528970.0,180280.0,-0.143064,51.506689,1,3,1,2,30/03/2005,4,13:30,1,E09000033,5,0,One way street,30,Giveway or uncontrolled,3,4,None within 50 metres,No physical crossing within 50 meters,Daylight: Street light present,Other,Wet/Damp,None,None,1,Yes,E01004761,2005
1339,200501CW10422,528550.0,179230.0,-0.149494,51.497348,1,3,1,1,31/03/2005,5,12:35,1,E09000033,6,0,One way street,30,Automatic traffic signal,3,3217,None within 50 metres,Pedestrian phase at traffic signal junction,Daylight: Street light present,Fine without high winds,Dry,None,None,1,Yes,E01004690,2005
1340,200501CW10423,529950.0,180380.0,-0.128914,51.507363,1,3,1,1,27/03/2005,1,04:55,1,E09000033,3,4,One way street,30,Automatic traffic signal,3,4,None within 50 metres,Pedestrian phase at traffic signal junction,Darkness: Street lights present and lit,Fine without high winds,Dry,None,None,1,Yes,E01004736,2005
1341,200501CW10424,527350.0,181380.0,-0.165996,51.516942,1,3,2,1,27/03/2005,1,18:49,1,E09000033,3,5,Dual carriageway,30,None,-1,0,None within 50 metres,No physical crossing within 50 meters,Daylight: Street light present,Fine without high winds,Dry,None,None,1,Yes,E01004684,2005
1342,200501CW10426,529960.0,180820.0,-0.128608,51.511315,1,3,1,1,27/03/2005,1,14:34,1,E09000033,3,400,Single carriageway,30,Automatic traffic signal,3,400,None within 50 metres,Pedestrian phase at traffic signal junction,Daylight: Street light present,Fine without high winds,Dry,None,None,1,Yes,E01004734,2005
1343,200501CW10427,526440.0,181710.0,-0.178986,51.520112,1,3,3,1,27/03/2005,1,13:30,1,E09000033,3,404,Single carriageway,30,None,-1,0,None within 50 metres,No physical crossing within 50 meters,Daylight: Street light present,Fine without high winds,Dry,None,None,1,Yes,E01004702,2005
1344,200501CW10428,529940.0,179510.0,-0.129378,51.499547,1,3,1,1,01/04/2005,6,12:30,1,E09000033,3,302,Single carriageway,30,Giveway or uncontrolled,5,0,None within 50 metres,No physical crossing within 50 meters,Daylight: Street light present,Fine without high winds,Dry,None,None,1,Yes,E01004731,2005
1345,200501CW10429,530140.0,179580.0,-0.126473,51.50013,1,3,1,1,27/03/2005,1,01:00,1,E09000033,3,3212,One way street,30,Automatic traffic signal,3,3212,None within 50 metres,Pedestrian phase at traffic signal junction,Darkness: Street lights present and lit,Fine without high winds,Dry,None,None,1,Yes,E01004733,2005
1346,200501CW10430,530530.0,181530.0,-0.120136,51.517564,1,3,1,1,28/03/2005,2,18:05,2,E09000007,3,40,Single carriageway,30,None,-1,0,None within 50 metres,No physical crossing within 50 meters,Daylight: Street light present,Fine without high winds,Dry,None,None,1,No,E01000914,2005
1347,200501CW10431,529950.0,178290.0,-0.129683,51.488581,1,3,2,1,02/04/2005,7,10:29,1,E09000033,3,202,Single carriageway,30,Automatic traffic signal,3,3212,None within 50 metres,Pedestrian phase at traffic signal junction,Daylight: Street light present,Fine without high winds,Dry,None,None,1,Yes,E01004737,2005
1348,200501CW10432,529560.0,181330.0,-0.134182,51.51599,1,3,2,1,01/04/2005,6,09:06,1,E09000033,3,40,Single carriageway,30,Giveway or uncontrolled,5,0,None within 50 metres,No physical crossing within 50 meters,Daylight: Street light present,Fine without high winds,Dry,None,None,1,Yes,E01004763,2005
1349,200501CW10433,530280.0,180480.0,-0.124125,51.508186,1,3,1,1,06/03/2005,1,18:20,1,E09000033,6,0,Single carriageway,30,None,-1,0,None within 50 metres,No physical crossing within 50 meters,Daylight: Street light present,Fine without high winds,Dry,None,None,1,Yes,E01004736,2005
1350,200501CW10434,529340.0,179220.0,-0.138124,51.497078,1,2,1,1,06/04/2005,4,10:14,1,E09000033,3,302,Single carriageway,30,None,-1,0,None within 50 metres,No physical crossing within 50 meters,Daylight: Street light present,Fine without high winds,Dry,None,None,1,Yes,E01004731,2005
1351,200501CW10436,528040.0,181030.0,-0.156184,51.51364,1,3,1,1,02/04/2005,7,11:40,1,E09000033,3,40,Single carriageway,30,Automatic traffic signal,5,0,None within 50 metres,Pedestrian phase at traffic signal junction,Daylight: Street light present,Fine without high winds,Dry,None,None,1,Yes,E01004657,2005
1352,200501CW10437,530350.0,180070.0,-0.123268,51.504485,1,3,1,1,07/04/2005,5,15:43,1,E09000033,3,3211,Single carriageway,30,Automatic traffic signal,5,0,None within 50 metres,Pedestrian phase at traffic signal junction,Daylight: Street light present,Fine without high winds,Dry,None,None,1,Yes,E01004733,2005
1353,200501CW10438,528460.0,180220.0,-0.15043,51.506266,1,3,1,1,05/04/2005,3,18:50,1,E09000033,5,0,Single carriageway,30,Giveway or uncontrolled,5,0,None within 50 metres,No physical crossing within 50 meters,Daylight: Street light present,Fine without high winds,Dry,None,None,1,Yes,E01004761,2005
1354,200501CW10439,528280.0,180310.0,-0.152989,51.507115,1,3,2,1,07/04/2005,5,00:28,1,E09000033,3,4202,Single carriageway,30,None,-1,0,None within 50 metres,No physical crossing within 50 meters,Darkness: Street lights present and lit,Fine without high winds,Dry,None,None,1,Yes,E01004689,2005
1355,200501CW10440,528780.0,181170.0,-0.145475,51.51473,1,2,1,1,07/04/2005,5,11:06,1,E09000033,3,40,Single carriageway,30,Automatic traffic signal,5,0,None within 50 metres,Pedestrian phase at traffic signal junction,Daylight: Street light present,Fine without high winds,Dry,None,None,1,Yes,E01004764,2005
1356,200501CW10441,526720.0,182520.0,-0.174662,51.527328,1,3,2,1,08/04/2005,6,09:12,1,E09000033,3,5205,Single carriageway,30,None,-1,0,None within 50 metres,No physical crossing within 50 meters,Daylight: Street light present,Raining without high winds,Wet/Damp,None,None,1,Yes,E01004729,2005
1357,200501CW10442,526970.0,181240.0,-0.171521,51.515769,1,3,2,1,01/04/2005,6,22:50,1,E09000033,3,4209,Single carriageway,30,Giveway or uncontrolled,6,0,None within 50 metres,No physical crossing within 50 meters,Darkness: Street lights present and lit,Fine without high winds,Dry,None,None,1,Yes,E01004685,2005
1358,200501CW10443,529010.0,181560.0,-0.14202,51.518183,1,3,2,1,04/04/2005,2,08:10,1,E09000033,4,506,Single carriageway,30,Giveway or uncontrolled,6,0,None within 50 metres,No physical crossing within 50 meters,Daylight: Street light present,Fine without high winds,Dry,None,None,1,Yes,E01004765,2005
1359,200501CW10444,526230.0,181400.0,-0.182122,51.517372,1,3,2,1,29/03/2005,3,11:51,1,E09000033,3,4206,Single carriageway,30,Automatic traffic signal,5,0,None within 50 metres,Pedestrian phase at traffic signal junction,Daylight: Street light present,Fine without high winds,Dry,None,None,1,Yes,E01004696,2005
1360,200501CW10445,529170.0,180420.0,-0.140132,51.507901,1,3,1,1,06/04/2005,4,10:50,1,E09000033,3,4,Single carriageway,30,Automatic traffic signal,4,406,None within 50 metres,Pedestrian phase at traffic signal junction,Daylight: Street light present,Fine without high winds,Wet/Damp,None,None,1,Yes,E01004761,2005
1361,200501CW10446,528050.0,181030.0,-0.15604,51.513638,1,3,1,1,17/03/2005,5,17:55,1,E09000033,3,41,One way street,30,Automatic traffic signal,3,40,None within 50 metres,Pedestrian phase at traffic signal junction,Darkness: Street lights present and lit,Fine without high winds,Dry,None,None,1,No,E01004762,2005
1362,200501CW10447,527810.0,180980.0,-0.159515,51.513243,1,2,1,1,03/04/2005,1,12:10,1,E09000033,3,40,Dual carriageway,30,None,-1,0,None within 50 metres,Pedestrian phase at traffic signal junction,Daylight: Street light present,Fine without high winds,Dry,None,None,1,Yes,E01004658,2005
1363,200501CW10448,529070.0,178420.0,-0.142303,51.48995,1,3,2,1,01/04/2005,6,10:15,1,E09000033,6,0,Single carriageway,30,Giveway or uncontrolled,6,0,None within 50 metres,No physical crossing within 50 meters,Daylight: Street light present,Fine without high winds,Dry,None,None,1,Yes,E01004753,2005
1364,200501CW10450,526940.0,181820.0,-0.171744,51.520988,1,2,2,1,06/04/2005,4,00:12,1,E09000033,3,5,Single carriageway,30,Giveway or uncontrolled,6,0,None within 50 metres,non-junction pedestrian crossing,Darkness: Street lights present and lit,Fine without high winds,Dry,None,None,1,Yes,E01004702,2005
1365,200501CW10452,528950.0,181440.0,-0.142928,51.517118,1,2,2,1,02/04/2005,7,03:10,1,E09000033,3,4201,Single carriageway,30,Automatic traffic signal,3,5204,None within 50 metres,No physical crossing within 50 meters,Darkness: Street lights present and lit,Fine without high winds,Dry,None,None,1,Yes,E01004765,2005
1366,200501CW10453,530380.0,180670.0,-0.122614,51.50987,1,3,2,1,07/04/2005,5,08:23,1,E09000033,3,4,Single carriageway,30,Giveway or uncontrolled,6,0,None within 50 metres,No physical crossing within 50 meters,Daylight: Street light present,Fine without high winds,Dry,None,None,1,Yes,E01004735,2005
1367,200501CW10454,531000.0,180830.0,-0.113626,51.511165,1,3,1,1,06/04/2005,4,15:30,1,E09000033,5,0,Single carriageway,30,Giveway or uncontrolled,6,0,None within 50 metres,Zebra crossing,Daylight: Street light present,Fine without high winds,Dry,None,None,1,Yes,E01004735,2005
1368,200501CW10455,529110.0,179380.0,-0.141377,51.498569,1,3,1,1,06/04/2005,4,13:20,1,E09000033,5,0,Single carriageway,30,Giveway or uncontrolled,6,0,None within 50 metres,No physical crossing within 50 meters,Daylight: Street light present,Fine without high winds,Wet/Damp,None,None,1,Yes,E01004731,2005
1369,200501CW10456,527600.0,181130.0,-0.162486,51.514638,1,3,2,1,16/03/2005,4,16:03,1,E09000033,3,5,Single carriageway,30,None,-1,0,None within 50 metres,No physical crossing within 50 meters,Darkness: Street lights present and lit,Fine without high winds,Dry,None,None,1,No,E01004680,2005
1370,200501CW10458,529620.0,179300.0,-0.134063,51.497733,1,3,2,2,05/04/2005,3,19:40,1,E09000033,3,302,Single carriageway,30,Automatic traffic signal,3,302,None within 50 metres,No physical crossing within 50 meters,Daylight: Street light present,Fine without high winds,Dry,None,None,1,Yes,E01004731,2005
1371,200501CW10459,528100.0,179580.0,-0.155847,51.500596,1,3,2,1,07/04/2005,5,09:25,1,E09000033,6,0,Single carriageway,30,Giveway or uncontrolled,6,0,None within 50 metres,No physical crossing within 50 meters,Daylight: Street light present,Fine without high winds,Dry,None,None,1,Yes,E01004691,2005
1372,200501CW10460,529950.0,180410.0,-0.128903,51.507633,1,3,1,1,08/04/2005,6,13:06,1,E09000033,3,4,One way street,30,None,-1,0,None within 50 metres,No physical crossing within 50 meters,Daylight: Street light present,Fine without high winds,Wet/Damp,None,None,1,Yes,E01004736,2005
1373,200501CW10463,530250.0,178990.0,-0.125106,51.494802,1,3,2,1,11/04/2005,2,09:02,1,E09000033,3,3212,Roundabout,30,Giveway or uncontrolled,3,3203,None within 50 metres,Zebra crossing,Daylight: Street light present,Fine without high winds,Dry,None,None,1,Yes,E01004733,2005
1374,200501CW10464,531020.0,181070.0,-0.113249,51.513317,1,3,1,1,12/04/2005,3,10:50,1,E09000033,3,4,Single carriageway,30,None,-1,0,None within 50 metres,Zebra crossing,Daylight: Street light present,Fine without high winds,Dry,None,None,1,Yes,E01004735,2005
1375,200501CW10465,530120.0,180100.0,-0.126569,51.504808,1,3,2,1,04/04/2005,2,08:24,1,E09000033,3,3212,Single carriageway,30,Automatic traffic signal,5,0,None within 50 metres,Pedestrian phase at traffic signal junction,Daylight: Street light present,Fine without high winds,Dry,None,None,1,Yes,E01004736,2005
1376,200501CW10466,525280.0,182300.0,-0.195487,51.525672,1,3,5,1,01/04/2005,6,23:35,1,E09000033,5,0,Single carriageway,30,Giveway or uncontrolled,6,0,None within 50 metres,No physical crossing within 50 meters,Darkness: Street lights present and lit,Fine without high winds,Dry,None,None,1,Yes,E01004676,2005
1377,200501CW10468,527490.0,179680.0,-0.164594,51.501632,1,3,2,1,25/01/2005,3,08:55,1,E09000033,3,315,Dual carriageway,30,None,-1,0,None within 50 metres,No physical crossing within 50 meters,Daylight: Street light present,Fine without high winds,Wet/Damp,None,None,1,Yes,E01004689,2005
1378,200501CW10469,529640.0,180660.0,-0.133275,51.509951,1,3,3,4,03/04/2005,1,23:16,1,E09000033,3,4,One way street,30,Automatic traffic signal,3,4201,None within 50 metres,Pedestrian phase at traffic signal junction,Darkness: Street lights present and lit,Fine without high winds,Dry,None,None,1,Yes,E01004736,2005
1379,200501CW10470,526230.0,181410.0,-0.182119,51.517462,1,3,2,1,11/04/2005,2,09:50,1,E09000033,3,4206,Single carriageway,30,Automatic traffic signal,3,4206,None within 50 metres,Pedestrian phase at traffic signal junction,Daylight: Street light present,Fine without high winds,Dry,None,None,1,Yes,E01004681,2005
1380,200501CW10473,529820.0,181040.0,-0.130543,51.513324,1,2,1,1,13/03/2005,1,01:30,1,E09000033,5,0,Single carriageway,30,Giveway or uncontrolled,6,0,None within 50 metres,No physical crossing within 50 meters,Darkness: Street lights present and lit,Fine without high winds,Dry,None,None,1,No,E01004763,2005
1381,200501CW10474,524460.0,182350.0,-0.207284,51.526303,1,3,2,1,21/03/2005,2,20:14,1,E09000033,3,404,Single carriageway,30,Giveway or uncontrolled,6,0,None within 50 metres,No physical crossing within 50 meters,Darkness: Street lights present and lit,Fine without high winds,Dry,None,None,1,Yes,E01004721,2005
1382,200501CW10475,525580.0,181720.0,-0.191371,51.520393,1,3,2,1,23/03/2005,4,05:55,1,E09000033,3,404,Single carriageway,30,Automatic traffic signal,3,404,None within 50 metres,Pedestrian phase at traffic signal junction,Daylight: Street light present,Fine without high winds,Dry,None,None,1,Yes,E01004758,2005
1383,200501CW10476,524700.0,182950.0,-0.203613,51.531642,1,2,3,1,31/03/2005,5,22:43,1,E09000033,6,0,Single carriageway,30,None,-1,0,None within 50 metres,No physical crossing within 50 meters,Darkness: Street lights present and lit,Fine without high winds,Wet/Damp,None,None,1,Yes,E01004723,2005
1384,200501CW10478,529630.0,180670.0,-0.133416,51.510043,1,3,2,1,12/04/2005,3,09:04,1,E09000033,3,4,One way street,30,Automatic traffic signal,3,4201,None within 50 metres,Pedestrian phase at traffic signal junction,Daylight: Street light present,Fine without high winds,Dry,None,None,1,Yes,E01004736,2005
1385,200501CW10479,525890.0,180590.0,-0.187309,51.510169,1,3,1,2,02/04/2005,7,17:10,1,E09000033,3,402,Single carriageway,30,Automatic traffic signal,4,411,None within 50 metres,Pedestrian phase at traffic signal junction,Daylight: Street light present,Fine without high winds,Dry,Auto traffic signal partly defective,None,1,Yes,E01004688,2005
1386,200501CW10480,525870.0,180580.0,-0.187601,51.510083,1,3,1,1,06/04/2005,4,15:21,1,E09000033,3,402,Single carriageway,30,Automatic traffic signal,4,411,None within 50 metres,Pedestrian phase at traffic signal junction,Daylight: Street light present,Fine without high winds,Wet/Damp,None,None,1,Yes,E01004688,2005
1387,200501CW10481,527600.0,181920.0,-0.1622,51.521738,1,2,2,1,11/04/2005,2,07:40,1,E09000033,6,0,Single carriageway,30,None,-1,0,None within 50 metres,No physical crossing within 50 meters,Daylight: Street light present,Fine without high winds,Dry,None,None,1,Yes,E01004662,2005
1388,200501CW10482,528990.0,179450.0,-0.143079,51.499225,1,3,3,1,14/04/2005,5,08:27,1,E09000033,3,3214,Single carriageway,30,Automatic traffic signal,3,3214,None within 50 metres,Pedestrian phase at traffic signal junction,Daylight: Street light present,Fine without high winds,Dry,None,None,1,Yes,E01004731,2005
1389,200501CW10484,527430.0,181820.0,-0.164685,51.520878,1,3,3,1,03/04/2005,1,20:07,1,E09000033,3,501,Dual carriageway,30,Automatic traffic signal,4,507,None within 50 metres,Pedestrian phase at traffic signal junction,Darkness: Street lights present and lit,Fine without high winds,Dry,Roadworks,None,1,Yes,E01004673,2005
1390,200501CW10486,528310.0,179720.0,-0.152772,51.501806,1,3,2,1,13/04/2005,4,16:32,1,E09000033,4,310,Single carriageway,30,None,-1,0,None within 50 metres,No physical crossing within 50 meters,Daylight: Street light present,Fine without high winds,Dry,None,None,1,Yes,E01004691,2005
1391,200501CW10487,530440.0,180370.0,-0.121861,51.50716,1,3,1,1,15/04/2005,6,01:45,1,E09000033,3,3211,Dual carriageway,30,None,-1,0,None within 50 metres,No physical crossing within 50 meters,Darkness: Street lights present and lit,Fine without high winds,Dry,None,None,1,Yes,E01004733,2005
1392,200501CW10489,530250.0,179000.0,-0.125103,51.494892,1,3,2,1,24/01/2005,2,09:40,1,E09000033,3,3212,Dual carriageway,30,Giveway or uncontrolled,3,3212,None within 50 metres,No physical crossing within 50 meters,Daylight: Street light present,Fine without high winds,Dry,None,None,1,No,E01004733,2005
1393,200501CW10490,526730.0,181970.0,-0.174715,51.522383,1,3,1,1,14/04/2005,5,17:15,1,E09000033,6,0,One way street,30,None,-1,0,None within 50 metres,No physical crossing within 50 meters,Daylight: Street light present,Unknown,Dry,None,None,1,Yes,E01004702,2005
1394,200501CW10491,530090.0,180230.0,-0.126953,51.505983,1,3,1,1,16/04/2005,7,13:13,1,E09000033,3,3212,Single carriageway,30,Automatic traffic signal,6,0,None within 50 metres,Pedestrian phase at traffic signal junction,Daylight: Street light present,Fine without high winds,Dry,None,None,1,Yes,E01004736,2005
1395,200501CW10493,529590.0,180750.0,-0.133962,51.510771,1,3,1,1,16/04/2005,7,10:30,1,E09000033,3,401,One way street,30,Automatic traffic signal,6,0,None within 50 metres,Pedestrian phase at traffic signal junction,Daylight: Street light present,Fine without high winds,Dry,None,None,1,Yes,E01004764,2005
1396,200501CW10494,529860.0,178360.0,-0.130953,51.48923,1,3,2,1,16/04/2005,7,17:15,1,E09000033,3,202,Dual carriageway,30,Automatic traffic signal,4,326,None within 50 metres,Pedestrian phase at traffic signal junction,Daylight: Street light present,Fine without high winds,Dry,None,None,1,Yes,E01004737,2005
1397,200501CW10495,527020.0,182760.0,-0.170253,51.529418,1,3,2,1,16/04/2005,7,11:20,1,E09000033,3,5205,Single carriageway,30,None,-1,0,None within 50 metres,No physical crossing within 50 meters,Daylight: Street light present,Fine without high winds,Dry,None,None,1,Yes,E01004725,2005
1398,200501CW10498,529620.0,178530.0,-0.134345,51.490813,1,3,1,1,18/04/2005,2,07:40,1,E09000033,3,202,Dual carriageway,30,Automatic traffic signal,6,0,None within 50 metres,Pedestrian phase at traffic signal junction,Daylight: Street light present,Raining without high winds,Wet/Damp,None,None,1,Yes,E01004741,2005
1399,200501CW10499,529600.0,178550.0,-0.134626,51.490997,1,3,2,1,12/04/2005,3,10:27,1,E09000033,3,202,Dual carriageway,30,None,-1,0,None within 50 metres,No physical crossing within 50 meters,Daylight: Street light present,Fine without high winds,Dry,None,None,1,Yes,E01004741,2005
1400,200501CW10500,528200.0,181480.0,-0.153716,51.517648,1,3,2,1,14/04/2005,5,12:20,1,E09000033,5,0,Single carriageway,30,Giveway or uncontrolled,6,0,None within 50 metres,Zebra crossing,Daylight: Street light present,Fine without high winds,Dry,None,None,1,Yes,E01004714,2005
1401,200501CW10501,529490.0,179960.0,-0.135693,51.503694,1,3,2,1,13/04/2005,4,01:20,1,E09000033,5,0,Single carriageway,30,Automatic traffic signal,6,0,None within 50 metres,Pedestrian phase at traffic signal junction,Darkness: Street lights present and lit,Fine without high winds,Dry,None,None,1,Yes,E01004736,2005
1402,200501CW10503,529970.0,180640.0,-0.12853,51.509695,1,3,2,1,19/04/2005,3,17:10,1,E09000033,3,400,Single carriageway,30,Automatic traffic signal,5,0,None within 50 metres,Pedestrian phase at traffic signal junction,Daylight: Street light present,Fine without high winds,Dry,None,None,1,Yes,E01004736,2005
1403,200501CW10504,527950.0,181850.0,-0.157183,51.52103,1,3,1,1,03/02/2005,5,16:24,1,E09000033,3,41,One way street,30,None,-1,0,None within 50 metres,No physical crossing within 50 meters,Darkness: Street lights present and lit,Fine without high winds,Dry,None,None,1,No,E01004660,2005
1404,200501CW10505,528830.0,181180.0,-0.144751,51.514809,1,2,1,1,06/04/2005,4,10:26,1,E09000033,3,40,Single carriageway,30,Automatic traffic signal,6,0,None within 50 metres,Pedestrian phase at traffic signal junction,Daylight: Street light present,Fine without high winds,Wet/Damp,None,None,1,Yes,E01004764,2005
1405,200501CW10506,525440.0,182360.0,-0.193161,51.526176,1,3,2,1,04/02/2005,6,20:00,1,E09000033,4,413,Single carriageway,30,None,-1,0,None within 50 metres,No physical crossing within 50 meters,Darkness: Street lights present and lit,Fine without high winds,Dry,None,None,1,No,E01004676,2005
1406,200501CW10507,525410.0,182390.0,-0.193582,51.526452,1,3,2,1,03/04/2005,1,15:50,1,E09000033,4,413,Single carriageway,30,Automatic traffic signal,5,0,None within 50 metres,Pedestrian phase at traffic signal junction,Daylight: Street light present,Fine without high winds,Dry,None,None,1,Yes,E01004708,2005
1407,200501CW10509,528120.0,181330.0,-0.154923,51.516318,1,3,2,1,09/04/2005,7,06:34,1,E09000033,3,41,One way street,30,Automatic traffic signal,3,41,None within 50 metres,Pedestrian phase at traffic signal junction,Daylight: Street light present,Fine without high winds,Dry,None,None,1,Yes,E01004714,2005
1408,200501CW10512,528580.0,181650.0,-0.148181,51.51909,1,3,3,1,01/04/2005,6,14:39,1,E09000033,5,0,One way street,30,None,-1,0,None within 50 metres,No physical crossing within 50 meters,Daylight: Street light present,Fine without high winds,Dry,None,None,1,Yes,E01004713,2005
1409,200501CW10513,527120.0,181630.0,-0.169219,51.51924,1,3,2,1,08/02/2005,3,13:00,1,E09000033,3,5,Dual carriageway,30,Automatic traffic signal,3,4205,None within 50 metres,No physical crossing within 50 meters,Daylight: Street light present,Fine without high winds,Dry,None,None,1,No,E01004685,2005
1410,200501CW10514,528910.0,181110.0,-0.143624,51.514162,1,3,1,3,12/02/2005,7,20:00,1,E09000033,5,0,Single carriageway,30,Giveway or uncontrolled,5,0,None within 50 metres,No physical crossing within 50 meters,Darkness: Street lights present and lit,Fine without high winds,Dry,Permanent sign or marking defective or obscured,None,1,No,E01004764,2005
1411,200501CW10515,529350.0,178730.0,-0.138159,51.492672,1,3,2,1,13/02/2005,1,10:45,1,E09000033,3,202,Dual carriageway,30,Automatic traffic signal,4,324,None within 50 metres,Pedestrian phase at traffic signal junction,Daylight: Street light present,Fine without high winds,Dry,None,None,1,No,E01004740,2005
1412,200501CW10516,524790.0,180930.0,-0.203032,51.513468,1,3,2,1,14/02/2005,2,23:30,12,E09000020,5,0,Single carriageway,30,Giveway or uncontrolled,6,0,None within 50 metres,No physical crossing within 50 meters,Darkness: Street lights present and lit,Fine without high winds,Dry,None,None,1,No,E01002882,2005
1413,200501CW10517,529480.0,180270.0,-0.135723,51.506482,1,3,2,1,14/02/2005,2,09:20,1,E09000033,6,0,Single carriageway,30,Giveway or uncontrolled,6,0,None within 50 metres,No physical crossing within 50 meters,Daylight: Street light present,Fine without high winds,Dry,None,None,1,No,E01004736,2005
1414,200501CW10518,529840.0,180960.0,-0.130285,51.512601,1,3,2,1,14/02/2005,2,18:15,1,E09000033,3,401,Single carriageway,30,Giveway or uncontrolled,6,0,None within 50 metres,No physical crossing within 50 meters,Darkness: Street lights present and lit,Fine without high winds,Dry,None,None,1,No,E01004734,2005
1415,200501CW10519,529020.0,179000.0,-0.142811,51.495174,1,3,1,1,17/02/2005,5,09:23,1,E09000033,3,202,Single carriageway,30,None,-1,0,None within 50 metres,No physical crossing within 50 meters,Daylight: Street light present,Fine without high winds,Dry,None,None,1,No,E01004750,2005
1416,200501CW10520,529080.0,180360.0,-0.14145,51.507383,1,3,2,1,30/01/2005,1,03:20,1,E09000033,5,0,Single carriageway,30,Automatic traffic signal,3,4,None within 50 metres,Pedestrian phase at traffic signal junction,Darkness: Street lights present and lit,Raining without high winds,Wet/Damp,None,None,1,No,E01004761,2005
1417,200501CW10521,528020.0,179750.0,-0.156937,51.502141,1,3,3,3,09/04/2005,7,15:25,1,E09000033,3,4,Dual carriageway,30,Giveway or uncontrolled,6,0,None within 50 metres,No physical crossing within 50 meters,Daylight: Street light present,Fine without high winds,Dry,None,None,1,Yes,E01004691,2005
1418,200501CW10523,528900.0,178780.0,-0.144619,51.493224,1,2,1,1,14/04/2005,5,18:36,1,E09000033,5,0,Single carriageway,30,Automatic traffic signal,3,3213,None within 50 metres,Pedestrian phase at traffic signal junction,Daylight: Street light present,Fine without high winds,Dry,None,None,1,Yes,E01004750,2005
1419,200501CW10524,528920.0,181200.0,-0.143448,51.514968,1,3,1,1,16/04/2005,7,12:02,1,E09000033,3,40,Single carriageway,30,None,-1,0,None within 50 metres,No physical crossing within 50 meters,Daylight: Street light present,Fine without high winds,Dry,None,None,1,Yes,E01004764,2005
1420,200501CW10525,528720.0,181970.0,-0.146047,51.521934,1,2,2,1,16/04/2005,7,02:15,1,E09000033,3,4201,Dual carriageway,30,Automatic traffic signal,5,0,None within 50 metres,Pedestrian phase at traffic signal junction,Darkness: Street lights present and lit,Fine without high winds,Dry,None,None,1,Yes,E01004713,2005
1421,200501CW10526,525800.0,183180.0,-0.187681,51.533465,1,3,2,1,16/04/2005,7,18:30,1,E09000033,3,5,Single carriageway,30,Automatic traffic signal,5,0,None within 50 metres,Pedestrian phase at traffic signal junction,Daylight: Street light present,Fine without high winds,Dry,None,None,1,Yes,E01004711,2005
1422,200501CW10528,528800.0,181180.0,-0.145183,51.514816,1,3,1,1,17/04/2005,1,06:33,1,E09000033,3,40,Single carriageway,30,None,-1,0,None within 50 metres,No physical crossing within 50 meters,Daylight: Street light present,Fine without high winds,Dry,None,None,1,Yes,E01004765,2005
1423,200501CW10529,530170.0,180500.0,-0.125701,51.508391,1,3,1,1,18/04/2005,2,14:05,1,E09000033,3,4,Single carriageway,30,None,-1,0,None within 50 metres,No physical crossing within 50 meters,Daylight: Street light present,Fine without high winds,Dry,None,None,1,Yes,E01004736,2005
1424,200501CW10530,527140.0,181400.0,-0.169014,51.517169,1,3,2,1,18/04/2005,2,09:11,1,E09000033,3,4209,Single carriageway,30,Automatic traffic signal,6,0,None within 50 metres,Pedestrian phase at traffic signal junction,Daylight: Street light present,Raining without high winds,Wet/Damp,None,None,1,Yes,E01004684,2005
1425,200501CW10531,527920.0,181960.0,-0.157576,51.522025,1,3,1,1,25/03/2005,6,14:15,1,E09000033,3,501,Dual carriageway,30,Automatic traffic signal,3,41,None within 50 metres,Pedestrian phase at traffic signal junction,Daylight: Street light present,Fine without high winds,Dry,None,None,1,Yes,E01004660,2005
1426,200501CW10532,529640.0,180440.0,-0.133356,51.507973,1,3,1,1,04/04/2005,2,11:14,1,E09000033,3,4,One way street,30,Giveway or uncontrolled,3,4,None within 50 metres,Zebra crossing,Daylight: Street light present,Raining without high winds,Wet/Damp,None,None,1,Yes,E01004736,2005
1427,200501CW10533,530650.0,180970.0,-0.118615,51.512504,1,3,1,1,19/04/2005,3,23:54,1,E09000033,3,4,One way street,30,None,-1,0,None within 50 metres,No physical crossing within 50 meters,Darkness: Street lights present and lit,Fine without high winds,Wet/Damp,None,None,1,Yes,E01004735,2005
1428,200501CW10534,530090.0,180220.0,-0.126957,51.505893,1,3,1,2,20/04/2005,4,16:45,1,E09000033,3,3212,Single carriageway,30,Automatic traffic signal,6,0,None within 50 metres,Pedestrian phase at traffic signal junction,Daylight: Street light present,Fine without high winds,Dry,None,None,1,Yes,E01004736,2005
1429,200501CW10535,528350.0,180040.0,-0.15208,51.504673,1,2,1,1,20/04/2005,4,10:40,1,E09000033,3,4202,Dual carriageway,30,Giveway or uncontrolled,6,0,None within 50 metres,No physical crossing within 50 meters,Daylight: Street light present,Fine without high winds,Dry,None,None,1,Yes,E01004689,2005
1430,200501CW10536,528480.0,182100.0,-0.149457,51.523156,1,3,2,1,20/04/2005,4,12:19,1,E09000033,3,501,Dual carriageway,30,Automatic traffic signal,5,0,None within 50 metres,Pedestrian phase at traffic signal junction,Daylight: Street light present,Fine without high winds,Dry,None,None,1,Yes,E01004716,2005
1431,200501CW10537,528750.0,182090.0,-0.145571,51.523005,1,3,2,1,20/04/2005,4,11:48,1,E09000033,3,4201,Single carriageway,30,None,-1,0,None within 50 metres,No physical crossing within 50 meters,Daylight: Street light present,Fine without high winds,Dry,None,None,1,Yes,E01004716,2005
1432,200501CW10538,528340.0,181580.0,-0.151663,51.518515,1,2,3,1,20/04/2005,4,13:15,1,E09000033,4,524,One way street,30,Giveway or uncontrolled,4,524,None within 50 metres,No physical crossing within 50 meters,Daylight: Street light present,Fine without high winds,Dry,None,None,1,Yes,E01004717,2005
1433,200501CW10539,529290.0,180880.0,-0.138235,51.512008,1,3,1,1,20/04/2005,4,16:02,1,E09000033,5,0,One way street,30,Giveway or uncontrolled,6,0,None within 50 metres,No physical crossing within 50 meters,Daylight: Street light present,Fine without high winds,Dry,None,None,1,Yes,E01004764,2005
1434,200501CW10540,530320.0,179810.0,-0.123796,51.502155,1,3,2,1,21/04/2005,5,06:50,1,E09000033,3,3211,Dual carriageway,30,None,-1,0,None within 50 metres,No physical crossing within 50 meters,Daylight: Street light present,Fine without high winds,Dry,None,None,1,No,E01004733,2005
1435,200501CW10542,529440.0,181170.0,-0.135969,51.51458,1,3,1,1,21/04/2005,5,14:45,1,E09000033,5,0,Single carriageway,30,Giveway or uncontrolled,6,0,None within 50 metres,No physical crossing within 50 meters,Daylight: Street light present,Fine without high winds,Dry,None,None,1,Yes,E01004764,2005
1436,200501CW10544,529740.0,180500.0,-0.131894,51.50849,1,3,2,4,22/04/2005,6,13:58,1,E09000033,3,4,One way street,30,Automatic traffic signal,3,4,None within 50 metres,Pedestrian phase at traffic signal junction,Daylight: Street light present,Fine without high winds,Dry,None,None,1,Yes,E01004736,2005
1437,200501CW10545,526410.0,182420.0,-0.179164,51.526499,1,3,2,2,23/04/2005,7,18:53,1,E09000033,3,5,Single carriageway,30,None,-1,0,None within 50 metres,No physical crossing within 50 meters,Daylight: Street light present,Fine without high winds,Dry,None,None,1,Yes,E01004705,2005
1438,200501CW10546,528320.0,181080.0,-0.152133,51.514026,1,3,1,1,24/04/2005,1,16:30,1,E09000033,3,40,Single carriageway,30,None,-1,0,None within 50 metres,non-junction pedestrian crossing,Daylight: Street light present,Fine without high winds,Dry,None,None,1,Yes,E01004762,2005
1439,200501CW10547,529820.0,180590.0,-0.130709,51.50928,1,3,1,1,25/04/2005,2,22:46,1,E09000033,6,0,One way street,30,Giveway or uncontrolled,6,0,None within 50 metres,No physical crossing within 50 meters,Darkness: Street lights present and lit,Fine without high winds,Dry,None,None,1,Yes,E01004734,2005
1440,200501CW10548,529310.0,180120.0,-0.138226,51.505173,1,3,1,1,25/04/2005,2,17:40,1,E09000033,3,4,One way street,30,Giveway or uncontrolled,3,4,None within 50 metres,Zebra crossing,Daylight: Street light present,Fine without high winds,Wet/Damp,None,None,1,Yes,E01004736,2005
1441,200501CW10549,527670.0,181890.0,-0.161202,51.521453,1,3,3,1,26/04/2005,3,09:16,1,E09000033,3,501,Dual carriageway,30,Automatic traffic signal,6,0,None within 50 metres,Pedestrian phase at traffic signal junction,Daylight: Street light present,Fine without high winds,Dry,None,None,1,Yes,E01004662,2005
1442,200501CW10550,528430.0,180070.0,-0.150917,51.504924,1,3,2,1,26/04/2005,3,00:55,1,E09000033,3,4202,Dual carriageway,30,Giveway or uncontrolled,3,4202,None within 50 metres,No physical crossing within 50 meters,Darkness: Street lights present and lit,Fine without high winds,Dry,None,None,1,Yes,E01004761,2005
1443,200501CW10551,530350.0,180080.0,-0.123264,51.504575,1,3,2,1,26/04/2005,3,19:31,1,E09000033,5,0,Dual carriageway,30,Giveway or uncontrolled,3,3211,None within 50 metres,No physical crossing within 50 meters,Daylight: Street light present,Fine without high winds,Dry,None,None,1,Yes,E01004733,2005
1444,200501CW10553,526170.0,181470.0,-0.182962,51.518015,1,3,2,1,10/04/2005,1,21:13,1,E09000033,5,0,Single carriageway,30,Giveway or uncontrolled,6,0,None within 50 metres,No physical crossing within 50 meters,Darkness: Street lights present and lit,Fine without high winds,Dry,None,None,1,Yes,E01004656,2005
1445,200501CW10554,529420.0,178680.0,-0.13717,51.492207,1,3,1,1,28/04/2005,5,11:44,1,E09000033,3,202,Single carriageway,30,Giveway or uncontrolled,6,0,None within 50 metres,No physical crossing within 50 meters,Daylight: Street light present,Fine without high winds,Dry,None,None,1,Yes,E01004740,2005
1446,200501CW10555,529710.0,179000.0,-0.132877,51.495016,1,3,1,2,29/04/2005,6,16:50,1,E09000033,6,0,Single carriageway,30,Giveway or uncontrolled,4,323,None within 50 metres,No physical crossing within 50 meters,Daylight: Street light present,Fine without high winds,Dry,None,None,1,No,E01004733,2005
1447,200501CW10556,528940.0,181460.0,-0.143064,51.5173,1,2,1,1,18/04/2005,2,08:30,1,E09000033,3,5204,One way street,30,Automatic traffic signal,3,4201,None within 50 metres,Pedestrian phase at traffic signal junction,Daylight: Street light present,Fine without high winds,Dry,None,None,1,No,E01004765,2005
1448,200501CW10558,526720.0,181420.0,-0.175057,51.517443,1,3,1,1,22/04/2005,6,11:35,1,E09000033,6,0,Single carriageway,30,None,-1,0,None within 50 metres,No physical crossing within 50 meters,Daylight: Street light present,Fine without high winds,Dry,None,None,1,Yes,E01004685,2005
1449,200501CW10561,529240.0,178810.0,-0.139713,51.493416,1,3,2,2,25/04/2005,2,18:14,1,E09000033,3,202,Single carriageway,30,Giveway or uncontrolled,6,0,None within 50 metres,Zebra crossing,Daylight: Street light present,Fine without high winds,Dry,None,None,1,Yes,E01004749,2005
1450,200501CW10562,529290.0,180680.0,-0.138309,51.51021,1,2,1,1,25/04/2005,2,11:20,1,E09000033,3,4201,Dual carriageway,30,Automatic traffic signal,5,0,None within 50 metres,Pedestrian phase at traffic signal junction,Daylight: Street light present,Raining without high winds,Wet/Damp,None,None,1,Yes,E01004764,2005
1451,200501CW10563,527130.0,181630.0,-0.169075,51.519238,1,2,1,1,27/04/2005,4,08:18,1,E09000033,3,4205,One way street,20,Automatic traffic signal,3,5,None within 50 metres,Pedestrian phase at traffic signal junction,Daylight: Street light present,Fine without high winds,Dry,None,None,1,Yes,E01004661,2005
1452,200501CW10564,526520.0,181640.0,-0.177859,51.519465,1,3,2,1,28/04/2005,5,17:58,1,E09000033,3,404,Roundabout,30,Giveway or uncontrolled,3,4206,None within 50 metres,No physical crossing within 50 meters,Daylight: Street light present,Fine without high winds,Dry,None,None,1,Yes,E01004685,2005
1453,200501CW10565,529820.0,181370.0,-0.130422,51.51629,1,3,2,1,29/04/2005,6,12:55,2,E09000007,3,40,Single carriageway,30,Automatic traffic signal,3,40,None within 50 metres,Pedestrian phase at traffic signal junction,Daylight: Street light present,Fine without high winds,Dry,None,None,1,Yes,E01004763,2005
1454,200501CW10567,526030.0,182510.0,-0.184607,51.527393,1,3,2,1,29/04/2005,6,06:40,1,E09000033,5,0,One way street,30,None,-1,0,None within 50 metres,No physical crossing within 50 meters,Daylight: Street light present,Fine without high winds,Dry,None,None,1,No,E01004709,2005
1455,200501CW10569,530040.0,180610.0,-0.127533,51.509409,1,3,1,1,20/04/2005,4,23:45,1,E09000033,3,400,Single carriageway,30,Giveway or uncontrolled,3,400,None within 50 metres,No physical crossing within 50 meters,Darkness: Street lights present and lit,Fine without high winds,Dry,None,None,1,No,E01004736,2005
1456,200501CW10570,530650.0,180660.0,-0.11873,51.509718,1,3,2,1,12/03/2005,7,14:15,1,E09000033,3,3211,Dual carriageway,30,Automatic traffic signal,6,0,None within 50 metres,Pedestrian phase at traffic signal junction,Daylight: Street light present,Fine without high winds,Dry,None,None,1,Yes,E01004735,2005
1457,200501CW10571,525260.0,182470.0,-0.195715,51.527204,1,2,1,1,13/04/2005,4,15:45,1,E09000033,4,413,Single carriageway,30,Giveway or uncontrolled,6,0,None within 50 metres,No physical crossing within 50 meters,Daylight: Street light present,Fine without high winds,Dry,None,None,1,Yes,E01004675,2005
1458,200501CW10572,529080.0,181050.0,-0.141198,51.513584,1,3,1,1,16/04/2005,7,16:53,1,E09000033,3,4201,One way street,30,Automatic traffic signal,5,0,None within 50 metres,Pedestrian phase at traffic signal junction,Daylight: Street light present,Fine without high winds,Dry,None,None,1,Yes,E01004764,2005
1459,200501CW10573,527380.0,181360.0,-0.165572,51.516755,1,3,1,1,21/04/2005,5,03:00,1,E09000033,3,5,Dual carriageway,30,Giveway or uncontrolled,3,5,None within 50 metres,Central refuge,Daylight: Street light present,Fine without high winds,Dry,None,None,1,Yes,E01004686,2005
1460,200501CW10574,525470.0,181830.0,-0.192917,51.521406,1,3,3,4,01/04/2005,6,20:54,1,E09000033,3,404,Single carriageway,40,Automatic traffic signal,6,0,None within 50 metres,No physical crossing within 50 meters,Darkness: Street lights present and lit,Fine without high winds,Dry,None,None,1,Yes,E01004758,2005
1461,200501CW10575,529070.0,181050.0,-0.141342,51.513586,1,3,2,1,24/04/2005,1,02:14,1,E09000033,3,4201,Dual carriageway,30,Automatic traffic signal,5,0,None within 50 metres,No physical crossing within 50 meters,Darkness: Street lights present and lit,Fine without high winds,Dry,None,None,1,Yes,E01004764,2005
1462,200501CW10577,525860.0,182730.0,-0.186977,51.529408,1,3,3,1,24/04/2005,1,07:43,1,E09000033,5,0,Single carriageway,30,None,-1,0,None within 50 metres,No physical crossing within 50 meters,Daylight: Street light present,Fine without high winds,Dry,None,None,1,Yes,E01004709,2005
1463,200501CW10578,528200.0,181050.0,-0.153873,51.513784,1,3,2,1,25/04/2005,2,12:33,1,E09000033,3,40,Single carriageway,30,Automatic traffic signal,5,0,None within 50 metres,Pedestrian phase at traffic signal junction,Daylight: Street light present,Fine without high winds,Wet/Damp,None,None,1,Yes,E01004762,2005
1464,200501CW10579,526690.0,180760.0,-0.175726,51.511518,1,2,1,2,26/04/2005,3,19:31,1,E09000033,3,402,Single carriageway,30,Automatic traffic signal,3,4209,None within 50 metres,Pedestrian phase at traffic signal junction,Daylight: Street light present,Fine without high winds,Dry,None,None,1,Yes,E01004689,2005
1465,200501CW10580,527900.0,182020.0,-0.157842,51.522569,1,3,2,1,18/02/2005,6,11:50,1,E09000033,3,41,Single carriageway,30,None,-1,0,None within 50 metres,No physical crossing within 50 meters,Daylight: Street light present,Fine without high winds,Dry,None,None,1,No,E01004660,2005
1466,200501CW10581,531230.0,181140.0,-0.110198,51.513897,48,2,1,1,24/02/2005,5,15:30,570,E09000001,3,4,Dual carriageway,30,None,-1,0,None within 50 metres,Zebra crossing,Daylight: Street light present,Fine without high winds,Wet/Damp,None,None,1,No,E01000004,2005
1467,200501CW10582,527980.0,179750.0,-0.157513,51.50215,1,3,1,1,04/05/2005,4,16:35,1,E09000033,3,4,Single carriageway,30,None,-1,0,None within 50 metres,No physical crossing within 50 meters,Daylight: Street light present,Fine without high winds,Dry,None,None,1,Yes,E01004691,2005
1468,200501CW10583,529020.0,181190.0,-0.142011,51.514855,1,3,1,1,27/04/2005,4,12:05,1,E09000033,3,4201,Single carriageway,30,None,-1,0,None within 50 metres,No physical crossing within 50 meters,Daylight: Street light present,Fine without high winds,Wet/Damp,None,None,1,Yes,E01004764,2005
1469,200501CW10584,527800.0,181830.0,-0.159351,51.520884,1,3,1,1,29/04/2005,6,09:00,1,E09000033,3,41,One way street,30,Giveway or uncontrolled,6,0,None within 50 metres,No physical crossing within 50 meters,Daylight: Street light present,Fine without high winds,Dry,None,None,1,Yes,E01004660,2005
1470,200501CW10585,525140.0,182070.0,-0.197586,51.523636,1,3,1,1,29/04/2005,6,21:33,1,E09000033,6,0,Single carriageway,30,Giveway or uncontrolled,6,0,None within 50 metres,No physical crossing within 50 meters,Darkness: Street lights present and lit,Fine without high winds,Dry,None,None,1,Yes,E01004675,2005
1471,200501CW10586,529350.0,181350.0,-0.137199,51.516218,1,3,1,1,29/04/2005,6,15:49,1,E09000033,5,0,One way street,30,None,-1,0,None within 50 metres,No physical crossing within 50 meters,Daylight: Street light present,Fine without high winds,Dry,None,None,1,Yes,E01004764,2005
1472,200501CW10587,529110.0,178930.0,-0.141541,51.494524,1,3,2,1,29/04/2005,6,19:11,1,E09000033,3,202,One way street,30,Automatic traffic signal,5,0,None within 50 metres,Pedestrian phase at traffic signal junction,Daylight: Street light present,Fine without high winds,Dry,None,None,1,Yes,E01004750,2005
1473,200501CW10588,528680.0,180030.0,-0.147331,51.504508,1,3,1,1,30/04/2005,7,02:30,1,E09000033,3,4,Dual carriageway,30,Giveway or uncontrolled,6,0,None within 50 metres,No physical crossing within 50 meters,Darkness: Street lights present and lit,Fine without high winds,Dry,None,None,1,Yes,E01004761,2005
1474,200501CW10589,528430.0,179920.0,-0.150971,51.503576,1,3,1,1,30/04/2005,7,17:34,1,E09000033,3,4202,Dual carriageway,40,None,-1,0,None within 50 metres,Central refuge,Daylight: Street light present,Fine without high winds,Dry,None,None,1,Yes,E01004761,2005
1475,200501CW10590,528100.0,182430.0,-0.154812,51.526208,1,3,1,1,01/05/2005,1,15:00,1,E09000033,6,0,Single carriageway,30,None,-1,0,None within 50 metres,No physical crossing within 50 meters,Daylight: Street light present,Fine without high winds,Dry,None,None,1,Yes,E01004727,2005
1476,200501CW10591,530150.0,179750.0,-0.126266,51.501655,1,3,2,1,02/05/2005,2,14:10,1,E09000033,3,3212,Single carriageway,30,None,-1,0,None within 50 metres,non-junction pedestrian crossing,Daylight: Street light present,Fine without high winds,Dry,None,None,1,Yes,E01004733,2005
1477,200501CW10592,528700.0,181150.0,-0.146635,51.514569,1,3,1,1,02/05/2005,2,17:24,1,E09000033,3,40,Single carriageway,30,None,-1,0,None within 50 metres,No physical crossing within 50 meters,Daylight: Street light present,Fine without high winds,Dry,None,None,1,Yes,E01004764,2005
1478,200501CW10593,528720.0,182070.0,-0.146011,51.522832,1,3,2,1,03/05/2005,3,18:09,1,E09000033,3,4201,Single carriageway,30,Giveway or uncontrolled,3,4201,None within 50 metres,Central refuge,Daylight: Street light present,Fine without high winds,Dry,None,None,1,Yes,E01004716,2005
1479,200501CW10594,527640.0,181720.0,-0.161696,51.519932,1,3,2,1,03/05/2005,3,18:03,1,E09000033,6,0,Single carriageway,30,Giveway or uncontrolled,6,0,None within 50 metres,No physical crossing within 50 meters,Daylight: Street light present,Fine without high winds,Dry,None,None,1,Yes,E01004661,2005
1480,200501CW10595,530520.0,180520.0,-0.120654,51.50849,1,3,3,1,25/04/2005,2,15:08,1,E09000033,3,3211,Dual carriageway,30,None,-1,0,None within 50 metres,Zebra crossing,Daylight: Street light present,Fine without high winds,Dry,None,None,1,Yes,E01004734,2005
1481,200501CW10596,528850.0,177930.0,-0.145649,51.485597,1,3,2,1,04/05/2005,4,08:30,1,E09000033,3,3212,Single carriageway,30,Automatic traffic signal,5,0,None within 50 metres,Pedestrian phase at traffic signal junction,Daylight: Street light present,Fine without high winds,Dry,None,None,1,Yes,E01004664,2005
1482,200501CW10597,525560.0,182270.0,-0.191464,51.52534,1,3,2,1,04/05/2005,4,08:30,1,E09000033,4,413,Single carriageway,30,Giveway or uncontrolled,6,0,None within 50 metres,No physical crossing within 50 meters,Daylight: Street light present,Fine without high winds,Dry,None,None,1,Yes,E01004756,2005
1483,200501CW10598,529440.0,179370.0,-0.136629,51.498403,1,3,2,1,04/05/2005,4,00:05,1,E09000033,4,323,Single carriageway,30,Giveway or uncontrolled,6,0,None within 50 metres,No physical crossing within 50 meters,Darkness: Street lights present and lit,Fine without high winds,Dry,None,None,1,Yes,E01004731,2005
1484,200501CW10599,527140.0,183300.0,-0.168329,51.534244,1,3,2,1,05/05/2005,5,19:45,1,E09000033,6,0,Single carriageway,30,Giveway or uncontrolled,6,0,None within 50 metres,No physical crossing within 50 meters,Daylight: Street light present,Fine without high winds,Dry,None,None,1,Yes,E01004724,2005
1485,200501CW10600,530180.0,180520.0,-0.12555,51.508568,1,3,1,1,05/05/2005,5,02:16,1,E09000033,3,4,Single carriageway,30,Automatic traffic signal,3,4,None within 50 metres,Pedestrian phase at traffic signal junction,Darkness: Street lights present and lit,Fine without high winds,Dry,None,None,1,Yes,E01004736,2005
1486,200501CW10602,530190.0,179370.0,-0.12583,51.498231,1,3,1,1,05/05/2005,5,08:15,1,E09000033,3,3212,Single carriageway,30,Giveway or uncontrolled,6,0,None within 50 metres,No physical crossing within 50 meters,Daylight: Street light present,Fine without high winds,Dry,None,None,1,Yes,E01004733,2005
1487,200501CW10604,529850.0,180220.0,-0.130413,51.505948,1,2,1,1,03/05/2005,3,15:00,1,E09000033,5,0,Single carriageway,30,None,-1,0,None within 50 metres,non-junction pedestrian crossing,Daylight: Street light present,Fine without high winds,Dry,None,None,1,Yes,E01004736,2005
1488,200501CW10606,528980.0,180820.0,-0.142722,51.511539,1,3,2,1,08/05/2005,1,18:00,1,E09000033,4,406,Single carriageway,30,Giveway or uncontrolled,6,0,None within 50 metres,No physical crossing within 50 meters,Daylight: Street light present,Fine without high winds,Dry,None,None,1,Yes,E01004764,2005
1489,200501CW10607,529680.0,179070.0,-0.133283,51.495652,1,3,1,1,06/05/2005,6,14:54,1,E09000033,4,323,Single carriageway,30,None,-1,0,None within 50 metres,No physical crossing within 50 meters,Daylight: Street light present,Fog or mist,Dry,None,None,1,Yes,E01004733,2005
1490,200501CW10608,524900.0,182150.0,-0.201015,51.524408,1,3,2,1,06/05/2005,6,08:30,1,E09000033,4,414,Single carriageway,30,Giveway or uncontrolled,5,0,None within 50 metres,No physical crossing within 50 meters,Daylight: Street light present,Fine without high winds,Dry,None,None,1,Yes,E01004675,2005
1491,200501CW10609,528760.0,182210.0,-0.145383,51.524081,1,3,2,1,07/05/2005,7,15:06,1,E09000033,3,4201,Single carriageway,30,Automatic traffic signal,3,501,None within 50 metres,Pedestrian phase at traffic signal junction,Daylight: Street light present,Fine without high winds,Dry,None,None,1,Yes,E01004716,2005
1492,200501CW10610,528750.0,179230.0,-0.146615,51.497303,1,3,2,1,07/05/2005,7,21:28,1,E09000033,4,312,One way street,30,None,-1,0,None within 50 metres,No physical crossing within 50 meters,Darkness: Street lights present and lit,Fine without high winds,Dry,None,None,1,Yes,E01004690,2005
1493,200501CW10611,527680.0,181880.0,-0.161062,51.521361,1,3,2,1,07/05/2005,7,01:25,1,E09000033,3,501,Dual carriageway,30,Automatic traffic signal,6,0,None within 50 metres,Pedestrian phase at traffic signal junction,Darkness: Street lights present and lit,Fine without high winds,Wet/Damp,None,None,1,Yes,E01004662,2005
1494,200501CW10613,529440.0,180790.0,-0.136108,51.511165,1,3,1,1,07/05/2005,7,00:49,1,E09000033,5,0,Single carriageway,30,Giveway or uncontrolled,6,0,None within 50 metres,No physical crossing within 50 meters,Darkness: Street lights present and lit,Raining without high winds,Wet/Damp,None,None,1,Yes,E01004764,2005
1495,200501CW10614,529400.0,180640.0,-0.136739,51.509826,1,2,1,1,07/05/2005,7,23:30,1,E09000033,3,4201,Dual carriageway,30,None,-1,0,None within 50 metres,No physical crossing within 50 meters,Darkness: Street lights present and lit,Fine without high winds,Dry,None,None,1,Yes,E01004764,2005
1496,200501CW10615,529820.0,180590.0,-0.130709,51.50928,1,3,1,1,07/05/2005,7,15:37,1,E09000033,6,0,One way street,30,Giveway or uncontrolled,6,0,None within 50 metres,No physical crossing within 50 meters,Daylight: Street light present,Fine without high winds,Wet/Damp,None,None,1,Yes,E01004734,2005
1497,200501CW10616,524850.0,182070.0,-0.201764,51.5237,1,2,1,2,08/05/2005,1,16:42,1,E09000033,3,4207,Single carriageway,30,Giveway or uncontrolled,6,0,None within 50 metres,No physical crossing within 50 meters,Daylight: Street light present,Fine without high winds,Dry,None,None,1,Yes,E01004679,2005
1498,200501CW10617,530150.0,179960.0,-0.126189,51.503543,1,3,2,1,08/04/2005,6,21:10,1,E09000033,3,3212,Single carriageway,30,None,-1,0,None within 50 metres,No physical crossing within 50 meters,Darkness: Street lighting unknown,Unknown,Dry,None,None,1,Yes,E01004733,2005
1499,200501CW10618,528280.0,181070.0,-0.152713,51.513945,1,3,2,1,09/05/2005,2,14:00,1,E09000033,3,40,Single carriageway,30,None,-1,0,None within 50 metres,No physical crossing within 50 meters,Daylight: Street light present,Fine without high winds,Dry,None,None,1,Yes,E01004762,2005
1500,200501CW10619,528120.0,181310.0,-0.154931,51.516138,1,3,1,1,10/05/2005,3,12:17,1,E09000033,3,41,One way street,30,Automatic traffic signal,3,41,None within 50 metres,Pedestrian phase at traffic signal junction,Daylight: Street light present,Fine without high winds,Wet/Damp,None,None,1,Yes,E01004714,2005
1501,200501CW10620,528590.0,179510.0,-0.148817,51.499855,1,3,2,1,11/05/2005,4,09:35,1,E09000033,3,302,Single carriageway,30,Automatic traffic signal,6,0,None within 50 metres,Pedestrian phase at traffic signal junction,Daylight: Street light present,Fine without high winds,Dry,None,None,1,Yes,E01004690,2005
1502,200501CW10621,530350.0,180080.0,-0.123264,51.504575,1,3,2,1,04/05/2005,4,08:05,1,E09000033,5,0,Dual carriageway,30,Automatic traffic signal,3,3211,None within 50 metres,Pedestrian phase at traffic signal junction,Daylight: Street light present,Fine without high winds,Dry,None,None,1,No,E01004733,2005
1503,200501CW10622,527180.0,181570.0,-0.168377,51.518687,1,3,1,1,04/05/2005,4,20:25,1,E09000033,3,5,Single carriageway,30,Giveway or uncontrolled,6,0,None within 50 metres,non-junction pedestrian crossing,Daylight: Street light present,Fine without high winds,Dry,None,None,1,Yes,E01004685,2005
1504,200501CW10623,526870.0,181910.0,-0.17272,51.521813,1,3,2,1,05/05/2005,5,19:11,1,E09000033,3,5,Single carriageway,30,Automatic traffic signal,3,5,None within 50 metres,Pedestrian phase at traffic signal junction,Daylight: Street light present,Fine without high winds,Dry,None,None,1,Yes,E01004673,2005
1505,200501CW10624,529820.0,180190.0,-0.130856,51.505685,1,3,2,1,10/05/2005,3,15:49,1,E09000033,6,0,Single carriageway,30,Giveway or uncontrolled,6,0,None within 50 metres,No physical crossing within 50 meters,Daylight: Street light present,Fine without high winds,Dry,None,None,1,Yes,E01004736,2005
1506,200501CW10625,527570.0,181160.0,-0.162907,51.514915,1,3,2,1,11/05/2005,4,12:06,1,E09000033,3,5,Single carriageway,30,Automatic traffic signal,3,5,None within 50 metres,Pedestrian phase at traffic signal junction,Daylight: Street light present,Fine without high winds,Dry,None,None,1,Yes,E01004680,2005
1507,200501CW10627,524910.0,182090.0,-0.200892,51.523867,1,3,2,1,11/05/2005,4,08:15,1,E09000033,3,404,Single carriageway,30,Giveway or uncontrolled,6,0,None within 50 metres,No physical crossing within 50 meters,Daylight: Street light present,Fine without high winds,Dry,None,None,1,Yes,E01004755,2005
1508,200501CW10628,528870.0,181190.0,-0.144171,51.51489,1,2,1,2,11/05/2005,4,15:00,1,E09000033,3,40,Single carriageway,30,Automatic traffic signal,3,40,None within 50 metres,Pedestrian phase at traffic signal junction,Daylight: Street light present,Fine without high winds,Dry,None,None,1,Yes,E01004764,2005
1509,200501CW10629,528470.0,181320.0,-0.149885,51.516149,1,3,2,1,11/05/2005,4,14:51,1,E09000033,3,5204,Single carriageway,30,Automatic traffic signal,6,0,None within 50 metres,Pedestrian phase at traffic signal junction,Daylight: Street light present,Fine without high winds,Dry,None,None,1,Yes,E01004714,2005
1510,200501CW10630,529070.0,181050.0,-0.141342,51.513586,1,3,2,1,12/05/2005,5,17:30,1,E09000033,3,4201,Single carriageway,30,Automatic traffic signal,5,0,None within 50 metres,Pedestrian phase at traffic signal junction,Daylight: Street light present,Fine without high winds,Dry,None,None,1,No,E01004764,2005
1511,200501CW10631,525580.0,182510.0,-0.19109,51.527493,1,3,1,1,12/05/2005,5,12:57,1,E09000033,5,0,Single carriageway,30,Giveway or uncontrolled,5,0,None within 50 metres,Zebra crossing,Daylight: Street light present,Fine without high winds,Dry,None,None,1,Yes,E01004706,2005
1512,200501CW10632,525000.0,181640.0,-0.199755,51.519803,1,3,2,2,03/05/2005,3,17:52,1,E09000033,3,4207,Single carriageway,30,None,-1,0,None within 50 metres,No physical crossing within 50 meters,Daylight: Street light present,Fine without high winds,Dry,None,None,1,Yes,E01004759,2005
1513,200501CW10633,529970.0,180740.0,-0.128493,51.510594,1,3,2,1,12/05/2005,5,17:08,1,E09000033,3,400,Single carriageway,30,None,-1,0,None within 50 metres,No physical crossing within 50 meters,Daylight: Street light present,Fine without high winds,Dry,None,None,1,Yes,E01004734,2005
1514,200501CW10635,526070.0,183390.0,-0.183715,51.535292,1,3,2,1,13/05/2005,6,13:50,1,E09000033,6,0,Single carriageway,30,Giveway or uncontrolled,6,0,None within 50 metres,No physical crossing within 50 meters,Daylight: Street light present,Fine without high winds,Dry,None,None,1,Yes,E01004648,2005
1515,200501CW10636,527140.0,183700.0,-0.168185,51.537839,1,3,2,1,13/05/2005,6,12:36,2,E09000007,4,525,Single carriageway,30,Giveway or uncontrolled,5,0,None within 50 metres,No physical crossing within 50 meters,Daylight: Street light present,Fine without high winds,Dry,None,None,1,Yes,E01004647,2005
1516,200501CW10638,526090.0,180810.0,-0.18435,51.512101,1,3,1,1,14/05/2005,7,12:32,1,E09000033,6,0,Single carriageway,30,Giveway or uncontrolled,6,0,None within 50 metres,No physical crossing within 50 meters,Daylight: Street light present,Fine without high winds,Dry,None,None,1,Yes,E01004698,2005
1517,200501CW10639,527970.0,180630.0,-0.157338,51.510061,1,2,1,1,14/05/2005,7,01:50,1,E09000033,3,4202,Dual carriageway,40,None,-1,0,None within 50 metres,Central refuge,Darkness: Street lights present and lit,Fine without high winds,Dry,None,None,1,Yes,E01004689,2005
1518,200501CW10640,526080.0,182030.0,-0.184058,51.523068,1,2,1,3,15/05/2005,1,13:39,1,E09000033,5,0,Single carriageway,30,Giveway or uncontrolled,4,413,None within 50 metres,No physical crossing within 50 meters,Daylight: Street light present,Fine without high winds,Dry,None,Other object in carriageway,1,Yes,E01004703,2005
1519,200501CW10641,528460.0,181310.0,-0.150033,51.516061,1,3,2,1,12/05/2005,5,11:36,1,E09000033,3,5204,Single carriageway,30,Automatic traffic signal,6,0,None within 50 metres,Pedestrian phase at traffic signal junction,Daylight: Street light present,Fine without high winds,Dry,None,None,1,Yes,E01004714,2005
1520,200501CW10642,526230.0,181410.0,-0.182119,51.517462,1,3,2,1,16/05/2005,2,19:20,1,E09000033,5,0,Single carriageway,30,Automatic traffic signal,3,4206,None within 50 metres,No physical crossing within 50 meters,Daylight: Street light present,Raining without high winds,Wet/Damp,None,None,1,Yes,E01004681,2005
1521,200501CW10643,526240.0,181260.0,-0.182028,51.516112,1,3,2,1,16/05/2005,2,19:32,1,E09000033,5,0,Single carriageway,30,Giveway or uncontrolled,6,0,None within 50 metres,No physical crossing within 50 meters,Daylight: Street light present,Fine without high winds,Dry,None,None,1,Yes,E01004696,2005
1522,200501CW10644,527910.0,179740.0,-0.158524,51.502076,1,3,2,1,16/05/2005,2,08:00,1,E09000033,3,4,Single carriageway,30,Automatic traffic signal,3,4,None within 50 metres,Pedestrian phase at traffic signal junction,Daylight: Street light present,Fine without high winds,Dry,None,None,1,No,E01002818,2005
1523,200501CW10645,526830.0,182470.0,-0.173095,51.526854,1,3,2,1,16/05/2005,2,17:30,1,E09000033,4,507,Single carriageway,30,Giveway or uncontrolled,6,0,None within 50 metres,No physical crossing within 50 meters,Daylight: Street light present,Raining without high winds,Wet/Damp,None,None,1,Yes,E01004728,2005
1524,200501CW10646,528290.0,180300.0,-0.152849,51.507023,1,3,2,1,16/05/2005,2,09:41,1,E09000033,3,4202,Dual carriageway,40,None,-1,0,None within 50 metres,No physical crossing within 50 meters,Daylight: Street light present,Fine without high winds,Dry,None,None,1,Yes,E01004689,2005
1525,200501CW10647,529130.0,180400.0,-0.140716,51.507731,1,3,2,1,17/05/2005,3,09:52,1,E09000033,3,4,One way street,30,Automatic traffic signal,3,4,None within 50 metres,Pedestrian phase at traffic signal junction,Daylight: Street light present,Fine without high winds,Dry,None,None,1,Yes,E01004761,2005
1526,200501CW10648,528740.0,180080.0,-0.146449,51.504944,1,3,1,1,17/05/2005,3,15:19,1,E09000033,3,4,Single carriageway,30,Authorised person,6,0,None within 50 metres,No physical crossing within 50 meters,Daylight: Street light present,Fine without high winds,Dry,Ol or diesel,Dislodged vehicle load in carriageway,1,Yes,E01004761,2005
1527,200501CW10650,525420.0,182380.0,-0.193442,51.52636,1,3,2,2,17/05/2005,3,21:01,1,E09000033,4,413,Single carriageway,30,Automatic traffic signal,5,0,None within 50 metres,No physical crossing within 50 meters,Darkness: Street lights present and lit,Fine without high winds,Dry,None,None,1,Yes,E01004676,2005
1528,200501CW10651,527630.0,182370.0,-0.161605,51.525776,1,2,3,2,18/05/2005,4,23:03,1,E09000033,3,41,Dual carriageway,30,Automatic traffic signal,3,41,None within 50 metres,Pedestrian phase at traffic signal junction,Darkness: Street lights present and lit,Fine without high winds,Dry,None,None,1,Yes,E01004727,2005
1529,200501CW10652,528230.0,182180.0,-0.15303,51.523932,1,3,2,1,18/05/2005,4,07:10,1,E09000033,6,0,Single carriageway,30,Automatic traffic signal,6,0,None within 50 metres,No physical crossing within 50 meters,Daylight: Street light present,Fine without high winds,Dry,None,None,1,Yes,E01004727,2005
1530,200501CW10653,528090.0,180560.0,-0.155635,51.509405,1,3,2,1,02/03/2005,4,18:50,1,E09000033,3,4202,Dual carriageway,30,None,-1,0,None within 50 metres,No physical crossing within 50 meters,Darkness: Street lights present and lit,Raining without high winds,Wet/Damp,None,None,1,No,E01004689,2005
1531,200501CW10654,527920.0,181960.0,-0.157576,51.522025,1,3,3,1,02/03/2005,4,14:30,1,E09000033,3,501,Dual carriageway,30,Automatic traffic signal,3,41,None within 50 metres,Pedestrian phase at traffic signal junction,Daylight: Street light present,Raining without high winds,Wet/Damp,None,None,1,No,E01004660,2005
1532,200501CW10655,524940.0,181400.0,-0.200705,51.517659,1,3,1,1,04/03/2005,6,21:30,1,E09000033,6,0,Single carriageway,30,Giveway or uncontrolled,6,0,None within 50 metres,No physical crossing within 50 meters,Darkness: Street lights present and lit,Fine without high winds,Dry,None,None,1,No,E01002829,2005
1533,200501CW10656,529590.0,180660.0,-0.133996,51.509962,1,3,2,1,05/03/2005,7,23:24,1,E09000033,3,4,One way street,30,None,-1,0,None within 50 metres,non-junction pedestrian crossing,Darkness: Street lights present and lit,Fine without high winds,Dry,None,None,1,No,E01004736,2005
1534,200501CW10657,529550.0,181250.0,-0.134355,51.515273,1,3,2,1,06/03/2005,1,17:14,1,E09000033,6,0,Single carriageway,30,Giveway or uncontrolled,6,0,None within 50 metres,No physical crossing within 50 meters,Daylight: Street light present,Fine without high winds,Dry,None,None,1,No,E01004763,2005
1535,200501CW10658,528590.0,181800.0,-0.147982,51.520435,1,3,2,1,09/03/2005,4,16:45,1,E09000033,5,0,One way street,30,Automatic traffic signal,5,0,None within 50 metres,Pedestrian phase at traffic signal junction,Daylight: Street light present,Fine without high winds,Dry,None,None,1,No,E01004713,2005
1536,200501CW10659,529000.0,180300.0,-0.142624,51.506862,1,3,1,1,10/03/2005,5,09:30,1,E09000033,3,4,Single carriageway,30,None,-1,0,None within 50 metres,No physical crossing within 50 meters,Daylight: Street light present,Fog or mist,Dry,None,None,1,No,E01004761,2005
1537,200501CW10660,529040.0,181230.0,-0.141708,51.51521,1,3,1,1,12/03/2005,7,12:45,1,E09000033,3,40,Single carriageway,30,Automatic traffic signal,3,4201,None within 50 metres,Pedestrian phase at traffic signal junction,Daylight: Street light present,Fine without high winds,Dry,None,None,1,No,E01004764,2005
1538,200501CW10661,526600.0,182180.0,-0.176513,51.5243,1,3,1,1,04/04/2005,2,11:25,1,E09000033,3,5,Single carriageway,30,None,-1,0,None within 50 metres,No physical crossing within 50 meters,Daylight: Street light present,Unknown,Wet/Damp,None,None,1,No,E01004703,2005
1539,200501CW10663,525860.0,182310.0,-0.187127,51.525633,1,3,2,2,16/02/2005,4,21:27,1,E09000033,5,0,Single carriageway,30,Giveway or uncontrolled,6,0,None within 50 metres,Zebra crossing,Darkness: Street lights present and lit,Fine without high winds,Dry,None,None,1,Yes,E01004704,2005
1540,200501CW10664,525900.0,180590.0,-0.187165,51.510166,1,3,3,2,28/03/2005,2,00:01,1,E09000033,3,402,Dual carriageway,30,Automatic traffic signal,4,411,None within 50 metres,Pedestrian phase at traffic signal junction,Darkness: Street lights present and lit,Fine without high winds,Dry,None,None,1,Yes,E01004688,2005
1541,200501CW10665,526820.0,183180.0,-0.172983,51.533237,1,3,2,1,25/04/2005,2,08:30,1,E09000033,5,0,Single carriageway,30,Automatic traffic signal,3,41,None within 50 metres,Pedestrian phase at traffic signal junction,Daylight: Street light present,Raining without high winds,Wet/Damp,None,None,1,Yes,E01004647,2005
1542,200501CW10666,530050.0,180980.0,-0.127253,51.512732,1,3,2,1,20/04/2005,4,09:15,1,E09000033,4,404,Single carriageway,30,Giveway or uncontrolled,4,404,None within 50 metres,No physical crossing within 50 meters,Daylight: Street light present,Fine without high winds,Dry,None,None,1,Yes,E01004734,2005
1543,200501CW10667,529910.0,181030.0,-0.129251,51.513214,1,3,2,1,26/04/2005,3,16:00,1,E09000033,3,400,Single carriageway,30,Automatic traffic signal,3,401,None within 50 metres,Pedestrian phase at traffic signal junction,Daylight: Street light present,Fine without high winds,Dry,None,None,1,Yes,E01004763,2005
1544,200501CW10669,530050.0,179560.0,-0.127776,51.499971,1,3,1,1,06/05/2005,6,22:35,1,E09000033,3,302,Dual carriageway,30,None,-1,0,None within 50 metres,No physical crossing within 50 meters,Darkness: Street lights present and lit,Fine without high winds,Dry,None,None,1,Yes,E01004733,2005
1545,200501CW10670,526060.0,182050.0,-0.184339,51.523252,1,3,2,1,10/05/2005,3,17:00,1,E09000033,4,413,Roundabout,30,Giveway or uncontrolled,4,413,None within 50 metres,Zebra crossing,Daylight: Street light present,Fine without high winds,Dry,None,None,1,Yes,E01004704,2005
1546,200501CW10672,529960.0,180380.0,-0.12877,51.507361,1,3,2,1,16/05/2005,2,07:37,1,E09000033,3,4,Single carriageway,30,Automatic traffic signal,3,4,None within 50 metres,Pedestrian phase at traffic signal junction,Daylight: Street light present,Fine without high winds,Dry,None,None,1,Yes,E01004736,2005
1547,200501CW10674,526670.0,180990.0,-0.175932,51.513589,1,2,1,1,16/05/2005,2,20:23,1,E09000033,5,0,Single carriageway,30,None,-1,0,None within 50 metres,No physical crossing within 50 meters,Darkness: Street lights present but unlit,Raining without high winds,Wet/Damp,None,None,1,Yes,E01004682,2005
1548,200501CW10675,529920.0,178980.0,-0.129861,51.494788,1,3,1,1,17/05/2005,3,16:30,1,E09000033,4,323,Single carriageway,30,None,-1,0,None within 50 metres,No physical crossing within 50 meters,Daylight: Street light present,Fine without high winds,Dry,None,None,1,Yes,E01004743,2005
1549,200501CW10676,528970.0,181220.0,-0.14272,51.515136,1,3,2,1,18/05/2005,4,23:00,1,E09000033,3,40,Single carriageway,30,Giveway or uncontrolled,6,0,None within 50 metres,No physical crossing within 50 meters,Darkness: Street lights present and lit,Fine without high winds,Dry,None,None,1,Yes,E01004764,2005
1550,200501CW10677,528180.0,178400.0,-0.155123,51.489973,1,3,3,1,18/05/2005,4,12:00,12,E09000020,3,3214,Single carriageway,30,Giveway or uncontrolled,5,0,None within 50 metres,No physical crossing within 50 meters,Daylight: Street light present,Fine without high winds,Dry,None,None,1,Yes,E01004667,2005
1551,200501CW10678,528340.0,181580.0,-0.151663,51.518515,1,3,2,1,19/05/2005,5,12:59,1,E09000033,4,524,One way street,30,Giveway or uncontrolled,5,0,None within 50 metres,No physical crossing within 50 meters,Daylight: Street light present,Raining without high winds,Wet/Damp,None,None,1,Yes,E01004717,2005
1552,200501CW10679,530100.0,180850.0,-0.12658,51.511552,1,3,1,1,19/05/2005,5,11:55,1,E09000033,6,0,Single carriageway,30,None,-1,0,None within 50 metres,No physical crossing within 50 meters,Daylight: Street light present,Fine without high winds,Dry,None,None,1,Yes,E01004734,2005
1553,200501CW10680,530320.0,181090.0,-0.123323,51.513659,1,3,1,2,19/05/2005,5,23:10,1,E09000033,4,402,Single carriageway,30,Giveway or uncontrolled,4,401,None within 50 metres,Zebra crossing,Darkness: Street lights present and lit,Raining without high winds,Wet/Damp,None,None,1,Yes,E01004735,2005
1554,200501CW10681,529790.0,180420.0,-0.131203,51.507759,1,3,1,1,20/05/2005,6,14:36,1,E09000033,3,4,Single carriageway,30,Automatic traffic signal,3,4,None within 50 metres,Pedestrian phase at traffic signal junction,Daylight: Street light present,Fine without high winds,Dry,None,None,1,Yes,E01004736,2005
1555,200501CW10683,526850.0,181690.0,-0.173087,51.51984,1,3,5,3,22/05/2005,1,20:40,1,E09000033,3,40,Dual carriageway,50,Giveway or uncontrolled,3,40,None within 50 metres,No physical crossing within 50 meters,Daylight: Street light present,Fine without high winds,Dry,None,None,1,Yes,E01004685,2005
1556,200501CW10684,528940.0,178380.0,-0.144189,51.48962,1,3,2,1,25/05/2005,4,17:40,1,E09000033,6,0,Single carriageway,30,Giveway or uncontrolled,6,0,None within 50 metres,No physical crossing within 50 meters,Daylight: Street light present,Fine without high winds,Dry,None,None,1,Yes,E01004751,2005
1557,200501CW10686,527360.0,182610.0,-0.165408,51.527993,1,3,1,1,25/05/2005,4,08:25,1,E09000033,3,41,Single carriageway,30,None,-1,0,None within 50 metres,No physical crossing within 50 meters,Daylight: Street light present,Fine without high winds,Dry,None,None,1,Yes,E01004725,2005
1558,200501CW10688,528690.0,180960.0,-0.146848,51.512864,1,3,2,1,10/05/2005,3,07:45,1,E09000033,5,0,Single carriageway,30,Giveway or uncontrolled,6,0,None within 50 metres,No physical crossing within 50 meters,Daylight: Street light present,Fine without high winds,Dry,None,None,1,No,E01004764,2005
1559,200501CW10692,530080.0,178210.0,-0.127841,51.487832,1,3,3,1,25/05/2005,4,07:10,1,E09000033,3,202,Single carriageway,30,None,-1,0,None within 50 metres,No physical crossing within 50 meters,Daylight: Street light present,Fine without high winds,Dry,None,None,1,Yes,,2005
1560,200501CW10693,523930.0,182460.0,-0.214881,51.527408,1,3,2,1,26/05/2005,5,22:05,1,E09000033,3,404,Single carriageway,30,None,-1,0,None within 50 metres,No physical crossing within 50 meters,Darkness: Street lights present and lit,Fine without high winds,Dry,None,None,1,Yes,E01004720,2005
1561,200501CW10694,528370.0,178470.0,-0.152362,51.490559,1,3,2,1,26/05/2005,5,12:04,1,E09000033,3,3214,Single carriageway,30,Giveway or uncontrolled,6,0,None within 50 metres,Zebra crossing,Daylight: Street light present,Fine without high winds,Dry,None,None,1,Yes,E01004666,2005
1562,200501CW10695,528730.0,181840.0,-0.145951,51.520763,1,3,2,1,26/05/2005,5,08:34,1,E09000033,5,0,Single carriageway,30,None,-1,0,None within 50 metres,No physical crossing within 50 meters,Daylight: Street light present,Fine without high winds,Dry,None,None,1,Yes,E01004713,2005
1563,200501CW10696,527770.0,181220.0,-0.160005,51.515409,1,3,2,1,13/03/2005,1,20:20,1,E09000033,5,0,Single carriageway,30,Automatic traffic signal,5,0,None within 50 metres,Pedestrian phase at traffic signal junction,Darkness: Street lights present and lit,Fine without high winds,Dry,None,None,1,No,E01004658,2005
1564,200501CW10697,528820.0,181720.0,-0.144698,51.519664,1,3,2,1,16/03/2005,4,09:40,1,E09000033,5,0,Single carriageway,30,Automatic traffic signal,3,4201,None within 50 metres,Pedestrian phase at traffic signal junction,Daylight: Street light present,Fine without high winds,Dry,None,None,1,No,E01004765,2005
1565,200501CW10698,525150.0,182510.0,-0.197286,51.527588,1,3,2,1,28/04/2005,5,23:45,1,E09000033,4,414,Dual carriageway,30,Automatic traffic signal,4,413,None within 50 metres,No physical crossing within 50 meters,Darkness: Street lights present and lit,Raining without high winds,Wet/Damp,None,None,1,No,E01004675,2005
1566,200501CW10699,527930.0,181970.0,-0.157428,51.522113,1,3,1,1,13/05/2005,6,22:15,1,E09000033,3,501,Dual carriageway,30,Automatic traffic signal,3,41,None within 50 metres,Pedestrian phase at traffic signal junction,Darkness: Street lights present and lit,Fine without high winds,Dry,None,None,1,Yes,E01004712,2005
1567,200501CW10700,529090.0,178940.0,-0.141825,51.494619,1,3,1,2,15/05/2005,1,12:15,1,E09000033,3,202,One way street,30,Automatic traffic signal,5,0,None within 50 metres,Pedestrian phase at traffic signal junction,Daylight: Street light present,Fine without high winds,Dry,None,None,1,Yes,E01004750,2005
1568,200501CW10701,524380.0,182800.0,-0.208277,51.530365,1,3,1,1,21/05/2005,7,14:58,1,E09000033,6,0,Single carriageway,30,None,-1,0,None within 50 metres,No physical crossing within 50 meters,Daylight: Street light present,Fine without high winds,Dry,None,None,1,Yes,E01004719,2005
1569,200501CW10702,524730.0,183060.0,-0.203142,51.532624,1,3,2,1,24/05/2005,3,18:40,28,E09000005,5,0,Single carriageway,30,Giveway or uncontrolled,4,413,None within 50 metres,No physical crossing within 50 meters,Daylight: Street light present,Fine without high winds,Dry,None,None,1,Yes,E01004723,2005
1570,200501CW10703,529970.0,180780.0,-0.128479,51.510953,1,3,1,1,21/05/2005,7,04:15,1,E09000033,3,400,Single carriageway,30,None,-1,0,None within 50 metres,No physical crossing within 50 meters,Darkness: Street lights present and lit,Fine without high winds,Dry,None,None,1,Yes,E01004734,2005
1571,200501CW10705,529790.0,181370.0,-0.130854,51.516297,1,3,1,1,25/04/2005,2,17:05,1,E09000033,3,40,Single carriageway,30,None,-1,0,None within 50 metres,No physical crossing within 50 meters,Daylight: Street light present,Fine without high winds,Dry,None,None,1,Yes,E01004763,2005
1572,200501CW10706,526870.0,182640.0,-0.172457,51.528373,1,3,1,1,24/05/2005,3,18:05,1,E09000033,3,5205,Single carriageway,30,None,-1,0,None within 50 metres,Zebra crossing,Daylight: Street light present,Fine without high winds,Dry,None,None,1,Yes,E01004728,2005
1573,200501CW10707,529910.0,181020.0,-0.129254,51.513124,1,3,2,1,25/05/2005,4,09:04,1,E09000033,3,400,Single carriageway,30,Automatic traffic signal,3,401,None within 50 metres,Pedestrian phase at traffic signal junction,Daylight: Street light present,Fine without high winds,Dry,None,None,1,Yes,E01004734,2005
1574,200501CW10708,529620.0,180790.0,-0.133516,51.511123,1,3,1,1,19/05/2005,5,01:02,1,E09000033,3,401,Single carriageway,30,None,-1,0,None within 50 metres,No physical crossing within 50 meters,Darkness: Street lights present and lit,Raining without high winds,Wet/Damp,None,None,1,Yes,E01004763,2005
1575,200501CW10709,527200.0,182890.0,-0.167612,51.530546,1,3,1,1,25/05/2005,4,14:40,1,E09000033,3,5205,Single carriageway,30,Giveway or uncontrolled,6,0,None within 50 metres,Zebra crossing,Daylight: Street light present,Fine without high winds,Dry,None,None,1,Yes,E01004725,2005
1576,200501CW10710,529010.0,181230.0,-0.14214,51.515217,1,3,2,1,25/05/2005,4,12:28,1,E09000033,3,40,Dual carriageway,30,Automatic traffic signal,3,4201,None within 50 metres,Pedestrian phase at traffic signal junction,Daylight: Street light present,Fine without high winds,Dry,None,None,1,Yes,E01004764,2005
1577,200501CW10711,525460.0,180870.0,-0.193402,51.512781,1,3,2,1,24/05/2005,3,18:15,1,E09000033,6,0,Single carriageway,30,Giveway or uncontrolled,6,0,None within 50 metres,No physical crossing within 50 meters,Daylight: Street light present,Fine without high winds,Dry,None,None,1,Yes,E01004654,2005
1578,200501CW10712,528760.0,182190.0,-0.145391,51.523902,1,3,2,1,25/05/2005,4,17:30,1,E09000033,3,501,Single carriageway,30,Automatic traffic signal,3,501,None within 50 metres,Pedestrian phase at traffic signal junction,Daylight: Street light present,Fine without high winds,Dry,None,None,1,No,E01004716,2005
1579,200501CW10713,528530.0,181130.0,-0.14909,51.514428,1,3,1,1,26/05/2005,5,11:00,1,E09000033,3,40,Single carriageway,30,Automatic traffic signal,5,0,None within 50 metres,Pedestrian phase at traffic signal junction,Daylight: Street light present,Fine without high winds,Dry,None,None,1,Yes,E01004714,2005
1580,200501CW10714,528560.0,179230.0,-0.14935,51.497346,1,3,2,1,26/05/2005,5,08:20,1,E09000033,6,0,One way street,30,Automatic traffic signal,3,3217,None within 50 metres,Pedestrian phase at traffic signal junction,Daylight: Street light present,Fine without high winds,Dry,None,None,1,Yes,E01004690,2005
1581,200501CW10715,526630.0,181150.0,-0.17645,51.515036,1,3,2,2,26/05/2005,5,11:45,1,E09000033,3,4205,Single carriageway,30,Automatic traffic signal,3,4205,None within 50 metres,Pedestrian phase at traffic signal junction,Daylight: Street light present,Fine without high winds,Dry,None,None,1,Yes,E01004682,2005
1582,200501CW10717,526940.0,181830.0,-0.17174,51.521078,1,3,3,1,26/05/2005,5,07:56,1,E09000033,3,5,Single carriageway,30,Automatic traffic signal,6,0,None within 50 metres,Pedestrian phase at traffic signal junction,Daylight: Street light present,Fine without high winds,Dry,None,None,1,Yes,E01004673,2005
1583,200501CW10718,525450.0,181450.0,-0.19334,51.517995,1,2,1,1,27/05/2005,6,17:08,1,E09000033,5,0,Single carriageway,30,Giveway or uncontrolled,6,0,None within 50 metres,No physical crossing within 50 meters,Daylight: Street light present,Fine without high winds,Dry,None,None,1,Yes,E01004655,2005
1584,200501CW10719,528650.0,181670.0,-0.147165,51.519253,1,3,3,1,27/05/2005,6,08:30,1,E09000033,5,0,One way street,30,Automatic traffic signal,5,0,None within 50 metres,Pedestrian phase at traffic signal junction,Daylight: Street light present,Fine without high winds,Dry,None,None,1,Yes,E01004713,2005
1585,200501CW10720,527820.0,179720.0,-0.159828,51.501917,1,3,2,1,27/05/2005,6,12:40,1,E09000033,3,4,Single carriageway,30,None,-1,0,None within 50 metres,No physical crossing within 50 meters,Daylight: Street light present,Fine without high winds,Dry,None,None,1,Yes,E01004689,2005
1586,200501CW10721,528370.0,181090.0,-0.15141,51.514105,1,3,1,1,27/05/2005,6,11:25,1,E09000033,5,0,Single carriageway,30,Automatic traffic signal,3,40,None within 50 metres,Pedestrian phase at traffic signal junction,Daylight: Street light present,Fine without high winds,Dry,None,None,1,Yes,E01004714,2005
1587,200501CW10722,529640.0,180310.0,-0.133404,51.506805,1,3,1,1,27/05/2005,6,12:40,1,E09000033,3,4,One way street,30,None,-1,0,None within 50 metres,No physical crossing within 50 meters,Daylight: Street light present,Fine without high winds,Dry,None,None,1,Yes,E01004736,2005
1588,200501CW10724,530290.0,180610.0,-0.123933,51.509352,1,3,1,1,28/05/2005,7,12:15,1,E09000033,3,4,Dual carriageway,30,Giveway or uncontrolled,3,4,None within 50 metres,No physical crossing within 50 meters,Daylight: Street light present,Fine without high winds,Dry,None,None,1,Yes,E01004734,2005
1589,200501CW10725,528670.0,181150.0,-0.147067,51.514576,1,3,1,1,28/05/2005,7,16:50,1,E09000033,3,40,Single carriageway,30,Automatic traffic signal,4,406,None within 50 metres,Pedestrian phase at traffic signal junction,Daylight: Street light present,Fine without high winds,Dry,None,None,1,Yes,E01004714,2005
1590,200501CW10726,526430.0,181360.0,-0.179256,51.516968,1,3,3,2,28/05/2005,7,15:20,1,E09000033,3,4205,Dual carriageway,30,None,-1,0,None within 50 metres,No physical crossing within 50 meters,Daylight: Street light present,Fine without high winds,Dry,None,None,1,Yes,E01004681,2005
1591,200501CW10727,525750.0,182130.0,-0.188776,51.52404,1,3,1,1,28/05/2005,7,21:52,1,E09000033,4,413,Single carriageway,30,None,-1,0,None within 50 metres,No physical crossing within 50 meters,Darkness: Street lights present and lit,Fine without high winds,Dry,None,None,1,Yes,E01004754,2005
1592,200501CW10728,528250.0,179540.0,-0.153701,51.500202,1,3,2,1,28/05/2005,7,15:50,1,E09000033,4,310,Single carriageway,30,Giveway or uncontrolled,4,310,None within 50 metres,Zebra crossing,Daylight: Street light present,Fine without high winds,Dry,None,None,1,Yes,E01004691,2005
1593,200501CW10729,530250.0,178960.0,-0.125118,51.494533,1,3,2,1,31/05/2005,3,18:48,1,E09000033,3,3203,Roundabout,30,Giveway or uncontrolled,3,3212,None within 50 metres,Zebra crossing,Daylight: Street light present,Fine without high winds,Dry,None,None,1,Yes,E01004745,2005
1594,200501CW10730,526680.0,180760.0,-0.17587,51.51152,1,2,1,1,29/05/2005,1,19:25,1,E09000033,3,402,One way street,30,Automatic traffic signal,3,4209,None within 50 metres,Pedestrian phase at traffic signal junction,Daylight: Street light present,Fine without high winds,Dry,None,None,1,Yes,E01004689,2005
1595,200501CW10731,529770.0,181370.0,-0.131142,51.516301,1,3,1,1,30/05/2005,2,06:30,1,E09000033,3,40,Single carriageway,30,None,-1,0,None within 50 metres,Central refuge,Darkness: Street lights present but unlit,Raining without high winds,Wet/Damp,None,None,1,Yes,E01004763,2005
1596,200501CW10732,530200.0,180520.0,-0.125262,51.508564,1,3,1,1,31/05/2005,3,11:10,1,E09000033,3,4,Single carriageway,30,Giveway or uncontrolled,3,4,None within 50 metres,No physical crossing within 50 meters,Daylight: Street light present,Fine without high winds,Dry,None,None,1,Yes,E01004736,2005
1597,200501CW10733,525690.0,181180.0,-0.189979,51.515516,1,3,2,1,31/05/2005,3,18:05,1,E09000033,3,4206,Single carriageway,30,Giveway or uncontrolled,6,0,None within 50 metres,No physical crossing within 50 meters,Daylight: Street light present,Fine without high winds,Dry,None,None,1,Yes,E01004699,2005
1598,200501CW10735,528180.0,178820.0,-0.154971,51.493747,1,3,2,1,02/06/2005,5,14:00,1,E09000033,3,3217,Single carriageway,30,Giveway or uncontrolled,3,3217,None within 50 metres,Central refuge,Daylight: Street light present,Fine without high winds,Dry,None,None,1,Yes,E01004687,2005
1599,200501CW10736,527900.0,181490.0,-0.158034,51.517806,1,3,3,1,02/06/2005,5,08:46,1,E09000033,3,41,Single carriageway,30,Giveway or uncontrolled,6,0,None within 50 metres,No physical crossing within 50 meters,Daylight: Street light present,Fine without high winds,Dry,None,None,1,Yes,E01004657,2005
1600,200501CW10737,526170.0,181680.0,-0.182886,51.519902,1,3,2,1,02/06/2005,5,09:15,1,E09000033,3,404,Dual carriageway,30,None,-1,0,None within 50 metres,No physical crossing within 50 meters,Daylight: Street light present,Fine without high winds,Dry,None,None,1,Yes,E01004757,2005
1601,200501CW10738,528830.0,181670.0,-0.144572,51.519212,1,2,1,1,03/06/2005,6,17:47,1,E09000033,3,4201,Dual carriageway,30,Giveway or uncontrolled,6,0,None within 50 metres,No physical crossing within 50 meters,Daylight: Street light present,Fine without high winds,Wet/Damp,None,None,1,Yes,E01004765,2005
1602,200501CW10739,529350.0,181640.0,-0.137093,51.518824,1,3,1,1,03/06/2005,6,13:46,1,E09000033,4,506,Single carriageway,30,Giveway or uncontrolled,4,506,None within 50 metres,non-junction pedestrian crossing,Daylight: Street light present,Fine without high winds,Dry,None,None,1,Yes,E01004763,2005
1603,200501CW10740,528410.0,179870.0,-0.151277,51.503131,1,3,2,1,03/06/2005,6,03:45,1,E09000033,3,4,Dual carriageway,30,Automatic traffic signal,3,4202,None within 50 metres,Pedestrian phase at traffic signal junction,Darkness: Street lights present and lit,Fine without high winds,Dry,None,None,1,Yes,E01004761,2005
1604,200501CW10741,524510.0,182830.0,-0.206394,51.530606,1,3,2,1,03/06/2005,6,16:54,1,E09000033,6,0,Single carriageway,30,Giveway or uncontrolled,6,0,None within 50 metres,No physical crossing within 50 meters,Daylight: Street light present,Raining without high winds,Wet/Damp,None,None,1,Yes,E01004722,2005
1605,200501CW10742,525090.0,181490.0,-0.198512,51.518435,1,3,2,1,03/06/2005,6,16:57,1,E09000033,3,4207,Single carriageway,30,Giveway or uncontrolled,4,412,None within 50 metres,Zebra crossing,Daylight: Street light present,Fine without high winds,Dry,None,None,1,Yes,E01004760,2005
1606,200501CW10744,528890.0,181960.0,-0.143602,51.521805,1,3,2,1,04/06/2005,7,07:45,1,E09000033,6,0,One way street,30,Giveway or uncontrolled,4,506,None within 50 metres,No physical crossing within 50 meters,Daylight: Street light present,Fine without high winds,Dry,None,None,1,Yes,E01004715,2005
1607,200501CW10745,527010.0,181680.0,-0.170786,51.519714,1,2,2,1,04/06/2005,7,12:08,1,E09000033,3,404,Dual carriageway,30,None,-1,0,None within 50 metres,No physical crossing within 50 meters,Daylight: Street light present,Fine without high winds,Dry,None,None,1,Yes,E01004685,2005
1608,200501CW10746,527090.0,182840.0,-0.169215,51.530121,1,3,1,1,04/06/2005,7,17:15,1,E09000033,3,41,Dual carriageway,30,Automatic traffic signal,3,5205,None within 50 metres,Pedestrian phase at traffic signal junction,Daylight: Street light present,Fine without high winds,Dry,None,None,1,Yes,E01004725,2005
1609,200501CW10747,529160.0,181710.0,-0.139804,51.519497,1,2,1,1,05/06/2005,1,13:38,1,E09000033,6,0,One way street,30,Giveway or uncontrolled,6,0,None within 50 metres,No physical crossing within 50 meters,Daylight: Street light present,Fine without high winds,Dry,None,None,1,Yes,E01004763,2005
1610,200501CW10748,528280.0,180830.0,-0.1528,51.511788,1,3,2,1,05/06/2005,1,23:05,1,E09000033,5,0,One way street,30,Giveway or uncontrolled,5,0,None within 50 metres,No physical crossing within 50 meters,Darkness: Street lights present and lit,Fine without high winds,Wet/Damp,None,None,1,Yes,E01004761,2005
1611,200501CW10749,527770.0,181930.0,-0.159747,51.52179,1,3,2,1,05/06/2005,1,21:02,1,E09000033,3,501,Dual carriageway,30,Automatic traffic signal,3,41,None within 50 metres,Pedestrian phase at traffic signal junction,Darkness: Street lights present and lit,Fine without high winds,Dry,None,None,1,Yes,E01004662,2005
1612,200501CW10750,525810.0,181360.0,-0.188187,51.517107,1,3,2,1,07/06/2005,3,21:12,1,E09000033,4,411,Single carriageway,30,Giveway or uncontrolled,6,0,None within 50 metres,No physical crossing within 50 meters,Daylight: Street light present,Fine without high winds,Dry,None,None,1,Yes,E01004652,2005
1613,200501CW10751,528540.0,181120.0,-0.14895,51.514336,1,2,1,1,07/06/2005,3,13:49,1,E09000033,3,40,Single carriageway,30,Automatic traffic signal,5,0,None within 50 metres,Pedestrian phase at traffic signal junction,Daylight: Street light present,Fine without high winds,Dry,None,None,1,Yes,E01004764,2005
1614,200501CW10752,529870.0,178970.0,-0.130585,51.49471,1,3,3,1,07/06/2005,3,09:15,1,E09000033,4,323,Single carriageway,30,Giveway or uncontrolled,6,0,None within 50 metres,No physical crossing within 50 meters,Daylight: Street light present,Fine without high winds,Dry,None,None,1,Yes,E01004743,2005
1615,200501CW10753,529710.0,181360.0,-0.13201,51.516225,1,3,3,1,07/05/2005,7,03:00,1,E09000033,3,40,Single carriageway,30,None,-1,0,None within 50 metres,No physical crossing within 50 meters,Darkness: Street lights present and lit,Fine without high winds,Dry,None,None,1,Yes,E01004763,2005
1616,200501CW10754,528590.0,179510.0,-0.148817,51.499855,1,3,2,2,07/06/2005,3,12:10,1,E09000033,3,302,Single carriageway,30,Giveway or uncontrolled,6,0,None within 50 metres,No physical crossing within 50 meters,Daylight: Street light present,Fine without high winds,Dry,None,None,1,Yes,E01004690,2005
1617,200501CW10755,528570.0,181930.0,-0.148223,51.521608,1,2,1,1,01/06/2005,4,16:25,1,E09000033,5,0,Single carriageway,30,Automatic traffic signal,5,0,None within 50 metres,Pedestrian phase at traffic signal junction,Daylight: Street light present,Fine without high winds,Dry,None,None,1,No,E01004716,2005
1618,200501CW10756,528520.0,181110.0,-0.149242,51.51425,1,2,1,1,07/06/2005,3,20:45,1,E09000033,3,40,Single carriageway,30,Automatic traffic signal,5,0,None within 50 metres,Pedestrian phase at traffic signal junction,Daylight: Street light present,Fine without high winds,Dry,None,None,1,Yes,E01004764,2005
1619,200501CW10757,529230.0,181130.0,-0.139008,51.514268,1,3,2,1,13/06/2005,2,12:10,1,E09000033,5,0,Single carriageway,30,None,-1,0,None within 50 metres,No physical crossing within 50 meters,Daylight: Street light present,Fine without high winds,Dry,None,None,1,Yes,E01004764,2005
1620,200501CW10758,528350.0,179210.0,-0.152381,51.497214,1,3,2,1,07/06/2005,3,15:31,1,E09000033,4,310,One way street,30,Giveway or uncontrolled,6,0,None within 50 metres,No physical crossing within 50 meters,Daylight: Street light present,Fine without high winds,Dry,None,None,1,Yes,E01004691,2005
1621,200501CW10760,529720.0,179360.0,-0.132601,51.498249,1,3,2,1,08/06/2005,4,13:30,1,E09000033,3,302,Single carriageway,30,Giveway or uncontrolled,6,0,None within 50 metres,No physical crossing within 50 meters,Daylight: Street light present,Fine without high winds,Dry,None,None,1,Yes,E01004731,2005
1622,200501CW10761,528110.0,181310.0,-0.155075,51.516141,1,3,1,1,08/06/2005,4,08:48,1,E09000033,3,41,One way street,30,Automatic traffic signal,3,41,None within 50 metres,Pedestrian phase at traffic signal junction,Daylight: Street light present,Fine without high winds,Dry,None,None,1,Yes,E01004714,2005
1623,200501CW10762,526980.0,182360.0,-0.170973,51.525832,1,3,2,1,09/06/2005,5,09:30,1,E09000033,4,507,Single carriageway,30,None,-1,0,None within 50 metres,No physical crossing within 50 meters,Daylight: Street light present,Fine without high winds,Dry,None,None,1,Yes,E01004670,2005
1624,200501CW10763,529780.0,180760.0,-0.131222,51.510817,1,3,1,1,09/06/2005,5,03:31,1,E09000033,6,0,Single carriageway,30,None,-1,0,None within 50 metres,No physical crossing within 50 meters,Darkness: Street lights present and lit,Fine without high winds,Dry,None,None,1,Yes,E01004734,2005
1625,200501CW10764,525690.0,181180.0,-0.189979,51.515516,1,3,1,1,09/06/2005,5,13:20,1,E09000033,3,4206,Single carriageway,30,Giveway or uncontrolled,6,0,None within 50 metres,No physical crossing within 50 meters,Daylight: Street light present,Fine without high winds,Dry,None,None,1,Yes,E01004699,2005
1626,200501CW10765,528620.0,181360.0,-0.14771,51.516474,1,3,2,1,09/06/2005,5,14:18,1,E09000033,3,5204,Single carriageway,30,Automatic traffic signal,5,0,None within 50 metres,Pedestrian phase at traffic signal junction,Daylight: Street light present,Fine without high winds,Dry,None,None,1,Yes,E01004714,2005
1627,200501CW10766,528950.0,179100.0,-0.143783,51.496089,1,3,1,1,09/06/2005,5,16:20,1,E09000033,6,0,Single carriageway,30,None,-1,0,None within 50 metres,No physical crossing within 50 meters,Daylight: Street light present,Fine without high winds,Dry,None,None,1,Yes,E01004750,2005
1628,200501CW10767,528930.0,179100.0,-0.144071,51.496093,1,3,1,1,09/06/2005,5,01:50,1,E09000033,6,0,Single carriageway,30,None,-1,0,None within 50 metres,No physical crossing within 50 meters,Darkness: Street lights present and lit,Fine without high winds,Dry,None,None,1,Yes,E01004750,2005
1629,200501CW10768,529800.0,180930.0,-0.130872,51.51234,1,3,1,1,10/06/2005,6,17:25,1,E09000033,3,401,Single carriageway,30,Giveway or uncontrolled,6,0,None within 50 metres,No physical crossing within 50 meters,Daylight: Street light present,Fine without high winds,Dry,None,None,1,Yes,E01004734,2005
1630,200501CW10769,528700.0,179070.0,-0.147393,51.495876,1,3,1,1,10/06/2005,6,11:30,1,E09000033,5,0,Single carriageway,30,Automatic traffic signal,6,0,None within 50 metres,Pedestrian phase at traffic signal junction,Daylight: Street light present,Fine without high winds,Dry,None,None,1,No,E01004690,2005
1631,200501CW10771,529010.0,181250.0,-0.142133,51.515397,1,3,1,1,26/03/2005,7,14:00,1,E09000033,3,4201,Dual carriageway,30,None,-1,0,None within 50 metres,No physical crossing within 50 meters,Daylight: Street light present,Fine without high winds,Dry,None,None,1,No,E01004764,2005
1632,200501CW10772,530300.0,179660.0,-0.124139,51.500812,1,3,2,1,14/05/2005,7,18:30,1,E09000033,3,302,Single carriageway,30,Automatic traffic signal,3,3211,None within 50 metres,Pedestrian phase at traffic signal junction,Daylight: Street light present,Fine without high winds,Dry,None,None,1,No,E01004733,2005
1633,200501CW10773,526620.0,181140.0,-0.176598,51.514949,1,3,1,1,12/06/2005,1,17:37,1,E09000033,4,410,Single carriageway,30,Automatic traffic signal,3,4205,None within 50 metres,Pedestrian phase at traffic signal junction,Daylight: Street light present,Fine without high winds,Dry,None,None,1,Yes,E01004682,2005
1634,200501CW10774,529680.0,180600.0,-0.132721,51.509402,1,2,2,1,08/05/2005,1,12:25,1,E09000033,3,4,One way street,30,Giveway or uncontrolled,6,0,None within 50 metres,non-junction pedestrian crossing,Daylight: Street light present,Fine without high winds,Dry,None,None,1,Yes,E01004736,2005
1635,200501CW10775,527380.0,183450.0,-0.164816,51.535538,1,3,2,1,16/05/2005,2,08:50,2,E09000007,4,525,Single carriageway,30,Giveway or uncontrolled,4,525,None within 50 metres,Zebra crossing,Daylight: Street light present,Fine without high winds,Dry,None,None,1,Yes,E01004730,2005
1636,200501CW10776,526020.0,181650.0,-0.185058,51.519666,1,3,1,1,21/05/2005,7,03:25,1,E09000033,3,404,Single carriageway,30,Automatic traffic signal,5,0,None within 50 metres,Pedestrian phase at traffic signal junction,Darkness: Street lights present and lit,Fine without high winds,Dry,None,None,1,Yes,E01004757,2005
1637,200501CW10777,525100.0,182530.0,-0.197999,51.527779,1,3,1,1,26/05/2005,5,19:45,1,E09000033,6,0,Single carriageway,30,Giveway or uncontrolled,6,0,None within 50 metres,No physical crossing within 50 meters,Daylight: Street light present,Fine without high winds,Dry,None,None,1,Yes,E01004678,2005
1638,200501CW10778,530560.0,180800.0,-0.119974,51.510997,1,3,1,1,01/06/2005,4,17:40,1,E09000033,3,4,Single carriageway,30,Giveway or uncontrolled,6,0,None within 50 metres,No physical crossing within 50 meters,Daylight: Street light present,Fine without high winds,Dry,None,None,1,Yes,E01004735,2005
1639,200501CW10779,528930.0,179320.0,-0.14399,51.49807,1,3,2,1,10/05/2005,3,03:47,1,E09000033,3,3214,Single carriageway,30,Automatic traffic signal,3,3217,None within 50 metres,Pedestrian phase at traffic signal junction,Darkness: Street lights present and lit,Fine without high winds,Dry,None,None,1,No,E01004731,2005
1640,200501CW10781,527070.0,180840.0,-0.170224,51.512152,1,2,3,4,27/05/2005,6,01:05,1,E09000033,3,402,Single carriageway,30,None,-1,0,None within 50 metres,No physical crossing within 50 meters,Darkness: Street lights present and lit,Fine without high winds,Dry,None,None,1,Yes,E01004683,2005
1641,200501CW10782,526760.0,183260.0,-0.173819,51.53397,1,2,1,1,22/06/2005,4,12:20,1,E09000033,3,41,Single carriageway,30,None,-1,0,None within 50 metres,No physical crossing within 50 meters,Daylight: Street light present,Fine without high winds,Dry,None,None,1,Yes,E01004647,2005
1642,200501CW10783,527030.0,181710.0,-0.170487,51.519979,1,3,2,2,28/05/2005,7,16:11,1,E09000033,3,404,Dual carriageway,30,Automatic traffic signal,3,5,None within 50 metres,Pedestrian phase at traffic signal junction,Daylight: Street light present,Fine without high winds,Dry,None,None,1,Yes,E01004702,2005
1643,200501CW10784,527470.0,181620.0,-0.164181,51.519071,1,3,1,1,21/06/2005,3,11:05,1,E09000033,5,0,One way street,30,None,-1,0,None within 50 metres,No physical crossing within 50 meters,Daylight: Street light present,Fine without high winds,Dry,None,None,1,Yes,E01004663,2005
1644,200501CW10785,528370.0,181090.0,-0.15141,51.514105,1,3,1,1,17/06/2005,6,16:05,1,E09000033,3,40,Dual carriageway,30,Automatic traffic signal,5,0,None within 50 metres,Pedestrian phase at traffic signal junction,Daylight: Street light present,Fine without high winds,Dry,None,None,1,Yes,E01004714,2005
1645,200501CW10786,531120.0,180810.0,-0.111905,51.510957,48,3,2,1,08/06/2005,4,15:50,570,E09000001,3,3211,Single carriageway,30,Giveway or uncontrolled,3,3211,None within 50 metres,No physical crossing within 50 meters,Daylight: Street light present,Fine without high winds,Dry,None,None,1,Yes,E01004735,2005
1646,200501CW10787,530550.0,180890.0,-0.120085,51.511808,1,2,1,1,10/06/2005,6,13:55,1,E09000033,4,401,Single carriageway,30,Giveway or uncontrolled,6,0,None within 50 metres,No physical crossing within 50 meters,Daylight: Street light present,Fine without high winds,Dry,None,None,1,Yes,E01004735,2005
1647,200501CW10788,527160.0,182230.0,-0.168427,51.524623,1,3,1,2,12/06/2005,1,17:50,1,E09000033,4,507,Single carriageway,30,Automatic traffic signal,6,0,None within 50 metres,Pedestrian phase at traffic signal junction,Daylight: Street light present,Fine without high winds,Dry,None,None,1,Yes,E01004671,2005
1648,200501CW10789,528340.0,178920.0,-0.152631,51.49461,1,3,2,1,11/06/2005,7,21:29,1,E09000033,6,0,Single carriageway,30,Automatic traffic signal,6,0,None within 50 metres,Pedestrian phase at traffic signal junction,Darkness: Street lights present and lit,Raining without high winds,Wet/Damp,None,None,1,Yes,E01004687,2005
1649,200501CW10790,528270.0,179840.0,-0.153304,51.502894,1,3,1,1,14/06/2005,3,12:20,1,E09000033,3,4,Dual carriageway,30,None,-1,0,None within 50 metres,No physical crossing within 50 meters,Daylight: Street light present,Fine without high winds,Dry,None,None,1,Yes,E01004691,2005
1650,200501CW10791,530400.0,180260.0,-0.122478,51.506181,1,3,2,1,27/06/2005,2,09:38,1,E09000033,3,3211,Single carriageway,30,Automatic traffic signal,4,308,None within 50 metres,Pedestrian phase at traffic signal junction,Daylight: Street light present,Fine without high winds,Dry,None,None,1,Yes,E01004733,2005
1651,200501CW10793,526720.0,182060.0,-0.174827,51.523194,1,3,2,1,19/06/2005,1,01:45,1,E09000033,3,5,Single carriageway,30,Giveway or uncontrolled,6,0,None within 50 metres,No physical crossing within 50 meters,Darkness: Street lights present and lit,Fine without high winds,Dry,None,None,1,Yes,E01004702,2005
1652,200501CW10794,528550.0,178480.0,-0.149767,51.490608,1,3,1,1,02/06/2005,5,23:00,1,E09000033,3,3214,Single carriageway,30,Automatic traffic signal,3,3214,None within 50 metres,Pedestrian phase at traffic signal junction,Darkness: Street lights present and lit,Fine without high winds,Dry,None,None,1,Yes,E01004667,2005
1653,200501CW10796,526750.0,182550.0,-0.174219,51.527591,1,3,2,1,16/06/2005,5,17:55,1,E09000033,4,507,Single carriageway,30,Automatic traffic signal,3,5205,None within 50 metres,Pedestrian phase at traffic signal junction,Daylight: Street light present,Fine without high winds,Dry,None,None,1,Yes,E01004728,2005
1654,200501CW10797,528070.0,179610.0,-0.156268,51.500872,1,2,2,1,10/06/2005,6,09:28,1,E09000033,6,0,Single carriageway,30,None,-1,0,None within 50 metres,No physical crossing within 50 meters,Daylight: Street light present,Fine without high winds,Dry,None,None,1,Yes,E01004691,2005
1655,200501CW10798,530270.0,181130.0,-0.124029,51.51403,1,3,1,1,16/06/2005,5,09:20,1,E09000033,4,401,Single carriageway,30,None,-1,0,None within 50 metres,No physical crossing within 50 meters,Daylight: Street light present,Fine without high winds,Dry,None,None,1,Yes,E01004735,2005
1656,200501CW10799,528150.0,181040.0,-0.154596,51.513705,1,3,1,1,20/06/2005,2,18:00,1,E09000033,3,40,Single carriageway,30,None,-1,0,None within 50 metres,No physical crossing within 50 meters,Daylight: Street light present,Fine without high winds,Dry,None,None,1,Yes,E01004762,2005
1657,200501CW10800,528030.0,179760.0,-0.156789,51.502229,1,2,1,1,23/06/2005,5,16:20,1,E09000033,3,4,Single carriageway,30,Giveway or uncontrolled,6,0,None within 50 metres,No physical crossing within 50 meters,Daylight: Street light present,Fine without high winds,Dry,None,None,1,Yes,E01004691,2005
1658,200501CW10801,530340.0,180310.0,-0.123323,51.506644,1,3,3,1,21/06/2005,3,12:45,1,E09000033,4,308,Single carriageway,30,Giveway or uncontrolled,4,308,None within 50 metres,No physical crossing within 50 meters,Daylight: Street light present,Fine without high winds,Dry,None,None,1,Yes,E01004736,2005
1659,200501CW10804,527660.0,181070.0,-0.161643,51.514086,1,3,1,1,23/06/2005,5,15:25,1,E09000033,3,5204,Single carriageway,30,Automatic traffic signal,3,5,None within 50 metres,Pedestrian phase at traffic signal junction,Daylight: Street light present,Fine without high winds,Dry,None,None,1,Yes,E01004680,2005
1660,200501CW10805,529840.0,181280.0,-0.130167,51.515476,1,3,2,1,27/05/2005,6,20:20,1,E09000033,3,400,Single carriageway,30,None,-1,0,None within 50 metres,No physical crossing within 50 meters,Daylight: Street light present,Fine without high winds,Dry,None,None,1,Yes,E01000919,2005
1661,200501CW10806,525760.0,181640.0,-0.188807,51.519634,1,3,2,1,20/06/2005,2,07:10,1,E09000033,3,404,Dual carriageway,40,Automatic traffic signal,4,411,None within 50 metres,Pedestrian phase at traffic signal junction,Daylight: Street light present,Fine without high winds,Dry,None,None,1,Yes,E01004757,2005
1662,200501CW10808,528650.0,181670.0,-0.147165,51.519253,1,3,2,1,27/06/2005,2,10:05,1,E09000033,5,0,Single carriageway,30,Automatic traffic signal,5,0,None within 50 metres,Pedestrian phase at traffic signal junction,Daylight: Street light present,Fine without high winds,Dry,None,None,1,Yes,E01004713,2005
1663,200501CW10809,526470.0,181690.0,-0.178561,51.519925,1,3,1,2,17/06/2005,6,03:15,1,E09000033,3,404,Single carriageway,30,None,-1,0,None within 50 metres,No physical crossing within 50 meters,Darkness: Street lights present but unlit,Fine without high winds,Dry,None,None,1,Yes,E01004681,2005
1664,200501CW10810,530170.0,179660.0,-0.126011,51.500842,1,3,1,1,18/06/2005,7,15:05,1,E09000033,3,302,Single carriageway,30,Automatic traffic signal,3,3212,None within 50 metres,Pedestrian phase at traffic signal junction,Daylight: Street light present,Fine without high winds,Dry,None,None,1,Yes,E01004733,2005
1665,200501CW10811,525020.0,181460.0,-0.199531,51.518181,1,3,3,1,04/06/2005,7,15:47,1,E09000033,4,412,Single carriageway,30,Giveway or uncontrolled,6,0,None within 50 metres,No physical crossing within 50 meters,Daylight: Street light present,Fine without high winds,Dry,None,None,1,Yes,E01004760,2005
1666,200501CW10812,528490.0,180750.0,-0.149805,51.511022,1,3,2,1,22/06/2005,4,18:05,1,E09000033,5,0,Single carriageway,30,Giveway or uncontrolled,5,0,None within 50 metres,No physical crossing within 50 meters,Daylight: Street light present,Fine without high winds,Dry,None,None,1,Yes,E01004761,2005
1667,200501CW10813,528720.0,182600.0,-0.145817,51.527595,1,2,2,1,09/06/2005,5,08:04,2,E09000007,6,0,Single carriageway,30,Giveway or uncontrolled,6,0,None within 50 metres,No physical crossing within 50 meters,Daylight: Street light present,Fine without high winds,Dry,None,None,1,Yes,E01000946,2005
1668,200501CW10814,530440.0,180370.0,-0.121861,51.50716,1,2,1,1,10/06/2005,6,15:47,1,E09000033,3,3211,Single carriageway,30,None,-1,0,None within 50 metres,non-junction pedestrian crossing,Daylight: Street light present,Fine without high winds,Dry,None,None,1,Yes,E01004733,2005
1669,200501CW10816,529030.0,181210.0,-0.141859,51.515033,1,3,1,1,11/06/2005,7,15:07,1,E09000033,3,4201,Single carriageway,30,Automatic traffic signal,3,40,None within 50 metres,Pedestrian phase at traffic signal junction,Daylight: Street light present,Fine without high winds,Dry,None,None,1,Yes,E01004764,2005
1670,200501CW10817,528680.0,181150.0,-0.146923,51.514573,1,3,1,1,17/06/2005,6,12:25,1,E09000033,3,40,Single carriageway,30,Automatic traffic signal,4,406,None within 50 metres,Pedestrian phase at traffic signal junction,Daylight: Street light present,Fine without high winds,Dry,None,None,1,Yes,E01004764,2005
1671,200501CW10818,529980.0,180810.0,-0.128324,51.51122,1,3,1,1,19/06/2005,1,16:00,1,E09000033,4,402,One way street,30,Automatic traffic signal,3,400,None within 50 metres,Pedestrian phase at traffic signal junction,Daylight: Street light present,Fine without high winds,Dry,None,None,1,Yes,E01004734,2005
1672,200501CW10819,529280.0,180160.0,-0.138643,51.505539,1,3,1,1,28/06/2005,3,13:15,1,E09000033,3,4,One way street,30,Giveway or uncontrolled,6,0,None within 50 metres,No physical crossing within 50 meters,Daylight: Street light present,Fine without high winds,Dry,None,None,1,Yes,E01004736,2005
1673,200501CW10820,528850.0,181190.0,-0.144459,51.514894,1,3,1,1,22/06/2005,4,17:46,1,E09000033,3,40,Single carriageway,30,Automatic traffic signal,3,40,None within 50 metres,Pedestrian phase at traffic signal junction,Daylight: Street light present,Fine without high winds,Dry,None,None,1,Yes,E01004764,2005
1674,200501CW10821,524840.0,182670.0,-0.201695,51.529095,1,3,1,1,23/06/2005,5,17:34,1,E09000033,5,0,Single carriageway,30,Giveway or uncontrolled,6,0,None within 50 metres,No physical crossing within 50 meters,Daylight: Street light present,Fine without high winds,Dry,None,None,1,No,E01004723,2005
1675,200501CW10822,529530.0,180630.0,-0.134871,51.509706,1,3,2,1,25/06/2005,7,17:52,1,E09000033,3,4,One way street,30,Automatic traffic signal,3,4,None within 50 metres,Pedestrian phase at traffic signal junction,Daylight: Street light present,Fine without high winds,Dry,None,None,1,Yes,E01004764,2005
1676,200501CW10823,528530.0,183430.0,-0.148252,51.535098,1,2,2,1,26/06/2005,1,18:00,2,E09000007,6,0,Single carriageway,30,Giveway or uncontrolled,6,0,None within 50 metres,No physical crossing within 50 meters,Daylight: Street light present,Fine without high winds,Dry,None,None,1,Yes,E01000948,2005
1677,200501CW10824,529160.0,181260.0,-0.139969,51.515452,1,3,1,1,26/06/2005,1,16:15,1,E09000033,3,40,Single carriageway,30,None,-1,0,None within 50 metres,No physical crossing within 50 meters,Daylight: Street light present,Fine without high winds,Dry,None,None,1,Yes,E01004764,2005
1678,200501CW10825,528180.0,180660.0,-0.154302,51.510283,1,3,1,1,28/06/2005,3,20:00,1,E09000033,5,0,One way street,30,Automatic traffic signal,5,0,None within 50 metres,Pedestrian phase at traffic signal junction,Darkness: Street lights present and lit,Raining without high winds,Wet/Damp,None,None,1,Yes,E01004761,2005
1679,200501CW10826,530620.0,180820.0,-0.119102,51.511163,1,3,1,1,19/06/2005,1,07:20,1,E09000033,3,4,Single carriageway,30,Automatic traffic signal,3,301,None within 50 metres,Pedestrian phase at traffic signal junction,Daylight: Street light present,Fine without high winds,Dry,None,None,1,Yes,E01004735,2005
1680,200501CW10827,529130.0,180970.0,-0.140507,51.512853,1,3,2,1,22/06/2005,4,15:35,1,E09000033,3,4201,Single carriageway,30,None,-1,0,None within 50 metres,No physical crossing within 50 meters,Daylight: Street light present,Fine without high winds,Dry,None,None,1,Yes,E01004764,2005
1681,200501CW10828,530440.0,180370.0,-0.121861,51.50716,1,3,1,1,01/07/2005,6,18:50,1,E09000033,3,3211,Single carriageway,30,None,-1,0,None within 50 metres,non-junction pedestrian crossing,Daylight: Street light present,Raining without high winds,Wet/Damp,None,None,1,Yes,E01004733,2005
1682,200501CW10829,528780.0,180990.0,-0.145541,51.513113,1,3,2,1,27/06/2005,2,10:39,1,E09000033,4,406,One way street,30,Automatic traffic signal,5,0,None within 50 metres,Pedestrian phase at traffic signal junction,Daylight: Street light present,Fine without high winds,Dry,None,None,1,Yes,E01004764,2005
1683,200501CW10830,528530.0,181070.0,-0.149112,51.513889,1,3,1,1,22/06/2005,4,14:55,1,E09000033,5,0,Single carriageway,30,None,-1,0,None within 50 metres,No physical crossing within 50 meters,Daylight: Street light present,Fine without high winds,Dry,None,None,1,Yes,E01004764,2005
1684,200501CW10831,529320.0,181290.0,-0.137653,51.515686,1,2,2,1,15/06/2005,4,01:30,1,E09000033,3,40,Single carriageway,30,Automatic traffic signal,5,0,None within 50 metres,No physical crossing within 50 meters,Darkness: Street lights present and lit,Fine without high winds,Dry,None,None,1,Yes,E01004763,2005
1685,200501CW10832,529660.0,181640.0,-0.132627,51.518753,1,3,1,1,24/06/2005,6,20:00,2,E09000007,3,400,One way street,30,Giveway or uncontrolled,3,400,None within 50 metres,No physical crossing within 50 meters,Darkness: Street lights present and lit,Raining without high winds,Wet/Damp,None,None,1,Yes,E01000850,2005
1686,200501CW10833,525810.0,183180.0,-0.187537,51.533463,1,3,2,1,04/07/2005,2,17:10,1,E09000033,3,5,Single carriageway,30,Automatic traffic signal,5,0,None within 50 metres,Pedestrian phase at traffic signal junction,Daylight: Street light present,Raining without high winds,Wet/Damp,None,None,1,Yes,E01004648,2005
1687,200501CW10834,529870.0,181160.0,-0.129779,51.514391,1,3,1,1,02/06/2005,5,17:35,1,E09000033,3,400,Single carriageway,30,None,-1,0,None within 50 metres,No physical crossing within 50 meters,Daylight: Street light present,Fine without high winds,Dry,None,None,1,Yes,E01004763,2005
1688,200501CW10836,526820.0,183170.0,-0.172987,51.533147,1,3,2,3,18/06/2005,7,14:35,1,E09000033,3,41,Single carriageway,30,Automatic traffic signal,5,0,None within 50 metres,Pedestrian phase at traffic signal junction,Daylight: Street light present,Fine without high winds,Dry,None,None,1,Yes,E01004726,2005
1689,200501CW10837,529050.0,181110.0,-0.141608,51.51413,1,3,1,1,29/06/2005,4,11:05,1,E09000033,3,4201,Single carriageway,30,Giveway or uncontrolled,5,0,None within 50 metres,No physical crossing within 50 meters,Daylight: Street light present,Fine without high winds,Dry,None,None,1,Yes,E01004764,2005
1690,200501CW10838,528860.0,181190.0,-0.144315,51.514892,1,3,1,1,06/07/2005,4,10:12,1,E09000033,3,40,Single carriageway,30,Automatic traffic signal,3,40,None within 50 metres,Pedestrian phase at traffic signal junction,Daylight: Street light present,Fine without high winds,Dry,None,None,1,Yes,E01004764,2005
1691,200501CW10840,530060.0,180510.0,-0.127282,51.508506,1,3,1,1,02/07/2005,7,23:28,1,E09000033,3,4,Single carriageway,30,Automatic traffic signal,3,4,None within 50 metres,Pedestrian phase at traffic signal junction,Darkness: Street lights present and lit,Fine without high winds,Dry,None,None,1,Yes,E01004736,2005
1692,200501CW10841,527930.0,181000.0,-0.15778,51.513396,1,3,2,1,22/06/2005,4,11:25,1,E09000033,3,40,Single carriageway,30,None,-1,0,None within 50 metres,No physical crossing within 50 meters,Daylight: Street light present,Fine without high winds,Dry,None,None,1,Yes,E01004762,2005
1693,200501CW10842,527130.0,181460.0,-0.169137,51.51771,1,3,1,1,12/06/2005,1,14:44,1,E09000033,6,0,Single carriageway,30,None,-1,0,None within 50 metres,No physical crossing within 50 meters,Daylight: Street light present,Fine without high winds,Dry,None,None,1,Yes,E01004684,2005
1694,200501CW10843,528230.0,182180.0,-0.15303,51.523932,1,3,2,1,20/06/2005,2,09:50,1,E09000033,6,0,Single carriageway,30,Automatic traffic signal,6,0,None within 50 metres,No physical crossing within 50 meters,Daylight: Street light present,Raining without high winds,Wet/Damp,None,None,1,Yes,E01004727,2005
1695,200501CW10844,527920.0,181960.0,-0.157576,51.522025,1,3,2,2,09/07/2005,7,18:12,1,E09000033,3,501,Dual carriageway,30,Automatic traffic signal,3,41,None within 50 metres,Pedestrian phase at traffic signal junction,Daylight: Street light present,Fine without high winds,Dry,Auto traffic signal partly defective,None,1,Yes,E01004660,2005
1696,200501CW10846,527670.0,181070.0,-0.161499,51.514083,1,3,3,1,25/06/2005,7,10:40,1,E09000033,3,5,Single carriageway,30,Automatic traffic signal,3,5204,None within 50 metres,Pedestrian phase at traffic signal junction,Daylight: Street light present,Fine without high winds,Dry,None,None,1,Yes,E01004658,2005
1697,200501CW10847,526550.0,180740.0,-0.17775,51.511369,1,3,2,1,13/06/2005,2,10:30,1,E09000033,3,402,Single carriageway,30,Giveway or uncontrolled,6,0,None within 50 metres,No physical crossing within 50 meters,Daylight: Street light present,Fine without high winds,Dry,None,None,1,Yes,E01004694,2005
1698,200501CW10848,527210.0,181530.0,-0.167959,51.518321,1,3,2,1,08/07/2005,6,08:20,1,E09000033,3,5,Single carriageway,30,None,-1,0,None within 50 metres,No physical crossing within 50 meters,Daylight: Street light present,Fine without high winds,Dry,None,None,1,Yes,E01004684,2005
1699,200501CW10849,528850.0,181430.0,-0.144372,51.517051,1,2,1,1,24/06/2005,6,18:26,1,E09000033,3,5204,One way street,30,Giveway or uncontrolled,3,5204,None within 50 metres,No physical crossing within 50 meters,Daylight: Street light present,Fine without high winds,Dry,None,None,1,Yes,E01004765,2005
1700,200501CW10850,528510.0,177980.0,-0.150525,51.486123,1,2,2,2,14/06/2005,3,14:05,12,E09000020,3,3216,Single carriageway,30,None,-1,0,None within 50 metres,No physical crossing within 50 meters,Daylight: Street light present,Fine without high winds,Dry,None,None,1,Yes,E01002901,2005
1701,200501CW10851,527340.0,180160.0,-0.166581,51.50598,1,2,1,1,05/06/2005,1,15:20,1,E09000033,6,0,Single carriageway,30,None,-1,0,None within 50 metres,No physical crossing within 50 meters,Daylight: Street light present,Fine without high winds,Dry,None,None,1,Yes,E01004689,2005
1702,200501CW10852,529460.0,180580.0,-0.135897,51.509273,1,3,1,1,29/06/2005,4,16:55,1,E09000033,3,4,Dual carriageway,30,Automatic traffic signal,6,0,None within 50 metres,Pedestrian phase at traffic signal junction,Daylight: Street light present,Fine without high winds,Dry,None,None,1,Yes,E01004736,2005
1703,200501CW10853,528520.0,179590.0,-0.149795,51.50059,1,3,2,1,30/06/2005,5,19:45,1,E09000033,3,302,Single carriageway,30,Giveway or uncontrolled,6,0,None within 50 metres,No physical crossing within 50 meters,Daylight: Street light present,Raining without high winds,Wet/Damp,None,None,1,Yes,E01004690,2005
1704,200501CW10854,527720.0,179660.0,-0.161289,51.5014,1,3,2,1,16/06/2005,5,16:10,12,E09000020,3,4,Single carriageway,30,None,-1,0,None within 50 metres,No physical crossing within 50 meters,Daylight: Street light present,Raining without high winds,Wet/Damp,None,None,1,Yes,E01004689,2005
1705,200501CW10855,528470.0,181040.0,-0.149987,51.513633,1,3,1,1,01/07/2005,6,21:39,1,E09000033,6,0,One way street,30,None,-1,0,None within 50 metres,No physical crossing within 50 meters,Darkness: Street lights present and lit,Fine without high winds,Dry,None,None,1,Yes,E01004762,2005
1706,200501CW10856,527300.0,183150.0,-0.166078,51.53286,1,3,2,1,23/06/2005,5,12:12,1,E09000033,3,5205,Single carriageway,30,Giveway or uncontrolled,6,0,None within 50 metres,Zebra crossing,Daylight: Street light present,Fine without high winds,Dry,None,None,1,Yes,E01004727,2005
1707,200501CW10857,529230.0,180250.0,-0.13933,51.50636,1,3,2,1,10/07/2005,1,14:53,1,E09000033,3,4,Single carriageway,30,Giveway or uncontrolled,6,0,None within 50 metres,No physical crossing within 50 meters,Daylight: Street light present,Fine without high winds,Dry,None,None,1,Yes,E01004736,2005
1708,200501CW10858,529800.0,180400.0,-0.131067,51.507577,1,3,2,1,01/07/2005,6,14:30,1,E09000033,3,4,Dual carriageway,30,Automatic traffic signal,3,4,None within 50 metres,Pedestrian phase at traffic signal junction,Daylight: Street light present,Fine without high winds,Dry,None,None,1,Yes,E01004736,2005
1709,200501CW10860,526940.0,182700.0,-0.171427,51.528897,1,3,2,1,04/07/2005,2,18:20,1,E09000033,3,5205,Single carriageway,30,Giveway or uncontrolled,6,0,None within 50 metres,No physical crossing within 50 meters,Daylight: Street light present,Fine without high winds,Dry,None,None,1,Yes,E01004725,2005
1710,200501CW10861,530840.0,180750.0,-0.11596,51.510483,1,2,2,1,05/07/2005,3,06:55,1,E09000033,3,3211,Dual carriageway,30,None,-1,0,None within 50 metres,No physical crossing within 50 meters,Daylight: Street light present,Fine without high winds,Dry,None,None,1,Yes,E01004735,2005
1711,200501CW10862,526250.0,181260.0,-0.181884,51.51611,1,3,1,2,05/07/2005,3,18:00,1,E09000033,5,0,Single carriageway,30,Giveway or uncontrolled,6,0,None within 50 metres,Central refuge,Daylight: Street light present,Raining without high winds,Wet/Damp,None,None,1,Yes,E01004697,2005
1712,200501CW10863,528560.0,181050.0,-0.148688,51.513702,1,3,2,1,08/07/2005,6,13:00,1,E09000033,5,0,One way street,30,None,-1,0,None within 50 metres,No physical crossing within 50 meters,Daylight: Street light present,Fine without high winds,Dry,None,None,1,Yes,E01004764,2005
1713,200501CW10864,530160.0,179670.0,-0.126152,51.500934,1,2,2,1,07/05/2005,7,14:20,1,E09000033,3,3212,Single carriageway,30,Automatic traffic signal,3,302,None within 50 metres,Pedestrian phase at traffic signal junction,Daylight: Street light present,Fine without high winds,Wet/Damp,None,None,1,No,E01004733,2005
1714,200501CW10865,526690.0,182100.0,-0.175245,51.52356,1,3,2,1,06/07/2005,4,19:35,1,E09000033,3,5,Dual carriageway,30,Giveway or uncontrolled,6,0,None within 50 metres,No physical crossing within 50 meters,Daylight: Street light present,Fine without high winds,Dry,None,None,1,Yes,E01004672,2005
1715,200501CW10866,530160.0,179660.0,-0.126155,51.500844,1,3,2,1,04/07/2005,2,20:35,1,E09000033,3,302,Dual carriageway,30,Automatic traffic signal,3,3212,None within 50 metres,Pedestrian phase at traffic signal junction,Daylight: Street light present,Fine without high winds,Dry,None,None,1,Yes,E01004733,2005
1716,200501CW10869,528810.0,181720.0,-0.144842,51.519666,1,3,3,2,11/07/2005,2,10:05,1,E09000033,3,4201,Dual carriageway,30,Automatic traffic signal,5,0,None within 50 metres,Pedestrian phase at traffic signal junction,Daylight: Street light present,Fine without high winds,Dry,None,None,1,Yes,E01004765,2005
1717,200501CW10870,529740.0,180870.0,-0.131758,51.511815,1,3,1,1,06/06/2005,2,11:30,1,E09000033,6,0,Single carriageway,30,None,-1,0,None within 50 metres,No physical crossing within 50 meters,Daylight: Street light present,Fine without high winds,Dry,None,None,1,Yes,E01004734,2005
1718,200501CW10872,527380.0,181360.0,-0.165572,51.516755,1,2,2,1,22/06/2005,4,18:39,1,E09000033,3,5,Single carriageway,30,Automatic traffic signal,3,5,None within 50 metres,No physical crossing within 50 meters,Daylight: Street light present,Fine without high winds,Dry,None,None,1,Yes,E01004686,2005
1719,200501CW10873,529740.0,178460.0,-0.132644,51.490156,1,3,1,1,18/03/2005,6,15:44,1,E09000033,3,202,Single carriageway,30,Automatic traffic signal,6,0,None within 50 metres,Pedestrian phase at traffic signal junction,Daylight: Street light present,Fine without high winds,Dry,None,None,1,Yes,E01004747,2005
1720,200501CW10875,525680.0,183080.0,-0.189446,51.532593,1,2,3,1,28/06/2005,3,15:42,1,E09000033,5,0,Single carriageway,30,Giveway or uncontrolled,6,0,None within 50 metres,No physical crossing within 50 meters,Daylight: Street light present,Fine without high winds,Dry,None,None,1,No,E01004710,2005
1721,200501CW10876,530130.0,182100.0,-0.125687,51.522779,1,2,1,1,01/07/2005,6,07:40,2,E09000007,3,4200,One way street,30,Automatic traffic signal,4,504,None within 50 metres,Pedestrian phase at traffic signal junction,Daylight: Street light present,Fine without high winds,Dry,None,None,1,Yes,E01000855,2005
1722,200501CW10877,528310.0,179850.0,-0.152725,51.502974,1,3,1,1,15/07/2005,6,13:30,1,E09000033,3,4,Single carriageway,30,Automatic traffic signal,3,4,None within 50 metres,No physical crossing within 50 meters,Daylight: Street light present,Fine without high winds,Dry,None,None,1,No,E01004691,2005
1723,200501CW10878,528530.0,181370.0,-0.149003,51.516585,1,3,1,1,25/05/2005,4,15:50,1,E09000033,6,0,One way street,30,None,-1,0,None within 50 metres,No physical crossing within 50 meters,Daylight: Street light present,Fine without high winds,Dry,None,None,1,Yes,E01004714,2005
1724,200501CW10879,527730.0,179680.0,-0.161138,51.501578,1,2,2,1,02/07/2005,7,07:27,1,E09000033,3,4,Single carriageway,30,Automatic traffic signal,3,315,None within 50 metres,Pedestrian phase at traffic signal junction,Daylight: Street light present,Fine without high winds,Dry,None,None,1,Yes,E01004689,2005
1725,200501CW10880,524790.0,180300.0,-0.203254,51.507806,1,3,2,1,02/04/2005,7,01:30,12,E09000020,3,402,Single carriageway,30,Automatic traffic signal,4,450,None within 50 metres,Pedestrian phase at traffic signal junction,Darkness: Street lights present and lit,Fine without high winds,Dry,None,None,1,No,E01002871,2005
1726,200501CW10881,529230.0,180380.0,-0.139283,51.507528,1,3,2,1,06/04/2005,4,00:20,1,E09000033,5,0,Single carriageway,30,Giveway or uncontrolled,6,0,None within 50 metres,No physical crossing within 50 meters,Darkness: Street lights present and lit,Fine without high winds,Dry,None,None,1,No,E01004736,2005
1727,200501CW10884,526060.0,182040.0,-0.184342,51.523162,1,3,3,1,16/06/2005,5,09:40,1,E09000033,5,0,Single carriageway,30,Giveway or uncontrolled,5,0,None within 50 metres,No physical crossing within 50 meters,Daylight: Street light present,Fine without high winds,Dry,None,None,1,Yes,E01004704,2005
1728,200501CW10885,529970.0,180870.0,-0.128445,51.511762,1,3,2,1,16/05/2005,2,09:40,1,E09000033,3,400,Single carriageway,30,Giveway or uncontrolled,6,0,None within 50 metres,No physical crossing within 50 meters,Daylight: Street light present,Fine without high winds,Dry,None,None,1,Yes,E01004734,2005
1729,200501CW10886,529600.0,181350.0,-0.133598,51.516161,1,3,1,2,17/06/2005,6,18:45,1,E09000033,3,40,Single carriageway,30,None,-1,0,None within 50 metres,Pedestrian phase at traffic signal junction,Daylight: Street light present,Fine without high winds,Dry,None,None,1,Yes,E01004763,2005
1730,200501CW10887,526100.0,182070.0,-0.183755,51.523423,1,3,1,1,30/06/2005,5,08:30,1,E09000033,4,413,Single carriageway,30,Giveway or uncontrolled,5,0,None within 50 metres,Zebra crossing,Daylight: Street light present,Fine without high winds,Dry,None,None,1,Yes,E01004703,2005
1731,200501CW10888,526870.0,181900.0,-0.172724,51.521723,1,3,2,1,05/07/2005,3,18:00,1,E09000033,3,5,Dual carriageway,30,Automatic traffic signal,3,5,None within 50 metres,Pedestrian phase at traffic signal junction,Daylight: Street light present,Raining without high winds,Wet/Damp,None,None,1,No,E01004702,2005
1732,200501CW10889,531130.0,180800.0,-0.111765,51.510865,1,2,2,1,20/07/2005,4,18:10,1,E09000033,3,3211,Dual carriageway,30,None,-1,0,None within 50 metres,No physical crossing within 50 meters,Daylight: Street light present,Fine without high winds,Dry,None,None,1,Yes,E01004735,2005
1733,200501CW10890,528970.0,181220.0,-0.14272,51.515136,1,3,1,1,07/07/2005,5,16:20,1,E09000033,3,40,Single carriageway,30,Giveway or uncontrolled,6,0,None within 50 metres,Pedestrian phase at traffic signal junction,Daylight: Street light present,Fine without high winds,Dry,None,None,1,Yes,E01004764,2005
1734,200501CW10894,526580.0,183500.0,-0.176327,51.536167,1,3,3,1,01/07/2005,6,13:38,1,E09000033,3,41,Dual carriageway,30,Automatic traffic signal,5,0,None within 50 metres,Pedestrian phase at traffic signal junction,Daylight: Street light present,Fine without high winds,Dry,None,None,1,Yes,E01004649,2005
1735,200501CW10895,528970.0,181380.0,-0.142662,51.516574,1,3,1,1,08/07/2005,6,21:00,1,E09000033,3,4201,Single carriageway,30,None,-1,0,None within 50 metres,No physical crossing within 50 meters,Darkness: Street lights present and lit,Fine without high winds,Dry,None,None,1,Yes,E01004765,2005
1736,200501CW10896,528750.0,178860.0,-0.14675,51.493977,1,3,2,1,08/07/2005,6,13:10,1,E09000033,3,3213,One way street,30,Automatic traffic signal,3,3214,None within 50 metres,Pedestrian phase at traffic signal junction,Daylight: Street light present,Fine without high winds,Dry,None,None,1,Yes,E01004750,2005
1737,200501CW10897,527590.0,181870.0,-0.162362,51.521291,1,3,1,1,09/07/2005,7,17:00,1,E09000033,3,501,Dual carriageway,30,None,-1,0,None within 50 metres,No physical crossing within 50 meters,Daylight: Street light present,Fine without high winds,Dry,None,None,1,Yes,E01004661,2005
1738,200501CW10898,530190.0,179290.0,-0.12586,51.497512,1,3,2,1,12/07/2005,3,15:30,1,E09000033,3,3212,Single carriageway,30,Giveway or uncontrolled,6,0,None within 50 metres,No physical crossing within 50 meters,Daylight: Street light present,Fine without high winds,Dry,None,None,1,Yes,E01004733,2005
1739,200501CW10899,527470.0,181270.0,-0.164308,51.515926,1,2,2,1,29/04/2005,6,02:45,1,E09000033,3,5,Single carriageway,30,Automatic traffic signal,3,5,None within 50 metres,Pedestrian phase at traffic signal junction,Darkness: Street lights present and lit,Fine without high winds,Wet/Damp,None,None,1,Yes,E01004686,2005
1740,200501CW10900,530290.0,179660.0,-0.124283,51.500814,1,3,2,1,04/04/2005,2,10:25,1,E09000033,3,302,Single carriageway,30,Automatic traffic signal,3,3211,None within 50 metres,Pedestrian phase at traffic signal junction,Daylight: Street light present,Fine without high winds,Wet/Damp,None,None,1,No,E01004733,2005
1741,200501CW10901,527900.0,181000.0,-0.158212,51.513402,1,3,1,1,03/01/2005,2,17:01,1,E09000033,3,40,Single carriageway,30,Giveway or uncontrolled,3,40,None within 50 metres,No physical crossing within 50 meters,Darkness: Street lights present and lit,Fine without high winds,Dry,None,None,1,Yes,E01004657,2005
1742,200501CW10902,530290.0,180790.0,-0.123866,51.510969,1,3,2,1,04/04/2005,2,10:40,1,E09000033,6,0,One way street,30,None,-1,0,None within 50 metres,No physical crossing within 50 meters,Daylight: Street light present,Fine without high winds,Dry,None,None,1,No,E01004734,2005
1743,200501CW10903,528630.0,181370.0,-0.147563,51.516562,1,3,2,1,07/01/2005,6,22:55,1,E09000033,5,0,Single carriageway,30,Automatic traffic signal,3,5204,None within 50 metres,No physical crossing within 50 meters,Darkness: Street lights present and lit,Fine without high winds,Dry,None,None,1,Yes,E01004713,2005
1744,200501CW10907,530030.0,180350.0,-0.127773,51.507075,1,3,1,1,18/01/2005,3,17:35,1,E09000033,3,3212,Roundabout,30,Automatic traffic signal,3,4,None within 50 metres,No physical crossing within 50 meters,Daylight: Street light present,Fine without high winds,Dry,None,None,1,No,E01004736,2005
1745,200501CW10908,525080.0,182540.0,-0.198283,51.527873,1,3,2,1,12/06/2005,1,14:00,1,E09000033,6,0,Single carriageway,30,Giveway or uncontrolled,6,0,None within 50 metres,No physical crossing within 50 meters,Daylight: Street light present,Fine without high winds,Dry,None,None,1,Yes,E01004678,2005
1746,200501CW10909,530670.0,181010.0,-0.118312,51.512859,1,2,2,1,18/07/2005,2,13:20,1,E09000033,3,4,One way street,30,Giveway or uncontrolled,5,0,None within 50 metres,No physical crossing within 50 meters,Daylight: Street light present,Fine without high winds,Dry,None,None,1,Yes,E01004735,2005
1747,200501CW10910,526360.0,182280.0,-0.179934,51.525252,1,2,2,1,15/07/2005,6,13:40,1,E09000033,4,413,Single carriageway,30,None,-1,0,None within 50 metres,No physical crossing within 50 meters,Daylight: Street light present,Fine without high winds,Dry,None,None,1,No,E01004705,2005
1748,200501CW10911,529300.0,181280.0,-0.137945,51.5156,1,3,2,1,24/06/2005,6,08:45,1,E09000033,3,40,Single carriageway,30,Automatic traffic signal,5,0,None within 50 metres,Pedestrian phase at traffic signal junction,Daylight: Street light present,Fine without high winds,Wet/Damp,None,None,1,No,E01004764,2005
1749,200501CW10912,529550.0,180660.0,-0.134572,51.509971,1,3,2,1,02/07/2005,7,03:50,1,E09000033,3,4201,Dual carriageway,30,Automatic traffic signal,3,401,None within 50 metres,Pedestrian phase at traffic signal junction,Darkness: Street lights present and lit,Fine without high winds,Dry,None,None,1,No,E01004764,2005
1750,200501CW10913,530070.0,180720.0,-0.12706,51.510391,1,3,2,1,29/06/2005,4,09:23,1,E09000033,4,404,One way street,30,None,-1,0,None within 50 metres,No physical crossing within 50 meters,Daylight: Street light present,Fine without high winds,Dry,None,None,1,Yes,E01004734,2005
1751,200501CW10916,530040.0,180340.0,-0.127633,51.506983,1,3,2,1,05/05/2005,5,16:00,1,E09000033,3,3212,Single carriageway,30,Automatic traffic signal,3,4,None within 50 metres,No physical crossing within 50 meters,Daylight: Street light present,Fine without high winds,Dry,None,None,1,No,E01004736,2005
1752,200501CW10917,528030.0,181090.0,-0.156307,51.514182,1,3,1,1,03/07/2005,1,14:05,1,E09000033,3,41,Single carriageway,30,Giveway or uncontrolled,6,0,None within 50 metres,No physical crossing within 50 meters,Daylight: Street light present,Fine without high winds,Dry,None,None,1,Yes,E01004657,2005
1753,200501CW10918,529650.0,180430.0,-0.133216,51.507881,1,3,1,1,30/06/2005,5,20:00,1,E09000033,3,4,One way street,30,Giveway or uncontrolled,4,2327,None within 50 metres,No physical crossing within 50 meters,Darkness: Street lights present and lit,Fine without high winds,Dry,None,None,1,Yes,E01004736,2005
1754,200501CW10919,527710.0,181750.0,-0.160677,51.520186,1,3,2,1,15/03/2005,3,18:15,1,E09000033,6,0,Single carriageway,30,Giveway or uncontrolled,6,0,None within 50 metres,No physical crossing within 50 meters,Daylight: Street light present,Fine without high winds,Dry,None,None,1,No,E01004662,2005
1755,200501CW10920,527810.0,181780.0,-0.159225,51.520433,1,3,2,1,22/04/2005,6,21:25,1,E09000033,3,41,One way street,30,Automatic traffic signal,6,0,None within 50 metres,Pedestrian phase at traffic signal junction,Darkness: Street lights present and lit,Fine without high winds,Dry,None,None,1,No,E01004662,2005
1756,200501CW10923,529460.0,180690.0,-0.135857,51.510261,1,3,2,1,27/06/2005,2,20:05,1,E09000033,5,0,Single carriageway,30,None,-1,0,None within 50 metres,No physical crossing within 50 meters,Daylight: Street light present,Fine without high winds,Dry,None,None,1,No,E01004764,2005
1757,200501CW10924,524610.0,183080.0,-0.204864,51.53283,1,3,1,1,02/07/2005,7,14:00,28,E09000005,4,413,Single carriageway,30,Giveway or uncontrolled,6,0,None within 50 metres,Zebra crossing,Daylight: Street light present,Fine without high winds,Dry,None,None,1,Yes,E01000583,2005
1758,200501CW10925,528440.0,180870.0,-0.150481,51.512112,1,3,2,1,05/05/2005,5,11:00,1,E09000033,5,0,Single carriageway,30,Giveway or uncontrolled,5,0,None within 50 metres,Zebra crossing,Daylight: Street light present,Fine without high winds,Dry,None,None,1,No,E01004762,2005
1759,200501CW10926,528120.0,178340.0,-0.156008,51.489447,1,3,2,1,06/06/2005,2,07:10,12,E09000020,4,302,Single carriageway,30,Automatic traffic signal,3,3216,None within 50 metres,Pedestrian phase at traffic signal junction,Daylight: Street light present,Fine without high winds,Dry,None,None,1,No,E01002902,2005
1760,200501CW10927,525400.0,182380.0,-0.19373,51.526365,1,3,2,1,06/07/2005,4,19:52,1,E09000033,5,0,Single carriageway,30,Automatic traffic signal,4,413,None within 50 metres,Pedestrian phase at traffic signal junction,Daylight: Street light present,Fine without high winds,Dry,None,None,1,Yes,E01004676,2005
1761,200501CW10928,528840.0,179170.0,-0.145341,51.496743,1,3,2,1,15/05/2005,1,16:15,1,E09000033,3,302,Single carriageway,30,None,-1,0,None within 50 metres,No physical crossing within 50 meters,Daylight: Street light present,Fine without high winds,Dry,None,None,1,No,E01004750,2005
1762,200501CW10929,528050.0,181540.0,-0.155855,51.518221,1,2,1,1,05/07/2005,3,09:58,1,E09000033,3,41,One way street,30,Automatic traffic signal,6,0,None within 50 metres,Pedestrian phase at traffic signal junction,Daylight: Street light present,Fine without high winds,Dry,None,None,1,Yes,E01004714,2005
1763,200501CW10930,526720.0,183290.0,-0.174385,51.534248,1,3,2,3,05/07/2005,3,04:25,1,E09000033,5,0,Single carriageway,30,Automatic traffic signal,3,41,None within 50 metres,Pedestrian phase at traffic signal junction,Darkness: Street lights present and lit,Fine without high winds,Dry,None,None,1,Yes,E01004647,2005
1764,200501CW10932,528540.0,182270.0,-0.148531,51.524671,1,3,2,1,02/07/2005,7,12:45,1,E09000033,6,0,Single carriageway,30,Automatic traffic signal,6,0,None within 50 metres,Pedestrian phase at traffic signal junction,Daylight: Street light present,Fine without high winds,Dry,None,None,1,Yes,E01004716,2005
1765,200501CW10933,527570.0,181170.0,-0.162903,51.515005,1,3,1,1,08/07/2005,6,12:45,1,E09000033,3,5,Single carriageway,30,Automatic traffic signal,5,0,None within 50 metres,Pedestrian phase at traffic signal junction,Daylight: Street light present,Fine without high winds,Dry,None,None,1,Yes,E01004658,2005
1766,200501CW10934,528650.0,182070.0,-0.147019,51.522848,1,3,2,1,12/07/2005,3,18:35,1,E09000033,3,4201,Single carriageway,30,None,-1,0,None within 50 metres,No physical crossing within 50 meters,Daylight: Street light present,Fine without high winds,Dry,None,None,1,No,E01004716,2005
1767,200501CW10935,529070.0,181880.0,-0.141038,51.521045,1,3,2,1,05/07/2005,3,19:50,1,E09000033,6,0,One way street,30,Giveway or uncontrolled,6,0,None within 50 metres,No physical crossing within 50 meters,Daylight: Street light present,Fine without high winds,Dry,None,None,1,Yes,E01004715,2005
1768,200501CW10936,529540.0,181330.0,-0.13447,51.515995,1,3,1,1,02/07/2005,7,15:10,1,E09000033,3,40,Single carriageway,30,Automatic traffic signal,5,0,None within 50 metres,Pedestrian phase at traffic signal junction,Daylight: Street light present,Fine without high winds,Dry,None,None,1,Yes,E01004763,2005
1769,200501CW10937,529830.0,181310.0,-0.1303,51.515748,1,3,1,1,11/07/2005,2,15:40,2,E09000007,3,400,Single carriageway,30,Automatic traffic signal,3,40,None within 50 metres,Pedestrian phase at traffic signal junction,Daylight: Street light present,Fine without high winds,Dry,None,None,1,Yes,E01004763,2005
1770,200501CW10938,528900.0,180490.0,-0.143995,51.508592,1,3,1,1,12/07/2005,3,18:55,1,E09000033,5,0,Single carriageway,30,None,-1,0,None within 50 metres,No physical crossing within 50 meters,Daylight: Street light present,Fine without high winds,Dry,None,None,1,Yes,E01004761,2005
1771,200501CW10939,525140.0,181520.0,-0.197781,51.518693,1,2,1,1,07/07/2005,5,08:00,1,E09000033,3,4207,Single carriageway,30,Giveway or uncontrolled,6,0,None within 50 metres,No physical crossing within 50 meters,Daylight: Street light present,Fine without high winds,Wet/Damp,None,None,1,Yes,E01004655,2005
1772,200501CW10940,529710.0,180870.0,-0.13219,51.511822,1,3,1,1,30/06/2005,5,02:20,1,E09000033,3,401,Single carriageway,30,None,-1,0,None within 50 metres,No physical crossing within 50 meters,Darkness: Street lights present and lit,Fine without high winds,Dry,None,None,1,Yes,E01004763,2005
1773,200501CW10941,525740.0,181460.0,-0.189159,51.518021,1,3,2,1,08/07/2005,6,23:30,1,E09000033,4,411,Single carriageway,30,Giveway or uncontrolled,5,0,None within 50 metres,No physical crossing within 50 meters,Darkness: Street lights present and lit,Fine without high winds,Dry,None,None,1,Yes,E01004656,2005
1774,200501CW10944,525460.0,181850.0,-0.193054,51.521588,1,3,1,1,11/07/2005,2,11:32,1,E09000033,3,404,Single carriageway,30,Giveway or uncontrolled,6,0,None within 50 metres,non-junction pedestrian crossing,Daylight: Street light present,Fine without high winds,Dry,None,None,1,Yes,E01004758,2005
1775,200501CW10946,527920.0,180890.0,-0.157964,51.512409,1,3,3,1,13/07/2005,4,15:12,1,E09000033,3,4202,Dual carriageway,40,None,-1,0,None within 50 metres,No physical crossing within 50 meters,Daylight: Street light present,Fine without high winds,Dry,None,None,1,Yes,E01004689,2005
1776,200501CW10947,528770.0,182180.0,-0.14525,51.523809,1,3,2,1,13/07/2005,4,23:35,1,E09000033,3,501,Dual carriageway,30,Automatic traffic signal,3,4201,None within 50 metres,Pedestrian phase at traffic signal junction,Darkness: Street lights present and lit,Fine without high winds,Dry,None,None,1,Yes,E01004716,2005
1777,200501CW10948,526030.0,181620.0,-0.184925,51.519394,1,3,1,1,12/07/2005,3,15:15,1,E09000033,3,40,Dual carriageway,50,None,-1,0,None within 50 metres,No physical crossing within 50 meters,Daylight: Street light present,Fine without high winds,Dry,None,None,1,Yes,E01004656,2005
1778,200501CW10949,529700.0,180870.0,-0.132334,51.511824,1,3,1,1,05/07/2005,3,11:56,1,E09000033,3,401,Single carriageway,30,Automatic traffic signal,5,0,None within 50 metres,No physical crossing within 50 meters,Daylight: Street light present,Fine without high winds,Wet/Damp,None,None,1,Yes,E01004763,2005
1779,200501CW10950,527990.0,183480.0,-0.156015,51.53567,1,3,2,1,08/07/2005,6,14:50,1,E09000033,6,0,Single carriageway,30,None,-1,0,None within 50 metres,No physical crossing within 50 meters,Daylight: Street light present,Fine without high winds,Dry,None,None,1,Yes,E01004730,2005
1780,200501CW10951,528190.0,181050.0,-0.154017,51.513786,1,2,1,1,06/07/2005,4,16:20,1,E09000033,3,41,Single carriageway,30,Automatic traffic signal,3,40,None within 50 metres,Pedestrian phase at traffic signal junction,Daylight: Street light present,Fine without high winds,Dry,None,None,1,Yes,E01004762,2005
1781,200501CW10952,529550.0,181330.0,-0.134326,51.515992,1,3,1,1,05/07/2005,3,16:35,1,E09000033,3,40,Single carriageway,30,Automatic traffic signal,5,0,None within 50 metres,Pedestrian phase at traffic signal junction,Daylight: Street light present,Fine without high winds,Dry,None,None,1,Yes,E01004763,2005
1782,200501CW10953,529820.0,181380.0,-0.130418,51.51638,1,3,1,1,01/07/2005,6,12:15,2,E09000007,3,40,One way street,30,Automatic traffic signal,3,400,None within 50 metres,Pedestrian phase at traffic signal junction,Daylight: Street light present,Fine without high winds,Dry,None,None,1,Yes,E01004763,2005
1783,200501CW10954,528960.0,181210.0,-0.142868,51.515049,1,3,1,1,04/07/2005,2,17:00,1,E09000033,3,40,Single carriageway,30,Automatic traffic signal,6,0,None within 50 metres,No physical crossing within 50 meters,Daylight: Street light present,Fine without high winds,Dry,None,None,1,Yes,E01004764,2005
1784,200501CW10956,526670.0,180780.0,-0.176007,51.511702,1,3,1,1,12/07/2005,3,11:35,1,E09000033,3,4209,One way street,30,Automatic traffic signal,3,402,None within 50 metres,Pedestrian phase at traffic signal junction,Daylight: Street light present,Fine without high winds,Dry,None,None,1,Yes,E01004694,2005
1785,200501CW10957,528590.0,179510.0,-0.148817,51.499855,1,3,2,1,21/06/2005,3,19:02,1,E09000033,3,302,Single carriageway,30,Giveway or uncontrolled,6,0,None within 50 metres,No physical crossing within 50 meters,Daylight: Street light present,Fine without high winds,Dry,None,None,1,No,E01004690,2005
1786,200501CW10958,529570.0,179120.0,-0.134849,51.496127,1,3,1,1,22/06/2005,4,17:35,1,E09000033,4,323,Single carriageway,30,Giveway or uncontrolled,4,324,None within 50 metres,Zebra crossing,Daylight: Street light present,Fine without high winds,Dry,None,None,1,No,E01004731,2005
1787,200501CW10959,527400.0,183440.0,-0.164532,51.535443,1,3,2,1,13/07/2005,4,10:30,1,E09000033,4,525,Single carriageway,30,None,-1,0,None within 50 metres,No physical crossing within 50 meters,Daylight: Street light present,Fine without high winds,Dry,None,None,1,No,E01004730,2005
1788,200501CW10961,530450.0,180380.0,-0.121713,51.507248,1,2,2,1,04/07/2005,2,17:44,1,E09000033,3,3211,Dual carriageway,30,None,-1,0,None within 50 metres,non-junction pedestrian crossing,Daylight: Street light present,Fine without high winds,Dry,None,None,1,Yes,E01004733,2005
1789,200501CW10962,529250.0,178770.0,-0.139584,51.493055,1,3,2,1,22/03/2005,3,14:00,1,E09000033,6,0,Single carriageway,30,None,-1,0,None within 50 metres,No physical crossing within 50 meters,Daylight: Street light present,Fine without high winds,Dry,None,None,1,No,E01004749,2005
1790,200501CW10963,528020.0,181120.0,-0.15644,51.514454,1,2,2,1,09/07/2005,7,18:30,1,E09000033,3,41,Single carriageway,30,Automatic traffic signal,6,0,None within 50 metres,Pedestrian phase at traffic signal junction,Daylight: Street light present,Fine without high winds,Dry,None,None,1,Yes,E01004657,2005
1791,200501CW10964,529310.0,180130.0,-0.138222,51.505263,1,3,1,1,07/04/2005,5,22:00,1,E09000033,3,4,Single carriageway,30,Giveway or uncontrolled,3,4,None within 50 metres,No physical crossing within 50 meters,Darkness: Street lights present and lit,Fine without high winds,Dry,None,None,1,No,E01004736,2005
1792,200501CW10965,529970.0,178290.0,-0.129395,51.488576,1,3,2,1,30/06/2005,5,21:00,1,E09000033,3,3212,Dual carriageway,30,Automatic traffic signal,3,202,None within 50 metres,Pedestrian phase at traffic signal junction,Daylight: Street light present,Fine without high winds,Wet/Damp,None,None,1,No,E01004745,2005
1793,200501CW10966,527460.0,179670.0,-0.16503,51.501549,1,3,2,2,30/06/2005,5,22:46,1,E09000033,6,0,Single carriageway,30,Giveway or uncontrolled,3,315,None within 50 metres,No physical crossing within 50 meters,Darkness: Street lights present and lit,Fine without high winds,Dry,None,None,1,No,E01004689,2005
1794,200501CW10967,529060.0,181380.0,-0.141365,51.516554,1,3,2,1,13/07/2005,4,15:48,1,E09000033,3,4201,Single carriageway,30,Automatic traffic signal,6,0,None within 50 metres,Pedestrian phase at traffic signal junction,Daylight: Street light present,Fine without high winds,Dry,None,None,1,Yes,E01004765,2005
1795,200501CW10968,528670.0,181140.0,-0.14707,51.514486,1,3,1,1,05/07/2005,3,18:50,1,E09000033,3,40,Single carriageway,30,Automatic traffic signal,4,406,None within 50 metres,Pedestrian phase at traffic signal junction,Darkness: Street lights present but unlit,Raining without high winds,Wet/Damp,None,None,1,Yes,E01004764,2005
1796,200501CW10969,528530.0,182030.0,-0.148762,51.522516,1,3,3,1,22/06/2005,4,17:30,1,E09000033,5,0,Single carriageway,30,None,-1,0,None within 50 metres,No physical crossing within 50 meters,Daylight: Street light present,Fine without high winds,Dry,None,None,1,No,E01004716,2005
1797,200501CW10970,530160.0,179610.0,-0.126174,51.500395,1,3,2,1,06/07/2005,4,17:42,1,E09000033,3,3212,Single carriageway,30,Automatic traffic signal,3,302,None within 50 metres,Pedestrian phase at traffic signal junction,Daylight: Street light present,Fine without high winds,Dry,None,None,1,Yes,E01004733,2005
1798,200501CW10971,529070.0,181070.0,-0.141335,51.513766,1,2,1,1,14/04/2005,5,13:28,1,E09000033,3,4201,Dual carriageway,30,Automatic traffic signal,5,0,None within 50 metres,Pedestrian phase at traffic signal junction,Daylight: Street light present,Fine without high winds,Dry,None,None,1,No,E01004764,2005
1799,200501CW10973,526970.0,182370.0,-0.171114,51.525924,1,3,2,1,10/07/2005,1,10:15,1,E09000033,4,507,Single carriageway,30,Giveway or uncontrolled,6,0,None within 50 metres,Zebra crossing,Daylight: Street light present,Fine without high winds,Dry,None,None,1,Yes,E01004670,2005
1800,200501CW10974,528370.0,180720.0,-0.151544,51.510779,1,3,2,1,21/04/2005,5,23:30,1,E09000033,5,0,Single carriageway,30,Giveway or uncontrolled,6,0,None within 50 metres,Zebra crossing,Darkness: Street lights present and lit,Fine without high winds,Dry,None,None,1,Yes,E01004762,2005
1801,200501CW10975,528680.0,181140.0,-0.146926,51.514484,1,3,1,1,21/04/2005,5,16:46,1,E09000033,3,40,Single carriageway,30,Automatic traffic signal,4,406,None within 50 metres,Pedestrian phase at traffic signal junction,Daylight: Street light present,Fine without high winds,Dry,None,None,1,No,E01004764,2005
1802,200501CW10977,532430.0,180810.0,-0.093038,51.510652,48,3,2,1,29/04/2005,6,08:50,570,E09000001,3,3211,Single carriageway,30,Automatic traffic signal,3,300,None within 50 metres,Pedestrian phase at traffic signal junction,Daylight: Street light present,Fine without high winds,Dry,None,None,1,No,E01000004,2005
1803,200501CW10978,529080.0,181040.0,-0.141202,51.513494,1,3,1,1,02/06/2005,5,13:58,1,E09000033,3,4201,One way street,30,Automatic traffic signal,5,0,None within 50 metres,Pedestrian phase at traffic signal junction,Daylight: Street light present,Fine without high winds,Dry,None,None,1,No,E01004764,2005
1804,200501CW10979,528930.0,181210.0,-0.1433,51.515056,1,3,2,1,08/06/2005,4,13:34,1,E09000033,3,40,Single carriageway,30,None,-1,0,None within 50 metres,No physical crossing within 50 meters,Daylight: Street light present,Fine without high winds,Dry,None,None,1,No,E01004764,2005
1805,200501CW10980,526480.0,182330.0,-0.178188,51.525675,1,3,2,1,08/06/2005,4,21:45,1,E09000033,3,5205,Dual carriageway,30,Automatic traffic signal,3,5,None within 50 metres,Pedestrian phase at traffic signal junction,Daylight: Street light present,Fine without high winds,Dry,None,None,1,No,E01004728,2005
1806,200501CW10981,530180.0,178530.0,-0.126284,51.490685,1,3,1,1,10/06/2005,6,14:25,1,E09000033,3,3212,Single carriageway,30,None,-1,0,None within 50 metres,non-junction pedestrian crossing,Daylight: Street light present,Fine without high winds,Dry,None,None,1,No,E01004745,2005
1807,200501CW10983,529120.0,180310.0,-0.140893,51.506924,1,2,1,1,17/06/2005,6,16:00,1,E09000033,5,0,One way street,30,Giveway or uncontrolled,6,0,None within 50 metres,No physical crossing within 50 meters,Daylight: Street light present,Fine without high winds,Dry,None,None,1,No,E01004736,2005
1808,200501CW10984,524570.0,182550.0,-0.205628,51.528076,1,2,2,1,29/06/2005,4,15:15,1,E09000033,6,0,Single carriageway,30,None,-1,0,None within 50 metres,No physical crossing within 50 meters,Daylight: Street light present,Fine without high winds,Dry,Roadworks,None,1,No,E01004721,2005
1809,200501CW10985,527970.0,181280.0,-0.157102,51.515903,1,3,2,1,22/06/2005,4,22:30,1,E09000033,3,41,Single carriageway,30,Automatic traffic signal,5,0,None within 50 metres,No physical crossing within 50 meters,Darkness: Street lights present and lit,Fine without high winds,Dry,Auto traffic singal out,None,1,Yes,E01004657,2005
1810,200501CW10986,527970.0,181980.0,-0.156848,51.522194,1,3,2,1,17/07/2005,1,13:15,1,E09000033,3,501,Single carriageway,30,None,-1,0,None within 50 metres,No physical crossing within 50 meters,Daylight: Street light present,Fine without high winds,Dry,None,None,1,No,E01004712,2005
1811,200501CW10987,530330.0,181100.0,-0.123176,51.513746,1,3,2,1,22/06/2005,4,08:34,1,E09000033,4,402,Single carriageway,30,Giveway or uncontrolled,4,401,None within 50 metres,No physical crossing within 50 meters,Daylight: Street light present,Fine without high winds,Dry,None,None,1,No,E01004735,2005
1812,200501CW10989,530160.0,179650.0,-0.126159,51.500754,1,2,1,1,19/07/2005,3,09:10,1,E09000033,3,3212,Single carriageway,30,Automatic traffic signal,3,302,None within 50 metres,Pedestrian phase at traffic signal junction,Daylight: Street light present,Fine without high winds,Dry,None,None,1,No,E01004733,2005
1813,200501CW10990,527180.0,182850.0,-0.167915,51.530191,1,3,2,1,21/07/2005,5,23:13,1,E09000033,3,41,Roundabout,30,Giveway or uncontrolled,3,5205,None within 50 metres,No physical crossing within 50 meters,Darkness: Street lights present and lit,Fine without high winds,Dry,None,None,1,No,E01004725,2005
1814,200501CW10991,528680.0,181150.0,-0.146923,51.514573,1,3,1,1,22/07/2005,6,20:30,1,E09000033,3,40,Single carriageway,30,Automatic traffic signal,4,406,None within 50 metres,Pedestrian phase at traffic signal junction,Daylight: Street light present,Fine without high winds,Dry,None,None,1,No,E01004764,2005
1815,200501CW10992,528000.0,181180.0,-0.156706,51.514997,1,3,2,2,22/07/2005,6,15:20,1,E09000033,3,5204,Single carriageway,30,Automatic traffic signal,3,41,None within 50 metres,Pedestrian phase at traffic signal junction,Daylight: Street light present,Fine without high winds,Dry,None,None,1,No,E01004657,2005
1816,200501CW10993,529710.0,180550.0,-0.132308,51.508946,1,3,1,1,26/07/2005,3,20:30,1,E09000033,3,4,Single carriageway,30,None,-1,0,None within 50 metres,No physical crossing within 50 meters,Darkness: Street lights present and lit,Fine without high winds,Dry,None,None,1,No,E01004736,2005
1817,200501CW10995,528260.0,181260.0,-0.152932,51.515657,1,3,2,1,28/07/2005,5,08:40,1,E09000033,3,5204,One way street,30,None,-1,0,None within 50 metres,No physical crossing within 50 meters,Daylight: Street light present,Fine without high winds,Wet/Damp,None,None,1,No,E01004714,2005
1818,200501CW10996,526540.0,183000.0,-0.177083,51.531682,1,3,2,1,30/07/2005,7,13:05,1,E09000033,4,507,Single carriageway,30,Giveway or uncontrolled,5,0,None within 50 metres,No physical crossing within 50 meters,Daylight: Street light present,Fine without high winds,Dry,None,None,1,No,E01004651,2005
1819,200501CW10997,530400.0,180300.0,-0.122463,51.506541,1,3,2,1,04/08/2005,5,17:45,1,E09000033,3,3211,Dual carriageway,30,Automatic traffic signal,4,308,None within 50 metres,Pedestrian phase at traffic signal junction,Daylight: Street light present,Fine without high winds,Dry,None,None,1,No,E01004733,2005
1820,200501CW10999,529480.0,178260.0,-0.13646,51.488419,1,3,2,1,09/05/2005,2,13:45,1,E09000033,5,0,Single carriageway,30,None,-1,0,None within 50 metres,No physical crossing within 50 meters,Daylight: Street light present,Fine without high winds,Dry,None,None,1,No,E01004738,2005
1821,200501CW11000,526270.0,180650.0,-0.181815,51.510623,1,3,2,1,15/07/2005,6,18:45,1,E09000033,3,402,Single carriageway,30,None,-1,0,None within 50 metres,No physical crossing within 50 meters,Daylight: Street light present,Fine without high winds,Dry,None,None,1,Yes,E01004694,2005
1822,200501CW11002,526410.0,183750.0,-0.178687,51.538452,1,3,1,1,18/07/2005,2,15:46,1,E09000033,6,0,Single carriageway,30,Giveway or uncontrolled,6,0,None within 50 metres,No physical crossing within 50 meters,Daylight: Street light present,Fine without high winds,Dry,None,None,1,Yes,E01004646,2005
1823,200501CW11003,527480.0,182680.0,-0.163654,51.528595,1,3,2,1,20/07/2005,4,16:30,1,E09000033,6,0,Single carriageway,30,Giveway or uncontrolled,6,0,None within 50 metres,No physical crossing within 50 meters,Daylight: Street light present,Fine without high winds,Dry,None,None,1,Yes,E01004727,2005
1824,200501CW11004,528340.0,178920.0,-0.152631,51.49461,1,3,2,1,21/06/2005,3,18:13,1,E09000033,6,0,Dual carriageway,30,Automatic traffic signal,6,0,None within 50 metres,Pedestrian phase at traffic signal junction,Daylight: Street light present,Fine without high winds,Dry,None,None,1,Yes,E01004687,2005
1825,200501CW11006,529110.0,181570.0,-0.140575,51.51825,1,3,1,1,21/07/2005,5,14:25,1,E09000033,5,0,Single carriageway,30,None,-1,0,None within 50 metres,No physical crossing within 50 meters,Daylight: Street light present,Fine without high winds,Dry,None,None,1,Yes,E01004765,2005
1826,200501CW11007,529750.0,178000.0,-0.132669,51.48602,1,3,2,1,21/07/2005,5,08:50,1,E09000033,3,3212,Dual carriageway,30,None,-1,0,None within 50 metres,No physical crossing within 50 meters,Daylight: Street light present,Fine without high winds,Dry,None,None,1,Yes,E01004738,2005
1827,200501CW11008,529100.0,178950.0,-0.141678,51.494706,1,2,2,1,22/07/2005,6,15:50,1,E09000033,5,0,Single carriageway,30,Automatic traffic signal,3,202,None within 50 metres,Pedestrian phase at traffic signal junction,Daylight: Street light present,Fine without high winds,Dry,None,None,1,Yes,E01004750,2005
1828,200501CW11009,526490.0,179640.0,-0.179008,51.501497,1,3,1,1,22/07/2005,6,08:28,1,E09000033,3,315,Single carriageway,30,None,-1,0,None within 50 metres,No physical crossing within 50 meters,Daylight: Street light present,Fine without high winds,Dry,None,None,1,Yes,E01004688,2005
1829,200501CW11010,529920.0,178220.0,-0.130141,51.487958,1,2,2,1,19/07/2005,3,08:32,1,E09000033,3,3212,Single carriageway,30,None,-1,0,None within 50 metres,No physical crossing within 50 meters,Daylight: Street light present,Fine without high winds,Dry,None,None,1,Yes,E01004737,2005
1830,200501CW11011,530730.0,181040.0,-0.117437,51.513115,1,3,1,1,22/07/2005,6,16:09,1,E09000033,3,4,Single carriageway,30,Automatic traffic signal,3,4200,None within 50 metres,Pedestrian phase at traffic signal junction,Daylight: Street light present,Fine without high winds,Dry,None,None,1,Yes,E01004735,2005
1831,200501CW11013,527110.0,181700.0,-0.169338,51.519871,1,3,1,1,22/07/2005,6,20:20,1,E09000033,3,404,Dual carriageway,30,None,-1,0,None within 50 metres,No physical crossing within 50 meters,Darkness: Street lights present and lit,Fine without high winds,Dry,None,None,1,Yes,E01004661,2005
1832,200501CW11015,529820.0,181370.0,-0.130422,51.51629,1,3,2,1,19/07/2005,3,15:53,2,E09000007,3,40,One way street,30,Automatic traffic signal,3,40,None within 50 metres,Pedestrian phase at traffic signal junction,Daylight: Street light present,Fine without high winds,Dry,None,None,1,Yes,E01004763,2005
1833,200501CW11016,529160.0,180910.0,-0.140097,51.512307,1,3,1,1,22/07/2005,6,08:29,1,E09000033,3,4201,Single carriageway,30,None,-1,0,None within 50 metres,No physical crossing within 50 meters,Daylight: Street light present,Fine without high winds,Dry,None,None,1,Yes,E01004764,2005
1834,200501CW11017,528240.0,181060.0,-0.153293,51.513865,1,3,1,1,19/07/2005,3,11:35,1,E09000033,3,40,Single carriageway,30,None,-1,0,None within 50 metres,No physical crossing within 50 meters,Daylight: Street light present,Fine without high winds,Dry,None,None,1,Yes,E01004762,2005
1835,200501CW11018,526940.0,179710.0,-0.172503,51.502025,1,2,2,1,22/07/2005,6,08:15,1,E09000033,6,0,Single carriageway,30,None,-1,0,None within 50 metres,No physical crossing within 50 meters,Daylight: Street light present,Fine without high winds,Dry,None,None,1,Yes,E01004692,2005
1836,200501CW11020,529750.0,180500.0,-0.13175,51.508487,1,2,1,2,23/07/2005,7,20:30,1,E09000033,3,4,One way street,30,Automatic traffic signal,4,2327,None within 50 metres,Pedestrian phase at traffic signal junction,Daylight: Street light present,Fine without high winds,Dry,None,None,1,Yes,E01004734,2005
1837,200501CW11021,527120.0,181620.0,-0.169223,51.51915,1,3,1,1,23/07/2005,7,00:30,1,E09000033,3,4205,One way street,30,Automatic traffic signal,3,5,None within 50 metres,Pedestrian phase at traffic signal junction,Darkness: Street lights present and lit,Fine without high winds,Dry,None,None,1,Yes,E01004685,2005
1838,200501CW11022,529170.0,178640.0,-0.140783,51.491905,1,3,1,1,24/07/2005,1,12:15,1,E09000033,4,324,Single carriageway,30,None,-1,0,None within 50 metres,No physical crossing within 50 meters,Daylight: Street light present,Raining without high winds,Wet/Damp,None,None,1,Yes,E01004749,2005
1839,200501CW11023,530060.0,180290.0,-0.127363,51.506529,1,3,1,1,24/07/2005,1,17:00,1,E09000033,3,3212,Dual carriageway,30,Giveway or uncontrolled,6,0,None within 50 metres,No physical crossing within 50 meters,Daylight: Street light present,Fine without high winds,Dry,None,None,1,Yes,E01004736,2005
1840,200501CW11024,529820.0,181370.0,-0.130422,51.51629,1,3,1,1,24/07/2005,1,19:15,2,E09000007,3,40,One way street,30,Automatic traffic signal,3,40,None within 50 metres,Pedestrian phase at traffic signal junction,Daylight: Street light present,Fine without high winds,Wet/Damp,None,None,1,Yes,E01004763,2005
1841,200501CW11025,527410.0,181110.0,-0.16523,51.514502,1,3,1,1,25/07/2005,2,13:42,1,E09000033,5,0,Single carriageway,30,Giveway or uncontrolled,6,0,None within 50 metres,No physical crossing within 50 meters,Daylight: Street light present,Fine without high winds,Dry,None,None,1,Yes,E01004680,2005
1842,200501CW11026,528790.0,180650.0,-0.145521,51.510055,1,3,2,1,25/07/2005,2,11:15,1,E09000033,5,0,Single carriageway,30,Giveway or uncontrolled,5,0,None within 50 metres,Zebra crossing,Daylight: Street light present,Raining without high winds,Wet/Damp,None,None,1,Yes,E01004764,2005
1843,200501CW11027,528030.0,181030.0,-0.156329,51.513643,1,3,1,1,25/07/2005,2,06:42,1,E09000033,3,40,Single carriageway,30,Automatic traffic signal,3,41,None within 50 metres,Pedestrian phase at traffic signal junction,Daylight: Street light present,Fine without high winds,Dry,None,None,1,Yes,E01004657,2005
1844,200501CW11028,526170.0,181470.0,-0.182962,51.518015,1,2,2,2,26/07/2005,3,06:17,1,E09000033,5,0,Single carriageway,30,Giveway or uncontrolled,6,0,None within 50 metres,No physical crossing within 50 meters,Daylight: Street light present,Fine without high winds,Dry,None,None,1,Yes,E01004656,2005
1845,200501CW11029,528850.0,180890.0,-0.144569,51.512198,1,3,2,3,26/07/2005,3,22:40,1,E09000033,4,406,One way street,30,Automatic traffic signal,5,0,None within 50 metres,Pedestrian phase at traffic signal junction,Darkness: Street lights present and lit,Fine without high winds,Dry,Auto traffic signal partly defective,None,1,Yes,E01004761,2005
1846,200501CW11032,527350.0,182250.0,-0.165682,51.52476,1,3,2,1,27/07/2005,4,21:00,1,E09000033,5,0,Single carriageway,30,Giveway or uncontrolled,6,0,None within 50 metres,No physical crossing within 50 meters,Darkness: Street lights present and lit,Raining without high winds,Wet/Damp,None,None,1,Yes,E01004670,2005
1847,200501CW11033,526350.0,183260.0,-0.179727,51.534062,1,3,1,1,18/07/2005,2,10:45,1,E09000033,4,507,Single carriageway,30,Giveway or uncontrolled,6,0,None within 50 metres,No physical crossing within 50 meters,Daylight: Street light present,Fine without high winds,Dry,None,None,1,Yes,E01004650,2005
1848,200501CW11034,526790.0,181990.0,-0.173844,51.52255,1,2,2,1,14/07/2005,5,17:45,1,E09000033,3,5,Single carriageway,30,Giveway or uncontrolled,6,0,None within 50 metres,No physical crossing within 50 meters,Daylight: Street light present,Fine without high winds,Dry,None,None,1,Yes,E01004673,2005
1849,200501CW11035,526970.0,180810.0,-0.171675,51.511904,1,3,2,1,24/07/2005,1,16:36,1,E09000033,3,402,Single carriageway,30,None,-1,0,None within 50 metres,No physical crossing within 50 meters,Daylight: Street light present,Fine without high winds,Dry,None,None,1,Yes,E01004689,2005
1850,200501CW11036,529040.0,179770.0,-0.142242,51.502089,1,3,1,1,27/07/2005,4,09:52,1,E09000033,6,0,Single carriageway,30,None,-1,0,None within 50 metres,non-junction pedestrian crossing,Daylight: Street light present,Raining without high winds,Wet/Damp,None,None,1,Yes,E01004736,2005
1851,200501CW11037,527200.0,181550.0,-0.168096,51.518503,1,2,1,1,30/07/2005,7,10:00,1,E09000033,3,5,Single carriageway,30,Giveway or uncontrolled,6,0,None within 50 metres,No physical crossing within 50 meters,Daylight: Street light present,Fine without high winds,Dry,None,None,1,Yes,E01004661,2005
1852,200501CW11039,529730.0,181360.0,-0.131722,51.516221,1,2,1,1,28/07/2005,5,17:28,1,E09000033,3,40,Single carriageway,30,None,-1,0,None within 50 metres,No physical crossing within 50 meters,Daylight: Street light present,Fine without high winds,Dry,None,None,1,Yes,E01004763,2005
1853,200501CW11040,530380.0,180230.0,-0.122777,51.505916,1,3,2,1,28/07/2005,5,17:04,1,E09000033,3,3211,Single carriageway,30,None,-1,0,None within 50 metres,No physical crossing within 50 meters,Daylight: Street light present,Fine without high winds,Dry,None,None,1,Yes,E01004736,2005
1854,200501CW11041,530250.0,178790.0,-0.12518,51.493005,1,3,2,1,28/09/2005,4,08:40,1,E09000033,3,3212,Dual carriageway,30,Giveway or uncontrolled,6,0,None within 50 metres,No physical crossing within 50 meters,Daylight: Street light present,Fine without high winds,Dry,None,None,1,Yes,E01004745,2005
1855,200501CW11042,525780.0,181400.0,-0.188604,51.517473,1,3,1,1,28/07/2005,5,14:17,1,E09000033,4,411,Single carriageway,30,Giveway or uncontrolled,5,0,None within 50 metres,No physical crossing within 50 meters,Daylight: Street light present,Fine without high winds,Dry,None,None,1,Yes,E01004656,2005
1856,200501CW11043,529970.0,180820.0,-0.128464,51.511313,1,2,1,1,28/07/2005,5,22:51,1,E09000033,3,400,Single carriageway,30,Automatic traffic signal,4,402,None within 50 metres,Pedestrian phase at traffic signal junction,Darkness: Street lights present and lit,Fine without high winds,Dry,None,None,1,Yes,E01004734,2005
1857,200501CW11044,529740.0,180140.0,-0.132026,51.505254,1,3,2,1,29/07/2005,6,22:15,1,E09000033,5,0,Single carriageway,30,None,-1,0,None within 50 metres,No physical crossing within 50 meters,Darkness: Street lights present and lit,Fine without high winds,Dry,None,None,1,Yes,E01004736,2005
1858,200501CW11045,528590.0,179510.0,-0.148817,51.499855,1,3,2,1,29/07/2005,6,12:30,1,E09000033,3,302,Single carriageway,30,Giveway or uncontrolled,6,0,None within 50 metres,No physical crossing within 50 meters,Daylight: Street light present,Fine without high winds,Dry,None,None,1,Yes,E01004690,2005
1859,200501CW11046,527670.0,181060.0,-0.161503,51.513994,1,3,2,1,29/07/2005,6,14:28,1,E09000033,3,5,Single carriageway,30,Automatic traffic signal,3,5204,None within 50 metres,Pedestrian phase at traffic signal junction,Daylight: Street light present,Fine without high winds,Dry,None,None,1,Yes,E01004680,2005
1860,200501CW11047,525460.0,181830.0,-0.193061,51.521408,1,3,2,1,15/07/2005,6,19:47,1,E09000033,6,0,Single carriageway,30,Giveway or uncontrolled,3,404,None within 50 metres,Zebra crossing,Darkness: Street lights present and lit,Fine without high winds,Dry,None,None,1,Yes,E01004758,2005
1861,200501CW11048,530060.0,179620.0,-0.12761,51.500508,1,3,2,1,29/07/2005,6,08:16,1,E09000033,3,302,Single carriageway,30,None,-1,0,None within 50 metres,No physical crossing within 50 meters,Daylight: Street light present,Fine without high winds,Dry,None,None,1,Yes,E01004733,2005
1862,200501CW11049,528780.0,181770.0,-0.145256,51.520122,1,3,1,1,29/07/2005,6,23:50,1,E09000033,3,4201,Single carriageway,30,None,-1,0,None within 50 metres,No physical crossing within 50 meters,Darkness: Street lights present and lit,Fine without high winds,Dry,None,None,1,Yes,E01004713,2005
1863,200501CW11050,527450.0,183370.0,-0.163837,51.534803,1,3,2,1,14/07/2005,5,11:20,1,E09000033,3,5205,Single carriageway,30,Automatic traffic signal,3,5205,None within 50 metres,Pedestrian phase at traffic signal junction,Daylight: Street light present,Fine without high winds,Dry,None,None,1,Yes,E01004730,2005
1864,200501CW11051,529750.0,181360.0,-0.131434,51.516216,1,3,1,1,16/07/2005,7,15:30,1,E09000033,3,40,Single carriageway,30,None,-1,0,None within 50 metres,No physical crossing within 50 meters,Daylight: Street light present,Fine without high winds,Dry,None,None,1,Yes,E01004763,2005
1865,200501CW11052,528680.0,181140.0,-0.146926,51.514484,1,3,1,2,15/07/2005,6,23:25,1,E09000033,3,40,One way street,30,Automatic traffic signal,4,406,None within 50 metres,Pedestrian phase at traffic signal junction,Darkness: Street lights present and lit,Fine without high winds,Dry,None,None,1,Yes,E01004764,2005
1866,200501CW11054,528840.0,181180.0,-0.144607,51.514807,1,3,1,1,30/07/2005,7,16:30,1,E09000033,3,40,Single carriageway,30,Automatic traffic signal,3,40,None within 50 metres,Pedestrian phase at traffic signal junction,Daylight: Street light present,Fine without high winds,Dry,None,None,1,Yes,E01004764,2005
1867,200501CW11055,530270.0,179670.0,-0.124568,51.500909,1,3,2,1,31/07/2005,1,22:24,1,E09000033,3,302,Single carriageway,30,Automatic traffic signal,3,3211,None within 50 metres,Pedestrian phase at traffic signal junction,Darkness: Street lights present and lit,Fine without high winds,Dry,None,None,1,Yes,E01004733,2005
1868,200501CW11056,529870.0,181150.0,-0.129783,51.514301,1,3,1,1,31/07/2005,1,13:15,1,E09000033,3,400,Dual carriageway,30,None,-1,0,None within 50 metres,No physical crossing within 50 meters,Daylight: Street light present,Fine without high winds,Dry,None,None,1,Yes,E01004763,2005
1869,200501CW11058,526220.0,182590.0,-0.18184,51.528069,1,2,2,1,01/08/2005,2,08:05,1,E09000033,5,0,Single carriageway,30,Giveway or uncontrolled,6,0,None within 50 metres,No physical crossing within 50 meters,Daylight: Street light present,Fine without high winds,Dry,None,None,1,Yes,E01004701,2005
1870,200501CW11060,526950.0,183010.0,-0.171171,51.53168,1,3,1,1,11/06/2005,7,17:09,1,E09000033,3,41,Single carriageway,30,None,-1,0,None within 50 metres,No physical crossing within 50 meters,Daylight: Street light present,Fine without high winds,Dry,None,None,1,Yes,E01004726,2005
1871,200501CW11063,529210.0,178830.0,-0.140138,51.493603,1,3,1,1,15/06/2005,4,08:45,1,E09000033,3,202,Single carriageway,30,Automatic traffic signal,3,202,None within 50 metres,Pedestrian phase at traffic signal junction,Daylight: Street light present,Raining without high winds,Wet/Damp,None,None,1,Yes,E01004749,2005
1872,200501CW11065,529970.0,180840.0,-0.128456,51.511492,1,3,1,1,16/06/2005,5,18:05,1,E09000033,3,400,Single carriageway,30,Giveway or uncontrolled,3,400,None within 50 metres,No physical crossing within 50 meters,Daylight: Street light present,Fine without high winds,Dry,None,None,1,Yes,E01004734,2005
1873,200501CW11066,525340.0,181990.0,-0.194733,51.522873,1,3,2,1,22/06/2005,4,08:48,1,E09000033,3,404,Single carriageway,30,Giveway or uncontrolled,5,0,None within 50 metres,No physical crossing within 50 meters,Daylight: Street light present,Fine without high winds,Dry,None,None,1,Yes,E01004755,2005
1874,200501CW11067,528630.0,181140.0,-0.147646,51.514495,1,3,2,1,26/06/2005,1,14:01,1,E09000033,3,40,Dual carriageway,30,Giveway or uncontrolled,6,0,None within 50 metres,No physical crossing within 50 meters,Daylight: Street light present,Fine without high winds,Dry,None,None,1,Yes,E01004764,2005
1875,200501CW11068,526620.0,183200.0,-0.175858,51.533462,1,3,2,1,28/06/2005,3,17:14,1,E09000033,5,0,Single carriageway,30,Giveway or uncontrolled,6,0,None within 50 metres,No physical crossing within 50 meters,Daylight: Street light present,Fine without high winds,Dry,None,None,1,Yes,E01004651,2005
1876,200501CW11069,526850.0,179710.0,-0.173799,51.502046,1,3,2,1,02/08/2005,3,18:42,1,E09000033,6,0,Single carriageway,30,None,-1,0,None within 50 metres,No physical crossing within 50 meters,Daylight: Street light present,Fine without high winds,Dry,None,None,1,Yes,E01004692,2005
1877,200501CW11070,529690.0,180580.0,-0.132585,51.50922,1,3,1,1,03/08/2005,4,00:16,1,E09000033,3,4,One way street,30,Automatic traffic signal,3,4,None within 50 metres,Pedestrian phase at traffic signal junction,Darkness: Street lights present and lit,Fine without high winds,Dry,None,None,1,Yes,E01004736,2005
1878,200501CW11071,526730.0,181250.0,-0.174974,51.515913,1,3,2,1,01/07/2005,6,08:36,1,E09000033,3,4205,Single carriageway,30,Automatic traffic signal,5,0,None within 50 metres,No physical crossing within 50 meters,Daylight: Street light present,Fine without high winds,Dry,None,None,1,Yes,E01004685,2005
1879,200501CW11072,527100.0,180190.0,-0.170026,51.506303,1,3,2,1,13/07/2005,4,17:45,1,E09000033,6,0,Single carriageway,30,None,-1,0,None within 50 metres,No physical crossing within 50 meters,Daylight: Street light present,Fine without high winds,Dry,None,None,1,Yes,E01004689,2005
1880,200501CW11074,527370.0,181770.0,-0.165568,51.520442,1,3,1,1,04/08/2005,5,14:35,1,E09000033,3,501,Single carriageway,30,None,-1,0,None within 50 metres,No physical crossing within 50 meters,Daylight: Street light present,Fine without high winds,Dry,None,None,1,Yes,E01004661,2005
1881,200501CW11076,527250.0,182310.0,-0.167101,51.525322,1,3,2,1,02/07/2005,7,20:45,1,E09000033,6,0,Single carriageway,30,None,-1,0,None within 50 metres,No physical crossing within 50 meters,Daylight: Street light present,Fine without high winds,Dry,None,None,1,Yes,E01004671,2005
1882,200501CW11077,529940.0,180950.0,-0.128848,51.512488,1,3,1,1,06/08/2005,7,08:15,1,E09000033,3,400,Dual carriageway,30,None,-1,0,None within 50 metres,No physical crossing within 50 meters,Daylight: Street light present,Fine without high winds,Dry,None,None,1,Yes,E01004734,2005
1883,200501CW11078,527230.0,182110.0,-0.167462,51.523529,1,3,1,1,04/07/2005,2,16:07,1,E09000033,6,0,Single carriageway,30,None,-1,0,None within 50 metres,No physical crossing within 50 meters,Daylight: Street light present,Fine without high winds,Dry,None,None,1,Yes,E01004671,2005
1884,200501CW11080,528100.0,181380.0,-0.155193,51.516772,1,3,1,1,06/07/2005,4,15:30,1,E09000033,3,41,One way street,30,Automatic traffic signal,6,0,None within 50 metres,Pedestrian phase at traffic signal junction,Daylight: Street light present,Fine without high winds,Dry,None,None,1,Yes,E01004714,2005
1885,200501CW11081,528540.0,181330.0,-0.148874,51.516223,1,3,2,1,08/08/2005,2,09:30,1,E09000033,3,5204,Single carriageway,30,Automatic traffic signal,6,0,None within 50 metres,Pedestrian phase at traffic signal junction,Daylight: Street light present,Fine without high winds,Dry,None,None,1,Yes,E01004714,2005
1886,200501CW11084,528480.0,181110.0,-0.149818,51.514259,1,2,1,1,04/07/2005,2,14:13,1,E09000033,3,40,Single carriageway,30,None,-1,0,None within 50 metres,non-junction pedestrian crossing,Daylight: Street light present,Fine without high winds,Dry,None,None,1,Yes,E01004764,2005
1887,200501CW11085,528700.0,178870.0,-0.147466,51.494079,1,3,1,1,05/08/2005,6,17:20,1,E09000033,3,3213,One way street,30,Giveway or uncontrolled,6,0,None within 50 metres,No physical crossing within 50 meters,Daylight: Street light present,Fine without high winds,Dry,None,None,1,Yes,E01004750,2005
1888,200501CW11087,529950.0,179510.0,-0.129234,51.499544,1,3,2,1,22/08/2005,2,13:24,1,E09000033,3,302,Single carriageway,30,Giveway or uncontrolled,5,0,None within 50 metres,No physical crossing within 50 meters,Daylight: Street light present,Raining without high winds,Wet/Damp,None,None,1,Yes,E01004733,2005
1889,200501CW11088,529300.0,178760.0,-0.138868,51.492953,1,3,1,1,21/08/2005,1,13:00,1,E09000033,3,202,Single carriageway,30,None,-1,0,None within 50 metres,No physical crossing within 50 meters,Daylight: Street light present,Fine without high winds,Dry,None,None,1,Yes,E01004749,2005
1890,200501CW11090,526060.0,181650.0,-0.184482,51.519657,1,3,2,1,18/08/2005,5,07:40,1,E09000033,3,404,Dual carriageway,30,Automatic traffic signal,5,0,None within 50 metres,Pedestrian phase at traffic signal junction,Daylight: Street light present,Fine without high winds,Dry,None,None,1,Yes,E01004757,2005
1891,200501CW11091,530260.0,180330.0,-0.124468,51.506842,1,3,2,1,10/07/2005,1,15:33,1,E09000033,4,308,Single carriageway,30,None,-1,0,None within 50 metres,No physical crossing within 50 meters,Daylight: Street light present,Fine without high winds,Dry,None,None,1,Yes,E01004736,2005
1892,200501CW11092,528730.0,181390.0,-0.146115,51.516719,1,3,1,1,08/07/2005,6,12:20,1,E09000033,3,5204,Single carriageway,30,Automatic traffic signal,5,0,None within 50 metres,Pedestrian phase at traffic signal junction,Daylight: Street light present,Fine without high winds,Dry,None,None,1,Yes,E01004713,2005
1893,200501CW11093,527240.0,180880.0,-0.167761,51.512473,1,3,1,1,18/08/2005,5,08:15,1,E09000033,3,402,Single carriageway,30,Giveway or uncontrolled,5,0,None within 50 metres,No physical crossing within 50 meters,Daylight: Street light present,Fine without high winds,Dry,None,None,1,No,E01004680,2005
1894,200501CW11094,529860.0,181180.0,-0.129916,51.514573,1,3,1,1,25/08/2005,5,03:22,1,E09000033,3,400,One way street,30,None,-1,0,None within 50 metres,No physical crossing within 50 meters,Darkness: Street lights present and lit,Fine without high winds,Wet/Damp,None,None,1,Yes,E01004763,2005
1895,200501CW11095,530070.0,180420.0,-0.127171,51.507695,1,3,1,1,24/08/2005,4,23:05,1,E09000033,3,4,Roundabout,30,Automatic traffic signal,3,4,None within 50 metres,Pedestrian phase at traffic signal junction,Darkness: Street lights present and lit,Fine without high winds,Dry,None,None,1,Yes,E01004736,2005
1896,200501CW11096,527030.0,182900.0,-0.170058,51.530674,1,3,2,1,24/06/2005,6,03:50,1,E09000033,3,41,Single carriageway,30,None,-1,0,None within 50 metres,No physical crossing within 50 meters,Darkness: Street lights present and lit,Fine without high winds,Dry,None,None,1,Yes,E01004725,2005
1897,200501CW11097,528430.0,179900.0,-0.150978,51.503397,1,3,2,1,11/07/2005,2,23:00,1,E09000033,3,4202,Dual carriageway,30,Automatic traffic signal,3,4,None within 50 metres,Pedestrian phase at traffic signal junction,Darkness: Street lights present and lit,Fine without high winds,Dry,None,None,1,No,E01004761,2005
1898,200501CW11098,529590.0,180520.0,-0.134047,51.508704,1,3,1,1,26/07/2005,3,22:30,1,E09000033,3,4,Single carriageway,30,None,-1,0,None within 50 metres,No physical crossing within 50 meters,Darkness: Street lights present and lit,Fine without high winds,Dry,None,None,1,No,E01004736,2005
1899,200501CW11099,527060.0,181690.0,-0.170062,51.519793,1,3,2,1,20/07/2005,4,19:47,1,E09000033,3,5,Dual carriageway,30,Automatic traffic signal,3,404,None within 50 metres,Pedestrian phase at traffic signal junction,Darkness: Street lights present and lit,Fine without high winds,Dry,None,None,1,Yes,E01004685,2005
1900,200501CW11104,527920.0,181950.0,-0.157579,51.521935,1,3,2,1,10/08/2005,4,17:56,1,E09000033,3,501,Dual carriageway,30,Automatic traffic signal,3,41,None within 50 metres,Pedestrian phase at traffic signal junction,Daylight: Street light present,Fine without high winds,Dry,None,None,1,Yes,E01004660,2005
1901,200501CW11105,529850.0,180440.0,-0.130332,51.507925,1,3,1,1,17/07/2005,1,01:20,1,E09000033,3,4,One way street,30,Giveway or uncontrolled,3,4,None within 50 metres,No physical crossing within 50 meters,Darkness: Street lights present and lit,Fine without high winds,Dry,None,None,1,Yes,E01004736,2005
1902,200501CW11106,529090.0,178650.0,-0.141931,51.492013,1,2,2,1,18/07/2005,2,17:26,1,E09000033,3,3213,Single carriageway,30,None,-1,0,None within 50 metres,No physical crossing within 50 meters,Daylight: Street light present,Fine without high winds,Dry,None,None,1,Yes,E01004749,2005
1903,200501CW11107,527710.0,181340.0,-0.160825,51.516501,1,3,2,1,16/08/2005,3,18:15,1,E09000033,5,0,Single carriageway,30,Giveway or uncontrolled,6,0,None within 50 metres,Zebra crossing,Daylight: Street light present,Fine without high winds,Dry,None,None,1,Yes,E01004663,2005
1904,200501CW11109,530070.0,180880.0,-0.127002,51.511829,1,2,1,1,29/06/2005,4,17:15,1,E09000033,4,402,One way street,30,Giveway or uncontrolled,4,404,None within 50 metres,No physical crossing within 50 meters,Daylight: Street light present,Unknown,Dry,None,None,1,No,E01004734,2005
1905,200501CW11110,526600.0,183860.0,-0.175909,51.539398,1,3,1,1,02/07/2005,7,09:45,2,E09000007,3,41,Dual carriageway,40,Automatic traffic signal,3,41,None within 50 metres,Pedestrian phase at traffic signal junction,Daylight: Street light present,Fine without high winds,Dry,None,None,1,Yes,E01004646,2005
1906,200501CW11111,530340.0,179960.0,-0.123453,51.503499,1,2,2,1,26/07/2005,3,06:48,1,E09000033,3,3211,Dual carriageway,30,None,-1,0,None within 50 metres,No physical crossing within 50 meters,Daylight: Street light present,Fine without high winds,Dry,None,None,1,Yes,E01004733,2005
1907,200501CW11113,528990.0,179100.0,-0.143207,51.49608,1,3,2,1,31/08/2005,4,19:18,1,E09000033,3,202,Single carriageway,30,Automatic traffic signal,3,202,None within 50 metres,Pedestrian phase at traffic signal junction,Daylight: Street light present,Fine without high winds,Dry,None,None,1,Yes,E01004750,2005
1908,200501CW11115,526970.0,182300.0,-0.171139,51.525295,1,3,2,1,05/07/2005,3,22:50,1,E09000033,6,0,Single carriageway,30,None,-1,0,None within 50 metres,No physical crossing within 50 meters,Darkness: Street lights present and lit,Raining without high winds,Wet/Damp,None,None,1,Yes,E01004670,2005
1909,200501CW11116,528980.0,181370.0,-0.142521,51.516482,1,3,1,1,22/08/2005,2,09:30,1,E09000033,3,4201,Single carriageway,30,Automatic traffic signal,3,4201,None within 50 metres,Pedestrian phase at traffic signal junction,Daylight: Street light present,Raining without high winds,Wet/Damp,None,None,1,No,E01004765,2005
1910,200501CW11117,528460.0,180610.0,-0.150288,51.50977,1,2,2,1,13/07/2005,4,19:36,1,E09000033,6,0,Single carriageway,30,None,-1,0,None within 50 metres,No physical crossing within 50 meters,Daylight: Street light present,Fine without high winds,Dry,None,None,1,Yes,E01004761,2005
1911,200501CW11119,529010.0,180910.0,-0.142257,51.512341,1,3,1,1,15/07/2005,6,22:15,1,E09000033,6,0,One way street,30,None,-1,0,None within 50 metres,No physical crossing within 50 meters,Darkness: Street lights present and lit,Fine without high winds,Dry,None,None,1,Yes,E01004764,2005
1912,200501CW11120,528850.0,177930.0,-0.145649,51.485597,1,3,2,1,16/07/2005,7,19:30,1,E09000033,3,3212,Dual carriageway,30,Automatic traffic signal,5,0,None within 50 metres,Pedestrian phase at traffic signal junction,Daylight: Street light present,Fine without high winds,Dry,None,None,1,No,E01004664,2005
1913,200501CW11123,528310.0,181270.0,-0.152208,51.515736,1,3,1,1,13/04/2005,4,15:00,1,E09000033,3,5204,Single carriageway,30,Automatic traffic signal,5,0,None within 50 metres,Pedestrian phase at traffic signal junction,Daylight: Street light present,Fine without high winds,Dry,None,None,1,No,E01004714,2005
1914,200501CW11126,529080.0,180360.0,-0.14145,51.507383,1,3,2,1,10/07/2005,1,17:25,1,E09000033,3,4,Single carriageway,30,Automatic traffic signal,5,0,None within 50 metres,Pedestrian phase at traffic signal junction,Daylight: Street light present,Fine without high winds,Dry,None,None,1,No,E01004761,2005
1915,200501CW11127,529220.0,178670.0,-0.140053,51.492163,1,3,2,1,12/07/2005,3,22:23,1,E09000033,4,324,Single carriageway,30,Automatic traffic signal,5,0,None within 50 metres,Pedestrian phase at traffic signal junction,Darkness: Street lights present and lit,Fine without high winds,Dry,None,None,1,Yes,E01004749,2005
1916,200501CW11131,527870.0,182230.0,-0.158198,51.524463,1,3,1,1,13/07/2005,4,16:38,1,E09000033,6,0,Single carriageway,30,None,-1,0,None within 50 metres,non-junction pedestrian crossing,Daylight: Street light present,Fine without high winds,Dry,None,None,1,Yes,E01004727,2005
1917,200501CW11132,528980.0,179430.0,-0.14323,51.499048,1,2,1,1,14/05/2005,7,12:27,1,E09000033,3,3214,Single carriageway,30,Automatic traffic signal,5,0,None within 50 metres,Pedestrian phase at traffic signal junction,Daylight: Street light present,Fine without high winds,Dry,None,None,1,Yes,E01004731,2005
1918,200501CW11133,529460.0,179950.0,-0.136128,51.503611,1,3,2,1,02/08/2005,3,16:00,1,E09000033,5,0,Dual carriageway,30,Automatic traffic signal,6,0,None within 50 metres,Pedestrian phase at traffic signal junction,Daylight: Street light present,Fine without high winds,Dry,None,None,1,Yes,E01004736,2005
1919,200501CW11134,530180.0,179440.0,-0.125948,51.498863,1,2,1,2,14/08/2005,1,22:00,1,E09000033,3,3212,Single carriageway,30,None,-1,0,None within 50 metres,No physical crossing within 50 meters,Darkness: Street lights present and lit,Fine without high winds,Dry,None,None,1,Yes,E01004733,2005
1920,200501CW11136,529350.0,178730.0,-0.138159,51.492672,1,3,2,1,04/09/2005,1,10:05,1,E09000033,3,202,Single carriageway,30,Automatic traffic signal,4,324,None within 50 metres,Pedestrian phase at traffic signal junction,Daylight: Street light present,Fine without high winds,Dry,None,None,1,Yes,E01004740,2005
1921,200501CW11137,527650.0,181260.0,-0.161719,51.515795,1,3,2,1,19/08/2005,6,15:20,1,E09000033,5,0,Single carriageway,30,Giveway or uncontrolled,6,0,None within 50 metres,No physical crossing within 50 meters,Daylight: Street light present,Raining without high winds,Wet/Damp,None,None,1,Yes,E01004663,2005
1922,200501CW11139,527470.0,181260.0,-0.164311,51.515836,1,3,2,1,23/08/2005,3,05:00,1,E09000033,3,5,Single carriageway,30,Automatic traffic signal,3,5,None within 50 metres,Pedestrian phase at traffic signal junction,Darkness: Street lights present and lit,Fine without high winds,Dry,None,None,1,No,E01004686,2005
1923,200501CW11141,527350.0,181940.0,-0.165794,51.521974,1,3,2,1,18/08/2005,5,17:45,1,E09000033,6,0,Single carriageway,30,None,-1,0,None within 50 metres,No physical crossing within 50 meters,Daylight: Street light present,Fine without high winds,Dry,None,None,1,Yes,E01004673,2005
1924,200501CW11142,530670.0,181020.0,-0.118308,51.512949,1,3,2,1,03/08/2005,4,19:30,1,E09000033,3,4,Single carriageway,30,Giveway or uncontrolled,6,0,None within 50 metres,No physical crossing within 50 meters,Daylight: Street light present,Fine without high winds,Dry,None,None,1,No,E01004735,2005
1925,200501CW11143,529230.0,180260.0,-0.139327,51.50645,1,3,2,1,23/07/2005,7,21:45,1,E09000033,3,4,One way street,30,Giveway or uncontrolled,6,0,None within 50 metres,No physical crossing within 50 meters,Darkness: Street lights present and lit,Raining without high winds,Wet/Damp,None,None,1,Yes,E01004736,2005
1926,200501CW11144,529580.0,180910.0,-0.134048,51.512211,1,3,1,1,14/08/2005,1,02:30,1,E09000033,5,0,Single carriageway,30,Giveway or uncontrolled,5,0,None within 50 metres,No physical crossing within 50 meters,Darkness: Street lights present and lit,Raining without high winds,Wet/Damp,None,None,1,No,E01004764,2005
1927,200501CW11145,525390.0,182010.0,-0.194005,51.523042,1,3,2,1,24/11/2005,5,15:15,1,E09000033,5,0,Single carriageway,30,Giveway or uncontrolled,6,0,None within 50 metres,No physical crossing within 50 meters,Daylight: Street light present,Fine without high winds,Dry,None,None,1,No,E01004756,2005
1928,200501CW11146,527710.0,182120.0,-0.160543,51.523511,1,3,2,2,30/08/2005,3,14:29,1,E09000033,3,41,Single carriageway,30,Giveway or uncontrolled,6,0,None within 50 metres,No physical crossing within 50 meters,Daylight: Street light present,Fine without high winds,Dry,None,None,1,Yes,E01004662,2005
1929,200501CW11147,525910.0,180610.0,-0.187014,51.510344,1,2,2,1,02/08/2005,3,14:00,1,E09000033,4,411,Single carriageway,30,Automatic traffic signal,3,402,None within 50 metres,Pedestrian phase at traffic signal junction,Daylight: Street light present,Fine without high winds,Dry,None,None,1,No,E01004695,2005
1930,200501CW11148,530130.0,180110.0,-0.126421,51.504895,1,3,2,1,03/08/2005,4,22:30,1,E09000033,3,3212,Single carriageway,30,Automatic traffic signal,5,0,None within 50 metres,Pedestrian phase at traffic signal junction,Darkness: Street lights present and lit,Fine without high winds,Dry,None,None,1,No,E01004736,2005
1931,200501CW11151,527370.0,183470.0,-0.164953,51.53572,1,3,2,1,10/08/2005,4,08:35,2,E09000007,4,525,Dual carriageway,30,Giveway or uncontrolled,4,525,None within 50 metres,Zebra crossing,Daylight: Street light present,Fine without high winds,Dry,None,None,1,Yes,E01004730,2005
1932,200501CW11152,530000.0,181140.0,-0.127914,51.514182,1,3,2,1,20/07/2005,4,13:00,2,E09000007,3,401,Single carriageway,30,Giveway or uncontrolled,6,0,None within 50 metres,Zebra crossing,Daylight: Street light present,Fine without high winds,Dry,None,None,1,Yes,E01000919,2005
1933,200501CW11153,529530.0,179080.0,-0.135439,51.495776,1,3,2,1,02/09/2005,6,18:40,1,E09000033,4,324,Single carriageway,30,None,-1,0,None within 50 metres,No physical crossing within 50 meters,Daylight: Street light present,Fine without high winds,Dry,None,None,1,Yes,E01004744,2005
1934,200501CW11155,529300.0,180690.0,-0.138161,51.510298,1,3,1,1,02/09/2005,6,10:17,1,E09000033,3,4201,Single carriageway,30,Automatic traffic signal,5,0,None within 50 metres,Pedestrian phase at traffic signal junction,Daylight: Street light present,Fine without high winds,Dry,Ol or diesel,None,1,Yes,E01004764,2005
1935,200501CW11156,529200.0,178840.0,-0.140278,51.493695,1,3,2,1,02/09/2005,6,12:05,1,E09000033,3,202,Single carriageway,30,Giveway or uncontrolled,3,202,None within 50 metres,No physical crossing within 50 meters,Daylight: Street light present,Fine without high winds,Dry,None,None,1,Yes,E01004749,2005
1936,200501CW11157,527220.0,183230.0,-0.167201,51.533597,1,3,2,1,02/09/2005,6,17:14,1,E09000033,6,0,Single carriageway,30,Giveway or uncontrolled,6,0,None within 50 metres,No physical crossing within 50 meters,Daylight: Street light present,Fine without high winds,Dry,None,None,1,Yes,E01004724,2005
1937,200501CW11161,526980.0,182980.0,-0.17075,51.531404,1,3,2,1,05/09/2005,2,12:14,1,E09000033,3,41,Single carriageway,30,Giveway or uncontrolled,6,0,None within 50 metres,No physical crossing within 50 meters,Daylight: Street light present,Fine without high winds,Dry,None,None,1,Yes,E01004726,2005
1938,200501CW11162,528800.0,181720.0,-0.144986,51.519669,1,3,2,1,30/06/2005,5,01:35,1,E09000033,3,4201,Dual carriageway,30,Automatic traffic signal,5,0,None within 50 metres,Pedestrian phase at traffic signal junction,Darkness: Street lights present and lit,Fine without high winds,Dry,None,None,1,Yes,E01004765,2005
1939,200501CW11163,526670.0,180840.0,-0.175985,51.512241,1,3,1,1,09/09/2005,6,19:30,1,E09000033,5,0,Single carriageway,30,Giveway or uncontrolled,3,4209,None within 50 metres,No physical crossing within 50 meters,Daylight: Street light present,Fine without high winds,Dry,None,None,1,Yes,E01004682,2005
1940,200501CW11164,528730.0,178880.0,-0.14703,51.494162,1,3,1,1,12/07/2005,3,13:42,1,E09000033,3,3214,Single carriageway,30,Automatic traffic signal,3,3213,None within 50 metres,Pedestrian phase at traffic signal junction,Daylight: Street light present,Fine without high winds,Dry,None,None,1,Yes,E01004750,2005
1941,200501CW11165,526570.0,182870.0,-0.176697,51.530507,1,3,2,2,15/07/2005,6,00:42,1,E09000033,4,507,Single carriageway,30,Automatic traffic signal,5,0,None within 50 metres,Pedestrian phase at traffic signal junction,Darkness: Street lights present and lit,Fine without high winds,Dry,None,Involvement with previous accident,1,Yes,E01004726,2005
1942,200501CW11166,524220.0,182630.0,-0.210643,51.528872,1,2,2,1,31/08/2005,4,14:53,1,E09000033,6,0,Single carriageway,30,None,-1,0,None within 50 metres,No physical crossing within 50 meters,Daylight: Street light present,Fine without high winds,Dry,None,None,1,Yes,E01004721,2005
1943,200501CW11167,524860.0,181970.0,-0.201655,51.522799,1,2,1,1,16/07/2005,7,19:21,1,E09000033,6,0,Dual carriageway,30,Giveway or uncontrolled,3,4207,None within 50 metres,No physical crossing within 50 meters,Daylight: Street light present,Fine without high winds,Dry,None,None,1,Yes,E01004679,2005
1944,200501CW11169,526540.0,181070.0,-0.177775,51.514337,1,3,2,1,04/09/2005,1,21:15,1,E09000033,4,410,Single carriageway,30,Automatic traffic signal,5,0,None within 50 metres,Pedestrian phase at traffic signal junction,Darkness: Street lighting unknown,Fine without high winds,Dry,None,None,1,No,E01004681,2005
1945,200501CW11170,524830.0,182730.0,-0.201818,51.529636,1,3,2,1,11/09/2005,1,15:35,1,E09000033,5,0,Single carriageway,30,Giveway or uncontrolled,6,0,None within 50 metres,No physical crossing within 50 meters,Daylight: Street light present,Fine without high winds,Dry,None,None,1,Yes,E01004723,2005
1946,200501CW11171,525800.0,181380.0,-0.188323,51.517289,1,3,1,1,26/08/2005,6,15:40,1,E09000033,4,411,Single carriageway,30,Giveway or uncontrolled,5,0,None within 50 metres,Zebra crossing,Daylight: Street light present,Fine without high winds,Dry,None,None,1,Yes,E01004656,2005
1947,200501CW11172,525720.0,183290.0,-0.188795,51.534472,1,3,2,1,10/09/2005,7,14:57,1,E09000033,3,5,Single carriageway,30,Giveway or uncontrolled,3,5,None within 50 metres,No physical crossing within 50 meters,Daylight: Street light present,Fine without high winds,Wet/Damp,None,None,1,Yes,E01004711,2005
1948,200501CW11175,525700.0,180570.0,-0.190053,51.510031,1,3,2,4,01/09/2005,5,07:10,12,E09000020,3,402,Single carriageway,30,Giveway or uncontrolled,6,0,None within 50 metres,No physical crossing within 50 meters,Daylight: Street light present,Fine without high winds,Dry,None,None,1,Yes,E01004695,2005
1949,200501CW11176,529250.0,178810.0,-0.13957,51.493414,1,3,2,1,08/09/2005,5,10:25,1,E09000033,3,202,Single carriageway,30,Authorised person,6,0,Control by other authorised person,non-junction pedestrian crossing,Daylight: Street light present,Fine without high winds,Dry,None,None,1,Yes,E01004749,2005
1950,200501CW11177,526740.0,183280.0,-0.1741,51.534154,1,3,1,1,13/04/2005,4,17:00,1,E09000033,3,41,Dual carriageway,30,None,-1,0,None within 50 metres,No physical crossing within 50 meters,Daylight: Street light present,Fine without high winds,Dry,None,None,1,No,E01004647,2005
1951,200501CW11178,524460.0,182350.0,-0.207284,51.526303,1,3,3,2,24/08/2005,4,19:01,1,E09000033,3,404,Single carriageway,30,None,-1,0,None within 50 metres,No physical crossing within 50 meters,Daylight: Street light present,Raining without high winds,Wet/Damp,None,None,1,Yes,E01004721,2005
1952,200501CW11179,528280.0,181070.0,-0.152713,51.513945,1,3,1,1,05/09/2005,2,12:16,1,E09000033,3,40,Single carriageway,30,Giveway or uncontrolled,6,0,None within 50 metres,Zebra crossing,Daylight: Street light present,Fine without high winds,Dry,None,None,1,Yes,E01004762,2005
1953,200501CW11180,529820.0,180190.0,-0.130856,51.505685,1,3,1,1,08/09/2005,5,14:44,1,E09000033,6,0,Single carriageway,30,Giveway or uncontrolled,6,0,None within 50 metres,No physical crossing within 50 meters,Daylight: Street light present,Fine without high winds,Dry,None,None,1,Yes,E01004736,2005
1954,200501CW11181,529050.0,180920.0,-0.141677,51.512422,1,3,2,1,09/08/2005,3,12:47,1,E09000033,4,406,Single carriageway,30,None,-1,0,None within 50 metres,No physical crossing within 50 meters,Daylight: Street light present,Fine without high winds,Dry,None,None,1,Yes,E01004764,2005
1955,200501CW11182,528990.0,178130.0,-0.143561,51.487362,1,3,2,1,01/09/2005,5,08:40,1,E09000033,5,0,Single carriageway,30,Giveway or uncontrolled,6,0,None within 50 metres,Central refuge,Daylight: Street light present,Fine without high winds,Dry,None,None,1,Yes,E01004668,2005
1956,200501CW11183,528240.0,182070.0,-0.152926,51.522941,1,3,2,1,01/09/2005,5,08:20,1,E09000033,3,501,Single carriageway,30,Giveway or uncontrolled,6,0,None within 50 metres,No physical crossing within 50 meters,Daylight: Street light present,Fine without high winds,Dry,None,None,1,Yes,E01004727,2005
1957,200501CW11184,529480.0,180650.0,-0.135583,51.509897,1,3,1,1,01/09/2005,5,02:20,1,E09000033,3,4201,Single carriageway,30,Automatic traffic signal,5,0,None within 50 metres,Pedestrian phase at traffic signal junction,Darkness: Street lights present and lit,Fine without high winds,Dry,None,None,1,Yes,E01004764,2005
1958,200501CW11185,526030.0,182880.0,-0.184474,51.530718,1,3,2,2,01/09/2005,5,02:12,1,E09000033,3,5,Single carriageway,30,Automatic traffic signal,5,0,None within 50 metres,Pedestrian phase at traffic signal junction,Darkness: Street lights present and lit,Fine without high winds,Dry,None,None,1,Yes,E01004711,2005
1959,200501CW11186,529010.0,181210.0,-0.142148,51.515037,1,3,1,1,12/09/2005,2,19:44,1,E09000033,3,4201,Single carriageway,30,Automatic traffic signal,3,40,None within 50 metres,Pedestrian phase at traffic signal junction,Darkness: Street lights present and lit,Fine without high winds,Dry,None,None,1,Yes,E01004764,2005
1960,200501CW11187,529690.0,180860.0,-0.132482,51.511736,1,3,1,1,30/07/2005,7,16:20,1,E09000033,3,401,Single carriageway,30,Automatic traffic signal,5,0,None within 50 metres,No physical crossing within 50 meters,Daylight: Street light present,Fine without high winds,Dry,None,None,1,No,E01004763,2005
1961,200501CW11188,528330.0,181700.0,-0.151764,51.519596,1,3,2,1,15/05/2005,1,12:00,1,E09000033,4,524,Single carriageway,30,None,-1,0,None within 50 metres,No physical crossing within 50 meters,Daylight: Street light present,Fine without high winds,Dry,None,None,1,No,E01004717,2005
1962,200501CW11189,529770.0,180160.0,-0.131587,51.505427,1,2,1,1,15/08/2005,2,21:17,1,E09000033,5,0,Dual carriageway,30,None,-1,0,None within 50 metres,non-junction pedestrian crossing,Darkness: Street lights present and lit,Fine without high winds,Dry,None,None,1,Yes,E01004736,2005
1963,200501CW11190,528200.0,181050.0,-0.153873,51.513784,1,2,1,1,20/08/2005,7,14:30,1,E09000033,3,40,Single carriageway,30,Automatic traffic signal,3,41,None within 50 metres,Pedestrian phase at traffic signal junction,Daylight: Street light present,Fine without high winds,Dry,None,None,1,No,E01004762,2005
1964,200501CW11191,526570.0,179640.0,-0.177856,51.501479,1,3,1,1,28/08/2005,1,17:10,1,E09000033,3,315,Dual carriageway,30,None,-1,0,None within 50 metres,non-junction pedestrian crossing,Daylight: Street light present,Fine without high winds,Dry,None,None,1,Yes,E01004688,2005
1965,200501CW11192,528050.0,181030.0,-0.15604,51.513638,1,3,3,1,29/08/2005,2,23:14,1,E09000033,5,0,Single carriageway,30,Automatic traffic signal,3,40,None within 50 metres,Pedestrian phase at traffic signal junction,Darkness: Street lights present and lit,Fine without high winds,Dry,None,None,1,Yes,E01004762,2005
1966,200501CW11193,528980.0,181220.0,-0.142576,51.515134,1,3,1,1,03/09/2005,7,15:17,1,E09000033,3,40,Single carriageway,30,Automatic traffic signal,3,4201,None within 50 metres,Pedestrian phase at traffic signal junction,Daylight: Street light present,Fine without high winds,Dry,None,None,1,Yes,E01004764,2005
1967,200501CW11194,530150.0,179870.0,-0.126222,51.502734,1,3,1,1,26/04/2005,3,10:00,1,E09000033,3,3212,Single carriageway,30,None,-1,0,None within 50 metres,No physical crossing within 50 meters,Daylight: Street light present,Fine without high winds,Wet/Damp,None,None,1,No,E01004736,2005
1968,200501CW11195,526700.0,182610.0,-0.174917,51.528142,1,3,1,1,05/09/2005,2,07:20,1,E09000033,4,507,Single carriageway,30,None,-1,0,None within 50 metres,No physical crossing within 50 meters,Daylight: Street light present,Fine without high winds,Dry,None,None,1,Yes,E01004728,2005
1969,200501CW11196,524740.0,182200.0,-0.203303,51.524893,1,3,2,1,05/09/2005,2,08:30,1,E09000033,3,404,Single carriageway,30,Giveway or uncontrolled,6,0,None within 50 metres,non-junction pedestrian crossing,Daylight: Street light present,Fine without high winds,Dry,None,None,1,Yes,E01004679,2005
1970,200501CW11197,525180.0,182030.0,-0.197024,51.523268,1,2,2,1,20/07/2005,4,16:50,1,E09000033,3,404,Single carriageway,30,None,-1,0,None within 50 metres,No physical crossing within 50 meters,Daylight: Street light present,Fine without high winds,Dry,None,None,1,Yes,E01004755,2005
1971,200501CW11198,530290.0,179690.0,-0.124272,51.501084,1,3,2,1,07/09/2005,4,08:20,1,E09000033,3,3211,Single carriageway,30,Automatic traffic signal,3,302,None within 50 metres,Pedestrian phase at traffic signal junction,Daylight: Street light present,Fine without high winds,Dry,None,None,1,Yes,E01004733,2005
1972,200501CW11202,528670.0,180020.0,-0.147479,51.50442,1,3,2,1,19/07/2005,3,00:24,1,E09000033,3,4,Dual carriageway,30,Giveway or uncontrolled,6,0,None within 50 metres,No physical crossing within 50 meters,Darkness: Street lights present and lit,Fine without high winds,Dry,None,None,1,Yes,E01004761,2005
1973,200501CW11204,529070.0,181380.0,-0.141221,51.516551,1,3,2,1,03/07/2005,1,18:59,1,E09000033,3,4201,Single carriageway,30,Automatic traffic signal,6,0,None within 50 metres,Pedestrian phase at traffic signal junction,Daylight: Street light present,Fine without high winds,Dry,None,None,1,No,E01004765,2005
1974,200501CW11205,526480.0,182330.0,-0.178188,51.525675,1,3,1,1,18/07/2005,2,09:15,1,E09000033,3,5205,Single carriageway,30,Giveway or uncontrolled,3,5,None within 50 metres,non-junction pedestrian crossing,Daylight: Street light present,Fine without high winds,Dry,None,None,1,No,E01004728,2005
1975,200501CW11207,530140.0,178460.0,-0.126885,51.490065,1,3,2,1,18/09/2005,1,13:07,1,E09000033,5,0,Dual carriageway,30,Giveway or uncontrolled,3,3212,None within 50 metres,No physical crossing within 50 meters,Daylight: Street light present,Fine without high winds,Dry,None,None,1,Yes,E01004745,2005
1976,200501CW11208,528360.0,181120.0,-0.151543,51.514377,1,3,1,1,31/08/2005,4,15:30,1,E09000033,5,0,Single carriageway,30,None,-1,0,None within 50 metres,No physical crossing within 50 meters,Daylight: Street light present,Fine without high winds,Dry,None,None,1,No,E01004714,2005
1977,200501CW11209,528810.0,180120.0,-0.145426,51.505287,1,3,1,1,16/09/2005,6,04:00,1,E09000033,3,4,Single carriageway,30,Giveway or uncontrolled,6,0,None within 50 metres,No physical crossing within 50 meters,Darkness: Street lights present and lit,Raining without high winds,Wet/Damp,None,None,1,Yes,E01004736,2005
1978,200501CW11210,528020.0,182000.0,-0.15612,51.522362,1,3,1,1,09/09/2005,6,02:50,1,E09000033,3,501,Single carriageway,30,None,-1,0,None within 50 metres,No physical crossing within 50 meters,Darkness: Street lights present and lit,Fine without high winds,Dry,None,None,1,Yes,E01004727,2005
1979,200501CW11211,527030.0,181820.0,-0.170447,51.520968,1,2,5,1,16/09/2005,6,16:30,1,E09000033,6,0,Single carriageway,30,Giveway or uncontrolled,6,0,None within 50 metres,No physical crossing within 50 meters,Daylight: Street light present,Fine without high winds,Dry,None,None,1,Yes,E01004673,2005
1980,200501CW11213,530200.0,179220.0,-0.125741,51.496881,1,3,2,1,15/09/2005,5,07:10,1,E09000033,3,3212,Single carriageway,30,Giveway or uncontrolled,6,0,None within 50 metres,No physical crossing within 50 meters,Daylight: Street light present,Raining without high winds,Wet/Damp,None,None,1,Yes,E01004733,2005
1981,200501CW11215,528230.0,182180.0,-0.15303,51.523932,1,3,2,1,13/09/2005,3,11:12,1,E09000033,6,0,Single carriageway,30,Giveway or uncontrolled,6,0,None within 50 metres,No physical crossing within 50 meters,Daylight: Street light present,Fine without high winds,Dry,None,None,1,Yes,E01004727,2005
1982,200501CW11216,525490.0,182080.0,-0.19254,51.523648,1,3,2,1,26/07/2005,3,08:25,1,E09000033,5,0,Single carriageway,30,Giveway or uncontrolled,6,0,None within 50 metres,No physical crossing within 50 meters,Daylight: Street light present,Fine without high winds,Dry,None,None,1,Yes,E01004756,2005
1983,200501CW11217,529820.0,181050.0,-0.13054,51.513414,1,3,2,1,16/09/2005,6,10:30,1,E09000033,5,0,One way street,30,Giveway or uncontrolled,6,0,None within 50 metres,No physical crossing within 50 meters,Daylight: Street light present,Fine without high winds,Dry,None,None,1,Yes,E01004763,2005
1984,200501CW11219,528510.0,178350.0,-0.150391,51.489449,1,3,2,1,15/09/2005,5,09:05,1,E09000033,4,313,Single carriageway,30,Giveway or uncontrolled,6,0,None within 50 metres,Zebra crossing,Daylight: Street light present,Fine without high winds,Dry,None,None,1,Yes,E01004667,2005
1985,200501CW11220,527980.0,181760.0,-0.156784,51.520214,1,3,1,1,15/09/2005,5,12:10,1,E09000033,3,41,Single carriageway,30,Automatic traffic signal,5,0,None within 50 metres,Pedestrian phase at traffic signal junction,Daylight: Street light present,Raining without high winds,Wet/Damp,None,None,1,Yes,E01004712,2005
1986,200501CW11221,527990.0,180730.0,-0.157013,51.510955,1,3,1,1,12/09/2005,2,09:29,1,E09000033,5,0,Single carriageway,30,Automatic traffic signal,3,4202,None within 50 metres,No physical crossing within 50 meters,Daylight: Street light present,Fine without high winds,Dry,None,None,1,Yes,E01004689,2005
1987,200501CW11222,530070.0,180410.0,-0.127175,51.507605,1,3,2,1,12/09/2005,2,20:37,1,E09000033,3,4,Roundabout,30,Automatic traffic signal,3,4,None within 50 metres,Pedestrian phase at traffic signal junction,Darkness: Street lights present and lit,Fine without high winds,Dry,None,None,1,Yes,E01004736,2005
1988,200501CW11223,529820.0,180400.0,-0.130779,51.507573,1,3,1,1,11/09/2005,1,03:44,1,E09000033,3,4,One way street,30,None,-1,0,None within 50 metres,No physical crossing within 50 meters,Darkness: Street lights present and lit,Fine without high winds,Dry,None,None,1,Yes,E01004736,2005
1989,200501CW11224,528930.0,179310.0,-0.143994,51.497981,1,3,2,2,12/09/2005,2,06:20,1,E09000033,3,3217,One way street,30,Automatic traffic signal,3,3214,None within 50 metres,Pedestrian phase at traffic signal junction,Daylight: Street light present,Fine without high winds,Dry,None,None,1,Yes,E01004731,2005
1990,200501CW11225,526700.0,181700.0,-0.175244,51.519963,1,2,2,1,06/09/2005,3,10:29,1,E09000033,3,40,Dual carriageway,50,None,-1,0,None within 50 metres,No physical crossing within 50 meters,Daylight: Street light present,Fine without high winds,Dry,None,None,1,Yes,E01004702,2005
1991,200501CW11226,527050.0,183770.0,-0.169456,51.538488,1,3,2,1,11/09/2005,1,16:37,2,E09000007,4,525,Single carriageway,30,Giveway or uncontrolled,4,525,None within 50 metres,Zebra crossing,Daylight: Street light present,Fine without high winds,Dry,None,None,1,Yes,E01004647,2005
1992,200501CW11227,528560.0,178500.0,-0.149616,51.490785,1,3,1,1,10/09/2005,7,12:05,1,E09000033,3,3214,Single carriageway,30,Automatic traffic signal,4,313,None within 50 metres,Pedestrian phase at traffic signal junction,Daylight: Street light present,Fine without high winds,Dry,None,None,1,Yes,E01004750,2005
1993,200501CW11228,527520.0,181840.0,-0.163381,51.521037,1,2,1,1,17/09/2005,7,20:16,1,E09000033,3,501,Single carriageway,30,Giveway or uncontrolled,6,0,None within 50 metres,Zebra crossing,Darkness: Street lights present and lit,Fine without high winds,Dry,None,None,1,Yes,E01004661,2005
1994,200501CW11229,529790.0,181370.0,-0.130854,51.516297,1,3,1,1,17/09/2005,7,21:55,2,E09000007,3,40,Single carriageway,30,Automatic traffic signal,3,40,None within 50 metres,Pedestrian phase at traffic signal junction,Darkness: Street lights present and lit,Fine without high winds,Dry,None,None,1,Yes,E01004763,2005
1995,200501CW11230,528710.0,182740.0,-0.14591,51.528856,1,3,2,1,21/08/2005,1,16:40,2,E09000007,6,0,Single carriageway,30,Giveway or uncontrolled,6,0,None within 50 metres,No physical crossing within 50 meters,Daylight: Street light present,Fine without high winds,Dry,None,None,1,Yes,E01000946,2005
1996,200501CW11232,530220.0,178970.0,-0.125546,51.49463,1,3,2,1,14/09/2005,4,06:22,1,E09000033,4,323,Roundabout,30,Giveway or uncontrolled,3,3212,None within 50 metres,Zebra crossing,Daylight: Street light present,Other,Dry,None,None,1,Yes,E01004745,2005
1997,200501CW11233,525530.0,181770.0,-0.192074,51.520854,1,3,1,1,29/08/2005,2,19:46,1,E09000033,3,404,Single carriageway,30,None,-1,0,None within 50 metres,No physical crossing within 50 meters,Daylight: Street light present,Fine without high winds,Dry,None,None,1,Yes,E01004758,2005
1998,200501CW11236,528910.0,179320.0,-0.144278,51.498075,1,3,2,1,19/08/2005,6,10:05,1,E09000033,3,3217,Single carriageway,30,Automatic traffic signal,3,3214,None within 50 metres,Pedestrian phase at traffic signal junction,Daylight: Street light present,Raining without high winds,Wet/Damp,None,None,1,Yes,E01004731,2005
1999,200501CW11237,527380.0,181800.0,-0.165413,51.520709,1,3,1,1,05/09/2005,2,19:05,1,E09000033,3,501,Single carriageway,30,Automatic traffic signal,3,501,None within 50 metres,No physical crossing within 50 meters,Daylight: Street light present,Fine without high winds,Dry,None,None,1,Yes,E01004673,2005
2000,200501CW11238,528270.0,182070.0,-0.152493,51.522935,1,3,1,1,21/08/2005,1,17:00,1,E09000033,3,501,Dual carriageway,30,Automatic traffic signal,6,0,None within 50 metres,Pedestrian phase at traffic signal junction,Daylight: Street light present,Fine without high winds,Dry,None,None,1,Yes,E01004717,2005
2001,200501CW11239,528270.0,180280.0,-0.153144,51.506848,1,3,1,2,08/09/2005,5,12:30,1,E09000033,3,4202,Single carriageway,30,None,-1,0,None within 50 metres,No physical crossing within 50 meters,Daylight: Street light present,Fine without high winds,Dry,None,None,1,Yes,E01004689,2005
2002,200501CW11240,528440.0,180740.0,-0.150529,51.510943,1,3,2,1,31/08/2005,4,01:25,1,E09000033,5,0,One way street,30,None,-1,0,None within 50 metres,Zebra crossing,Darkness: Street lights present and lit,Fine without high winds,Dry,None,None,1,Yes,E01004761,2005
2003,200501CW11242,527980.0,181010.0,-0.157056,51.513474,1,3,2,1,08/09/2005,5,16:30,1,E09000033,3,40,Single carriageway,30,None,-1,0,None within 50 metres,No physical crossing within 50 meters,Daylight: Street light present,Fine without high winds,Dry,None,None,1,Yes,E01004762,2005
2004,200501CW11243,530210.0,181110.0,-0.1249,51.513864,1,3,1,1,26/07/2005,3,07:20,1,E09000033,6,0,One way street,30,Giveway or uncontrolled,6,0,None within 50 metres,No physical crossing within 50 meters,Daylight: Street light present,Fine without high winds,Dry,None,None,1,Yes,E01000919,2005
2005,200501CW11245,527910.0,181960.0,-0.15772,51.522028,1,3,2,1,14/06/2005,3,08:30,1,E09000033,3,501,Dual carriageway,30,Automatic traffic signal,3,41,None within 50 metres,Pedestrian phase at traffic signal junction,Daylight: Street light present,Fine without high winds,Dry,None,None,1,No,E01004660,2005
2006,200501CW11249,529970.0,180820.0,-0.128464,51.511313,1,3,1,1,19/09/2005,2,00:40,1,E09000033,3,400,Single carriageway,30,Automatic traffic signal,3,4201,None within 50 metres,Pedestrian phase at traffic signal junction,Darkness: Street lights present and lit,Fine without high winds,Dry,None,None,1,Yes,E01004734,2005
2007,200501CW11250,529250.0,180460.0,-0.138965,51.508242,1,3,1,1,26/09/2005,2,14:20,1,E09000033,3,4,Single carriageway,30,Giveway or uncontrolled,6,0,None within 50 metres,No physical crossing within 50 meters,Daylight: Street light present,Fine without high winds,Dry,None,None,1,Yes,E01004736,2005
2008,200501CW11251,530000.0,180650.0,-0.128094,51.509778,1,3,1,1,25/09/2005,1,21:50,1,E09000033,3,400,Single carriageway,30,Giveway or uncontrolled,5,0,None within 50 metres,non-junction pedestrian crossing,Darkness: Street lights present and lit,Fine without high winds,Dry,None,None,1,Yes,E01004734,2005
2009,200501CW11253,529120.0,180980.0,-0.140647,51.512945,1,3,1,1,18/09/2005,1,01:37,1,E09000033,3,4201,Single carriageway,30,Automatic traffic signal,4,406,None within 50 metres,Pedestrian phase at traffic signal junction,Darkness: Street lights present and lit,Fine without high winds,Dry,None,None,1,Yes,E01004764,2005
2010,200501CW11254,530000.0,180640.0,-0.128098,51.509688,1,3,2,1,15/09/2005,5,13:09,1,E09000033,3,400,Single carriageway,30,Giveway or uncontrolled,5,0,None within 50 metres,Zebra crossing,Daylight: Street light present,Fine without high winds,Dry,None,None,1,Yes,E01004736,2005
2011,200501CW11255,530640.0,180660.0,-0.118874,51.50972,1,3,1,1,22/09/2005,5,17:23,1,E09000033,6,0,Single carriageway,30,Automatic traffic signal,6,0,None within 50 metres,Pedestrian phase at traffic signal junction,Daylight: Street light present,Fine without high winds,Dry,None,None,1,Yes,E01004735,2005
2012,200501CW11256,530150.0,179780.0,-0.126255,51.501925,1,3,2,1,22/09/2005,5,08:35,1,E09000033,3,3212,Single carriageway,30,Giveway or uncontrolled,6,0,None within 50 metres,No physical crossing within 50 meters,Daylight: Street light present,Fine without high winds,Dry,None,None,1,Yes,E01004733,2005
2013,200501CW11257,528500.0,178770.0,-0.150382,51.493225,1,3,2,1,22/09/2005,5,20:02,1,E09000033,5,0,Single carriageway,30,Automatic traffic signal,6,0,None within 50 metres,Pedestrian phase at traffic signal junction,Darkness: Street lights present and lit,Fine without high winds,Dry,None,None,1,Yes,E01004687,2005
2014,200501CW11258,529690.0,181360.0,-0.132298,51.51623,1,3,1,1,23/09/2005,6,14:35,1,E09000033,3,40,Single carriageway,30,None,-1,0,None within 50 metres,No physical crossing within 50 meters,Daylight: Street light present,Raining without high winds,Wet/Damp,None,None,1,Yes,E01004763,2005
2015,200501CW11260,529470.0,181240.0,-0.135511,51.515202,1,3,2,1,17/09/2005,7,01:55,1,E09000033,5,0,One way street,30,Giveway or uncontrolled,5,0,None within 50 metres,No physical crossing within 50 meters,Darkness: Street lights present and lit,Fine without high winds,Dry,None,None,1,Yes,E01004763,2005
2016,200501CW11261,527510.0,182450.0,-0.163305,51.526522,1,3,2,1,20/09/2005,3,01:02,1,E09000033,3,41,Single carriageway,30,Giveway or uncontrolled,6,0,None within 50 metres,Zebra crossing,Darkness: Street lights present and lit,Fine without high winds,Dry,None,None,1,Yes,E01004727,2005
2017,200501CW11264,528050.0,180610.0,-0.156193,51.509863,1,3,2,1,23/09/2005,6,07:35,1,E09000033,3,4202,Single carriageway,30,Automatic traffic signal,5,0,None within 50 metres,Pedestrian phase at traffic signal junction,Daylight: Street light present,Fine without high winds,Dry,None,None,1,Yes,E01004689,2005
2018,200501CW11265,527240.0,179730.0,-0.168176,51.502138,1,3,2,3,20/09/2005,3,20:09,1,E09000033,6,0,Single carriageway,30,None,-1,0,None within 50 metres,No physical crossing within 50 meters,Daylight: Street light present,Fine without high winds,Dry,None,None,1,Yes,E01004689,2005
2019,200501CW11266,526500.0,181700.0,-0.178125,51.520008,1,3,2,1,09/09/2005,6,08:09,1,E09000033,3,40,Dual carriageway,50,None,-1,0,None within 50 metres,No physical crossing within 50 meters,Daylight: Street light present,Fine without high winds,Dry,None,None,1,Yes,E01004685,2005
2020,200501CW11267,525310.0,182320.0,-0.195048,51.525845,1,3,1,1,20/07/2005,4,14:40,1,E09000033,5,0,Single carriageway,30,Giveway or uncontrolled,6,0,None within 50 metres,No physical crossing within 50 meters,Daylight: Street light present,Fine without high winds,Dry,None,None,1,Yes,E01004676,2005
2021,200501CW11268,529660.0,180630.0,-0.132998,51.509676,1,3,2,1,30/08/2005,3,23:26,1,E09000033,3,4,One way street,30,Automatic traffic signal,5,0,None within 50 metres,Pedestrian phase at traffic signal junction,Darkness: Street lights present and lit,Fine with high winds,Dry,None,None,1,Yes,E01004736,2005
2022,200501CW11270,530380.0,180600.0,-0.12264,51.509241,1,3,1,1,22/09/2005,5,13:23,1,E09000033,6,0,Single carriageway,30,None,-1,0,None within 50 metres,No physical crossing within 50 meters,Daylight: Street light present,Fine without high winds,Dry,None,None,1,Yes,E01004734,2005
2023,200501CW11271,530160.0,179640.0,-0.126163,51.500665,1,3,1,1,29/09/2005,5,17:07,1,E09000033,3,3212,Single carriageway,30,Automatic traffic signal,3,3212,None within 50 metres,Pedestrian phase at traffic signal junction,Daylight: Street light present,Fine without high winds,Dry,None,None,1,Yes,E01004733,2005
2024,200501CW11272,530720.0,181060.0,-0.117573,51.513297,1,3,2,1,13/09/2005,3,13:00,1,E09000033,3,4200,Dual carriageway,30,Automatic traffic signal,3,4,None within 50 metres,Pedestrian phase at traffic signal junction,Daylight: Street light present,Fine without high winds,Dry,None,None,1,Yes,E01004735,2005
2025,200501CW11273,530090.0,179580.0,-0.127193,51.500141,1,3,2,1,29/09/2005,5,17:42,1,E09000033,3,302,Roundabout,30,Giveway or uncontrolled,3,302,None within 50 metres,No physical crossing within 50 meters,Daylight: Street light present,Fine without high winds,Dry,None,None,1,Yes,E01004733,2005
2026,200501CW11276,530340.0,180310.0,-0.123323,51.506644,1,3,2,1,27/09/2005,3,19:41,1,E09000033,4,308,Single carriageway,30,Automatic traffic signal,4,308,None within 50 metres,Pedestrian phase at traffic signal junction,Darkness: Street lights present and lit,Fine without high winds,Dry,None,None,1,Yes,E01004736,2005
2027,200501CW11278,526730.0,183290.0,-0.174241,51.534246,1,3,1,1,28/08/2005,1,12:20,1,E09000033,5,0,Single carriageway,30,Automatic traffic signal,3,41,None within 50 metres,Pedestrian phase at traffic signal junction,Daylight: Street light present,Fine without high winds,Dry,None,None,1,Yes,E01004647,2005
2028,200501CW11279,528860.0,181190.0,-0.144315,51.514892,1,3,1,1,26/09/2005,2,18:25,1,E09000033,3,40,Single carriageway,30,Automatic traffic signal,3,40,None within 50 metres,Pedestrian phase at traffic signal junction,Darkness: Street lights present and lit,Fine without high winds,Dry,None,None,1,Yes,E01004764,2005
2029,200501CW11280,529610.0,181210.0,-0.133505,51.5149,1,3,1,1,28/09/2005,4,15:40,1,E09000033,5,0,One way street,30,Giveway or uncontrolled,6,0,None within 50 metres,No physical crossing within 50 meters,Daylight: Street light present,Fine without high winds,Dry,None,None,1,Yes,E01004763,2005
2030,200501CW11281,526190.0,181390.0,-0.182702,51.517292,1,3,1,1,27/09/2005,3,14:40,1,E09000033,3,4206,Single carriageway,30,None,-1,0,None within 50 metres,No physical crossing within 50 meters,Daylight: Street light present,Fine without high winds,Dry,None,None,1,Yes,E01004656,2005
2031,200501CW11282,527010.0,181740.0,-0.170764,51.520253,1,3,1,1,16/09/2005,6,09:50,1,E09000033,6,0,Single carriageway,30,Giveway or uncontrolled,3,5,None within 50 metres,No physical crossing within 50 meters,Daylight: Street light present,Fine without high winds,Dry,None,None,1,Yes,E01004702,2005
2032,200501CW11284,526740.0,182030.0,-0.17455,51.52292,1,3,2,1,26/09/2005,2,15:25,1,E09000033,3,5,Single carriageway,30,Giveway or uncontrolled,6,0,None within 50 metres,No physical crossing within 50 meters,Daylight: Street light present,Fine without high winds,Dry,None,None,1,No,E01004702,2005
2033,200501CW11285,530220.0,179660.0,-0.125291,51.50083,1,3,1,1,13/09/2005,3,13:04,1,E09000033,3,302,Single carriageway,30,None,-1,0,None within 50 metres,No physical crossing within 50 meters,Daylight: Street light present,Fine without high winds,Dry,None,None,1,Yes,E01004733,2005
2034,200501CW11288,529820.0,181370.0,-0.130422,51.51629,1,3,2,1,30/09/2005,6,07:25,2,E09000007,3,40,One way street,30,Automatic traffic signal,3,40,None within 50 metres,Pedestrian phase at traffic signal junction,Daylight: Street light present,Fine without high winds,Dry,None,None,1,Yes,E01004763,2005
2035,200501CW11289,527560.0,181860.0,-0.162798,51.521208,1,3,1,2,09/09/2005,6,15:15,1,E09000033,3,501,Dual carriageway,30,None,-1,0,None within 50 metres,non-junction pedestrian crossing,Daylight: Street light present,Raining without high winds,Wet/Damp,None,None,1,Yes,E01004661,2005
2036,200501CW11290,526940.0,182390.0,-0.171539,51.526111,1,3,2,1,20/09/2005,3,23:10,1,E09000033,4,507,Single carriageway,30,Giveway or uncontrolled,6,0,None within 50 metres,No physical crossing within 50 meters,Darkness: Street lights present and lit,Fine without high winds,Dry,None,None,1,Yes,E01004672,2005
2037,200501CW11292,529280.0,179580.0,-0.138856,51.500327,1,3,1,1,27/09/2005,3,09:40,1,E09000033,5,0,Single carriageway,30,Automatic traffic signal,5,0,None within 50 metres,No physical crossing within 50 meters,Daylight: Street light present,Raining without high winds,Wet/Damp,None,None,1,Yes,E01004736,2005
2038,200501CW11293,529830.0,180200.0,-0.130708,51.505773,1,3,2,1,03/10/2005,2,21:56,1,E09000033,5,0,Single carriageway,30,Giveway or uncontrolled,6,0,None within 50 metres,No physical crossing within 50 meters,Darkness: Street lights present and lit,Fine without high winds,Dry,None,None,1,Yes,E01004736,2005
2039,200501CW11298,529570.0,181060.0,-0.134137,51.513561,1,3,1,1,26/09/2005,2,23:19,1,E09000033,5,0,Single carriageway,30,None,-1,0,None within 50 metres,No physical crossing within 50 meters,Darkness: Street lights present and lit,Fine without high winds,Dry,None,None,1,Yes,E01004764,2005
2040,200501CW11300,527340.0,183240.0,-0.165469,51.53366,1,3,2,1,06/10/2005,5,08:15,1,E09000033,3,5205,Single carriageway,30,Giveway or uncontrolled,6,0,None within 50 metres,No physical crossing within 50 meters,Daylight: Street light present,Fine without high winds,Dry,None,None,1,Yes,E01004730,2005
2041,200501CW11302,529480.0,184570.0,-0.134144,51.545126,1,3,2,1,05/10/2005,4,19:50,2,E09000007,3,503,Single carriageway,30,None,-1,0,None within 50 metres,No physical crossing within 50 meters,Darkness: Street lights present but unlit,Fine without high winds,Dry,None,None,1,Yes,E01000865,2005
2042,200501CW11304,526560.0,182210.0,-0.177078,51.524578,1,3,2,1,24/09/2005,7,22:30,1,E09000033,3,5,Dual carriageway,30,Automatic traffic signal,5,0,None within 50 metres,Pedestrian phase at traffic signal junction,Darkness: Street lights present and lit,Fine without high winds,Dry,None,None,1,Yes,E01004703,2005
2043,200501CW11306,528140.0,180780.0,-0.154835,51.511371,1,3,2,1,24/09/2005,7,10:25,1,E09000033,5,0,Single carriageway,30,Automatic traffic signal,5,0,None within 50 metres,No physical crossing within 50 meters,Daylight: Street light present,Fine without high winds,Dry,None,None,1,Yes,E01004762,2005
2044,200501CW11307,529690.0,180850.0,-0.132485,51.511647,1,3,2,3,26/09/2005,2,02:13,1,E09000033,3,401,Single carriageway,30,Automatic traffic signal,5,0,None within 50 metres,Pedestrian phase at traffic signal junction,Darkness: Street lights present and lit,Fine without high winds,Dry,None,None,1,Yes,E01004734,2005
2045,200501CW11308,528150.0,180510.0,-0.154789,51.508942,1,3,2,1,22/09/2005,5,12:30,1,E09000033,3,4202,Dual carriageway,30,Giveway or uncontrolled,6,0,None within 50 metres,No physical crossing within 50 meters,Daylight: Street light present,Fine without high winds,Dry,None,None,1,Yes,E01004762,2005
2046,200501CW11309,526170.0,183490.0,-0.182239,51.536169,1,3,1,1,21/09/2005,4,08:50,1,E09000033,4,507,Single carriageway,30,Automatic traffic signal,6,0,None within 50 metres,Pedestrian phase at traffic signal junction,Daylight: Street light present,Fine without high winds,Dry,None,None,1,Yes,E01004646,2005
2047,200501CW11310,529440.0,180570.0,-0.136189,51.509188,1,3,2,1,16/09/2005,6,17:08,1,E09000033,3,4,Single carriageway,30,None,-1,0,None within 50 metres,No physical crossing within 50 meters,Daylight: Street light present,Fine without high winds,Dry,None,None,1,Yes,E01004736,2005
2048,200501CW11311,525960.0,181280.0,-0.186054,51.516354,1,2,1,1,20/09/2005,3,08:16,1,E09000033,3,4206,Single carriageway,30,Giveway or uncontrolled,6,0,None within 50 metres,No physical crossing within 50 meters,Daylight: Street light present,Fine without high winds,Dry,None,None,1,Yes,E01004696,2005
2049,200501CW11312,527320.0,181290.0,-0.166461,51.516139,1,3,2,1,17/09/2005,7,21:00,1,E09000033,6,0,Single carriageway,30,Giveway or uncontrolled,6,0,None within 50 metres,No physical crossing within 50 meters,Darkness: Street lights present and lit,Fine without high winds,Dry,None,None,1,Yes,E01004686,2005
2050,200501CW11313,529000.0,180300.0,-0.142624,51.506862,1,2,1,2,16/09/2005,6,00:42,1,E09000033,3,4,Single carriageway,30,None,-1,0,None within 50 metres,No physical crossing within 50 meters,Darkness: Street lights present and lit,Raining without high winds,Wet/Damp,None,None,1,Yes,E01004761,2005
2051,200501CW11314,529560.0,180810.0,-0.134372,51.511317,1,3,2,1,09/09/2005,6,14:08,1,E09000033,6,0,Single carriageway,30,Giveway or uncontrolled,6,0,None within 50 metres,No physical crossing within 50 meters,Daylight: Street light present,Fine without high winds,Dry,None,None,1,Yes,E01004764,2005
2052,200501CW11315,528430.0,180110.0,-0.150902,51.505284,1,3,1,1,07/09/2005,4,15:30,1,E09000033,3,4202,Single carriageway,30,Giveway or uncontrolled,6,0,None within 50 metres,No physical crossing within 50 meters,Daylight: Street light present,Fine without high winds,Dry,None,None,1,Yes,E01004761,2005
2053,200501CW11317,528350.0,179740.0,-0.152189,51.501977,1,3,1,1,20/09/2005,3,16:09,1,E09000033,3,4,Single carriageway,30,Giveway or uncontrolled,4,310,None within 50 metres,No physical crossing within 50 meters,Daylight: Street light present,Fine without high winds,Dry,None,None,1,Yes,E01004691,2005
2054,200501CW11318,528360.0,179760.0,-0.152037,51.502154,1,3,2,1,16/09/2005,6,17:56,1,E09000033,3,4,Roundabout,30,Giveway or uncontrolled,4,310,None within 50 metres,No physical crossing within 50 meters,Daylight: Street light present,Fine without high winds,Dry,None,None,1,Yes,E01004691,2005
2055,200501CW11319,526760.0,182010.0,-0.174269,51.522736,1,3,2,1,28/09/2005,4,14:19,1,E09000033,3,5,Single carriageway,30,Giveway or uncontrolled,6,0,None within 50 metres,No physical crossing within 50 meters,Daylight: Street light present,Fine without high winds,Dry,None,None,1,Yes,E01004702,2005
2056,200501CW11320,527480.0,180910.0,-0.164294,51.512688,1,3,2,1,22/09/2005,5,23:55,1,E09000033,3,402,Dual carriageway,30,None,-1,0,None within 50 metres,No physical crossing within 50 meters,Darkness: Street lights present and lit,Fine without high winds,Dry,None,None,1,Yes,E01004689,2005
2057,200501CW11321,530800.0,180730.0,-0.116543,51.510312,1,3,2,1,08/09/2005,5,23:37,1,E09000033,3,3211,Single carriageway,30,None,-1,0,None within 50 metres,No physical crossing within 50 meters,Darkness: Street lights present and lit,Fine without high winds,Dry,None,None,1,Yes,E01004735,2005
2058,200501CW11323,525480.0,181830.0,-0.192773,51.521404,1,2,1,1,29/07/2005,6,22:28,1,E09000033,3,404,Single carriageway,30,Giveway or uncontrolled,6,0,None within 50 metres,non-junction pedestrian crossing,Darkness: Street lights present and lit,Fine without high winds,Dry,None,None,1,Yes,E01004758,2005
2059,200501CW11324,525300.0,182010.0,-0.195302,51.523062,1,3,2,1,24/07/2005,1,15:30,1,E09000033,3,404,Single carriageway,30,Giveway or uncontrolled,6,0,None within 50 metres,No physical crossing within 50 meters,Daylight: Street light present,Fine without high winds,Wet/Damp,None,None,1,Yes,E01004676,2005
2060,200501CW11326,526860.0,181140.0,-0.173141,51.514895,1,2,2,1,02/08/2005,3,23:06,1,E09000033,3,4209,Single carriageway,30,None,-1,0,None within 50 metres,No physical crossing within 50 meters,Darkness: Street lights present and lit,Fine without high winds,Dry,None,None,1,Yes,E01004685,2005
2061,200501CW11327,526710.0,183310.0,-0.174522,51.53443,1,3,4,1,01/08/2005,2,15:15,1,E09000033,3,41,Single carriageway,30,Automatic traffic signal,5,0,None within 50 metres,Pedestrian phase at traffic signal junction,Daylight: Street light present,Fine without high winds,Dry,None,None,1,Yes,E01004649,2005
2062,200501CW11328,530460.0,180400.0,-0.121562,51.507425,1,3,3,1,17/04/2005,1,19:30,1,E09000033,3,3211,Dual carriageway,40,None,-1,0,None within 50 metres,No physical crossing within 50 meters,Darkness: Street lights present and lit,Raining without high winds,Wet/Damp,None,None,1,Yes,E01004733,2005
2063,200501CW11329,530050.0,178230.0,-0.128266,51.488018,1,3,2,1,05/08/2005,6,21:05,1,E09000033,3,202,Single carriageway,30,None,-1,0,None within 50 metres,No physical crossing within 50 meters,Darkness: Street lights present and lit,Fine without high winds,Dry,None,None,1,Yes,,2005
2064,200501CW11330,530200.0,179220.0,-0.125741,51.496881,1,3,2,1,04/08/2005,5,13:10,1,E09000033,3,3212,Single carriageway,30,Giveway or uncontrolled,6,0,None within 50 metres,No physical crossing within 50 meters,Daylight: Street light present,Fine without high winds,Dry,None,None,1,Yes,E01004733,2005
2065,200501CW11331,527060.0,181680.0,-0.170066,51.519703,1,3,2,1,08/08/2005,2,18:50,1,E09000033,3,5,Single carriageway,30,Automatic traffic signal,3,404,None within 50 metres,Pedestrian phase at traffic signal junction,Daylight: Street light present,Fine without high winds,Dry,None,None,1,Yes,E01004685,2005
2066,200501CW11332,530150.0,178500.0,-0.126727,51.490422,1,3,2,1,03/08/2005,4,15:25,1,E09000033,3,3212,Dual carriageway,30,None,-1,0,None within 50 metres,Central refuge,Daylight: Street light present,Fine without high winds,Dry,None,None,1,Yes,E01004745,2005
2067,200501CW11333,526960.0,178640.0,-0.1726,51.492405,1,3,2,1,27/09/2005,3,10:40,12,E09000020,4,304,Single carriageway,30,Giveway or uncontrolled,6,0,None within 50 metres,No physical crossing within 50 meters,Daylight: Street light present,Fine without high winds,Dry,None,None,1,Yes,E01002822,2005
2068,200501CW11337,529430.0,181310.0,-0.136061,51.51584,1,3,1,1,06/08/2005,7,12:30,1,E09000033,3,40,Single carriageway,30,Automatic traffic signal,5,0,None within 50 metres,Pedestrian phase at traffic signal junction,Daylight: Street light present,Fine without high winds,Dry,None,None,1,Yes,E01004763,2005
2069,200501CW11338,527980.0,180730.0,-0.157158,51.510958,1,3,2,1,12/09/2005,2,19:30,1,E09000033,3,4202,Single carriageway,30,Automatic traffic signal,5,0,None within 50 metres,Pedestrian phase at traffic signal junction,Daylight: Street light present,Fine without high winds,Dry,None,None,1,Yes,E01004689,2005
2070,200501CW11339,524790.0,182890.0,-0.202338,51.531083,1,2,2,1,30/09/2005,6,08:06,1,E09000033,5,0,Single carriageway,30,Giveway or uncontrolled,6,0,None within 50 metres,No physical crossing within 50 meters,Daylight: Street light present,Fine without high winds,Dry,None,None,1,Yes,E01004723,2005
2071,200501CW11340,528770.0,179210.0,-0.146334,51.497118,1,3,2,1,29/09/2005,5,09:00,1,E09000033,3,302,One way street,30,Automatic traffic signal,3,302,None within 50 metres,Pedestrian phase at traffic signal junction,Daylight: Street light present,Raining without high winds,Wet/Damp,None,None,1,Yes,E01004690,2005
2072,200501CW11341,530220.0,179110.0,-0.125494,51.495888,1,3,1,1,29/09/2005,5,09:25,1,E09000033,3,3212,Single carriageway,30,Giveway or uncontrolled,6,0,None within 50 metres,Zebra crossing,Daylight: Street light present,Fine without high winds,Dry,None,None,1,Yes,E01004733,2005
2073,200501CW11343,527730.0,179680.0,-0.161138,51.501578,1,3,1,1,02/10/2005,1,02:18,1,E09000033,3,4,Single carriageway,30,Giveway or uncontrolled,3,315,None within 50 metres,No physical crossing within 50 meters,Darkness: Street lights present and lit,Fine without high winds,Dry,None,None,1,Yes,E01004689,2005
2074,200501CW11344,528010.0,181180.0,-0.156562,51.514995,1,3,2,1,01/10/2005,7,12:15,1,E09000033,3,5204,Single carriageway,30,Automatic traffic signal,3,41,None within 50 metres,Pedestrian phase at traffic signal junction,Daylight: Street light present,Fine without high winds,Dry,None,None,1,Yes,E01004714,2005
2075,200501CW11345,528000.0,180670.0,-0.156891,51.510414,1,3,2,1,05/10/2005,4,12:12,1,E09000033,3,4202,Single carriageway,30,Giveway or uncontrolled,6,0,None within 50 metres,No physical crossing within 50 meters,Daylight: Street light present,Fine without high winds,Dry,None,None,1,Yes,E01004689,2005
2076,200501CW11346,529480.0,180730.0,-0.135554,51.510616,1,3,2,1,12/10/2005,4,19:08,1,E09000033,6,0,One way street,30,Giveway or uncontrolled,6,0,None within 50 metres,No physical crossing within 50 meters,Darkness: Street lights present and lit,Raining without high winds,Wet/Damp,None,None,1,Yes,E01004764,2005
2077,200501CW11347,527150.0,183700.0,-0.168041,51.537836,1,3,2,2,12/08/2005,6,08:32,2,E09000007,4,525,Single carriageway,30,Giveway or uncontrolled,5,0,None within 50 metres,Zebra crossing,Daylight: Street light present,Fine without high winds,Dry,None,None,1,Yes,E01000967,2005
2078,200501CW11348,529820.0,180200.0,-0.130852,51.505775,1,3,1,1,10/08/2005,4,09:30,1,E09000033,5,0,Dual carriageway,30,Giveway or uncontrolled,6,0,None within 50 metres,non-junction pedestrian crossing,Daylight: Street light present,Fine without high winds,Dry,None,None,1,Yes,E01004736,2005
2079,200501CW11349,529590.0,181270.0,-0.133771,51.515444,1,3,1,1,07/10/2005,6,16:52,1,E09000033,5,0,One way street,30,Giveway or uncontrolled,6,0,None within 50 metres,No physical crossing within 50 meters,Daylight: Street light present,Unknown,Dry,None,None,1,Yes,E01004763,2005
2080,200501CW11351,528860.0,179120.0,-0.145071,51.496289,1,3,1,1,12/10/2005,4,10:00,1,E09000033,3,3214,Single carriageway,30,None,-1,0,None within 50 metres,No physical crossing within 50 meters,Daylight: Street light present,Fine without high winds,Dry,None,None,1,Yes,E01004750,2005
2081,200501CW11352,526790.0,181990.0,-0.173844,51.52255,1,3,2,1,24/09/2005,7,19:30,1,E09000033,3,5,Single carriageway,30,Giveway or uncontrolled,6,0,None within 50 metres,No physical crossing within 50 meters,Daylight: Street light present,Fine without high winds,Dry,None,None,1,Yes,E01004673,2005
2082,200501CW11353,526560.0,182220.0,-0.177075,51.524668,1,3,2,1,30/09/2005,6,17:00,1,E09000033,3,5,Single carriageway,30,Automatic traffic signal,5,0,None within 50 metres,No physical crossing within 50 meters,Daylight: Street light present,Raining without high winds,Wet/Damp,None,None,1,Yes,E01004703,2005
2083,200501CW11354,522700.0,178380.0,-0.234022,51.491008,1,3,2,1,01/10/2005,7,20:40,11,E09000013,3,4,Dual carriageway,40,None,-1,0,None within 50 metres,No physical crossing within 50 meters,Darkness: Street lights present and lit,Fine without high winds,Dry,None,None,1,Yes,E01001894,2005
2084,200501CW11355,528070.0,181030.0,-0.155752,51.513633,1,3,1,1,04/10/2005,3,10:31,1,E09000033,3,40,Single carriageway,30,None,-1,0,None within 50 metres,Pedestrian phase at traffic signal junction,Daylight: Street light present,Fine without high winds,Dry,None,None,1,Yes,E01004762,2005
2085,200501CW11356,527730.0,181340.0,-0.160537,51.516496,1,3,2,2,06/10/2005,5,19:27,1,E09000033,5,0,Single carriageway,30,Giveway or uncontrolled,6,0,None within 50 metres,No physical crossing within 50 meters,Darkness: Street lights present and lit,Fine without high winds,Dry,None,None,1,Yes,E01004657,2005
2086,200501CW11357,528520.0,181110.0,-0.149242,51.51425,1,3,1,2,11/08/2005,5,15:58,1,E09000033,3,40,Single carriageway,30,Giveway or uncontrolled,5,0,None within 50 metres,Pedestrian phase at traffic signal junction,Daylight: Street light present,Fine without high winds,Dry,None,None,1,Yes,E01004764,2005
2087,200501CW11358,526480.0,182320.0,-0.178191,51.525585,1,3,2,1,03/09/2005,7,13:57,1,E09000033,3,5,Single carriageway,30,Automatic traffic signal,3,5205,None within 50 metres,Pedestrian phase at traffic signal junction,Daylight: Street light present,Fine without high winds,Dry,None,None,1,Yes,E01004705,2005
2088,200501CW11360,528350.0,181960.0,-0.151381,51.521928,1,3,2,1,12/10/2005,4,11:55,1,E09000033,5,0,Single carriageway,30,Giveway or uncontrolled,6,0,None within 50 metres,No physical crossing within 50 meters,Daylight: Street light present,Fine without high winds,Dry,None,None,1,Yes,E01004716,2005
2089,200501CW11364,525920.0,181620.0,-0.186509,51.519419,1,3,2,1,16/08/2005,3,19:39,1,E09000033,3,40,One way street,30,None,-1,0,None within 50 metres,No physical crossing within 50 meters,Daylight: Street light present,Fine without high winds,Dry,None,None,1,Yes,E01004656,2005
2090,200501CW11365,530950.0,181020.0,-0.114275,51.512884,1,2,2,1,17/08/2005,4,19:35,1,E09000033,3,4,Single carriageway,30,None,-1,0,None within 50 metres,Zebra crossing,Daylight: Street light present,Fine without high winds,Dry,None,None,1,Yes,E01004735,2005
2091,200501CW11366,528010.0,181670.0,-0.156384,51.519399,1,3,2,1,26/08/2005,6,16:40,1,E09000033,6,0,Single carriageway,30,Automatic traffic signal,3,41,None within 50 metres,Pedestrian phase at traffic signal junction,Daylight: Street light present,Other,Wet/Damp,None,None,1,Yes,E01004712,2005
2092,200501CW11368,527050.0,181320.0,-0.170339,51.51647,1,3,2,1,16/08/2005,3,11:46,1,E09000033,3,4209,Dual carriageway,30,Giveway or uncontrolled,6,0,None within 50 metres,Central refuge,Daylight: Street light present,Fine without high winds,Dry,None,None,1,Yes,E01004684,2005
2093,200501CW11369,529800.0,180940.0,-0.130868,51.51243,1,3,2,1,28/08/2005,1,17:53,1,E09000033,6,0,One way street,30,Giveway or uncontrolled,3,401,None within 50 metres,No physical crossing within 50 meters,Daylight: Street light present,Fine without high winds,Dry,None,None,1,Yes,E01004763,2005
2094,200501CW11371,530000.0,180640.0,-0.128098,51.509688,1,3,2,1,08/09/2005,5,11:10,1,E09000033,3,400,Single carriageway,30,Giveway or uncontrolled,5,0,None within 50 metres,Zebra crossing,Daylight: Street light present,Fine without high winds,Dry,None,None,1,Yes,E01004736,2005
2095,200501CW11372,529070.0,178150.0,-0.142402,51.487524,1,3,1,1,13/09/2005,3,09:10,1,E09000033,5,0,Single carriageway,30,Giveway or uncontrolled,6,0,None within 50 metres,No physical crossing within 50 meters,Daylight: Street light present,Fine without high winds,Dry,None,None,1,Yes,E01004665,2005
2096,200501CW11374,529450.0,181320.0,-0.13577,51.515925,1,2,1,1,30/07/2005,7,16:20,1,E09000033,3,40,Single carriageway,30,Automatic traffic signal,5,0,None within 50 metres,Pedestrian phase at traffic signal junction,Daylight: Street light present,Fine without high winds,Dry,None,None,1,Yes,E01004763,2005
2097,200501CW11376,529910.0,179480.0,-0.129821,51.499284,1,3,1,1,03/09/2005,7,13:00,1,E09000033,3,302,Single carriageway,30,Automatic traffic signal,4,326,None within 50 metres,Pedestrian phase at traffic signal junction,Daylight: Street light present,Fine without high winds,Dry,None,None,1,Yes,E01004732,2005
2098,200501CW11379,528850.0,180890.0,-0.144569,51.512198,1,3,2,1,11/08/2005,5,17:50,1,E09000033,5,0,One way street,30,Automatic traffic signal,4,406,None within 50 metres,Pedestrian phase at traffic signal junction,Daylight: Street light present,Fine without high winds,Dry,Auto traffic singal out,None,1,Yes,E01004761,2005
2099,200501CW11380,527040.0,181330.0,-0.17048,51.516562,1,3,2,1,05/10/2005,4,07:40,1,E09000033,3,4209,Single carriageway,20,Giveway or uncontrolled,6,0,None within 50 metres,No physical crossing within 50 meters,Daylight: Street light present,Fine without high winds,Dry,None,None,1,Yes,E01004684,2005
2100,200501CW11381,527970.0,181280.0,-0.157102,51.515903,1,3,2,1,18/08/2005,5,15:15,1,E09000033,3,41,One way street,30,Automatic traffic signal,5,0,None within 50 metres,Pedestrian phase at traffic signal junction,Daylight: Street light present,Fine without high winds,Dry,None,None,1,Yes,E01004657,2005
2101,200501CW11382,528050.0,181790.0,-0.155765,51.520468,1,3,2,1,29/09/2005,5,17:20,1,E09000033,6,0,Single carriageway,30,Giveway or uncontrolled,4,524,None within 50 metres,No physical crossing within 50 meters,Daylight: Street light present,Fine without high winds,Dry,None,None,1,Yes,E01004712,2005
2102,200501CW11384,527120.0,181630.0,-0.169219,51.51924,1,3,2,1,29/09/2005,5,15:41,1,E09000033,3,5,Single carriageway,30,Automatic traffic signal,3,4205,None within 50 metres,Pedestrian phase at traffic signal junction,Daylight: Street light present,Fine without high winds,Dry,None,None,1,Yes,E01004685,2005
2103,200501CW11385,530060.0,180920.0,-0.127131,51.512191,1,3,1,3,24/08/2005,4,01:19,1,E09000033,4,404,One way street,30,None,-1,0,None within 50 metres,No physical crossing within 50 meters,Darkness: Street lights present and lit,Fine without high winds,Dry,None,None,1,Yes,E01004734,2005
2104,200501CW11386,528540.0,179570.0,-0.149515,51.500406,1,3,2,1,22/08/2005,2,18:00,1,E09000033,3,302,Dual carriageway,30,None,-1,0,None within 50 metres,No physical crossing within 50 meters,Daylight: Street light present,Raining without high winds,Wet/Damp,None,None,1,Yes,E01004690,2005
2105,200501CW11387,527880.0,182070.0,-0.158112,51.523023,1,3,1,1,12/08/2005,6,15:15,1,E09000033,3,41,One way street,30,Giveway or uncontrolled,6,0,None within 50 metres,non-junction pedestrian crossing,Daylight: Street light present,Fine without high winds,Dry,None,None,1,Yes,E01004660,2005
2106,200501CW11388,525580.0,181720.0,-0.191371,51.520393,1,3,2,1,19/08/2005,6,08:51,1,E09000033,3,404,Dual carriageway,30,Automatic traffic signal,3,404,None within 50 metres,No physical crossing within 50 meters,Daylight: Street light present,Fine without high winds,Wet/Damp,None,None,1,Yes,E01004758,2005
2107,200501CW11389,527050.0,181320.0,-0.170339,51.51647,1,3,2,1,28/09/2005,4,12:17,1,E09000033,3,4209,Dual carriageway,30,Giveway or uncontrolled,6,0,None within 50 metres,No physical crossing within 50 meters,Daylight: Street light present,Fine without high winds,Dry,None,None,1,Yes,E01004684,2005
2108,200501CW11390,525460.0,179050.0,-0.194049,51.496424,1,3,3,2,14/10/2005,6,15:00,12,E09000020,6,0,Single carriageway,30,Giveway or uncontrolled,6,0,None within 50 metres,No physical crossing within 50 meters,Daylight: Street light present,Fine without high winds,Dry,None,None,1,Yes,E01002813,2005
2109,200501CW11391,530310.0,179680.0,-0.123988,51.500989,1,3,1,1,13/10/2005,5,08:40,1,E09000033,3,302,Single carriageway,30,Automatic traffic signal,3,3211,None within 50 metres,Pedestrian phase at traffic signal junction,Daylight: Street light present,Raining without high winds,Wet/Damp,None,None,1,Yes,E01004733,2005
2110,200501CW11392,529170.0,180430.0,-0.140129,51.507991,1,3,1,1,27/07/2005,4,10:40,1,E09000033,3,4,One way street,30,Automatic traffic signal,4,406,None within 50 metres,Pedestrian phase at traffic signal junction,Daylight: Street light present,Raining without high winds,Wet/Damp,None,None,1,Yes,E01004761,2005
2111,200501CW11394,528070.0,181030.0,-0.155752,51.513633,1,3,1,1,14/10/2005,6,18:30,1,E09000033,3,40,Single carriageway,30,Automatic traffic signal,3,41,None within 50 metres,Pedestrian phase at traffic signal junction,Darkness: Street lights present and lit,Fine without high winds,Dry,None,None,1,Yes,E01004762,2005
2112,200501CW11395,525410.0,181120.0,-0.194034,51.515039,1,3,2,1,14/10/2005,6,21:43,1,E09000033,3,4206,Single carriageway,30,Giveway or uncontrolled,6,0,None within 50 metres,non-junction pedestrian crossing,Darkness: Street lights present and lit,Fine without high winds,Dry,None,None,1,Yes,E01004654,2005
2113,200501CW11396,527160.0,180850.0,-0.168924,51.512221,1,2,1,2,01/10/2005,7,05:30,1,E09000033,3,402,Single carriageway,30,Giveway or uncontrolled,6,0,None within 50 metres,Zebra crossing,Darkness: Street lights present and lit,Fine without high winds,Wet/Damp,None,None,1,Yes,E01004689,2005
2114,200501CW11397,529970.0,178300.0,-0.129392,51.488666,1,3,3,1,14/10/2005,6,17:00,1,E09000033,3,3212,Dual carriageway,30,Automatic traffic signal,3,202,None within 50 metres,Pedestrian phase at traffic signal junction,Daylight: Street light present,Fine without high winds,Dry,None,None,1,Yes,E01004745,2005
2115,200501CW11399,526140.0,181370.0,-0.183429,51.517123,1,3,2,1,14/10/2005,6,11:30,1,E09000033,3,4206,Single carriageway,30,Automatic traffic signal,5,0,None within 50 metres,No physical crossing within 50 meters,Daylight: Street light present,Fine without high winds,Dry,None,None,1,Yes,E01004696,2005
2116,200501CW11400,525410.0,181420.0,-0.193927,51.517735,1,2,2,1,14/08/2005,1,20:16,1,E09000033,6,0,Single carriageway,30,Giveway or uncontrolled,6,0,None within 50 metres,No physical crossing within 50 meters,Daylight: Street light present,Fine without high winds,Dry,None,None,1,Yes,E01004655,2005
2117,200501CW11401,527530.0,183290.0,-0.162713,51.534066,1,3,2,1,02/10/2005,1,08:40,1,E09000033,6,0,Single carriageway,30,Giveway or uncontrolled,6,0,None within 50 metres,No physical crossing within 50 meters,Daylight: Street light present,Fine without high winds,Dry,None,None,1,Yes,E01004727,2005
2118,200501CW11402,527320.0,181920.0,-0.166234,51.521801,1,3,2,1,03/10/2005,2,09:47,1,E09000033,6,0,Single carriageway,30,Giveway or uncontrolled,6,0,None within 50 metres,No physical crossing within 50 meters,Daylight: Street light present,Fine without high winds,Dry,None,None,1,Yes,E01004673,2005
2119,200501CW11403,524530.0,185010.0,-0.205335,51.550193,1,3,2,1,17/10/2005,2,13:20,2,E09000007,5,0,Single carriageway,30,None,-1,0,None within 50 metres,No physical crossing within 50 meters,Daylight: Street light present,Fine without high winds,Dry,None,None,1,Yes,E01000875,2005
2120,200501CW11405,530250.0,180580.0,-0.12452,51.509091,1,3,1,1,18/10/2005,3,19:34,1,E09000033,3,4,Single carriageway,30,None,-1,0,None within 50 metres,non-junction pedestrian crossing,Darkness: Street lights present and lit,Raining without high winds,Wet/Damp,None,None,1,Yes,E01004734,2005
2121,200501CW11406,530050.0,180350.0,-0.127485,51.50707,1,2,1,1,18/10/2005,3,23:47,1,E09000033,3,4,Single carriageway,30,Automatic traffic signal,3,3212,None within 50 metres,Pedestrian phase at traffic signal junction,Darkness: Street lights present and lit,Raining without high winds,Wet/Damp,None,None,1,Yes,E01004736,2005
2122,200501CW11407,530310.0,181480.0,-0.123323,51.517166,1,3,1,1,30/08/2005,3,00:01,2,E09000007,3,40,One way street,30,Automatic traffic signal,3,40,None within 50 metres,Pedestrian phase at traffic signal junction,Darkness: Street lights present and lit,Fine without high winds,Dry,None,None,1,Yes,E01000918,2005
2123,200501CW11408,528050.0,181030.0,-0.15604,51.513638,1,3,1,1,18/10/2005,3,12:55,1,E09000033,3,40,Single carriageway,30,Automatic traffic signal,3,41,None within 50 metres,Pedestrian phase at traffic signal junction,Daylight: Street light present,Fine without high winds,Dry,None,None,1,Yes,E01004762,2005
2124,200501CW11409,528870.0,180710.0,-0.144347,51.510576,1,3,1,1,19/10/2005,4,22:49,1,E09000033,5,0,Single carriageway,30,None,-1,0,None within 50 metres,No physical crossing within 50 meters,Darkness: Street lights present and lit,Raining without high winds,Wet/Damp,None,None,1,Yes,E01004764,2005
2125,200501CW11411,530160.0,179650.0,-0.126159,51.500754,1,3,1,1,11/10/2005,3,07:58,1,E09000033,3,3212,Single carriageway,30,Automatic traffic signal,3,302,None within 50 metres,Pedestrian phase at traffic signal junction,Daylight: Street light present,Fine without high winds,Dry,None,None,1,Yes,E01004733,2005
2126,200501CW11412,529560.0,180660.0,-0.134428,51.509969,1,3,2,1,07/10/2005,6,11:55,1,E09000033,3,4201,One way street,30,Automatic traffic signal,3,401,None within 50 metres,Pedestrian phase at traffic signal junction,Daylight: Street light present,Fine without high winds,Dry,None,None,1,Yes,E01004736,2005
2127,200501CW11413,526660.0,180750.0,-0.176162,51.511435,1,2,1,1,07/10/2005,6,23:10,1,E09000033,3,402,Single carriageway,30,Automatic traffic signal,3,4209,None within 50 metres,Pedestrian phase at traffic signal junction,Darkness: Street lights present and lit,Fine without high winds,Dry,None,None,1,Yes,E01004689,2005
2128,200501CW11414,528710.0,180280.0,-0.146808,51.506748,1,3,1,1,12/10/2005,4,18:30,1,E09000033,5,0,Single carriageway,30,Giveway or uncontrolled,6,0,None within 50 metres,Zebra crossing,Darkness: Street lights present and lit,Raining without high winds,Wet/Damp,None,None,1,Yes,E01004761,2005
2129,200501CW11417,526770.0,182000.0,-0.174128,51.522644,1,3,2,1,08/10/2005,7,21:00,1,E09000033,3,5,Single carriageway,30,None,-1,0,None within 50 metres,No physical crossing within 50 meters,Darkness: Street lights present and lit,Fine without high winds,Wet/Damp,None,None,1,Yes,E01004702,2005
2130,200501CW11418,528040.0,181050.0,-0.156177,51.51382,1,3,1,1,13/10/2005,5,14:17,1,E09000033,3,41,Dual carriageway,30,Automatic traffic signal,3,40,None within 50 metres,Pedestrian phase at traffic signal junction,Daylight: Street light present,Fine without high winds,Dry,None,None,1,Yes,E01004657,2005
2131,200501CW11419,527750.0,182020.0,-0.160003,51.522603,1,3,1,1,19/12/2005,2,11:20,1,E09000033,6,0,One way street,30,Automatic traffic signal,3,41,None within 50 metres,Pedestrian phase at traffic signal junction,Daylight: Street light present,Fine without high winds,Dry,None,None,1,Yes,E01004660,2005
2132,200501CW11421,527910.0,181960.0,-0.15772,51.522028,1,3,2,1,23/08/2005,3,12:50,1,E09000033,3,501,Dual carriageway,30,Automatic traffic signal,3,41,None within 50 metres,Pedestrian phase at traffic signal junction,Daylight: Street light present,Fine without high winds,Dry,None,None,1,Yes,E01004660,2005
2133,200501CW11423,528200.0,181050.0,-0.153873,51.513784,1,3,2,2,13/10/2005,5,22:21,1,E09000033,3,40,Single carriageway,30,Automatic traffic signal,3,41,None within 50 metres,Pedestrian phase at traffic signal junction,Darkness: Street lights present and lit,Fine without high winds,Dry,None,None,1,Yes,E01004762,2005
2134,200501CW11424,528230.0,178250.0,-0.154458,51.488613,1,3,2,1,19/10/2005,4,17:40,12,E09000020,3,3216,Single carriageway,30,None,-1,0,None within 50 metres,No physical crossing within 50 meters,Darkness: Street lights present and lit,Raining without high winds,Wet/Damp,None,None,1,Yes,E01002901,2005
2135,200501CW11425,529000.0,179110.0,-0.143059,51.496167,1,3,1,1,13/10/2005,5,09:30,1,E09000033,3,202,Single carriageway,30,Automatic traffic signal,3,202,None within 50 metres,Pedestrian phase at traffic signal junction,Daylight: Street light present,Fine without high winds,Dry,None,None,1,No,E01004750,2005
2136,200501CW11427,529260.0,178800.0,-0.139429,51.493322,1,3,2,1,15/10/2005,7,21:44,1,E09000033,3,202,Single carriageway,30,None,-1,0,None within 50 metres,Zebra crossing,Darkness: Street lights present and lit,Fine without high winds,Dry,None,None,1,Yes,E01004749,2005
2137,200501CW11428,529310.0,180090.0,-0.138237,51.504904,1,3,1,1,19/10/2005,4,10:15,1,E09000033,3,4,Unknown,30,Giveway or uncontrolled,3,4,None within 50 metres,No physical crossing within 50 meters,Daylight: Street light present,Raining without high winds,Wet/Damp,None,None,1,Yes,E01004736,2005
2138,200501CW11429,525540.0,183240.0,-0.191406,51.534062,1,3,3,1,15/10/2005,7,13:51,1,E09000033,4,414,Single carriageway,30,Giveway or uncontrolled,6,0,None within 50 metres,No physical crossing within 50 meters,Daylight: Street light present,Fine without high winds,Dry,None,None,1,Yes,E01004710,2005
2139,200501CW11430,527610.0,180940.0,-0.16241,51.512929,1,3,2,1,19/10/2005,4,08:15,1,E09000033,3,402,Single carriageway,30,None,-1,0,None within 50 metres,No physical crossing within 50 meters,Daylight: Street light present,Fine without high winds,Dry,None,None,1,No,E01004689,2005
2140,200501CW11432,529750.0,178450.0,-0.132503,51.490064,1,3,1,1,20/10/2005,5,18:54,1,E09000033,3,202,Dual carriageway,30,Automatic traffic signal,6,0,None within 50 metres,Pedestrian phase at traffic signal junction,Darkness: Street lights present and lit,Fine without high winds,Dry,None,None,1,Yes,E01004747,2005
2141,200501CW11433,529290.0,178780.0,-0.139005,51.493135,1,3,2,1,31/08/2005,4,18:39,1,E09000033,3,202,Single carriageway,30,None,-1,0,None within 50 metres,No physical crossing within 50 meters,Daylight: Street light present,Fine without high winds,Dry,None,None,1,Yes,E01004749,2005
2142,200501CW11434,530000.0,178260.0,-0.128974,51.488299,1,2,4,2,16/10/2005,1,18:42,1,E09000033,3,202,Single carriageway,20,Automatic traffic signal,3,3212,None within 50 metres,Pedestrian phase at traffic signal junction,Darkness: Street lights present and lit,Fine without high winds,Dry,None,None,1,Yes,E01004737,2005
2143,200501CW11435,528260.0,179300.0,-0.153644,51.498043,1,3,2,1,20/10/2005,5,08:52,1,E09000033,4,310,Single carriageway,30,Giveway or uncontrolled,4,319,None within 50 metres,No physical crossing within 50 meters,Daylight: Street light present,Fine without high winds,Wet/Damp,None,None,1,Yes,E01004690,2005
2144,200501CW11437,528630.0,180790.0,-0.147774,51.511349,1,2,1,1,09/10/2005,1,17:39,1,E09000033,5,0,One way street,30,Automatic traffic signal,5,0,None within 50 metres,Pedestrian phase at traffic signal junction,Daylight: Street light present,Fine without high winds,Dry,None,None,1,Yes,E01004761,2005
2145,200501CW11438,529820.0,181370.0,-0.130422,51.51629,1,3,2,1,16/10/2005,1,14:48,2,E09000007,3,40,Single carriageway,30,Automatic traffic signal,3,400,None within 50 metres,Pedestrian phase at traffic signal junction,Daylight: Street light present,Fine without high winds,Dry,None,None,1,Yes,E01004763,2005
2146,200501CW11439,527980.0,180720.0,-0.157161,51.510868,1,3,1,1,09/10/2005,1,14:43,1,E09000033,3,4202,Dual carriageway,40,Automatic traffic signal,3,4202,None within 50 metres,Pedestrian phase at traffic signal junction,Daylight: Street light present,Fine without high winds,Dry,None,None,1,Yes,E01004689,2005
2147,200501CW11440,525840.0,181290.0,-0.187779,51.516471,1,2,2,1,10/10/2005,2,23:40,1,E09000033,4,411,Single carriageway,30,None,-1,0,None within 50 metres,No physical crossing within 50 meters,Darkness: Street lights present and lit,Fine without high winds,Dry,None,None,1,Yes,E01004652,2005
2148,200501CW11441,529130.0,179540.0,-0.14103,51.500002,1,3,2,1,17/10/2005,2,15:50,1,E09000033,4,323,Single carriageway,30,Automatic traffic signal,3,3214,None within 50 metres,Pedestrian phase at traffic signal junction,Daylight: Street light present,Fine without high winds,Dry,None,None,1,Yes,E01004736,2005
2149,200501CW11446,528930.0,179310.0,-0.143994,51.497981,1,3,1,1,05/10/2005,4,17:50,1,E09000033,3,3217,Single carriageway,30,Automatic traffic signal,3,3214,None within 50 metres,Pedestrian phase at traffic signal junction,Daylight: Street light present,Fine without high winds,Dry,None,None,1,Yes,E01004731,2005
2150,200501CW11447,529170.0,181260.0,-0.139825,51.51545,1,3,1,1,06/10/2005,5,14:40,1,E09000033,3,40,Single carriageway,30,None,-1,0,None within 50 metres,No physical crossing within 50 meters,Daylight: Street light present,Fine without high winds,Dry,None,None,1,Yes,E01004764,2005
2151,200501CW11450,528180.0,181550.0,-0.153979,51.518282,1,3,1,1,11/10/2005,3,16:25,1,E09000033,6,0,Single carriageway,30,Giveway or uncontrolled,6,0,None within 50 metres,No physical crossing within 50 meters,Daylight: Street light present,Fine without high winds,Dry,None,None,1,Yes,E01004714,2005
2152,200501CW11451,527020.0,180830.0,-0.170948,51.512073,1,2,2,1,11/10/2005,3,09:32,1,E09000033,3,402,Single carriageway,30,None,-1,0,None within 50 metres,No physical crossing within 50 meters,Daylight: Street light present,Fine without high winds,Dry,None,None,1,Yes,E01004689,2005
2153,200501CW11452,530050.0,180970.0,-0.127256,51.512642,1,3,2,1,12/08/2005,6,17:05,1,E09000033,4,404,One way street,30,Giveway or uncontrolled,4,404,None within 50 metres,No physical crossing within 50 meters,Daylight: Street light present,Fine without high winds,Dry,None,None,1,Yes,E01004734,2005
2154,200501CW11453,526750.0,182550.0,-0.174219,51.527591,1,3,2,1,20/10/2005,5,09:35,1,E09000033,4,507,Single carriageway,30,Automatic traffic signal,3,5205,None within 50 metres,Pedestrian phase at traffic signal junction,Daylight: Street light present,Fine without high winds,Dry,None,None,1,Yes,E01004728,2005
2155,200501CW11454,527150.0,183290.0,-0.168188,51.534152,1,3,2,1,21/10/2005,6,16:02,1,E09000033,6,0,Single carriageway,30,Giveway or uncontrolled,6,0,None within 50 metres,No physical crossing within 50 meters,Daylight: Street light present,Fine without high winds,Wet/Damp,None,None,1,Yes,E01004724,2005
2156,200501CW11455,526140.0,180620.0,-0.183698,51.510383,1,3,2,1,21/10/2005,6,11:24,1,E09000033,3,402,Single carriageway,30,Giveway or uncontrolled,6,0,None within 50 metres,No physical crossing within 50 meters,Daylight: Street light present,Fine without high winds,Dry,None,None,1,Yes,E01004688,2005
2157,200501CW11456,527020.0,181730.0,-0.170624,51.520161,1,3,1,1,21/10/2005,6,17:20,1,E09000033,3,5,Single carriageway,30,Giveway or uncontrolled,6,0,None within 50 metres,No physical crossing within 50 meters,Daylight: Street light present,Fine without high winds,Dry,None,None,1,Yes,E01004702,2005
2158,200501CW11457,527280.0,181080.0,-0.167113,51.514261,1,3,2,1,28/07/2005,5,15:10,1,E09000033,5,0,Single carriageway,30,Giveway or uncontrolled,6,0,None within 50 metres,No physical crossing within 50 meters,Daylight: Street light present,Fine without high winds,Dry,None,None,1,No,E01004686,2005
2159,200501CW11459,525580.0,181720.0,-0.191371,51.520393,1,3,2,1,11/08/2005,5,14:07,1,E09000033,3,404,Single carriageway,30,Giveway or uncontrolled,3,404,None within 50 metres,non-junction pedestrian crossing,Daylight: Street light present,Fine without high winds,Dry,None,None,1,Yes,E01004758,2005
2160,200501CW11461,528220.0,182050.0,-0.153221,51.522766,1,2,2,1,12/08/2005,6,17:35,1,E09000033,3,501,Dual carriageway,30,Giveway or uncontrolled,6,0,None within 50 metres,No physical crossing within 50 meters,Daylight: Street light present,Fine without high winds,Dry,None,None,1,Yes,E01004717,2005
2161,200501CW11463,526740.0,181710.0,-0.174665,51.520044,1,3,2,3,21/08/2005,1,13:55,1,E09000033,3,404,Dual carriageway,30,Giveway or uncontrolled,6,0,None within 50 metres,No physical crossing within 50 meters,Daylight: Street light present,Fine without high winds,Dry,None,None,1,Yes,E01004702,2005
2162,200501CW11464,528420.0,179670.0,-0.151206,51.501332,1,3,2,1,05/08/2005,6,08:22,1,E09000033,3,302,Single carriageway,30,Giveway or uncontrolled,6,0,None within 50 metres,No physical crossing within 50 meters,Daylight: Street light present,Fine without high winds,Dry,None,None,1,Yes,E01004690,2005
2163,200501CW11465,528420.0,180120.0,-0.151042,51.505376,1,3,1,1,21/10/2005,6,14:08,1,E09000033,3,4202,Single carriageway,30,None,-1,0,None within 50 metres,No physical crossing within 50 meters,Daylight: Street light present,Fine without high winds,Dry,None,None,1,Yes,E01004689,2005
2164,200501CW11466,525420.0,182380.0,-0.193442,51.52636,1,3,2,1,21/10/2005,6,09:10,1,E09000033,4,413,Single carriageway,30,Automatic traffic signal,5,0,None within 50 metres,Pedestrian phase at traffic signal junction,Daylight: Street light present,Fine without high winds,Wet/Damp,None,None,1,Yes,E01004676,2005
2165,200501CW11467,530200.0,179220.0,-0.125741,51.496881,1,3,1,1,22/10/2005,7,08:40,1,E09000033,6,0,Single carriageway,30,Giveway or uncontrolled,3,3212,None within 50 metres,No physical crossing within 50 meters,Daylight: Street light present,Fine without high winds,Dry,None,None,1,Yes,E01004733,2005
2166,200501CW11468,529480.0,180650.0,-0.135583,51.509897,1,2,1,1,22/10/2005,7,19:00,1,E09000033,3,4,Single carriageway,30,Giveway or uncontrolled,3,4201,None within 50 metres,No physical crossing within 50 meters,Darkness: Street lights present and lit,Fine without high winds,Dry,None,None,1,No,E01004764,2005
2167,200501CW11469,528630.0,181360.0,-0.147566,51.516472,1,3,2,1,11/08/2005,5,15:26,1,E09000033,3,5204,Single carriageway,30,Automatic traffic signal,5,0,None within 50 metres,Pedestrian phase at traffic signal junction,Daylight: Street light present,Fine without high winds,Dry,None,None,1,Yes,E01004714,2005
2168,200501CW11470,528840.0,181190.0,-0.144603,51.514896,1,3,1,1,20/10/2005,5,06:25,1,E09000033,3,40,Single carriageway,30,Automatic traffic signal,3,40,None within 50 metres,Pedestrian phase at traffic signal junction,Darkness: Street lights present and lit,Raining without high winds,Wet/Damp,None,None,1,Yes,E01004765,2005
2169,200501CW11471,529630.0,180670.0,-0.133416,51.510043,1,3,2,1,22/10/2005,7,17:17,1,E09000033,3,4,Single carriageway,30,Giveway or uncontrolled,3,4,None within 50 metres,Pedestrian phase at traffic signal junction,Daylight: Street light present,Fine without high winds,Dry,None,None,1,Yes,E01004736,2005
2170,200501CW11472,529110.0,180990.0,-0.140788,51.513037,1,3,1,1,22/10/2005,7,15:37,1,E09000033,3,4201,Dual carriageway,30,Giveway or uncontrolled,4,406,None within 50 metres,No physical crossing within 50 meters,Daylight: Street light present,Fine without high winds,Dry,None,None,1,Yes,E01004764,2005
2171,200501CW11473,529680.0,180600.0,-0.132721,51.509402,1,2,1,1,28/10/2005,6,15:48,1,E09000033,3,4,Single carriageway,30,Automatic traffic signal,3,4,None within 50 metres,Pedestrian phase at traffic signal junction,Daylight: Street light present,Fine without high winds,Dry,None,None,1,Yes,E01004736,2005
2172,200501CW11474,527820.0,179720.0,-0.159828,51.501917,1,3,1,1,22/10/2005,7,06:55,1,E09000033,3,4,Dual carriageway,30,None,-1,0,None within 50 metres,No physical crossing within 50 meters,Daylight: Street light present,Fine without high winds,Dry,None,None,1,Yes,E01004689,2005
2173,200501CW11476,529350.0,178730.0,-0.138159,51.492672,1,2,1,1,29/10/2005,7,11:10,1,E09000033,3,202,Single carriageway,30,Automatic traffic signal,4,324,None within 50 metres,Pedestrian phase at traffic signal junction,Daylight: Street light present,Fine without high winds,Dry,None,None,1,Yes,E01004740,2005
2174,200501CW11477,529970.0,180730.0,-0.128497,51.510504,1,3,1,2,25/10/2005,3,03:33,1,E09000033,3,400,Single carriageway,30,None,-1,0,None within 50 metres,No physical crossing within 50 meters,Darkness: Street lights present and lit,Raining without high winds,Wet/Damp,None,None,1,Yes,E01004734,2005
2175,200501CW11478,525070.0,182060.0,-0.198598,51.523562,1,2,2,1,13/10/2005,5,16:20,1,E09000033,3,404,Single carriageway,30,Giveway or uncontrolled,6,0,None within 50 metres,No physical crossing within 50 meters,Daylight: Street light present,Fine without high winds,Dry,None,None,1,Yes,E01004755,2005
2176,200501CW11479,528840.0,182200.0,-0.144235,51.523973,1,3,1,1,30/10/2005,1,21:25,1,E09000033,3,4201,One way street,30,Automatic traffic signal,3,501,None within 50 metres,Pedestrian phase at traffic signal junction,Darkness: Street lights present and lit,Fine without high winds,Wet/Damp,None,None,1,Yes,E01000946,2005
2177,200501CW11480,526800.0,181080.0,-0.174027,51.514369,1,3,2,1,31/10/2005,2,08:15,1,E09000033,3,4209,Single carriageway,30,Giveway or uncontrolled,6,0,None within 50 metres,No physical crossing within 50 meters,Daylight: Street light present,Raining without high winds,Wet/Damp,None,None,1,Yes,E01004683,2005
2178,200501CW11481,528810.0,181730.0,-0.144838,51.519756,1,3,2,4,18/10/2005,3,03:14,1,E09000033,3,4201,Single carriageway,30,Automatic traffic signal,5,0,None within 50 metres,No physical crossing within 50 meters,Darkness: Street lights present and lit,Fine without high winds,Dry,None,Involvement with previous accident,1,Yes,E01004713,2005
2179,200501CW11482,528500.0,181770.0,-0.149289,51.520186,1,3,2,2,29/10/2005,7,21:10,1,E09000033,5,0,One way street,30,Automatic traffic signal,5,0,None within 50 metres,No physical crossing within 50 meters,Darkness: Street lights present and lit,Fine without high winds,Dry,None,None,1,Yes,E01004713,2005
2180,200501CW11484,528370.0,181090.0,-0.15141,51.514105,1,3,1,1,25/10/2005,3,18:15,1,E09000033,3,40,Single carriageway,30,Automatic traffic signal,5,0,None within 50 metres,Pedestrian phase at traffic signal junction,Darkness: Street lights present and lit,Raining without high winds,Wet/Damp,None,None,1,Yes,E01004714,2005
2181,200501CW11485,525560.0,182270.0,-0.191464,51.52534,1,2,1,1,22/09/2005,5,18:00,1,E09000033,4,413,Single carriageway,30,Giveway or uncontrolled,6,0,None within 50 metres,No physical crossing within 50 meters,Daylight: Street light present,Fine without high winds,Dry,None,None,1,Yes,E01004756,2005
2182,200501CW11486,529150.0,179620.0,-0.140713,51.500716,1,3,1,2,26/10/2005,4,16:58,1,E09000033,5,0,One way street,30,None,-1,0,Control by other authorised person,No physical crossing within 50 meters,Daylight: Street light present,Fine without high winds,Dry,None,None,1,Yes,E01004736,2005
2183,200501CW11487,527210.0,182770.0,-0.167512,51.529465,1,3,1,1,27/10/2005,5,14:45,1,E09000033,6,0,Single carriageway,30,Giveway or uncontrolled,6,0,None within 50 metres,No physical crossing within 50 meters,Daylight: Street light present,Fine without high winds,Dry,None,None,1,Yes,E01004725,2005
2184,200501CW11488,528270.0,182070.0,-0.152493,51.522935,1,3,3,1,26/10/2005,4,18:35,1,E09000033,3,501,Single carriageway,30,Automatic traffic signal,6,0,None within 50 metres,Pedestrian phase at traffic signal junction,Darkness: Street lights present and lit,Fine without high winds,Dry,None,None,1,Yes,E01004717,2005
2185,200501CW11489,529740.0,181250.0,-0.131618,51.51523,1,3,1,1,27/10/2005,5,01:10,1,E09000033,6,0,One way street,20,None,-1,0,None within 50 metres,No physical crossing within 50 meters,Darkness: Street lights present and lit,Fine without high winds,Dry,None,None,1,Yes,E01004763,2005
2186,200501CW11491,527840.0,181950.0,-0.158732,51.521954,1,3,2,2,29/10/2005,7,13:15,1,E09000033,3,501,Single carriageway,30,Giveway or uncontrolled,6,0,None within 50 metres,No physical crossing within 50 meters,Daylight: Street light present,Fine without high winds,Dry,None,None,1,Yes,E01004660,2005
2187,200501CW11493,530160.0,179640.0,-0.126163,51.500665,1,3,2,1,11/10/2005,3,18:30,1,E09000033,3,3212,Single carriageway,30,None,-1,0,None within 50 metres,No physical crossing within 50 meters,Darkness: Street lights present and lit,Fine without high winds,Dry,None,None,1,Yes,E01004733,2005
2188,200501CW11494,529960.0,180750.0,-0.128634,51.510686,1,2,1,1,23/10/2005,1,02:08,1,E09000033,3,400,Single carriageway,30,Giveway or uncontrolled,6,0,None within 50 metres,No physical crossing within 50 meters,Darkness: Street lights present and lit,Fine without high winds,Dry,None,None,1,Yes,E01004734,2005
2189,200501CW11496,529700.0,180570.0,-0.132444,51.509128,1,3,1,1,25/10/2005,3,19:00,1,E09000033,3,4,Single carriageway,30,Automatic traffic signal,3,4,None within 50 metres,Pedestrian phase at traffic signal junction,Darkness: Street lights present and lit,Fine without high winds,Dry,None,None,1,Yes,E01004736,2005
2190,200501CW11497,527660.0,181070.0,-0.161643,51.514086,1,3,2,1,13/08/2005,7,14:25,1,E09000033,3,5,Dual carriageway,30,Automatic traffic signal,3,5204,None within 50 metres,Pedestrian phase at traffic signal junction,Daylight: Street light present,Raining without high winds,Wet/Damp,None,None,1,Yes,E01004680,2005
2191,200501CW11499,530400.0,180290.0,-0.122467,51.506451,1,3,1,2,26/10/2005,4,08:35,1,E09000033,4,308,Dual carriageway,30,Automatic traffic signal,3,3211,None within 50 metres,Pedestrian phase at traffic signal junction,Daylight: Street light present,Fine without high winds,Dry,None,None,1,Yes,E01004736,2005
2192,200501CW11500,530820.0,181050.0,-0.116137,51.513184,1,2,1,1,30/10/2005,1,08:10,1,E09000033,3,4,One way street,30,None,-1,0,None within 50 metres,No physical crossing within 50 meters,Daylight: Street light present,Fine without high winds,Dry,None,None,1,Yes,E01004735,2005
2193,200501CW11501,528540.0,181120.0,-0.14895,51.514336,1,3,1,1,30/10/2005,1,15:00,1,E09000033,3,40,Single carriageway,30,Giveway or uncontrolled,5,0,None within 50 metres,non-junction pedestrian crossing,Daylight: Street light present,Fine without high winds,Dry,None,None,1,Yes,E01004764,2005
2194,200501CW11502,527790.0,181940.0,-0.159456,51.521875,1,3,2,1,31/10/2005,2,09:36,1,E09000033,3,501,Dual carriageway,30,Automatic traffic signal,3,41,None within 50 metres,Pedestrian phase at traffic signal junction,Daylight: Street light present,Raining without high winds,Wet/Damp,None,None,1,Yes,E01004660,2005
2195,200501CW11503,527930.0,181970.0,-0.157428,51.522113,1,2,1,1,30/10/2005,1,18:37,1,E09000033,3,501,Dual carriageway,30,Automatic traffic signal,3,41,None within 50 metres,Pedestrian phase at traffic signal junction,Darkness: Street lights present and lit,Fine without high winds,Dry,None,None,1,Yes,E01004712,2005
2196,200501CW11504,528330.0,179840.0,-0.15244,51.50288,1,3,1,1,29/10/2005,7,03:05,1,E09000033,3,4,Roundabout,30,Automatic traffic signal,3,4,None within 50 metres,Pedestrian phase at traffic signal junction,Darkness: Street lights present and lit,Fine without high winds,Dry,None,None,1,Yes,E01004691,2005
2197,200501CW11505,526240.0,180710.0,-0.182225,51.511169,1,3,2,1,30/10/2005,1,19:35,1,E09000033,6,0,Single carriageway,30,None,-1,0,None within 50 metres,No physical crossing within 50 meters,Darkness: Street lights present and lit,Fine without high winds,Dry,None,None,1,Yes,E01004694,2005
2198,200501CW11506,525680.0,180560.0,-0.190344,51.509946,1,3,1,1,22/10/2005,7,19:22,12,E09000020,3,402,Dual carriageway,30,Giveway or uncontrolled,6,0,None within 50 metres,non-junction pedestrian crossing,Darkness: Street lights present and lit,Fine without high winds,Dry,None,None,1,Yes,E01002827,2005
2199,200501CW11507,529830.0,181030.0,-0.130403,51.513232,1,3,1,1,01/11/2005,3,19:58,1,E09000033,6,0,One way street,30,Giveway or uncontrolled,6,0,None within 50 metres,No physical crossing within 50 meters,Darkness: Street lights present and lit,Fine without high winds,Wet/Damp,None,None,1,Yes,E01004763,2005
2200,200501CW11508,529390.0,179230.0,-0.1374,51.497157,1,3,2,1,28/10/2005,6,14:28,1,E09000033,3,302,Single carriageway,30,None,-1,0,None within 50 metres,No physical crossing within 50 meters,Daylight: Street light present,Fine without high winds,Dry,None,None,1,Yes,E01004748,2005
2201,200501CW11509,528460.0,180020.0,-0.150503,51.504468,1,3,1,1,01/11/2005,3,19:44,1,E09000033,6,0,Single carriageway,30,None,-1,0,None within 50 metres,No physical crossing within 50 meters,Darkness: Street lights present and lit,Fine without high winds,Dry,None,None,1,Yes,E01004761,2005
2202,200501CW11511,527050.0,181320.0,-0.170339,51.51647,1,3,2,2,16/10/2005,1,14:05,1,E09000033,3,4209,Single carriageway,30,Giveway or uncontrolled,6,0,None within 50 metres,No physical crossing within 50 meters,Daylight: Street light present,Fine without high winds,Dry,None,None,1,Yes,E01004684,2005
2203,200501CW11512,524190.0,182970.0,-0.210955,51.531934,1,3,2,1,18/10/2005,3,23:10,1,E09000033,4,413,Single carriageway,30,Giveway or uncontrolled,4,413,None within 50 metres,Zebra crossing,Darkness: Street lights present and lit,Fine without high winds,Wet/Damp,None,None,1,Yes,E01004720,2005
2204,200501CW11514,527340.0,181330.0,-0.166159,51.516494,1,3,2,1,21/10/2005,6,12:56,1,E09000033,6,0,Single carriageway,30,Giveway or uncontrolled,6,0,None within 50 metres,No physical crossing within 50 meters,Daylight: Street light present,Fine without high winds,Dry,None,None,1,Yes,E01004686,2005
2205,200501CW11516,527950.0,181280.0,-0.15739,51.515907,1,3,2,1,02/11/2005,4,17:11,1,E09000033,3,41,Single carriageway,30,Automatic traffic signal,3,41,None within 50 metres,Pedestrian phase at traffic signal junction,Darkness: Street lights present and lit,Raining without high winds,Wet/Damp,None,None,1,Yes,E01004657,2005
2206,200501CW11518,526690.0,181210.0,-0.175564,51.515562,1,3,1,1,25/10/2005,3,13:42,1,E09000033,3,4205,Single carriageway,30,Automatic traffic signal,6,0,None within 50 metres,Pedestrian phase at traffic signal junction,Daylight: Street light present,Fine without high winds,Dry,None,None,1,Yes,E01004682,2005
2207,200501CW11521,528700.0,182740.0,-0.146054,51.528858,1,3,1,1,24/10/2005,2,07:15,2,E09000007,6,0,Single carriageway,30,Giveway or uncontrolled,6,0,None within 50 metres,No physical crossing within 50 meters,Darkness: Street lights present and lit,Raining without high winds,Wet/Damp,None,None,1,Yes,E01000946,2005
2208,200501CW11522,529180.0,179750.0,-0.140233,51.501878,1,3,2,1,25/10/2005,3,09:10,1,E09000033,5,0,Single carriageway,30,Automatic traffic signal,5,0,None within 50 metres,Pedestrian phase at traffic signal junction,Daylight: Street light present,Raining without high winds,Wet/Damp,None,None,1,Yes,E01004736,2005
2209,200501CW11523,527090.0,179720.0,-0.170339,51.502082,1,2,2,1,28/10/2005,6,14:45,1,E09000033,6,0,Single carriageway,30,Giveway or uncontrolled,6,0,None within 50 metres,No physical crossing within 50 meters,Daylight: Street light present,Fine without high winds,Dry,None,None,1,Yes,E01004692,2005
2210,200501CW11524,530210.0,179150.0,-0.125623,51.496249,1,3,2,1,31/10/2005,2,07:10,1,E09000033,3,3212,Single carriageway,30,None,-1,0,None within 50 metres,No physical crossing within 50 meters,Daylight: Street light present,Raining without high winds,Wet/Damp,None,None,1,Yes,E01004733,2005
2211,200501CW11525,531440.0,180400.0,-0.107449,51.507198,1,3,2,1,22/08/2005,2,09:10,8,E09000028,6,0,Single carriageway,30,None,-1,0,None within 50 metres,No physical crossing within 50 meters,Daylight: Street light present,Raining without high winds,Wet/Damp,None,None,1,No,E01003934,2005
2212,200501CW11526,529870.0,179200.0,-0.1305,51.496777,1,2,2,2,18/08/2005,5,15:02,1,E09000033,6,0,Single carriageway,30,Giveway or uncontrolled,6,0,None within 50 metres,No physical crossing within 50 meters,Daylight: Street light present,Fine without high winds,Dry,None,None,1,Yes,E01004733,2005
2213,200501CW11527,526920.0,181430.0,-0.172172,51.517488,1,3,2,2,09/08/2005,3,19:00,1,E09000033,3,4205,Single carriageway,30,Giveway or uncontrolled,6,0,None within 50 metres,No physical crossing within 50 meters,Daylight: Street light present,Fine without high winds,Dry,None,None,1,No,E01004685,2005
2214,200501CW11528,528340.0,179780.0,-0.152318,51.502339,1,3,1,1,16/08/2005,3,12:20,1,E09000033,3,4,Single carriageway,30,None,-1,0,None within 50 metres,No physical crossing within 50 meters,Daylight: Street light present,Fine without high winds,Dry,None,None,1,Yes,E01004691,2005
2215,200501CW11529,529610.0,180770.0,-0.133667,51.510946,1,2,2,1,15/08/2005,2,10:00,1,E09000033,3,401,Single carriageway,30,None,-1,0,None within 50 metres,No physical crossing within 50 meters,Daylight: Street light present,Fine without high winds,Dry,None,None,1,No,E01004763,2005
2216,200501CW11530,528920.0,181100.0,-0.143484,51.514069,1,3,1,1,31/08/2005,4,12:30,1,E09000033,5,0,Single carriageway,30,Giveway or uncontrolled,5,0,None within 50 metres,No physical crossing within 50 meters,Daylight: Street light present,Fine without high winds,Dry,None,None,1,No,E01004764,2005
2217,200501CW11533,527770.0,181920.0,-0.159751,51.5217,1,3,3,1,29/08/2005,2,17:20,1,E09000033,3,501,Dual carriageway,30,Automatic traffic signal,3,41,None within 50 metres,Pedestrian phase at traffic signal junction,Daylight: Street light present,Fine without high winds,Dry,None,None,1,No,E01004662,2005
2218,200501CW11536,530870.0,180760.0,-0.115524,51.510566,1,3,2,1,01/09/2005,5,09:00,1,E09000033,3,3211,Single carriageway,30,Automatic traffic signal,5,0,None within 50 metres,No physical crossing within 50 meters,Daylight: Street light present,Fine without high winds,Dry,None,None,1,No,E01004735,2005
2219,200501CW11537,529560.0,180680.0,-0.13442,51.510149,1,3,2,1,01/09/2005,5,21:50,1,E09000033,3,4201,Single carriageway,30,Automatic traffic signal,3,401,None within 50 metres,Pedestrian phase at traffic signal junction,Darkness: Street lights present and lit,Fine without high winds,Dry,None,None,1,No,E01004764,2005
2220,200501CW11538,528980.0,179090.0,-0.143354,51.495992,1,3,1,1,01/09/2005,5,10:45,1,E09000033,3,202,Single carriageway,30,Giveway or uncontrolled,6,0,None within 50 metres,No physical crossing within 50 meters,Daylight: Street light present,Fine without high winds,Dry,None,None,1,No,E01004750,2005
2221,200501CW11539,530160.0,180480.0,-0.125853,51.508213,1,3,1,1,03/09/2005,7,13:25,1,E09000033,3,4,Dual carriageway,30,Giveway or uncontrolled,3,4,None within 50 metres,No physical crossing within 50 meters,Daylight: Street light present,Fine without high winds,Dry,None,None,1,No,E01004736,2005
2222,200501CW11543,526720.0,181240.0,-0.175122,51.515825,1,3,1,1,08/09/2005,5,15:07,1,E09000033,3,4205,Dual carriageway,30,Automatic traffic signal,5,0,None within 50 metres,Pedestrian phase at traffic signal junction,Daylight: Street light present,Fine without high winds,Dry,Auto traffic singal out,None,1,No,E01004685,2005
2223,200501CW11544,525860.0,180820.0,-0.187659,51.512242,1,3,2,1,19/09/2005,2,14:20,1,E09000033,4,411,Single carriageway,30,None,-1,0,None within 50 metres,Zebra crossing,Daylight: Street light present,Fine without high winds,Dry,None,None,1,No,E01004695,2005
2224,200501CW11545,527740.0,180960.0,-0.160531,51.513079,1,3,2,1,08/09/2005,5,13:00,1,E09000033,3,40,One way street,30,Giveway or uncontrolled,3,5,None within 50 metres,No physical crossing within 50 meters,Daylight: Street light present,Fine without high winds,Dry,None,None,1,No,E01004689,2005
2225,200501CW11547,527630.0,179540.0,-0.162629,51.500342,1,3,3,1,13/09/2005,3,23:00,12,E09000020,3,4,Single carriageway,30,None,-1,0,None within 50 metres,No physical crossing within 50 meters,Darkness: Street lights present and lit,Fine without high winds,Dry,None,None,1,No,E01004689,2005
2226,200501CW11548,529490.0,180660.0,-0.135436,51.509985,1,3,1,1,07/09/2005,4,21:45,1,E09000033,3,4201,Single carriageway,30,Automatic traffic signal,3,4,None within 50 metres,Pedestrian phase at traffic signal junction,Darkness: Street lights present and lit,Fine without high winds,Dry,None,None,1,No,E01004764,2005
2227,200501CW11549,525550.0,183030.0,-0.191337,51.532173,1,3,2,1,14/09/2005,4,17:30,1,E09000033,5,0,Single carriageway,30,Giveway or uncontrolled,6,0,None within 50 metres,No physical crossing within 50 meters,Daylight: Street light present,Fine without high winds,Dry,None,None,1,No,E01004710,2005
2228,200501CW11550,527890.0,181140.0,-0.158305,51.514663,1,3,2,1,14/09/2005,4,19:30,1,E09000033,3,5204,Single carriageway,30,Giveway or uncontrolled,6,0,None within 50 metres,No physical crossing within 50 meters,Darkness: Street lights present and lit,Fine without high winds,Dry,None,None,1,No,E01004657,2005
2229,200501CW11551,530450.0,180730.0,-0.121584,51.510393,1,3,1,1,15/09/2005,5,22:45,1,E09000033,3,4,One way street,30,None,-1,0,None within 50 metres,Pedestrian phase at traffic signal junction,Darkness: Street lights present and lit,Raining without high winds,Wet/Damp,None,None,1,No,E01004735,2005
2230,200501CW11553,526620.0,180740.0,-0.176741,51.511354,1,3,2,1,07/09/2005,4,15:45,1,E09000033,3,402,Single carriageway,30,Giveway or uncontrolled,6,0,None within 50 metres,No physical crossing within 50 meters,Daylight: Street light present,Fine without high winds,Dry,None,None,1,No,E01004689,2005
2231,200501CW11555,525720.0,181630.0,-0.189387,51.519553,1,3,2,1,18/09/2005,1,12:30,1,E09000033,3,404,Single carriageway,30,Automatic traffic signal,4,411,None within 50 metres,No physical crossing within 50 meters,Daylight: Street light present,Fine without high winds,Dry,None,None,1,No,E01004656,2005
2232,200501CW11557,529770.0,179190.0,-0.131944,51.49671,1,3,2,1,18/09/2005,1,18:10,1,E09000033,6,0,Single carriageway,30,Giveway or uncontrolled,6,0,None within 50 metres,No physical crossing within 50 meters,Daylight: Street light present,Fine without high winds,Dry,None,None,1,No,E01004732,2005
2233,200501CW11558,527840.0,181710.0,-0.158819,51.519797,1,3,1,1,13/08/2005,7,19:57,1,E09000033,3,41,Single carriageway,30,Automatic traffic signal,5,0,None within 50 metres,Pedestrian phase at traffic signal junction,Daylight: Street light present,Raining without high winds,Wet/Damp,None,None,1,Yes,E01004662,2005
2234,200501CW11559,526540.0,181080.0,-0.177772,51.514427,1,3,2,1,21/08/2005,1,03:51,1,E09000033,4,410,Single carriageway,30,Automatic traffic signal,5,0,None within 50 metres,Pedestrian phase at traffic signal junction,Darkness: Street lights present and lit,Fine without high winds,Dry,None,None,1,Yes,E01004681,2005
2235,200501CW11562,528560.0,177940.0,-0.14982,51.485753,1,3,2,1,20/09/2005,3,10:15,12,E09000020,3,3212,Single carriageway,30,Automatic traffic signal,3,3216,None within 50 metres,No physical crossing within 50 meters,Daylight: Street light present,Fine without high winds,Dry,None,None,1,No,E01004669,2005
2236,200501CW11566,528240.0,179310.0,-0.153929,51.498137,1,3,2,1,09/08/2005,3,07:20,1,E09000033,4,310,Single carriageway,30,Giveway or uncontrolled,4,319,None within 50 metres,No physical crossing within 50 meters,Daylight: Street light present,Fine without high winds,Dry,None,None,1,No,E01004691,2005
2237,200501CW11567,527550.0,181960.0,-0.162906,51.522109,1,3,1,1,13/09/2005,3,14:00,1,E09000033,6,0,Single carriageway,30,None,-1,0,None within 50 metres,Zebra crossing,Daylight: Street light present,Fine without high winds,Dry,None,None,1,No,E01004661,2005
2238,200501CW11569,528250.0,182070.0,-0.152782,51.522939,1,3,2,1,23/09/2005,6,14:00,1,E09000033,3,501,Single carriageway,30,Automatic traffic signal,6,0,None within 50 metres,Pedestrian phase at traffic signal junction,Daylight: Street light present,Fine without high winds,Dry,None,None,1,No,E01004717,2005
2239,200501CW11570,531120.0,180800.0,-0.111909,51.510867,1,3,2,2,27/08/2005,7,19:45,1,E09000033,3,3211,Dual carriageway,30,Automatic traffic signal,6,0,None within 50 metres,Pedestrian phase at traffic signal junction,Daylight: Street light present,Fine without high winds,Dry,None,None,1,Yes,E01004735,2005
2240,200501CW11571,529250.0,180750.0,-0.138859,51.510849,1,2,2,1,24/10/2005,2,09:35,1,E09000033,3,4201,Single carriageway,30,Giveway or uncontrolled,6,0,None within 50 metres,No physical crossing within 50 meters,Daylight: Street light present,Raining without high winds,Wet/Damp,None,None,1,Yes,E01004764,2005
2241,200501CW11573,528230.0,178880.0,-0.154229,51.494275,1,3,2,1,05/10/2005,4,08:25,1,E09000033,3,3217,Dual carriageway,30,Automatic traffic signal,6,0,None within 50 metres,Pedestrian phase at traffic signal junction,Daylight: Street light present,Fine without high winds,Dry,None,None,1,Yes,E01004687,2005
2242,200501CW11575,526620.0,180740.0,-0.176741,51.511354,1,3,2,1,26/10/2005,4,16:34,1,E09000033,3,402,Single carriageway,40,Automatic traffic signal,6,0,None within 50 metres,Pedestrian phase at traffic signal junction,Daylight: Street light present,Fine without high winds,Dry,None,None,1,Yes,E01004689,2005
2243,200501CW11576,528820.0,181300.0,-0.144851,51.51589,1,3,1,1,27/10/2005,5,07:55,1,E09000033,6,0,One way street,30,Automatic traffic signal,3,5204,None within 50 metres,Pedestrian phase at traffic signal junction,Daylight: Street light present,Fine without high winds,Dry,None,None,1,Yes,E01004765,2005
2244,200501CW11577,529820.0,180190.0,-0.130856,51.505685,1,3,2,1,28/10/2005,6,09:35,1,E09000033,6,0,Single carriageway,30,Giveway or uncontrolled,6,0,None within 50 metres,No physical crossing within 50 meters,Daylight: Street light present,Fine without high winds,Wet/Damp,None,None,1,Yes,E01004736,2005
2245,200501CW11578,525680.0,181660.0,-0.189952,51.519832,1,3,2,1,28/10/2005,6,11:03,1,E09000033,3,404,Single carriageway,30,Giveway or uncontrolled,6,0,None within 50 metres,No physical crossing within 50 meters,Daylight: Street light present,Fine without high winds,Wet/Damp,None,None,1,Yes,E01004758,2005
2246,200501CW11580,529170.0,179080.0,-0.140622,51.495859,1,3,1,1,29/10/2005,7,19:45,1,E09000033,6,0,One way street,30,Giveway or uncontrolled,6,0,None within 50 metres,No physical crossing within 50 meters,Darkness: Street lights present and lit,Raining without high winds,Wet/Damp,None,None,1,Yes,E01004748,2005
2247,200501CW11581,525330.0,181990.0,-0.194877,51.522875,1,3,1,1,30/10/2005,1,22:40,1,E09000033,3,404,Single carriageway,30,Giveway or uncontrolled,5,0,None within 50 metres,non-junction pedestrian crossing,Darkness: Street lights present but unlit,Fine without high winds,Wet/Damp,None,None,1,Yes,E01004755,2005
2248,200501CW11582,530050.0,180320.0,-0.127496,51.506801,1,3,2,1,31/10/2005,2,18:41,1,E09000033,3,3212,Single carriageway,30,None,-1,0,None within 50 metres,No physical crossing within 50 meters,Darkness: Street lights present and lit,Raining without high winds,Wet/Damp,None,None,1,Yes,E01004736,2005
2249,200501CW11583,527770.0,179700.0,-0.160555,51.501749,1,3,3,1,09/08/2005,3,09:05,1,E09000033,3,4,Single carriageway,30,Automatic traffic signal,3,3216,None within 50 metres,Pedestrian phase at traffic signal junction,Daylight: Street light present,Fine without high winds,Dry,None,None,1,Yes,E01004689,2005
2250,200501CW11587,527330.0,181400.0,-0.166277,51.517126,1,3,2,1,06/10/2005,5,20:15,1,E09000033,3,5,Single carriageway,30,None,-1,0,None within 50 metres,No physical crossing within 50 meters,Darkness: Street lights present and lit,Fine without high winds,Dry,None,None,1,No,E01004684,2005
2251,200501CW11588,526930.0,181700.0,-0.171931,51.519912,1,3,2,1,10/10/2005,2,07:40,1,E09000033,3,40,Dual carriageway,60,None,-1,0,None within 50 metres,No physical crossing within 50 meters,Daylight: Street light present,Fine without high winds,Dry,None,None,1,No,E01004702,2005
2252,200501CW11589,525660.0,183350.0,-0.189638,51.535024,1,3,2,1,11/10/2005,3,17:50,2,E09000007,3,5,Single carriageway,30,Giveway or uncontrolled,4,414,None within 50 metres,No physical crossing within 50 meters,Daylight: Street light present,Fine without high winds,Dry,None,None,1,No,E01004710,2005
2253,200501CW11590,527950.0,181960.0,-0.157143,51.522018,1,3,2,1,11/10/2005,3,17:50,1,E09000033,3,501,Dual carriageway,30,None,-1,0,None within 50 metres,non-junction pedestrian crossing,Daylight: Street light present,Fine without high winds,Dry,None,None,1,No,E01004712,2005
2254,200501CW11591,526950.0,179720.0,-0.172355,51.502113,1,3,2,1,01/10/2005,7,13:45,1,E09000033,6,0,Single carriageway,30,None,-1,0,None within 50 metres,No physical crossing within 50 meters,Daylight: Street light present,Fine without high winds,Dry,None,None,1,No,E01004692,2005
2255,200501CW11593,526960.0,181270.0,-0.171654,51.516041,1,2,1,1,24/10/2005,2,11:05,1,E09000033,6,0,Single carriageway,30,None,-1,0,None within 50 metres,No physical crossing within 50 meters,Daylight: Street light present,Fine without high winds,Wet/Damp,None,None,1,No,E01004685,2005
2256,200501CW11595,526970.0,178930.0,-0.172352,51.495009,1,3,2,1,13/10/2005,5,11:00,12,E09000020,6,0,One way street,30,Giveway or uncontrolled,6,0,None within 50 metres,No physical crossing within 50 meters,Daylight: Street light present,Raining without high winds,Wet/Damp,None,None,1,No,E01002821,2005
2257,200501CW11598,524440.0,182600.0,-0.207483,51.528554,1,3,2,1,14/10/2005,6,12:30,1,E09000033,6,0,Single carriageway,30,Giveway or uncontrolled,6,0,None within 50 metres,No physical crossing within 50 meters,Daylight: Street light present,Fine without high winds,Dry,None,None,1,No,E01004721,2005
2258,200501CW11599,529080.0,179170.0,-0.141885,51.496688,1,3,2,1,15/11/2005,3,16:52,1,E09000033,3,3217,One way street,30,Automatic traffic signal,3,302,None within 50 metres,Pedestrian phase at traffic signal junction,Darkness: Street lights present and lit,Fine without high winds,Dry,None,None,1,Yes,E01004731,2005
2259,200501CW11600,527910.0,181990.0,-0.157709,51.522297,1,3,2,1,15/11/2005,3,13:11,1,E09000033,3,41,One way street,30,Automatic traffic signal,3,501,None within 50 metres,Pedestrian phase at traffic signal junction,Daylight: Street light present,Fine without high winds,Dry,None,None,1,Yes,E01004660,2005
2260,200501CW11601,529130.0,178660.0,-0.141352,51.492093,1,3,2,1,15/11/2005,3,08:25,1,E09000033,6,0,Single carriageway,30,Giveway or uncontrolled,6,0,None within 50 metres,No physical crossing within 50 meters,Daylight: Street light present,Fine without high winds,Wet/Damp,None,None,1,Yes,E01004749,2005
2261,200501CW11602,525300.0,181270.0,-0.195565,51.516411,1,3,1,1,15/11/2005,3,22:21,1,E09000033,5,0,Single carriageway,30,None,-1,0,None within 50 metres,No physical crossing within 50 meters,Darkness: Street lights present and lit,Fine without high winds,Dry,None,None,1,Yes,E01004653,2005
2262,200501CW11603,525780.0,181620.0,-0.188526,51.51945,1,3,2,1,17/11/2005,5,16:59,1,E09000033,3,404,Dual carriageway,40,Automatic traffic signal,4,411,None within 50 metres,Pedestrian phase at traffic signal junction,Darkness: Street lights present and lit,Fine without high winds,Dry,None,None,1,Yes,E01004656,2005
2263,200501CW11604,530160.0,179740.0,-0.126126,51.501563,1,3,1,1,08/11/2005,3,09:58,1,E09000033,3,3212,Single carriageway,30,None,-1,0,None within 50 metres,No physical crossing within 50 meters,Daylight: Street light present,Fine without high winds,Dry,None,None,1,Yes,E01004733,2005
2264,200501CW11605,529340.0,178220.0,-0.13849,51.488091,1,2,2,1,09/11/2005,4,17:28,1,E09000033,5,0,Single carriageway,30,Automatic traffic signal,6,0,None within 50 metres,Pedestrian phase at traffic signal junction,Darkness: Street lights present and lit,Fine without high winds,Dry,None,None,1,Yes,E01004752,2005
2265,200501CW11607,525440.0,181130.0,-0.193598,51.515122,1,3,1,1,14/11/2005,2,10:45,1,E09000033,3,4206,Single carriageway,30,None,-1,0,None within 50 metres,No physical crossing within 50 meters,Daylight: Street light present,Fine without high winds,Dry,None,None,1,Yes,E01004654,2005
2266,200501CW11608,529430.0,180780.0,-0.136256,51.511077,1,3,2,1,14/11/2005,2,19:40,1,E09000033,5,0,One way street,30,Giveway or uncontrolled,6,0,None within 50 metres,No physical crossing within 50 meters,Darkness: Street lights present and lit,Fine without high winds,Dry,None,None,1,Yes,E01004764,2005
2267,200501CW11609,529120.0,180310.0,-0.140893,51.506924,1,3,1,1,14/11/2005,2,16:47,1,E09000033,5,0,One way street,30,Giveway or uncontrolled,6,0,None within 50 metres,No physical crossing within 50 meters,Darkness: Street lights present and lit,Fine without high winds,Dry,None,None,1,Yes,E01004736,2005
2268,200501CW11610,528300.0,180280.0,-0.152712,51.506841,1,3,2,2,14/11/2005,2,12:55,1,E09000033,3,4202,Single carriageway,30,Automatic traffic signal,6,0,None within 50 metres,Pedestrian phase at traffic signal junction,Daylight: Street light present,Fine without high winds,Dry,None,None,1,Yes,E01004689,2005
2269,200501CW11612,530160.0,180510.0,-0.125842,51.508483,1,3,1,1,15/11/2005,3,14:38,1,E09000033,3,4,Single carriageway,30,Automatic traffic signal,3,4,None within 50 metres,Pedestrian phase at traffic signal junction,Daylight: Street light present,Fine without high winds,Dry,None,None,1,Yes,E01004734,2005
2270,200501CW11613,529650.0,180830.0,-0.133069,51.511476,1,2,1,1,15/11/2005,3,18:30,1,E09000033,3,401,Single carriageway,30,Automatic traffic signal,6,0,None within 50 metres,Pedestrian phase at traffic signal junction,Darkness: Street lights present and lit,Fine without high winds,Dry,None,None,1,Yes,E01004763,2005
2271,200501CW11614,528270.0,178990.0,-0.153613,51.495255,1,2,2,1,06/11/2005,1,14:30,1,E09000033,6,0,Single carriageway,30,Automatic traffic signal,6,0,None within 50 metres,Pedestrian phase at traffic signal junction,Daylight: Street light present,Raining without high winds,Wet/Damp,None,None,1,Yes,E01004687,2005
2272,200501CW11618,527890.0,181010.0,-0.158352,51.513494,1,2,1,1,08/11/2005,3,15:45,1,E09000033,3,40,Single carriageway,30,Automatic traffic signal,3,40,None within 50 metres,Pedestrian phase at traffic signal junction,Darkness: Street lights present but unlit,Fine without high winds,Dry,None,None,1,Yes,E01004657,2005
2273,200501CW11619,529750.0,180950.0,-0.131585,51.512531,1,3,1,1,09/11/2005,4,19:35,1,E09000033,5,0,Single carriageway,30,Giveway or uncontrolled,6,0,None within 50 metres,No physical crossing within 50 meters,Darkness: Street lights present and lit,Fine without high winds,Dry,None,None,1,Yes,E01004763,2005
2274,200501CW11621,528140.0,181040.0,-0.154741,51.513707,1,2,1,1,05/11/2005,7,03:00,1,E09000033,3,40,Single carriageway,30,None,-1,0,None within 50 metres,No physical crossing within 50 meters,Darkness: Street lights present but unlit,Fine without high winds,Dry,None,None,1,Yes,E01004762,2005
2275,200501CW11622,530170.0,180500.0,-0.125701,51.508391,1,3,2,1,05/10/2005,4,12:45,1,E09000033,3,4,Single carriageway,30,Automatic traffic signal,3,4,None within 50 metres,Pedestrian phase at traffic signal junction,Daylight: Street light present,Fine without high winds,Dry,None,None,1,Yes,E01004736,2005
2276,200501CW11623,526790.0,181180.0,-0.174135,51.51527,1,2,2,1,07/11/2005,2,17:23,1,E09000033,5,0,One way street,30,Giveway or uncontrolled,6,0,None within 50 metres,No physical crossing within 50 meters,Darkness: Street lights present and lit,Fine without high winds,Dry,None,None,1,Yes,E01004682,2005
2277,200501CW11624,529900.0,181020.0,-0.129398,51.513126,1,3,1,1,11/11/2005,6,07:20,1,E09000033,3,401,Single carriageway,30,Automatic traffic signal,3,400,None within 50 metres,Pedestrian phase at traffic signal junction,Daylight: Street light present,Fine without high winds,Dry,None,None,1,Yes,E01004763,2005
2278,200501CW11625,526370.0,182460.0,-0.179726,51.526867,1,3,2,1,19/10/2005,4,18:20,1,E09000033,3,5,Single carriageway,30,None,-1,0,None within 50 metres,Zebra crossing,Darkness: Street lights present and lit,Raining without high winds,Wet/Damp,None,None,1,No,E01004701,2005
2279,200501CW11626,527800.0,181830.0,-0.159351,51.520884,1,3,2,2,08/11/2005,3,12:17,1,E09000033,3,41,Single carriageway,30,Authorised person,6,0,None within 50 metres,Pedestrian phase at traffic signal junction,Daylight: Street light present,Raining without high winds,Wet/Damp,Auto traffic singal out,None,1,Yes,E01004660,2005
2280,200501CW11629,524820.0,182800.0,-0.201937,51.530268,1,3,3,1,08/11/2005,3,08:18,1,E09000033,5,0,Single carriageway,30,None,-1,0,None within 50 metres,No physical crossing within 50 meters,Daylight: Street light present,Fine without high winds,Dry,None,None,1,Yes,E01004677,2005
2281,200501CW11631,528530.0,181120.0,-0.149094,51.514338,1,3,1,1,25/08/2005,5,14:55,1,E09000033,3,40,Single carriageway,30,Automatic traffic signal,5,0,None within 50 metres,Pedestrian phase at traffic signal junction,Daylight: Street light present,Fine without high winds,Dry,None,None,1,Yes,E01004764,2005
2282,200501CW11632,530080.0,180510.0,-0.126994,51.508501,1,2,1,1,12/11/2005,7,04:25,1,E09000033,3,4,One way street,30,Automatic traffic signal,3,4,None within 50 metres,Pedestrian phase at traffic signal junction,Darkness: Street lights present and lit,Fine without high winds,Dry,None,None,1,Yes,E01004734,2005
2283,200501CW11633,525840.0,180970.0,-0.187894,51.513595,1,3,1,1,12/11/2005,7,23:50,1,E09000033,4,411,Single carriageway,30,Automatic traffic signal,4,411,None within 50 metres,Pedestrian phase at traffic signal junction,Darkness: Street lights present and lit,Fine without high winds,Dry,None,None,1,Yes,E01004699,2005
2284,200501CW11634,528700.0,179310.0,-0.147306,51.498033,1,3,2,1,12/11/2005,7,17:38,1,E09000033,3,3217,Single carriageway,30,Automatic traffic signal,3,302,None within 50 metres,Pedestrian phase at traffic signal junction,Darkness: Street lights present and lit,Fine without high winds,Dry,None,None,1,Yes,E01004690,2005
2285,200501CW11635,526480.0,181010.0,-0.178661,51.513812,1,3,2,1,12/11/2005,7,17:16,1,E09000033,5,0,Single carriageway,30,Automatic traffic signal,4,410,None within 50 metres,Pedestrian phase at traffic signal junction,Daylight: Street light present,Fine without high winds,Dry,None,None,1,Yes,E01004694,2005
2286,200501CW11636,522620.0,182970.0,-0.233578,51.532277,1,3,2,1,20/10/2005,5,15:00,28,E09000005,3,404,Single carriageway,30,Giveway or uncontrolled,5,0,None within 50 metres,No physical crossing within 50 meters,Daylight: Street light present,Fine without high winds,Dry,None,None,1,No,E01000531,2005
2287,200501CW11637,528040.0,181040.0,-0.156181,51.51373,1,3,2,1,09/11/2005,4,17:59,1,E09000033,3,40,Single carriageway,30,Automatic traffic signal,3,41,None within 50 metres,Pedestrian phase at traffic signal junction,Darkness: Street lights present and lit,Fine without high winds,Dry,None,None,1,Yes,E01004657,2005
2288,200501CW11639,528540.0,179790.0,-0.149435,51.502383,1,3,1,1,09/11/2005,4,00:05,1,E09000033,5,0,Slip road,30,Automatic traffic signal,3,4,None within 50 metres,No physical crossing within 50 meters,Darkness: Street lights present and lit,Raining without high winds,Wet/Damp,None,None,1,Yes,E01004736,2005
2289,200501CW11640,528980.0,180280.0,-0.14292,51.506686,1,3,2,1,09/11/2005,4,15:13,1,E09000033,3,4,Single carriageway,30,Giveway or uncontrolled,5,0,None within 50 metres,No physical crossing within 50 meters,Daylight: Street light present,Fine without high winds,Dry,None,None,1,Yes,E01004761,2005
2290,200501CW11642,528840.0,181190.0,-0.144603,51.514896,1,3,1,3,10/11/2005,5,13:00,1,E09000033,3,40,Single carriageway,30,Automatic traffic signal,3,40,None within 50 metres,Pedestrian phase at traffic signal junction,Daylight: Street light present,Fine without high winds,Dry,None,None,1,Yes,E01004765,2005
2291,200501CW11643,529130.0,180960.0,-0.140511,51.512763,1,3,1,1,06/11/2005,1,03:30,1,E09000033,3,4201,Single carriageway,30,None,-1,0,None within 50 metres,No physical crossing within 50 meters,Darkness: Street lights present and lit,Fine without high winds,Dry,None,None,1,No,E01004764,2005
2292,200501CW11646,526500.0,183060.0,-0.177637,51.532231,1,3,1,1,16/10/2005,1,13:02,1,E09000033,4,507,Single carriageway,30,None,-1,0,None within 50 metres,No physical crossing within 50 meters,Daylight: Street light present,Fine without high winds,Dry,None,None,1,No,E01004651,2005
2293,200501CW11647,527370.0,182210.0,-0.165409,51.524396,1,3,1,1,14/11/2005,2,19:02,1,E09000033,6,0,Single carriageway,30,Giveway or uncontrolled,6,0,None within 50 metres,No physical crossing within 50 meters,Darkness: Street lights present and lit,Fine without high winds,Dry,None,None,1,Yes,E01004659,2005
2294,200501CW11648,529010.0,181230.0,-0.14214,51.515217,1,2,1,1,08/11/2005,3,19:11,1,E09000033,3,40,Single carriageway,30,Automatic traffic signal,3,4201,None within 50 metres,No physical crossing within 50 meters,Darkness: Street lights present and lit,Fine without high winds,Dry,None,None,1,No,E01004764,2005
2295,200501CW11649,526500.0,182300.0,-0.17791,51.5254,1,3,2,1,18/10/2005,3,17:30,1,E09000033,3,5,Dual carriageway,40,Giveway or uncontrolled,6,0,None within 50 metres,No physical crossing within 50 meters,Daylight: Street light present,Fine without high winds,Dry,None,None,1,No,E01004728,2005
2296,200501CW11650,530250.0,178990.0,-0.125106,51.494802,1,3,2,1,18/10/2005,3,19:15,1,E09000033,3,3212,Single carriageway,30,Giveway or uncontrolled,3,3203,None within 50 metres,No physical crossing within 50 meters,Daylight: Street light present,Fine without high winds,Dry,None,None,1,No,E01004733,2005
2297,200501CW11651,529260.0,180470.0,-0.138818,51.50833,1,3,1,1,17/08/2005,4,14:35,1,E09000033,3,4,One way street,30,Automatic traffic signal,6,0,None within 50 metres,No physical crossing within 50 meters,Daylight: Street light present,Fine without high winds,Dry,None,None,1,Yes,E01004736,2005
2298,200501CW11652,526830.0,182470.0,-0.173095,51.526854,1,2,2,1,13/11/2005,1,20:15,1,E09000033,4,507,Single carriageway,30,Giveway or uncontrolled,6,0,None within 50 metres,No physical crossing within 50 meters,Darkness: Street lights present and lit,Fine without high winds,Dry,None,None,1,Yes,E01004728,2005
2299,200501CW11653,530050.0,180320.0,-0.127496,51.506801,1,3,1,1,17/11/2005,5,03:01,1,E09000033,3,3212,Single carriageway,30,None,-1,0,None within 50 metres,No physical crossing within 50 meters,Darkness: Street lights present and lit,Fine without high winds,Dry,None,None,1,Yes,E01004736,2005
2300,200501CW11654,530410.0,180300.0,-0.122319,51.506538,1,3,1,1,13/11/2005,1,12:50,1,E09000033,3,3211,Single carriageway,30,Authorised person,4,308,None within 50 metres,Central refuge,Daylight: Street light present,Fine without high winds,Dry,None,None,1,Yes,E01004733,2005
2301,200501CW11655,528950.0,179300.0,-0.14371,51.497886,1,3,2,1,18/11/2005,6,13:00,1,E09000033,3,3217,Single carriageway,30,Automatic traffic signal,3,3214,None within 50 metres,Pedestrian phase at traffic signal junction,Daylight: Street light present,Fine without high winds,Dry,None,None,1,Yes,E01004731,2005
2302,200501CW11656,528810.0,181720.0,-0.144842,51.519666,1,2,2,2,18/11/2005,6,19:30,1,E09000033,3,4201,One way street,30,Automatic traffic signal,5,0,None within 50 metres,Pedestrian phase at traffic signal junction,Darkness: Street lights present and lit,Fine without high winds,Dry,None,None,1,Yes,E01004765,2005
2303,200501CW11659,528200.0,181050.0,-0.153873,51.513784,1,2,1,1,19/11/2005,7,19:58,1,E09000033,3,40,Single carriageway,30,Automatic traffic signal,3,41,None within 50 metres,Pedestrian phase at traffic signal junction,Daylight: Street light present,Fine without high winds,Dry,None,None,1,Yes,E01004762,2005
2304,200501CW11660,528160.0,181050.0,-0.154449,51.513793,1,3,2,1,22/10/2005,7,15:35,1,E09000033,3,40,Single carriageway,30,None,-1,0,None within 50 metres,Pedestrian phase at traffic signal junction,Daylight: Street light present,Fine without high winds,Dry,None,None,1,No,E01004762,2005
2305,200501CW11662,528420.0,179890.0,-0.151126,51.503309,1,3,2,1,22/10/2005,7,06:40,1,E09000033,3,4202,Roundabout,30,Giveway or uncontrolled,3,4,None within 50 metres,No physical crossing within 50 meters,Darkness: Street lights present and lit,Fine without high winds,Dry,None,None,1,No,E01004761,2005
2306,200501CW11664,529720.0,179600.0,-0.132513,51.500406,1,3,2,1,04/11/2005,6,07:27,1,E09000033,6,0,Single carriageway,30,Giveway or uncontrolled,6,0,None within 50 metres,No physical crossing within 50 meters,Daylight: Street light present,Fine without high winds,Dry,None,None,1,Yes,E01004731,2005
2307,200501CW11666,528960.0,178740.0,-0.14377,51.492851,1,3,2,1,25/10/2005,3,08:40,1,E09000033,3,3213,Single carriageway,30,Giveway or uncontrolled,6,0,None within 50 metres,No physical crossing within 50 meters,Daylight: Street light present,Fine without high winds,Dry,None,None,1,No,E01004750,2005
2308,200501CW11667,528690.0,178890.0,-0.147603,51.494261,1,3,1,1,25/10/2005,3,19:40,1,E09000033,3,3213,Single carriageway,30,Giveway or uncontrolled,6,0,None within 50 metres,No physical crossing within 50 meters,Daylight: Street light present,Fine without high winds,Dry,None,None,1,No,E01004750,2005
2309,200501CW11668,529280.0,178780.0,-0.139149,51.493138,1,3,2,1,25/10/2005,3,12:30,1,E09000033,3,202,Single carriageway,30,None,-1,0,None within 50 metres,No physical crossing within 50 meters,Daylight: Street light present,Fine without high winds,Dry,None,None,1,No,E01004749,2005
2310,200501CW11669,528920.0,181860.0,-0.143206,51.520899,1,3,2,1,26/10/2005,4,09:30,1,E09000033,4,506,Single carriageway,30,None,-1,0,None within 50 metres,No physical crossing within 50 meters,Daylight: Street light present,Fine without high winds,Dry,None,None,1,No,E01004713,2005
2311,200501CW11670,527980.0,181760.0,-0.156784,51.520214,1,3,2,1,05/11/2005,7,07:32,1,E09000033,4,524,One way street,30,Automatic traffic signal,3,41,None within 50 metres,No physical crossing within 50 meters,Daylight: Street light present,Fine without high winds,Dry,Auto traffic singal out,None,1,Yes,E01004712,2005
2312,200501CW11671,528810.0,181730.0,-0.144838,51.519756,1,2,1,1,05/11/2005,7,21:47,1,E09000033,3,4201,One way street,30,Automatic traffic signal,5,0,None within 50 metres,Pedestrian phase at traffic signal junction,Darkness: Street lights present and lit,Fine without high winds,Dry,None,None,1,Yes,E01004713,2005
2313,200501CW11672,529930.0,180980.0,-0.128981,51.51276,1,3,1,1,24/10/2005,2,15:45,1,E09000033,3,400,Single carriageway,30,Giveway or uncontrolled,6,0,None within 50 metres,No physical crossing within 50 meters,Daylight: Street light present,Fine without high winds,Dry,None,None,1,Yes,E01004734,2005
2314,200501CW11673,529200.0,179770.0,-0.139938,51.502053,1,3,2,1,01/11/2005,3,08:30,1,E09000033,5,0,Single carriageway,30,None,-1,0,None within 50 metres,No physical crossing within 50 meters,Daylight: Street light present,Fine without high winds,Wet/Damp,None,None,1,Yes,E01004731,2005
2315,200501CW11674,530640.0,180960.0,-0.118763,51.512416,1,3,2,1,01/11/2005,3,16:50,1,E09000033,3,4,One way street,30,None,-1,0,None within 50 metres,No physical crossing within 50 meters,Darkness: Street lights present and lit,Fine without high winds,Dry,None,None,1,Yes,E01004735,2005
2316,200501CW11675,528070.0,181470.0,-0.155593,51.517588,1,3,1,1,01/11/2005,3,09:27,1,E09000033,3,41,One way street,30,None,-1,0,None within 50 metres,No physical crossing within 50 meters,Daylight: Street light present,Fine without high winds,Wet/Damp,None,None,1,No,E01004714,2005
2317,200501CW11676,529840.0,180960.0,-0.130285,51.512601,1,3,2,1,01/11/2005,3,18:38,1,E09000033,3,401,Single carriageway,30,Giveway or uncontrolled,6,0,None within 50 metres,No physical crossing within 50 meters,Darkness: Street lights present and lit,Fine without high winds,Dry,None,None,1,Yes,E01004734,2005
2318,200501CW11677,530570.0,180800.0,-0.11983,51.510995,1,3,2,1,02/11/2005,4,13:07,1,E09000033,3,4,Single carriageway,30,Giveway or uncontrolled,6,0,None within 50 metres,No physical crossing within 50 meters,Daylight: Street light present,Fine without high winds,Dry,None,None,1,Yes,E01004735,2005
2319,200501CW11680,529530.0,179270.0,-0.13537,51.497484,1,3,1,1,02/11/2005,4,15:50,1,E09000033,3,302,Single carriageway,30,Automatic traffic signal,4,323,None within 50 metres,Pedestrian phase at traffic signal junction,Daylight: Street light present,Other,Wet/Damp,None,None,1,Yes,E01004731,2005
2320,200501CW11682,529110.0,179770.0,-0.141234,51.502073,1,3,2,1,03/11/2005,5,11:25,1,E09000033,6,0,Single carriageway,30,None,-1,0,None within 50 metres,No physical crossing within 50 meters,Daylight: Street light present,Fine without high winds,Wet/Damp,None,None,1,Yes,E01004736,2005
2321,200501CW11683,528510.0,182110.0,-0.149021,51.523239,1,3,2,1,18/10/2005,3,15:30,1,E09000033,3,501,Dual carriageway,30,Automatic traffic signal,5,0,None within 50 metres,Pedestrian phase at traffic signal junction,Daylight: Street light present,Fine without high winds,Dry,None,None,1,No,E01004716,2005
2322,200501CW11684,525400.0,183640.0,-0.193281,51.537688,1,3,2,1,04/11/2005,6,18:10,2,E09000007,3,5,Single carriageway,30,Giveway or uncontrolled,6,0,None within 50 metres,No physical crossing within 50 meters,Darkness: Street lights present and lit,Fine without high winds,Dry,None,None,1,No,E01000548,2005
2323,200501CW11687,526910.0,181050.0,-0.172453,51.514075,1,3,1,2,03/10/2005,2,08:00,1,E09000033,5,0,Single carriageway,30,Giveway or uncontrolled,6,0,None within 50 metres,No physical crossing within 50 meters,Daylight: Street light present,Fine without high winds,Dry,None,None,1,No,E01004683,2005
2324,200501CW11688,524790.0,182890.0,-0.202338,51.531083,1,3,2,1,31/10/2005,2,13:00,1,E09000033,5,0,Single carriageway,30,Giveway or uncontrolled,6,0,None within 50 metres,No physical crossing within 50 meters,Daylight: Street light present,Fine without high winds,Dry,None,None,1,No,E01004723,2005
2325,200501CW11690,527950.0,181850.0,-0.157183,51.52103,1,3,1,1,19/10/2005,4,19:14,1,E09000033,3,41,One way street,30,Giveway or uncontrolled,6,0,None within 50 metres,non-junction pedestrian crossing,Darkness: Street lights present and lit,Raining without high winds,Wet/Damp,None,None,1,Yes,E01004660,2005
2326,200501CW11691,528640.0,181670.0,-0.147309,51.519256,1,3,1,1,16/11/2005,4,10:50,1,E09000033,5,0,Single carriageway,30,Automatic traffic signal,5,0,None within 50 metres,No physical crossing within 50 meters,Daylight: Street light present,Fine without high winds,Dry,None,None,1,No,E01004713,2005
2327,200501CW11693,528520.0,181110.0,-0.149242,51.51425,1,3,1,2,16/11/2005,4,17:55,1,E09000033,5,0,Single carriageway,30,Automatic traffic signal,3,40,None within 50 metres,Pedestrian phase at traffic signal junction,Darkness: Street lights present and lit,Fine without high winds,Dry,None,None,1,No,E01004764,2005
2328,200501CW11696,530420.0,180350.0,-0.122157,51.506985,1,3,2,1,11/11/2005,6,01:25,1,E09000033,3,3211,Dual carriageway,30,None,-1,0,None within 50 metres,No physical crossing within 50 meters,Darkness: Street lights present and lit,Fine without high winds,Dry,None,None,1,No,E01004733,2005
2329,200501CW11697,527450.0,181280.0,-0.164592,51.51602,1,2,1,1,20/07/2005,4,17:15,1,E09000033,3,5,Dual carriageway,30,None,-1,0,None within 50 metres,No physical crossing within 50 meters,Daylight: Street light present,Fine without high winds,Dry,None,None,1,Yes,E01004686,2005
2330,200501CW11698,528130.0,178350.0,-0.155861,51.489535,1,3,2,1,27/10/2005,5,18:15,12,E09000020,3,3214,Single carriageway,30,Automatic traffic signal,3,3216,None within 50 metres,Pedestrian phase at traffic signal junction,Darkness: Street lights present and lit,Fine without high winds,Dry,None,None,1,Yes,E01002902,2005
2331,200501CW11700,529280.0,178280.0,-0.139332,51.488644,1,2,2,1,18/11/2005,6,19:00,1,E09000033,6,0,Single carriageway,30,None,-1,0,None within 50 metres,No physical crossing within 50 meters,Darkness: Street lights present and lit,Fine without high winds,Dry,None,None,1,No,E01004752,2005
2332,200501CW11701,528710.0,179800.0,-0.146983,51.502434,1,3,2,1,18/11/2005,6,07:47,1,E09000033,5,0,Single carriageway,30,None,-1,0,None within 50 metres,No physical crossing within 50 meters,Daylight: Street light present,Fine without high winds,Dry,None,None,1,No,E01004736,2005
2333,200501CW11703,530050.0,179680.0,-0.127732,51.501049,1,3,2,1,01/11/2005,3,08:50,1,E09000033,3,302,Single carriageway,30,Automatic traffic signal,3,3214,None within 50 metres,Pedestrian phase at traffic signal junction,Daylight: Street light present,Fine without high winds,Dry,None,None,1,Yes,E01004733,2005
2334,200501CW11704,530710.0,181080.0,-0.11771,51.513479,1,3,1,1,01/11/2005,3,20:50,1,E09000033,3,4200,Dual carriageway,30,None,-1,0,None within 50 metres,Pedestrian phase at traffic signal junction,Darkness: Street lights present and lit,Fine without high winds,Dry,None,None,1,Yes,E01004735,2005
2335,200501CW11706,527160.0,181590.0,-0.168658,51.518872,1,3,1,2,09/11/2005,4,09:45,1,E09000033,3,5,Single carriageway,30,Giveway or uncontrolled,6,0,None within 50 metres,No physical crossing within 50 meters,Daylight: Street light present,Fine without high winds,Dry,None,None,1,Yes,E01004685,2005
2336,200501CW11707,529420.0,178680.0,-0.13717,51.492207,1,3,2,1,10/11/2005,5,08:55,1,E09000033,3,202,Single carriageway,30,Giveway or uncontrolled,6,0,None within 50 metres,No physical crossing within 50 meters,Daylight: Street light present,Fine without high winds,Dry,None,None,1,Yes,E01004740,2005
2337,200501CW11708,529820.0,181370.0,-0.130422,51.51629,1,3,2,1,11/11/2005,6,08:45,2,E09000007,3,40,One way street,30,Automatic traffic signal,3,40,None within 50 metres,Pedestrian phase at traffic signal junction,Daylight: Street light present,Fine without high winds,Dry,None,None,1,Yes,E01004763,2005
2338,200501CW11709,526470.0,182350.0,-0.178325,51.525857,1,3,2,1,11/11/2005,6,18:11,1,E09000033,3,5,Single carriageway,30,Giveway or uncontrolled,4,413,None within 50 metres,No physical crossing within 50 meters,Darkness: Street lights present and lit,Raining without high winds,Wet/Damp,None,None,1,Yes,E01004729,2005
2339,200501CW11710,529910.0,181010.0,-0.129258,51.513034,1,3,1,1,12/11/2005,7,03:30,1,E09000033,3,400,Single carriageway,30,Automatic traffic signal,3,401,None within 50 metres,Pedestrian phase at traffic signal junction,Darkness: Street lights present and lit,Fine without high winds,Dry,None,None,1,Yes,E01004734,2005
2340,200501CW11711,527650.0,181070.0,-0.161787,51.514088,1,2,2,1,14/11/2005,2,18:05,1,E09000033,3,5,Dual carriageway,20,Automatic traffic signal,3,5,None within 50 metres,No physical crossing within 50 meters,Darkness: Street lights present and lit,Fine without high winds,Dry,None,None,1,Yes,E01004680,2005
2341,200501CW11715,526440.0,181050.0,-0.179223,51.51418,1,3,2,1,22/11/2005,3,12:50,1,E09000033,5,0,Single carriageway,30,None,-1,0,None within 50 metres,No physical crossing within 50 meters,Daylight: Street light present,Fine without high winds,Dry,None,None,1,Yes,E01004697,2005
2342,200501CW11716,527590.0,180940.0,-0.162699,51.512933,1,3,2,1,25/11/2005,6,01:10,1,E09000033,3,402,Dual carriageway,30,None,-1,0,None within 50 metres,No physical crossing within 50 meters,Darkness: Street lights present and lit,Fine without high winds,Dry,None,None,1,Yes,E01004680,2005
2343,200501CW11717,526940.0,182390.0,-0.171539,51.526111,1,3,2,1,18/11/2005,6,10:20,1,E09000033,4,507,Single carriageway,30,Giveway or uncontrolled,6,0,None within 50 metres,Zebra crossing,Daylight: Street light present,Fine without high winds,Dry,None,None,1,Yes,E01004672,2005
2344,200501CW11718,530050.0,180510.0,-0.127426,51.508508,1,3,1,1,20/11/2005,1,18:30,1,E09000033,3,4,One way street,30,Automatic traffic signal,3,400,None within 50 metres,Pedestrian phase at traffic signal junction,Darkness: Street lights present and lit,Fine without high winds,Dry,None,None,1,Yes,E01004736,2005
2345,200501CW11720,528680.0,181150.0,-0.146923,51.514573,1,3,1,2,20/11/2005,1,20:55,1,E09000033,3,40,Single carriageway,30,Automatic traffic signal,4,406,None within 50 metres,No physical crossing within 50 meters,Darkness: Street lights present and lit,Fine without high winds,Dry,None,None,1,Yes,E01004764,2005
2346,200501CW11721,528480.0,179620.0,-0.15036,51.500869,1,3,1,1,20/11/2005,1,07:55,1,E09000033,3,302,Single carriageway,30,None,-1,0,None within 50 metres,No physical crossing within 50 meters,Daylight: Street light present,Fine without high winds,Frost/Ice,None,None,1,Yes,E01004690,2005
2347,200501CW11722,528220.0,180400.0,-0.153821,51.507938,1,3,2,1,20/11/2005,1,19:30,1,E09000033,3,4202,Single carriageway,30,Giveway or uncontrolled,3,4202,None within 50 metres,No physical crossing within 50 meters,Darkness: Street lights present and lit,Fine without high winds,Dry,None,None,1,Yes,E01004689,2005
2348,200501CW11723,530450.0,180410.0,-0.121702,51.507518,1,3,1,1,20/11/2005,1,05:15,1,E09000033,3,3211,Single carriageway,30,None,-1,0,None within 50 metres,No physical crossing within 50 meters,Darkness: Street lights present and lit,Fine without high winds,Frost/Ice,None,None,1,Yes,E01004733,2005
2349,200501CW11725,526240.0,181250.0,-0.182032,51.516022,1,3,2,1,20/11/2005,1,02:10,1,E09000033,5,0,Single carriageway,30,Giveway or uncontrolled,6,0,None within 50 metres,No physical crossing within 50 meters,Darkness: Street lights present and lit,Fine without high winds,Frost/Ice,None,None,1,Yes,E01004697,2005
2350,200501CW11726,527480.0,181240.0,-0.164174,51.515654,1,3,2,3,23/11/2005,4,13:17,1,E09000033,3,5,Single carriageway,30,Automatic traffic signal,3,5,None within 50 metres,Pedestrian phase at traffic signal junction,Daylight: Street light present,Fine without high winds,Dry,None,None,1,Yes,E01004686,2005
2351,200501CW11727,524830.0,182280.0,-0.201978,51.525592,1,3,1,1,23/11/2005,4,12:00,1,E09000033,6,0,One way street,30,None,-1,0,None within 50 metres,No physical crossing within 50 meters,Daylight: Street light present,Fine without high winds,Dry,None,None,1,Yes,E01004674,2005
2352,200501CW11728,527410.0,181920.0,-0.164937,51.521781,1,3,2,1,23/11/2005,4,18:16,1,E09000033,4,507,Single carriageway,30,Giveway or uncontrolled,6,0,None within 50 metres,Zebra crossing,Darkness: Street lights present and lit,Fine without high winds,Wet/Damp,None,None,1,Yes,E01004673,2005
2353,200501CW11729,527320.0,180900.0,-0.166602,51.512635,1,3,2,1,01/08/2005,2,22:20,1,E09000033,6,0,Single carriageway,30,Giveway or uncontrolled,3,402,None within 50 metres,No physical crossing within 50 meters,Daylight: Street light present,Fine without high winds,Dry,None,None,1,Yes,E01004680,2005
2354,200501CW11730,528720.0,182600.0,-0.145817,51.527595,1,3,2,1,23/11/2005,4,09:10,2,E09000007,6,0,One way street,30,None,-1,0,None within 50 metres,No physical crossing within 50 meters,Daylight: Street light present,Fine without high winds,Dry,None,None,1,Yes,E01000946,2005
2355,200501CW11731,529620.0,180670.0,-0.13356,51.510045,1,3,1,1,23/11/2005,4,15:06,1,E09000033,3,4201,One way street,30,Automatic traffic signal,3,4,None within 50 metres,Pedestrian phase at traffic signal junction,Daylight: Street light present,Fine without high winds,Dry,None,None,1,Yes,E01004736,2005
2356,200501CW11735,529860.0,180970.0,-0.129993,51.512686,1,3,2,1,23/11/2005,4,11:50,1,E09000033,3,401,Single carriageway,30,Giveway or uncontrolled,6,0,None within 50 metres,No physical crossing within 50 meters,Daylight: Street light present,Fine without high winds,Dry,None,None,1,Yes,E01004734,2005
2357,200501CW11737,528080.0,181030.0,-0.155608,51.513631,1,3,1,1,19/11/2005,7,16:55,1,E09000033,3,40,Single carriageway,30,None,-1,0,None within 50 metres,Zebra crossing,Darkness: Street lights present and lit,Fine without high winds,Dry,None,None,1,Yes,E01004762,2005
2358,200501CW11738,526650.0,180750.0,-0.176306,51.511437,1,3,2,1,21/11/2005,2,16:43,1,E09000033,3,4209,One way street,30,Automatic traffic signal,3,402,None within 50 metres,Pedestrian phase at traffic signal junction,Darkness: Street lights present and lit,Fine without high winds,Dry,None,None,1,Yes,E01004689,2005
2359,200501CW11739,527850.0,180900.0,-0.158968,51.512515,1,2,1,2,29/10/2005,7,03:25,1,E09000033,3,4202,Single carriageway,30,Automatic traffic signal,3,40,None within 50 metres,No physical crossing within 50 meters,Darkness: Street lights present and lit,Fine without high winds,Dry,None,None,1,Yes,E01004689,2005
2360,200501CW11740,529460.0,179950.0,-0.136128,51.503611,1,3,2,1,16/11/2005,4,22:00,1,E09000033,5,0,Single carriageway,30,Automatic traffic signal,6,0,None within 50 metres,Pedestrian phase at traffic signal junction,Darkness: Street lights present and lit,Fine without high winds,Dry,None,None,1,Yes,E01004736,2005
2361,200501CW11741,529820.0,180400.0,-0.130779,51.507573,1,3,1,1,17/11/2005,5,15:25,1,E09000033,3,4,One way street,30,Automatic traffic signal,3,4,None within 50 metres,Pedestrian phase at traffic signal junction,Daylight: Street light present,Fine without high winds,Dry,None,None,1,Yes,E01004736,2005
2362,200501CW11743,529960.0,180890.0,-0.128582,51.511944,1,3,1,1,24/11/2005,5,12:31,1,E09000033,3,400,Single carriageway,30,None,-1,0,None within 50 metres,No physical crossing within 50 meters,Daylight: Street light present,Fine without high winds,Wet/Damp,None,None,1,Yes,E01004734,2005
2363,200501CW11744,527430.0,181820.0,-0.164685,51.520878,1,3,2,1,24/11/2005,5,08:10,1,E09000033,3,501,Dual carriageway,30,None,-1,0,None within 50 metres,No physical crossing within 50 meters,Daylight: Street light present,Fine without high winds,Wet/Damp,None,None,1,Yes,E01004673,2005
2364,200501CW11745,529270.0,180180.0,-0.13878,51.505722,1,3,3,1,25/11/2005,6,21:03,1,E09000033,3,4,Single carriageway,30,Giveway or uncontrolled,6,0,None within 50 metres,No physical crossing within 50 meters,Darkness: Street lights present and lit,Fine without high winds,Dry,None,None,1,Yes,E01004736,2005
2365,200501CW11746,525400.0,181160.0,-0.194164,51.5154,1,3,2,1,25/11/2005,6,21:23,1,E09000033,6,0,Single carriageway,30,None,-1,0,None within 50 metres,No physical crossing within 50 meters,Darkness: Street lights present and lit,Fine without high winds,Dry,None,None,1,Yes,E01004653,2005
2366,200501CW11747,527620.0,182380.0,-0.161745,51.525868,1,3,1,1,26/11/2005,7,03:15,1,E09000033,3,41,Dual carriageway,30,None,-1,0,None within 50 metres,Pedestrian phase at traffic signal junction,Darkness: Street lights present and lit,Raining without high winds,Wet/Damp,None,None,1,Yes,E01004727,2005
2367,200501CW11748,528440.0,181100.0,-0.150398,51.514179,1,3,1,2,27/11/2005,1,20:25,1,E09000033,3,40,Single carriageway,30,Automatic traffic signal,3,40,None within 50 metres,Pedestrian phase at traffic signal junction,Darkness: Street lights present and lit,Fine without high winds,Dry,None,None,1,Yes,E01004764,2005
2368,200501CW11749,530170.0,179500.0,-0.12607,51.499404,1,3,2,1,19/08/2005,6,18:00,1,E09000033,3,3212,Single carriageway,30,None,-1,0,None within 50 metres,non-junction pedestrian crossing,Daylight: Street light present,Fine without high winds,Wet/Damp,None,None,1,Yes,E01004733,2005
2369,200501CW11750,527740.0,179680.0,-0.160994,51.501576,1,3,1,1,28/11/2005,2,10:25,1,E09000033,3,315,Single carriageway,30,Automatic traffic signal,3,4,None within 50 metres,Pedestrian phase at traffic signal junction,Daylight: Street light present,Fine without high winds,Dry,None,None,1,Yes,E01004689,2005
2370,200501CW11751,529430.0,181310.0,-0.136061,51.51584,1,3,1,1,14/08/2005,1,18:00,1,E09000033,3,40,Single carriageway,30,Automatic traffic signal,5,0,None within 50 metres,Pedestrian phase at traffic signal junction,Daylight: Street light present,Fine without high winds,Dry,None,None,1,Yes,E01004763,2005
2371,200501CW11752,528660.0,181150.0,-0.147211,51.514578,1,2,1,1,25/11/2005,6,02:45,1,E09000033,3,40,Single carriageway,30,Automatic traffic signal,4,406,None within 50 metres,Pedestrian phase at traffic signal junction,Darkness: Street lights present and lit,Fine without high winds,Dry,None,None,1,Yes,E01004714,2005
2372,200501CW11753,524680.0,182260.0,-0.204146,51.525445,1,3,2,1,26/08/2005,6,18:30,1,E09000033,3,404,Single carriageway,30,Giveway or uncontrolled,6,0,None within 50 metres,No physical crossing within 50 meters,Darkness: Street lights present and lit,Fine without high winds,Dry,None,None,1,Yes,E01004679,2005
2373,200501CW11754,524870.0,182130.0,-0.201454,51.524235,1,2,1,1,26/11/2005,7,20:00,1,E09000033,4,414,Single carriageway,30,Automatic traffic signal,3,404,None within 50 metres,Pedestrian phase at traffic signal junction,Darkness: Street lights present and lit,Fine without high winds,Dry,None,None,1,No,E01004675,2005
2374,200501CW11757,528840.0,179090.0,-0.14537,51.496024,1,3,1,1,30/11/2005,4,18:30,1,E09000033,3,3214,Single carriageway,20,Automatic traffic signal,3,3214,None within 50 metres,Pedestrian phase at traffic signal junction,Darkness: Street lights present and lit,Fine without high winds,Dry,None,None,1,Yes,E01004750,2005
2375,200501CW11758,526740.0,181260.0,-0.174826,51.516,1,3,1,1,29/11/2005,3,10:17,1,E09000033,3,4205,Single carriageway,30,Automatic traffic signal,5,0,None within 50 metres,Pedestrian phase at traffic signal junction,Daylight: Street light present,Fine without high winds,Dry,None,None,1,Yes,E01004685,2005
2376,200501CW11759,530620.0,180840.0,-0.119095,51.511343,1,3,1,1,29/11/2005,3,20:30,1,E09000033,3,4,One way street,30,Automatic traffic signal,3,4,None within 50 metres,Pedestrian phase at traffic signal junction,Darkness: Street lights present and lit,Fine without high winds,Dry,None,None,1,Yes,E01004735,2005
2377,200501CW11760,528250.0,179290.0,-0.153792,51.497955,1,3,1,1,29/11/2005,3,21:03,1,E09000033,4,319,Single carriageway,30,Giveway or uncontrolled,4,310,None within 50 metres,Central refuge,Darkness: Street lights present and lit,Fine without high winds,Dry,None,None,1,Yes,E01004690,2005
2378,200501CW11761,526580.0,183520.0,-0.176319,51.536347,1,3,2,1,29/11/2005,3,19:36,1,E09000033,3,41,Single carriageway,30,Giveway or uncontrolled,5,0,None within 50 metres,No physical crossing within 50 meters,Darkness: Street lights present and lit,Fine without high winds,Dry,None,None,1,Yes,E01004649,2005
2379,200501CW11762,529000.0,179110.0,-0.143059,51.496167,1,3,1,1,30/11/2005,4,12:10,1,E09000033,3,202,One way street,30,Giveway or uncontrolled,3,202,None within 50 metres,non-junction pedestrian crossing,Daylight: Street light present,Fine without high winds,Dry,None,None,1,Yes,E01004750,2005
2380,200501CW11763,529000.0,181310.0,-0.142255,51.515938,1,3,1,1,01/12/2005,5,10:25,1,E09000033,3,4201,Single carriageway,30,Giveway or uncontrolled,6,0,None within 50 metres,No physical crossing within 50 meters,Daylight: Street light present,Raining without high winds,Wet/Damp,None,None,1,Yes,E01004764,2005
2381,200501CW11764,525160.0,182530.0,-0.197134,51.527766,1,2,1,1,02/12/2005,6,18:10,1,E09000033,6,0,Single carriageway,30,Automatic traffic signal,4,413,None within 50 metres,Pedestrian phase at traffic signal junction,Darkness: Street lights present and lit,Raining without high winds,Wet/Damp,None,None,1,Yes,E01004675,2005
2382,200501CW11765,529380.0,180950.0,-0.136914,51.512616,1,3,1,1,02/12/2005,6,12:25,1,E09000033,5,0,Single carriageway,30,Giveway or uncontrolled,6,0,None within 50 metres,No physical crossing within 50 meters,Daylight: Street light present,Raining without high winds,Wet/Damp,None,None,1,Yes,E01004764,2005
2383,200501CW11766,526220.0,181420.0,-0.182259,51.517554,1,2,1,1,01/12/2005,5,11:15,1,E09000033,5,0,Single carriageway,30,Automatic traffic signal,3,4206,None within 50 metres,Pedestrian phase at traffic signal junction,Daylight: Street light present,Fine without high winds,Dry,None,None,1,Yes,E01004656,2005
2384,200501CW11767,528700.0,179780.0,-0.147134,51.502257,1,3,2,1,01/12/2005,5,18:00,1,E09000033,5,0,Single carriageway,30,None,-1,0,None within 50 metres,No physical crossing within 50 meters,Darkness: Street lights present and lit,Raining without high winds,Wet/Damp,None,None,1,Yes,E01004731,2005
2385,200501CW11768,526810.0,183170.0,-0.173131,51.53315,1,2,1,1,02/11/2005,4,21:00,1,E09000033,3,41,Single carriageway,30,Automatic traffic signal,5,0,None within 50 metres,Pedestrian phase at traffic signal junction,Darkness: Street lights present and lit,Raining without high winds,Wet/Damp,None,None,1,Yes,E01004647,2005
2386,200501CW11769,529090.0,180370.0,-0.141303,51.50747,1,3,1,1,02/12/2005,6,12:05,1,E09000033,3,4,Single carriageway,30,Automatic traffic signal,5,0,None within 50 metres,No physical crossing within 50 meters,Daylight: Street light present,Fine without high winds,Dry,None,None,1,Yes,E01004761,2005
2387,200501CW11770,527970.0,181760.0,-0.156928,51.520217,1,3,1,1,02/12/2005,6,17:55,1,E09000033,5,0,Single carriageway,30,Automatic traffic signal,3,41,None within 50 metres,Pedestrian phase at traffic signal junction,Darkness: Street lights present and lit,Raining without high winds,Wet/Damp,None,None,1,Yes,E01004712,2005
2388,200501CW11771,528180.0,181050.0,-0.154161,51.513788,1,2,1,2,01/12/2005,5,04:44,1,E09000033,3,40,Single carriageway,30,Automatic traffic signal,3,41,None within 50 metres,Pedestrian phase at traffic signal junction,Darkness: Street lights present and lit,Fine without high winds,Dry,None,None,1,Yes,E01004762,2005
2389,200501CW11772,526590.0,183470.0,-0.176193,51.535895,1,3,2,1,02/12/2005,6,12:50,1,E09000033,3,41,Single carriageway,30,Automatic traffic signal,3,41,None within 50 metres,No physical crossing within 50 meters,Daylight: Street light present,Fine without high winds,Dry,None,None,1,Yes,E01004649,2005
2390,200501CW11777,527340.0,182620.0,-0.165693,51.528088,1,3,1,1,02/12/2005,6,04:50,1,E09000033,3,41,Single carriageway,30,Automatic traffic signal,6,0,None within 50 metres,Pedestrian phase at traffic signal junction,Darkness: Street lights present and lit,Fine without high winds,Dry,None,Other object in carriageway,1,Yes,E01004725,2005
2391,200501CW11779,527660.0,181890.0,-0.161346,51.521455,1,2,1,1,04/12/2005,1,23:00,1,E09000033,3,501,Single carriageway,30,Automatic traffic signal,6,0,None within 50 metres,Pedestrian phase at traffic signal junction,Darkness: Street lights present and lit,Fine without high winds,Dry,None,None,1,Yes,E01004662,2005
2392,200501CW11780,525150.0,182510.0,-0.197286,51.527588,1,2,1,1,06/12/2005,3,12:20,1,E09000033,4,413,Single carriageway,30,Automatic traffic signal,4,414,None within 50 metres,Pedestrian phase at traffic signal junction,Daylight: Street light present,Fine without high winds,Dry,None,None,1,Yes,E01004675,2005
2393,200501CW11781,528690.0,181150.0,-0.146779,51.514571,1,3,1,1,05/12/2005,2,17:30,1,E09000033,3,40,Single carriageway,30,Automatic traffic signal,4,406,None within 50 metres,Pedestrian phase at traffic signal junction,Darkness: Street lights present and lit,Fine without high winds,Dry,None,None,1,Yes,E01004764,2005
2394,200501CW11782,525690.0,182600.0,-0.189473,51.528277,1,3,1,1,07/12/2005,4,08:18,1,E09000033,5,0,Single carriageway,30,None,-1,0,None within 50 metres,No physical crossing within 50 meters,Daylight: Street light present,Fine without high winds,Dry,None,None,1,Yes,E01004706,2005
2395,200501CW11783,529260.0,180200.0,-0.138917,51.505904,1,3,1,1,06/12/2005,3,22:47,1,E09000033,3,4,Single carriageway,30,Giveway or uncontrolled,6,0,None within 50 metres,Zebra crossing,Darkness: Street lights present and lit,Fine without high winds,Dry,None,None,1,Yes,E01004736,2005
2396,200501CW11784,528340.0,178920.0,-0.152631,51.49461,1,3,2,2,08/12/2005,5,01:40,1,E09000033,6,0,Single carriageway,30,Automatic traffic signal,6,0,None within 50 metres,Pedestrian phase at traffic signal junction,Darkness: Street lights present and lit,Raining without high winds,Wet/Damp,None,None,1,Yes,E01004687,2005
2397,200501CW11786,527460.0,181120.0,-0.164506,51.51458,1,3,2,1,01/11/2005,3,20:45,1,E09000033,5,0,Single carriageway,30,Giveway or uncontrolled,6,0,None within 50 metres,No physical crossing within 50 meters,Darkness: Street lights present and lit,Fine without high winds,Dry,None,None,1,No,E01004680,2005
2398,200501CW11787,528040.0,181030.0,-0.156184,51.51364,1,3,1,1,05/12/2005,2,19:42,1,E09000033,3,40,Single carriageway,30,Automatic traffic signal,3,41,None within 50 metres,Pedestrian phase at traffic signal junction,Darkness: Street lights present and lit,Fine without high winds,Dry,None,None,1,Yes,E01004657,2005
2399,200501CW11789,530240.0,178850.0,-0.125302,51.493546,1,3,2,1,29/11/2005,3,07:30,1,E09000033,3,3212,Dual carriageway,30,None,-1,0,None within 50 metres,No physical crossing within 50 meters,Daylight: Street light present,Fine without high winds,Dry,None,None,1,Yes,E01004745,2005
2400,200501CW11790,530640.0,180970.0,-0.118759,51.512506,1,3,1,1,22/11/2005,3,17:15,1,E09000033,3,4,One way street,30,None,-1,0,None within 50 metres,No physical crossing within 50 meters,Darkness: Street lights present and lit,Fine without high winds,Dry,None,None,1,Yes,E01004735,2005
2401,200501CW11791,529650.0,180420.0,-0.13322,51.507791,1,3,1,1,28/11/2005,2,08:20,1,E09000033,3,4,Single carriageway,30,Giveway or uncontrolled,4,2327,None within 50 metres,No physical crossing within 50 meters,Daylight: Street light present,Fine without high winds,Dry,None,None,1,Yes,E01004736,2005
2402,200501CW11794,527440.0,181850.0,-0.16453,51.521145,1,3,2,1,30/11/2005,4,18:00,1,E09000033,4,507,Single carriageway,30,None,-1,0,None within 50 metres,No physical crossing within 50 meters,Darkness: Street lights present and lit,Fine without high winds,Wet/Damp,None,None,1,Yes,E01004673,2005
2403,200501CW11795,529310.0,178760.0,-0.138724,51.492951,1,3,1,1,28/11/2005,2,13:45,1,E09000033,3,202,Single carriageway,30,None,-1,0,None within 50 metres,No physical crossing within 50 meters,Daylight: Street light present,Fine without high winds,Dry,None,None,1,Yes,E01004749,2005
2404,200501CW11796,528440.0,181100.0,-0.150398,51.514179,1,2,1,1,11/12/2005,1,12:06,1,E09000033,3,40,Single carriageway,30,Automatic traffic signal,3,40,None within 50 metres,Pedestrian phase at traffic signal junction,Daylight: Street light present,Fine without high winds,Dry,None,None,1,Yes,E01004764,2005
2405,200501CW11797,530660.0,181020.0,-0.118452,51.512951,1,3,1,1,09/12/2005,6,11:50,1,E09000033,5,0,Single carriageway,30,Giveway or uncontrolled,3,4,None within 50 metres,No physical crossing within 50 meters,Daylight: Street light present,Fine without high winds,Dry,None,None,1,Yes,E01004735,2005
2406,200501CW11798,528170.0,179230.0,-0.154966,51.497434,1,3,1,1,09/12/2005,6,19:25,1,E09000033,4,319,Single carriageway,30,Giveway or uncontrolled,6,0,None within 50 metres,No physical crossing within 50 meters,Darkness: Street lights present and lit,Fine without high winds,Dry,None,None,1,Yes,E01004691,2005
2407,200501CW11800,528060.0,182010.0,-0.155541,51.522443,1,3,1,1,09/12/2005,6,00:43,1,E09000033,3,501,Single carriageway,30,Automatic traffic signal,5,0,None within 50 metres,Pedestrian phase at traffic signal junction,Darkness: Street lights present and lit,Fine without high winds,Dry,None,None,1,Yes,E01004712,2005
2408,200501CW11801,529760.0,180900.0,-0.131459,51.51208,1,3,1,1,10/12/2005,7,03:10,1,E09000033,3,401,Single carriageway,30,Giveway or uncontrolled,5,0,None within 50 metres,Zebra crossing,Darkness: Street lights present and lit,Fine without high winds,Dry,None,None,1,Yes,E01004734,2005
2409,200501CW11803,530610.0,180620.0,-0.11932,51.509368,1,2,2,1,17/11/2005,5,08:45,1,E09000033,3,3211,Dual carriageway,30,None,-1,0,None within 50 metres,No physical crossing within 50 meters,Daylight: Street light present,Fine without high winds,Dry,None,None,1,No,E01004735,2005
2410,200501CW11806,529050.0,180340.0,-0.14189,51.50721,1,3,2,1,30/11/2005,4,22:50,1,E09000033,3,4,Single carriageway,30,None,-1,0,None within 50 metres,No physical crossing within 50 meters,Darkness: Street lights present and lit,Raining without high winds,Wet/Damp,None,None,1,No,E01004761,2005
2411,200501CW11807,526330.0,182270.0,-0.18037,51.525169,1,3,2,1,13/11/2005,1,18:41,1,E09000033,4,413,Single carriageway,30,Giveway or uncontrolled,6,0,None within 50 metres,No physical crossing within 50 meters,Darkness: Street lights present and lit,Fine without high winds,Dry,None,None,1,Yes,E01004705,2005
2412,200501CW11808,525310.0,182000.0,-0.195162,51.522969,1,2,1,1,24/11/2005,5,21:11,1,E09000033,3,404,Single carriageway,30,Giveway or uncontrolled,6,0,None within 50 metres,Zebra crossing,Darkness: Street lights present and lit,Fine without high winds,Dry,None,None,1,Yes,E01004755,2005
2413,200501CW11809,530320.0,179840.0,-0.123785,51.502425,1,3,2,1,07/12/2005,4,17:40,1,E09000033,3,3211,Single carriageway,30,None,-1,0,None within 50 metres,No physical crossing within 50 meters,Darkness: Street lights present and lit,Fine without high winds,Dry,None,None,1,Yes,E01004733,2005
2414,200501CW11810,528450.0,181100.0,-0.150254,51.514176,1,3,1,1,11/12/2005,1,16:45,1,E09000033,3,40,Single carriageway,30,Automatic traffic signal,3,40,None within 50 metres,Pedestrian phase at traffic signal junction,Darkness: Street lights present and lit,Fine without high winds,Dry,None,None,1,Yes,E01004764,2005
2415,200501CW11811,527060.0,181910.0,-0.169983,51.52177,1,3,1,1,12/12/2005,2,22:50,1,E09000033,6,0,Single carriageway,30,None,-1,0,None within 50 metres,No physical crossing within 50 meters,Darkness: Street lights present and lit,Fine without high winds,Dry,None,None,1,Yes,E01004672,2005
2416,200501CW11812,527930.0,181400.0,-0.157635,51.51699,1,3,2,1,12/12/2005,2,22:00,1,E09000033,3,41,Single carriageway,30,Automatic traffic signal,5,0,None within 50 metres,Pedestrian phase at traffic signal junction,Darkness: Street lights present and lit,Fine without high winds,Dry,None,None,1,Yes,E01004657,2005
2417,200501CW11813,526130.0,182520.0,-0.183162,51.52746,1,3,1,1,05/07/2005,3,08:50,1,E09000033,5,0,Single carriageway,30,Giveway or uncontrolled,5,0,None within 50 metres,Zebra crossing,Daylight: Street light present,Fine without high winds,Dry,None,None,1,Yes,E01004709,2005
2418,200501CW11814,529470.0,177910.0,-0.136732,51.485276,1,3,2,1,22/11/2005,3,19:20,1,E09000033,3,3212,Single carriageway,30,None,-1,0,None within 50 metres,No physical crossing within 50 meters,Darkness: Street lights present and lit,Fine without high winds,Dry,None,None,1,Yes,E01004738,2005
2419,200501CW11815,527840.0,181950.0,-0.158732,51.521954,1,3,2,2,13/12/2005,3,14:31,1,E09000033,3,501,Single carriageway,30,Giveway or uncontrolled,6,0,None within 50 metres,No physical crossing within 50 meters,Daylight: Street light present,Fine without high winds,Dry,None,None,1,Yes,E01004660,2005
2420,200501CW11816,526580.0,183610.0,-0.176287,51.537156,1,3,1,1,09/12/2005,6,16:10,1,E09000033,3,41,Single carriageway,30,None,-1,0,None within 50 metres,No physical crossing within 50 meters,Darkness: Street lights present and lit,Fine without high winds,Dry,None,None,1,No,E01004649,2005
2421,200501CW11817,529350.0,178730.0,-0.138159,51.492672,1,3,2,1,18/11/2005,6,13:19,1,E09000033,4,324,Single carriageway,30,Automatic traffic signal,3,202,None within 50 metres,Pedestrian phase at traffic signal junction,Daylight: Street light present,Fine without high winds,Dry,None,None,1,Yes,E01004740,2005
2422,200501CW11821,529090.0,178830.0,-0.141866,51.49363,1,3,2,1,16/11/2005,4,14:30,1,E09000033,5,0,Single carriageway,30,Giveway or uncontrolled,5,0,None within 50 metres,No physical crossing within 50 meters,Daylight: Street light present,Fine without high winds,Dry,None,None,1,Yes,E01004749,2005
2423,200501CW11822,528390.0,180450.0,-0.151354,51.508348,1,3,2,1,06/12/2005,3,18:58,1,E09000033,5,0,Single carriageway,30,Giveway or uncontrolled,6,0,None within 50 metres,No physical crossing within 50 meters,Darkness: Street lights present and lit,Fine without high winds,Wet/Damp,None,None,1,Yes,E01004762,2005
2424,200501CW11823,529970.0,180800.0,-0.128471,51.511133,1,3,1,1,06/12/2005,3,17:40,1,E09000033,3,400,Single carriageway,30,Automatic traffic signal,4,402,None within 50 metres,Pedestrian phase at traffic signal junction,Darkness: Street lights present and lit,Raining without high winds,Wet/Damp,None,None,1,Yes,E01004734,2005
2425,200501CW11824,530420.0,181030.0,-0.121905,51.513096,1,2,2,1,13/12/2005,3,18:45,1,E09000033,4,401,Single carriageway,30,None,-1,0,None within 50 metres,No physical crossing within 50 meters,Darkness: Street lights present and lit,Fine without high winds,Dry,None,None,1,Yes,E01004735,2005
2426,200501CW11825,530040.0,180340.0,-0.127633,51.506983,1,3,1,1,13/12/2005,3,11:05,1,E09000033,3,3212,Single carriageway,30,Automatic traffic signal,4,308,None within 50 metres,No physical crossing within 50 meters,Daylight: Street light present,Fine without high winds,Dry,None,None,1,Yes,E01004736,2005
2427,200501CW11826,529830.0,181310.0,-0.1303,51.515748,1,3,1,2,14/12/2005,4,14:20,2,E09000007,3,400,One way street,30,Automatic traffic signal,3,40,None within 50 metres,Pedestrian phase at traffic signal junction,Daylight: Street light present,Fine without high winds,Dry,None,None,1,Yes,E01004763,2005
2428,200501CW11827,527760.0,180880.0,-0.160272,51.512356,1,3,2,1,15/12/2005,5,13:18,1,E09000033,3,40,Single carriageway,30,None,-1,0,None within 50 metres,No physical crossing within 50 meters,Daylight: Street light present,Fine without high winds,Dry,None,None,1,Yes,E01004689,2005
2429,200501CW11828,529850.0,180970.0,-0.130137,51.512688,1,3,2,1,15/12/2005,5,11:30,1,E09000033,3,401,Single carriageway,30,Giveway or uncontrolled,6,0,None within 50 metres,No physical crossing within 50 meters,Daylight: Street light present,Fine without high winds,Dry,None,None,1,Yes,E01004763,2005
2430,200501CW11829,529800.0,181370.0,-0.13071,51.516294,1,3,1,1,16/12/2005,6,23:03,2,E09000007,3,40,Single carriageway,30,Automatic traffic signal,3,400,None within 50 metres,Pedestrian phase at traffic signal junction,Darkness: Street lights present and lit,Fine without high winds,Dry,None,None,1,Yes,E01004763,2005
2431,200501CW11830,529970.0,180810.0,-0.128468,51.511223,1,3,1,1,16/12/2005,6,17:55,1,E09000033,3,400,Single carriageway,30,Automatic traffic signal,4,402,None within 50 metres,Pedestrian phase at traffic signal junction,Darkness: Street lights present and lit,Fine without high winds,Dry,None,None,1,Yes,E01004734,2005
2432,200501CW11831,525490.0,181810.0,-0.192636,51.521222,1,2,1,1,07/12/2005,4,20:25,1,E09000033,3,404,Single carriageway,30,Giveway or uncontrolled,6,0,None within 50 metres,non-junction pedestrian crossing,Darkness: Street lights present and lit,Fine without high winds,Dry,None,None,1,Yes,E01004758,2005
2433,200501CW11832,529680.0,180590.0,-0.132725,51.509312,1,3,5,2,25/12/2005,1,01:56,1,E09000033,3,4,Single carriageway,30,Giveway or uncontrolled,6,0,None within 50 metres,No physical crossing within 50 meters,Darkness: Street lights present and lit,Fine without high winds,Dry,None,None,1,Yes,E01004736,2005
2434,200501CW11833,529150.0,181100.0,-0.140171,51.514017,1,2,1,1,17/11/2005,5,22:25,1,E09000033,5,0,Single carriageway,30,Giveway or uncontrolled,6,0,None within 50 metres,No physical crossing within 50 meters,Darkness: Street lights present and lit,Fine without high winds,Dry,None,None,1,No,E01004764,2005
2435,200501CW11834,528140.0,181220.0,-0.154675,51.515325,1,3,1,1,01/10/2005,7,12:25,1,E09000033,3,5204,Unknown,30,Automatic traffic signal,3,41,None within 50 metres,Pedestrian phase at traffic signal junction,Daylight: Street light present,Fine without high winds,Dry,None,None,1,Yes,E01004714,2005
2436,200501CW11835,527180.0,181380.0,-0.168445,51.51698,1,3,2,1,14/11/2005,2,10:38,1,E09000033,6,0,Single carriageway,30,Giveway or uncontrolled,6,0,None within 50 metres,No physical crossing within 50 meters,Daylight: Street light present,Fine without high winds,Dry,None,None,1,No,E01004684,2005
2437,200501CW11840,527210.0,181060.0,-0.168128,51.514097,1,3,1,1,25/11/2005,6,10:30,1,E09000033,5,0,Single carriageway,30,Giveway or uncontrolled,5,0,None within 50 metres,No physical crossing within 50 meters,Daylight: Street light present,Fine without high winds,Dry,None,None,1,No,E01004680,2005
2438,200501CW11841,528440.0,180130.0,-0.150751,51.505461,1,3,2,1,13/12/2005,3,17:15,1,E09000033,3,4202,Single carriageway,30,Giveway or uncontrolled,6,0,None within 50 metres,No physical crossing within 50 meters,Darkness: Street lights present and lit,Fine without high winds,Dry,None,None,1,No,E01004761,2005
2439,200501CW11842,526980.0,182970.0,-0.170753,51.531314,1,3,1,1,21/12/2005,4,09:03,1,E09000033,3,41,Single carriageway,30,Giveway or uncontrolled,6,0,None within 50 metres,Zebra crossing,Daylight: Street light present,Fine without high winds,Dry,None,None,1,Yes,E01004726,2005
2440,200501CW11843,529550.0,181330.0,-0.134326,51.515992,1,3,1,1,11/12/2005,1,15:45,1,E09000033,3,40,Single carriageway,30,Giveway or uncontrolled,5,0,None within 50 metres,No physical crossing within 50 meters,Daylight: Street light present,Fine without high winds,Dry,None,None,1,Yes,E01004763,2005
2441,200501CW11844,530320.0,179920.0,-0.123755,51.503144,1,2,2,1,12/12/2005,2,06:30,1,E09000033,3,3211,Single carriageway,30,Giveway or uncontrolled,6,0,None within 50 metres,No physical crossing within 50 meters,Darkness: Street lights present and lit,Fine without high winds,Dry,None,None,1,Yes,E01004733,2005
2442,200501CW11845,525330.0,181120.0,-0.195186,51.515056,1,3,2,1,12/12/2005,2,21:35,1,E09000033,3,4206,Single carriageway,30,Automatic traffic signal,5,0,None within 50 metres,Pedestrian phase at traffic signal junction,Darkness: Street lights present and lit,Fine without high winds,Dry,None,None,1,Yes,E01004653,2005
2443,200501CW11846,528590.0,179510.0,-0.148817,51.499855,1,3,2,1,09/12/2005,6,12:55,1,E09000033,3,302,Single carriageway,30,Giveway or uncontrolled,6,0,None within 50 metres,No physical crossing within 50 meters,Daylight: Street light present,Fine without high winds,Dry,None,None,1,Yes,E01004690,2005
2444,200501CW11847,527240.0,180870.0,-0.167765,51.512383,1,3,2,1,09/12/2005,6,00:21,1,E09000033,3,402,Single carriageway,30,Giveway or uncontrolled,5,0,None within 50 metres,No physical crossing within 50 meters,Darkness: Street lights present and lit,Raining without high winds,Wet/Damp,None,None,1,Yes,E01004680,2005
2445,200501CW11848,530300.0,179650.0,-0.124143,51.500722,1,3,1,1,09/12/2005,6,17:20,1,E09000033,3,3211,Single carriageway,30,Automatic traffic signal,3,302,None within 50 metres,Pedestrian phase at traffic signal junction,Darkness: Street lights present and lit,Fine without high winds,Dry,None,None,1,Yes,E01004733,2005
2446,200501CW11849,528490.0,178250.0,-0.150715,51.488554,1,3,2,1,03/12/2005,7,16:50,1,E09000033,4,313,Single carriageway,30,None,-1,0,None within 50 metres,No physical crossing within 50 meters,Darkness: Street lights present and lit,Fine without high winds,Dry,None,None,1,Yes,E01004667,2005
2447,200501CW11850,526760.0,181280.0,-0.174531,51.516175,1,3,1,1,04/12/2005,1,10:34,1,E09000033,3,4205,Single carriageway,30,None,-1,0,None within 50 metres,No physical crossing within 50 meters,Daylight: Street light present,Fine without high winds,Dry,None,None,1,Yes,E01004685,2005
2448,200501CW11851,529530.0,178280.0,-0.135733,51.488587,1,3,2,1,05/11/2005,7,12:05,1,E09000033,5,0,Single carriageway,30,Giveway or uncontrolled,6,0,None within 50 metres,No physical crossing within 50 meters,Daylight: Street light present,Fine without high winds,Dry,None,None,1,Yes,E01004741,2005
2449,200501CW11852,527360.0,182890.0,-0.165307,51.53051,1,3,3,1,19/12/2005,2,10:06,1,E09000033,6,0,Single carriageway,30,None,-1,0,None within 50 metres,No physical crossing within 50 meters,Daylight: Street light present,Fine without high winds,Dry,None,None,1,Yes,E01004727,2005
2450,200501CW11855,529050.0,181140.0,-0.141597,51.514399,1,3,2,1,13/12/2005,3,12:23,1,E09000033,6,0,Single carriageway,30,Giveway or uncontrolled,3,4201,None within 50 metres,No physical crossing within 50 meters,Daylight: Street light present,Fine without high winds,Dry,None,None,1,Yes,E01004764,2005
2451,200501CW11856,524870.0,181890.0,-0.201539,51.522078,1,3,2,1,19/12/2005,2,10:05,1,E09000033,3,4207,Single carriageway,30,Giveway or uncontrolled,5,0,None within 50 metres,No physical crossing within 50 meters,Daylight: Street light present,Fine without high winds,Dry,None,None,1,Yes,E01002854,2005
2452,200501CW11857,528260.0,179820.0,-0.153456,51.502716,1,3,2,1,12/12/2005,2,09:20,1,E09000033,3,4,Slip road,30,Giveway or uncontrolled,6,0,None within 50 metres,No physical crossing within 50 meters,Daylight: Street light present,Raining without high winds,Wet/Damp,None,None,1,Yes,E01004691,2005
2453,200501CW11858,528220.0,181060.0,-0.153581,51.513869,1,3,1,1,12/12/2005,2,16:10,1,E09000033,3,40,Single carriageway,30,Automatic traffic signal,3,41,None within 50 metres,Pedestrian phase at traffic signal junction,Darkness: Street lights present and lit,Fine without high winds,Dry,None,None,1,Yes,E01004762,2005
2454,200501CW11859,528790.0,180990.0,-0.145397,51.51311,1,3,1,1,14/12/2005,4,20:32,1,E09000033,4,406,Single carriageway,30,Automatic traffic signal,5,0,None within 50 metres,Pedestrian phase at traffic signal junction,Darkness: Street lights present and lit,Fine without high winds,Dry,None,None,1,Yes,E01004764,2005
2455,200501CW11860,528700.0,180040.0,-0.147039,51.504593,1,3,2,1,19/12/2005,2,10:55,1,E09000033,3,4,Single carriageway,30,None,-1,0,None within 50 metres,No physical crossing within 50 meters,Daylight: Street light present,Fine without high winds,Dry,None,None,1,Yes,E01004736,2005
2456,200501CW11861,528430.0,180090.0,-0.150909,51.505104,1,3,2,1,19/12/2005,2,18:10,1,E09000033,3,4202,Single carriageway,30,Giveway or uncontrolled,3,4202,None within 50 metres,No physical crossing within 50 meters,Darkness: Street lights present and lit,Fine without high winds,Dry,None,None,1,Yes,E01004761,2005
2457,200501CW11862,528490.0,180760.0,-0.149801,51.511112,1,3,1,1,15/12/2005,5,19:45,1,E09000033,5,0,Single carriageway,30,Automatic traffic signal,5,0,None within 50 metres,Pedestrian phase at traffic signal junction,Darkness: Street lights present and lit,Fine without high winds,Dry,None,None,1,Yes,E01004761,2005
2458,200501CW11864,530660.0,180990.0,-0.118463,51.512681,1,3,1,1,16/12/2005,6,18:52,1,E09000033,3,4,One way street,30,None,-1,0,None within 50 metres,No physical crossing within 50 meters,Darkness: Street lights present and lit,Fine without high winds,Dry,None,None,1,Yes,E01004735,2005
2459,200501CW11865,529140.0,181090.0,-0.140319,51.513929,1,2,1,1,16/12/2005,6,09:00,1,E09000033,5,0,Single carriageway,30,Giveway or uncontrolled,6,0,None within 50 metres,Zebra crossing,Daylight: Street light present,Fine without high winds,Dry,None,None,1,Yes,E01004764,2005
2460,200501CW11866,529210.0,180820.0,-0.13941,51.511487,1,3,1,1,20/12/2005,3,14:40,1,E09000033,3,4201,Single carriageway,30,Automatic traffic signal,5,0,None within 50 metres,Pedestrian phase at traffic signal junction,Daylight: Street light present,Fine without high winds,Dry,None,None,1,Yes,E01004764,2005
2461,200501CW11867,524990.0,182070.0,-0.199747,51.523669,1,2,2,1,20/12/2005,3,18:18,1,E09000033,3,404,Single carriageway,30,None,-1,0,None within 50 metres,No physical crossing within 50 meters,Daylight: Street light present,Fine without high winds,Dry,None,None,1,Yes,E01004755,2005
2462,200501CW11868,527680.0,180950.0,-0.161399,51.513003,1,2,1,1,17/12/2005,7,03:15,1,E09000033,3,40,Roundabout,30,Automatic traffic signal,3,402,None within 50 metres,No physical crossing within 50 meters,Darkness: Street lights present and lit,Fine without high winds,Dry,None,None,1,Yes,E01004689,2005
2463,200501CW11871,527100.0,181840.0,-0.169432,51.521132,1,3,1,1,07/12/2005,4,15:45,1,E09000033,6,0,Single carriageway,30,None,-1,0,None within 50 metres,No physical crossing within 50 meters,Daylight: Street light present,Fine without high winds,Dry,None,None,1,Yes,E01004673,2005
2464,200501CW11873,529820.0,181370.0,-0.130422,51.51629,1,3,2,1,19/12/2005,2,05:45,2,E09000007,3,40,Single carriageway,30,Automatic traffic signal,3,400,None within 50 metres,Pedestrian phase at traffic signal junction,Darkness: Street lights present and lit,Fine without high winds,Dry,None,None,1,Yes,E01004763,2005
2465,200501CW11874,528410.0,178860.0,-0.151645,51.494055,1,3,2,1,21/12/2005,4,17:11,1,E09000033,6,0,Single carriageway,30,Giveway or uncontrolled,6,0,None within 50 metres,No physical crossing within 50 meters,Darkness: Street lights present and lit,Fine without high winds,Dry,None,None,1,Yes,E01004687,2005
2466,200501CW11875,528150.0,178330.0,-0.15558,51.48935,1,3,2,1,21/12/2005,4,19:20,12,E09000020,3,3216,Single carriageway,30,None,-1,0,None within 50 metres,No physical crossing within 50 meters,Darkness: Street lights present and lit,Fine without high winds,Dry,None,None,1,Yes,E01002902,2005
2467,200501CW11876,527050.0,181320.0,-0.170339,51.51647,1,3,2,1,24/02/2005,5,19:00,1,E09000033,3,4209,Single carriageway,30,Giveway or uncontrolled,6,0,None within 50 metres,No physical crossing within 50 meters,Darkness: Street lights present and lit,Snowing without high winds,Wet/Damp,None,None,1,Yes,E01004684,2005
2468,200501CW11877,526460.0,182130.0,-0.178547,51.523882,1,3,2,2,21/12/2005,4,22:38,1,E09000033,5,0,Single carriageway,30,Giveway or uncontrolled,6,0,None within 50 metres,No physical crossing within 50 meters,Darkness: Street lights present and lit,Fine without high winds,Wet/Damp,None,None,1,Yes,E01004703,2005
2469,200501CW11879,528180.0,181560.0,-0.153975,51.518372,1,3,1,1,21/12/2005,4,15:10,1,E09000033,6,0,Single carriageway,30,Automatic traffic signal,6,0,None within 50 metres,No physical crossing within 50 meters,Daylight: Street light present,Fine without high winds,Dry,None,None,1,Yes,E01004714,2005
2470,200501CW11880,528750.0,179220.0,-0.146618,51.497213,1,3,2,1,21/12/2005,4,13:49,1,E09000033,4,312,Single carriageway,30,Automatic traffic signal,5,0,None within 50 metres,Pedestrian phase at traffic signal junction,Daylight: Street light present,Fine without high winds,Dry,None,None,1,Yes,E01004690,2005
2471,200501CW11883,528910.0,181200.0,-0.143592,51.51497,1,3,1,1,22/12/2005,5,15:40,1,E09000033,3,40,Single carriageway,30,None,-1,0,None within 50 metres,No physical crossing within 50 meters,Daylight: Street light present,Fine without high winds,Dry,None,None,1,Yes,E01004764,2005
2472,200501CW11884,526720.0,183290.0,-0.174385,51.534248,1,3,2,1,16/12/2005,6,07:20,1,E09000033,3,41,Single carriageway,30,Automatic traffic signal,5,0,None within 50 metres,Pedestrian phase at traffic signal junction,Darkness: Street lights present and lit,Fine without high winds,Dry,None,None,1,No,E01004647,2005
2473,200501CW11885,529180.0,179170.0,-0.140446,51.496665,1,3,2,1,17/10/2005,2,10:20,1,E09000033,3,302,Single carriageway,30,None,-1,0,None within 50 metres,No physical crossing within 50 meters,Daylight: Street light present,Fine without high winds,Dry,None,None,1,Yes,E01004748,2005
2474,200501CW11886,526020.0,181620.0,-0.185069,51.519396,1,3,1,2,20/12/2005,3,21:40,1,E09000033,5,0,Single carriageway,30,Giveway or uncontrolled,3,404,None within 50 metres,No physical crossing within 50 meters,Darkness: Street lights present and lit,Fine without high winds,Dry,None,None,1,Yes,E01004656,2005
2475,200501CW11889,528980.0,181350.0,-0.142528,51.516302,1,3,1,1,22/12/2005,5,21:15,1,E09000033,3,4201,Single carriageway,30,Automatic traffic signal,3,4201,None within 50 metres,Pedestrian phase at traffic signal junction,Darkness: Street lights present and lit,Fine without high winds,Dry,None,None,1,Yes,E01004765,2005
2476,200501CW11890,523900.0,182480.0,-0.215306,51.527594,1,3,2,2,23/12/2005,6,05:10,1,E09000033,3,404,Single carriageway,30,Giveway or uncontrolled,6,0,None within 50 metres,No physical crossing within 50 meters,Darkness: Street lights present and lit,Fine without high winds,Dry,None,Any animal (except a ridden horse),1,Yes,E01004720,2005
2477,200501CW11891,529790.0,181370.0,-0.130854,51.516297,1,3,1,1,27/12/2005,3,18:00,2,E09000007,3,40,Single carriageway,30,Automatic traffic signal,3,400,None within 50 metres,Pedestrian phase at traffic signal junction,Darkness: Street lights present and lit,Snowing without high winds,Wet/Damp,None,None,1,Yes,E01004763,2005
2478,200501CW11892,527980.0,180730.0,-0.157158,51.510958,1,3,2,1,23/12/2005,6,19:16,1,E09000033,3,4202,Single carriageway,30,Automatic traffic signal,5,0,None within 50 metres,Pedestrian phase at traffic signal junction,Darkness: Street lights present and lit,Fine without high winds,Dry,None,None,1,Yes,E01004689,2005
2479,200501CW11893,530310.0,180630.0,-0.123637,51.509527,1,3,1,1,23/12/2005,6,14:53,1,E09000033,3,4,Single carriageway,30,Giveway or uncontrolled,6,0,None within 50 metres,non-junction pedestrian crossing,Daylight: Street light present,Fine without high winds,Dry,None,None,1,Yes,E01004734,2005
2480,200501CW11894,528900.0,180740.0,-0.143904,51.510839,1,3,2,1,14/12/2005,4,09:00,1,E09000033,5,0,Single carriageway,30,Giveway or uncontrolled,6,0,None within 50 metres,No physical crossing within 50 meters,Daylight: Street light present,Fine without high winds,Dry,None,None,1,No,E01004764,2005
2481,200501CW11896,528570.0,181130.0,-0.148514,51.514419,1,3,1,1,29/12/2005,5,17:20,1,E09000033,3,40,Single carriageway,30,Giveway or uncontrolled,6,0,None within 50 metres,No physical crossing within 50 meters,Darkness: Street lights present and lit,Fine without high winds,Dry,None,None,1,Yes,E01004714,2005
2482,200501CW11897,529580.0,178570.0,-0.134907,51.491182,1,3,2,2,30/12/2005,6,05:55,1,E09000033,3,202,Single carriageway,30,Giveway or uncontrolled,6,0,None within 50 metres,No physical crossing within 50 meters,Darkness: Street lights present and lit,Raining without high winds,Wet/Damp,None,None,1,Yes,E01004741,2005
2483,200501CW11898,526410.0,182410.0,-0.179167,51.526409,1,3,2,1,30/12/2005,6,17:50,1,E09000033,3,5,Single carriageway,30,Giveway or uncontrolled,6,0,None within 50 metres,No physical crossing within 50 meters,Darkness: Street lights present and lit,Raining without high winds,Wet/Damp,None,None,1,Yes,E01004705,2005
2484,200501CW11899,526490.0,182300.0,-0.178054,51.525403,1,3,2,1,30/12/2005,6,20:27,1,E09000033,3,5,Single carriageway,30,Giveway or uncontrolled,6,0,None within 50 metres,No physical crossing within 50 meters,Darkness: Street lights present and lit,Fine without high winds,Dry,None,None,1,Yes,E01004705,2005
2485,200501CW11900,526250.0,182610.0,-0.181401,51.528242,1,3,2,2,31/12/2005,7,17:06,1,E09000033,3,5,Single carriageway,30,Automatic traffic signal,5,0,None within 50 metres,Pedestrian phase at traffic signal junction,Darkness: Street lights present and lit,Fine without high winds,Dry,None,None,1,Yes,E01004701,2005
2486,200501CW11901,528040.0,180620.0,-0.156333,51.509956,1,3,2,1,28/12/2005,4,12:55,1,E09000033,3,4202,Single carriageway,30,Automatic traffic signal,5,0,None within 50 metres,Pedestrian phase at traffic signal junction,Daylight: Street light present,Fine without high winds,Dry,None,None,1,Yes,E01004689,2005
2487,200501CW11902,528840.0,181190.0,-0.144603,51.514896,1,2,1,1,28/12/2005,4,11:50,1,E09000033,3,40,Single carriageway,30,Automatic traffic signal,3,40,None within 50 metres,Pedestrian phase at traffic signal junction,Daylight: Street light present,Fine without high winds,Dry,None,None,1,Yes,E01004765,2005
2488,200501CW11903,527880.0,180860.0,-0.158551,51.512149,1,3,2,1,28/12/2005,4,18:00,1,E09000033,3,4202,Single carriageway,30,None,-1,0,None within 50 metres,No physical crossing within 50 meters,Darkness: Street lights present and lit,Fine without high winds,Dry,None,None,1,Yes,E01004689,2005
2489,200501CW11904,529940.0,181400.0,-0.128682,51.516532,1,3,1,1,28/12/2005,4,01:08,2,E09000007,3,40,Single carriageway,30,None,-1,0,None within 50 metres,No physical crossing within 50 meters,Darkness: Street lights present and lit,Raining without high winds,Wet/Damp,None,None,1,Yes,E01000919,2005
2490,200501CW11905,526460.0,182350.0,-0.178469,51.525859,1,3,1,1,29/12/2005,5,16:35,1,E09000033,3,5,Single carriageway,30,Automatic traffic signal,4,413,None within 50 metres,Pedestrian phase at traffic signal junction,Darkness: Street lights present and lit,Fine without high winds,Dry,None,None,1,Yes,E01004705,2005
2491,200501CW11917,530060.0,180520.0,-0.127278,51.508596,1,3,2,1,18/12/2005,1,03:00,1,E09000033,3,4,Single carriageway,30,Automatic traffic signal,3,400,None within 50 metres,Pedestrian phase at traffic signal junction,Darkness: Street lights present and lit,Fine without high winds,Dry,None,None,1,No,E01004736,2005
2492,200501CW11918,528250.0,182070.0,-0.152782,51.522939,1,3,2,1,15/12/2005,5,08:25,1,E09000033,3,501,Single carriageway,30,Automatic traffic signal,6,0,None within 50 metres,Pedestrian phase at traffic signal junction,Daylight: Street light present,Fine without high winds,Dry,None,None,1,No,E01004717,2005
2493,200501CW11921,528980.0,181340.0,-0.142532,51.516213,1,3,1,1,21/12/2005,4,18:30,1,E09000033,3,4201,Single carriageway,30,Automatic traffic signal,3,4201,None within 50 metres,Pedestrian phase at traffic signal junction,Darkness: Street lights present and lit,Fine without high winds,Dry,None,None,1,No,E01004765,2005
2494,200501CW11922,526210.0,183430.0,-0.181684,51.535621,1,2,1,1,16/11/2005,4,18:30,1,E09000033,4,507,Single carriageway,30,None,-1,0,None within 50 metres,No physical crossing within 50 meters,Darkness: Street lights present and lit,Fine without high winds,Dry,None,None,1,No,E01004646,2005
2495,200501CW11929,525540.0,181760.0,-0.191933,51.520761,1,3,2,1,27/12/2005,3,15:30,1,E09000033,3,404,Single carriageway,30,None,-1,0,None within 50 metres,No physical crossing within 50 meters,Daylight: Street light present,Raining without high winds,Wet/Damp,None,None,1,Yes,E01004758,2005
2496,200501CW11933,529840.0,181280.0,-0.130167,51.515476,1,3,1,1,24/11/2005,5,22:00,1,E09000033,3,400,Single carriageway,30,None,-1,0,None within 50 metres,No physical crossing within 50 meters,Darkness: Street lights present and lit,Fine without high winds,Dry,None,None,1,Yes,E01000919,2005
2497,200501CW11934,526930.0,181310.0,-0.172071,51.516407,1,3,2,1,21/12/2005,4,17:45,1,E09000033,6,0,Single carriageway,30,Giveway or uncontrolled,6,0,None within 50 metres,No physical crossing within 50 meters,Darkness: Street lights present and lit,Fine without high winds,Dry,None,None,1,Yes,E01004685,2005
2498,200501CW11936,527240.0,180870.0,-0.167765,51.512383,1,2,3,1,23/12/2005,6,16:15,1,E09000033,3,402,Single carriageway,30,Giveway or uncontrolled,5,0,None within 50 metres,No physical crossing within 50 meters,Darkness: Street lights present and lit,Fine without high winds,Dry,None,None,1,Yes,E01004680,2005
2499,200501CW11940,530570.0,180810.0,-0.119826,51.511085,1,3,1,1,17/12/2005,7,02:25,1,E09000033,3,4,Single carriageway,30,None,-1,0,None within 50 metres,No physical crossing within 50 meters,Darkness: Street lights present and lit,Fine without high winds,Dry,None,None,1,Yes,E01004735,2005
2500,200501CW11946,527150.0,181410.0,-0.168867,51.517256,1,3,2,1,01/11/2005,3,19:55,1,E09000033,3,4209,Single carriageway,30,Automatic traffic signal,6,0,None within 50 metres,Pedestrian phase at traffic signal junction,Darkness: Street lights present and lit,Fine without high winds,Dry,None,None,1,Yes,E01004684,2005
2501,200501CW11954,527770.0,179700.0,-0.160555,51.501749,1,3,3,1,06/08/2005,7,09:00,1,E09000033,3,315,Single carriageway,30,Automatic traffic signal,3,3216,None within 50 metres,No physical crossing within 50 meters,Daylight: Street light present,Fine without high winds,Dry,None,None,1,No,E01004689,2005
2502,200501CW11959,526250.0,182620.0,-0.181397,51.528332,1,3,2,1,14/12/2005,4,17:30,1,E09000033,3,5,Single carriageway,30,Automatic traffic signal,5,0,None within 50 metres,Pedestrian phase at traffic signal junction,Darkness: Street lights present and lit,Fine without high winds,Dry,None,None,1,No,E01004726,2005
2503,200501CW11971,527020.0,181740.0,-0.17062,51.520251,1,3,2,1,13/12/2005,3,21:00,1,E09000033,3,5,Single carriageway,30,Giveway or uncontrolled,6,0,None within 50 metres,No physical crossing within 50 meters,Darkness: Street lights present and lit,Fine without high winds,Dry,None,None,1,No,E01004673,2005
2504,200501CW11993,527240.0,180870.0,-0.167765,51.512383,1,2,1,1,08/08/2005,2,08:15,1,E09000033,3,402,Single carriageway,30,Giveway or uncontrolled,5,0,None within 50 metres,No physical crossing within 50 meters,Daylight: Street light present,Fine without high winds,Dry,None,None,1,Yes,E01004680,2005
2505,200501CW12015,527840.0,181960.0,-0.158728,51.522043,1,3,2,1,16/12/2005,6,22:45,1,E09000033,6,0,Single carriageway,30,Giveway or uncontrolled,3,501,None within 50 metres,No physical crossing within 50 meters,Darkness: Street lights present and lit,Fine without high winds,Dry,None,None,1,No,E01004660,2005
2506,200501CW19016,526710.0,180980.0,-0.175359,51.513491,1,3,2,1,01/10/2005,7,17:00,1,E09000033,3,4209,Single carriageway,30,None,-1,0,None within 50 metres,No physical crossing within 50 meters,Daylight: Street light present,Fine without high winds,Dry,None,None,1,No,E01004683,2005
2507,200501CW19023,528730.0,179280.0,-0.146885,51.497756,1,3,3,1,18/11/2005,6,10:30,1,E09000033,3,302,Single carriageway,30,None,-1,0,None within 50 metres,No physical crossing within 50 meters,Daylight: Street light present,Raining without high winds,Wet/Damp,None,None,1,No,E01004690,2005
2508,200501CW19133,526930.0,181710.0,-0.171928,51.520002,1,3,2,1,10/11/2005,5,18:30,1,E09000033,3,404,Dual carriageway,50,None,-1,0,None within 50 metres,No physical crossing within 50 meters,Darkness: Street lights present and lit,Fine without high winds,Dry,None,None,1,No,E01004702,2005
2509,200501CW19181,526940.0,181690.0,-0.171791,51.51982,1,3,2,1,14/11/2005,2,17:15,1,E09000033,3,40,Dual carriageway,40,None,-1,0,None within 50 metres,No physical crossing within 50 meters,Darkness: Street lights present and lit,Fine without high winds,Dry,None,None,1,Yes,E01004685,2005
2510,200501CW19183,529670.0,180390.0,-0.132943,51.507517,1,3,1,1,19/12/2005,2,08:35,1,E09000033,3,4,One way street,30,None,-1,0,None within 50 metres,No physical crossing within 50 meters,Daylight: Street light present,Fine without high winds,Dry,None,None,1,No,E01004736,2005
2511,200501CW19184,527660.0,181070.0,-0.161643,51.514086,1,3,2,1,14/11/2005,2,05:30,1,E09000033,3,5,Single carriageway,30,Automatic traffic signal,3,5204,None within 50 metres,No physical crossing within 50 meters,Darkness: Street lights present and lit,Fine without high winds,Dry,None,None,1,No,E01004680,2005
2512,200501CW19188,528630.0,180260.0,-0.147967,51.506586,1,3,2,1,07/12/2005,4,12:20,1,E09000033,5,0,Single carriageway,30,Giveway or uncontrolled,6,0,None within 50 metres,No physical crossing within 50 meters,Daylight: Street light present,Fine without high winds,Dry,None,None,1,Yes,E01004761,2005
2513,200501CW19198,528440.0,179750.0,-0.150889,51.502046,1,3,2,1,26/11/2005,7,23:55,1,E09000033,3,4,One way street,30,None,-1,0,None within 50 metres,No physical crossing within 50 meters,Darkness: Street lights present and lit,Fine without high winds,Dry,None,None,1,No,E01004731,2005
2514,200501CW19200,526210.0,180630.0,-0.182686,51.510457,1,3,2,1,04/11/2005,6,21:25,1,E09000033,3,402,Single carriageway,30,Automatic traffic signal,4,410,None within 50 metres,Pedestrian phase at traffic signal junction,Darkness: Street lights present and lit,Fine without high winds,Dry,None,None,1,No,E01004688,2005
2515,200501CW19216,529970.0,180830.0,-0.12846,51.511403,1,3,1,1,09/08/2005,3,18:10,1,E09000033,3,400,Single carriageway,30,Automatic traffic signal,4,402,None within 50 metres,Pedestrian phase at traffic signal junction,Daylight: Street light present,Fine without high winds,Dry,None,None,1,Yes,E01004734,2005
2516,200501CW19219,528220.0,181060.0,-0.153581,51.513869,1,3,1,1,21/08/2005,1,14:06,1,E09000033,3,40,Single carriageway,30,Automatic traffic signal,3,41,None within 50 metres,Pedestrian phase at traffic signal junction,Daylight: Street light present,Fine without high winds,Dry,None,None,1,Yes,E01004762,2005
2517,200501CW19242,530000.0,180660.0,-0.128091,51.509868,1,3,1,1,08/10/2005,7,00:15,1,E09000033,3,400,Single carriageway,30,Giveway or uncontrolled,5,0,None within 50 metres,Zebra crossing,Darkness: Street lights present and lit,Fine without high winds,Dry,None,None,1,Yes,E01004734,2005
2518,200501CW19243,530280.0,180600.0,-0.12408,51.509264,1,3,1,1,19/11/2005,7,18:15,1,E09000033,3,4,Dual carriageway,30,Giveway or uncontrolled,5,0,None within 50 metres,No physical crossing within 50 meters,Daylight: Street light present,Fine without high winds,Dry,None,None,1,Yes,E01004734,2005
2519,200501CW19284,527930.0,181950.0,-0.157435,51.521933,1,3,2,1,09/12/2005,6,09:50,1,E09000033,3,501,Single carriageway,30,Automatic traffic signal,3,41,None within 50 metres,No physical crossing within 50 meters,Daylight: Street light present,Fine without high winds,Dry,None,None,1,No,E01004712,2005
2520,200501EK00181,528630.0,183540.0,-0.146771,51.536063,1,3,1,2,15/02/2005,3,04:12,2,E09000007,3,4201,Slip road,30,Automatic traffic signal,3,5205,None within 50 metres,Pedestrian phase at traffic signal junction,Darkness: Street lights present and lit,Fine without high winds,Dry,None,None,1,Yes,E01000948,2005
2521,200501EK40029,532240.0,184040.0,-0.094563,51.539723,1,3,2,1,03/02/2005,5,08:36,3,E09000019,3,1200,Single carriageway,30,None,-1,0,None within 50 metres,Pedestrian phase at traffic signal junction,Daylight: Street light present,Raining without high winds,Wet/Damp,None,None,1,Yes,E01002797,2005
2522,200501EK40044,525330.0,183730.0,-0.194258,51.538513,1,3,1,1,15/02/2005,3,08:29,2,E09000007,3,5,Dual carriageway,30,Automatic traffic signal,4,451,None within 50 metres,Pedestrian phase at traffic signal junction,Daylight: Street light present,Fine without high winds,Dry,None,None,1,Yes,E01000548,2005
2523,200501EK40045,529840.0,182330.0,-0.12978,51.524913,1,3,1,1,19/02/2005,7,20:35,2,E09000007,6,0,Single carriageway,30,Automatic traffic signal,6,0,None within 50 metres,No physical crossing within 50 meters,Darkness: Street lights present and lit,Fine without high winds,Dry,None,None,1,Yes,E01000852,2005
2524,200501EK40048,530370.0,181480.0,-0.122459,51.517152,1,3,1,1,07/02/2005,2,14:18,2,E09000007,3,40,One way street,30,Automatic traffic signal,3,40,None within 50 metres,Pedestrian phase at traffic signal junction,Daylight: Street light present,Fine without high winds,Dry,None,None,1,Yes,E01000918,2005
2525,200501EK40050,529960.0,182650.0,-0.127934,51.527761,1,3,2,1,09/02/2005,4,13:10,2,E09000007,6,0,Single carriageway,30,Giveway or uncontrolled,6,0,None within 50 metres,No physical crossing within 50 meters,Daylight: Street light present,Fine without high winds,Dry,None,None,1,Yes,E01000942,2005
2526,200501EK40052,528620.0,184680.0,-0.146499,51.546311,1,3,2,1,20/02/2005,1,18:30,2,E09000007,5,0,Single carriageway,30,None,-1,0,None within 50 metres,No physical crossing within 50 meters,Darkness: Street lights present and lit,Fine without high winds,Dry,None,None,1,Yes,E01000927,2005
2527,200501EK40055,529060.0,184010.0,-0.140402,51.540189,1,3,1,1,17/02/2005,5,18:55,2,E09000007,3,503,Single carriageway,30,None,-1,0,None within 50 metres,non-junction pedestrian crossing,Darkness: Street lights present and lit,Other,Wet/Damp,None,None,1,Yes,E01000856,2005
2528,200501EK40058,526590.0,186590.0,-0.175071,51.563935,1,3,2,1,19/02/2005,7,18:00,2,E09000007,6,0,Single carriageway,30,None,-1,0,None within 50 metres,Central refuge,Darkness: Street lights present and lit,Fine without high winds,Dry,None,None,1,Yes,E01000899,2005
2529,200501EK40061,530050.0,185260.0,-0.125673,51.551196,1,2,1,1,07/02/2005,2,19:40,3,E09000019,6,0,Single carriageway,30,Giveway or uncontrolled,3,503,None within 50 metres,No physical crossing within 50 meters,Darkeness: No street lighting,Fine without high winds,Dry,None,None,1,Yes,E01002764,2005
2530,200501EK40065,530580.0,184770.0,-0.118215,51.54667,1,2,1,1,08/02/2005,3,18:15,3,E09000019,3,5203,Single carriageway,30,Automatic traffic signal,3,5203,None within 50 metres,Pedestrian phase at traffic signal junction,Daylight: Street light present,Fine without high winds,Dry,None,None,1,Yes,E01002713,2005
2531,200501EK40073,531170.0,185210.0,-0.109547,51.550487,1,3,2,1,10/02/2005,5,09:00,3,E09000019,3,1,Single carriageway,30,Automatic traffic signal,6,0,None within 50 metres,Pedestrian phase at traffic signal junction,Daylight: Street light present,Raining without high winds,Wet/Damp,None,None,1,Yes,E01002795,2005
2532,200501EK40076,530630.0,184450.0,-0.117613,51.543782,1,3,2,1,10/02/2005,5,17:00,3,E09000019,3,5203,Single carriageway,30,Giveway or uncontrolled,6,0,None within 50 metres,Zebra crossing,Darkness: Street lights present and lit,Raining without high winds,Wet/Damp,None,None,1,Yes,E01002712,2005
2533,200501EK40077,531150.0,186550.0,-0.109336,51.562534,1,3,2,1,08/02/2005,3,22:40,3,E09000019,3,503,One way street,30,None,-1,0,None within 50 metres,No physical crossing within 50 meters,Darkness: Street lights present and lit,Fine without high winds,Dry,None,None,1,Yes,E01002734,2005
2534,200501EK40078,530480.0,185210.0,-0.119493,51.550647,1,3,1,1,12/02/2005,7,18:32,3,E09000019,3,5203,Single carriageway,30,Giveway or uncontrolled,6,0,None within 50 metres,Zebra crossing,Darkness: Street lights present and lit,Raining without high winds,Wet/Damp,None,None,1,Yes,E01002762,2005
2535,200501EK40080,531720.0,183630.0,-0.10221,51.53616,1,3,1,1,09/02/2005,4,20:45,3,E09000019,3,104,Single carriageway,30,Giveway or uncontrolled,6,0,None within 50 metres,non-junction pedestrian crossing,Darkness: Street lights present and lit,Fine without high winds,Wet/Damp,None,None,1,Yes,E01002801,2005
2536,200501EK40083,526470.0,184500.0,-0.177553,51.545179,1,3,1,1,17/02/2005,5,23:52,2,E09000007,3,41,Single carriageway,30,None,-1,0,None within 50 metres,non-junction pedestrian crossing,Darkness: Street lights present and lit,Other,Wet/Damp,None,None,1,Yes,E01000960,2005
2537,200501EK40084,530130.0,186350.0,-0.124117,51.560973,1,3,2,1,21/02/2005,2,09:30,3,E09000019,3,1,Dual carriageway,40,Giveway or uncontrolled,5,0,None within 50 metres,Pedestrian phase at traffic signal junction,Daylight: Street light present,Fine without high winds,Dry,None,None,1,Yes,E01002785,2005
2538,200501EK40088,528950.0,184610.0,-0.141768,51.545606,1,3,2,1,23/02/2005,4,21:45,2,E09000007,3,400,Single carriageway,30,Automatic traffic signal,6,0,None within 50 metres,Pedestrian phase at traffic signal junction,Darkness: Street lights present and lit,Fine without high winds,Wet/Damp,None,None,1,Yes,E01000927,2005
2539,200501EK40094,531140.0,181600.0,-0.111323,51.518052,1,3,1,1,22/02/2005,3,11:11,2,E09000007,3,40,Single carriageway,30,Automatic traffic signal,3,5200,None within 50 metres,No physical crossing within 50 meters,Daylight: Street light present,Fine without high winds,Wet/Damp,None,None,1,Yes,E01000004,2005
2540,200501EK40101,528330.0,184320.0,-0.15081,51.543141,1,3,2,1,25/02/2005,6,21:50,2,E09000007,3,502,Single carriageway,30,Giveway or uncontrolled,6,0,None within 50 metres,No physical crossing within 50 meters,Darkness: Street lights present and lit,Fine without high winds,Wet/Damp,None,None,1,Yes,E01000858,2005
2541,200501EK40105,525520.0,184680.0,-0.191181,51.547008,1,3,1,1,13/02/2005,1,10:04,2,E09000007,4,510,Single carriageway,30,Giveway or uncontrolled,6,0,None within 50 metres,No physical crossing within 50 meters,Daylight: Street light present,Fine without high winds,Dry,None,None,1,Yes,E01000973,2005
2542,200501EK40106,531540.0,186860.0,-0.103597,51.565229,1,3,2,1,19/02/2005,7,06:47,4,E09000012,3,503,Single carriageway,30,None,-1,0,None within 50 metres,No physical crossing within 50 meters,Daylight: Street light present,Fine without high winds,Dry,None,None,1,No,E01002002,2005
2543,200501EK40110,529350.0,183890.0,-0.136267,51.539044,1,3,2,1,26/02/2005,7,12:00,2,E09000007,3,5202,Single carriageway,30,Giveway or uncontrolled,5,0,None within 50 metres,No physical crossing within 50 meters,Daylight: Street light present,Fine without high winds,Wet/Damp,None,None,1,Yes,E01000958,2005
2544,200501EK40116,531450.0,183280.0,-0.106232,51.533078,1,3,2,1,25/02/2005,6,10:35,3,E09000019,4,515,Dual carriageway,30,Automatic traffic signal,3,1,None within 50 metres,No physical crossing within 50 meters,Daylight: Street light present,Raining without high winds,Wet/Damp,None,None,1,Yes,E01002696,2005
2545,200501EK40147,529220.0,183800.0,-0.138173,51.538265,1,3,2,1,28/02/2005,2,19:41,2,E09000007,3,400,One way street,30,Automatic traffic signal,5,0,None within 50 metres,No physical crossing within 50 meters,Darkness: Street lights present and lit,Snowing without high winds,Wet/Damp,None,None,1,Yes,E01000861,2005
2546,200501EK40149,529410.0,183460.0,-0.13556,51.535166,1,2,1,1,02/03/2005,4,09:30,2,E09000007,4,512,Single carriageway,30,Automatic traffic signal,3,400,None within 50 metres,Pedestrian phase at traffic signal junction,Daylight: Street light present,Other,Wet/Damp,None,None,1,Yes,E01000952,2005
2547,200501EK40150,530500.0,181540.0,-0.120564,51.517661,1,2,1,1,11/03/2005,6,20:40,2,E09000007,3,4200,Single carriageway,30,Automatic traffic signal,3,40,None within 50 metres,No physical crossing within 50 meters,Darkness: Street lights present and lit,Raining without high winds,Wet/Damp,None,None,1,Yes,E01000914,2005
2548,200501EK40154,528860.0,183940.0,-0.14331,51.539606,1,3,2,1,09/03/2005,4,11:50,2,E09000007,3,502,One way street,30,Giveway or uncontrolled,6,0,None within 50 metres,No physical crossing within 50 meters,Daylight: Street light present,Fine without high winds,Dry,None,None,1,Yes,E01000863,2005
2549,200501EO00001,528510.0,184270.0,-0.148234,51.542651,1,3,2,1,01/01/2005,7,16:10,2,E09000007,3,502,Single carriageway,30,Giveway or uncontrolled,6,0,None within 50 metres,Zebra crossing,Darkness: Street lights present and lit,Raining without high winds,Wet/Damp,None,None,1,Yes,E01000858,2005
2550,200501EO00002,529410.0,186850.0,-0.134314,51.565632,1,3,1,1,02/01/2005,1,10:30,3,E09000019,3,1,Roundabout,30,Automatic traffic signal,5,0,None within 50 metres,Pedestrian phase at traffic signal junction,Daylight: Street light present,Fine without high winds,Dry,None,None,1,Yes,E01002770,2005
2551,200501EO00003,529560.0,182480.0,-0.133759,51.526325,1,3,2,1,03/01/2005,2,06:24,2,E09000007,3,501,Dual carriageway,30,Automatic traffic signal,5,0,None within 50 metres,Pedestrian phase at traffic signal junction,Darkness: Street lights present and lit,Fine without high winds,Dry,None,None,1,Yes,E01000852,2005
2552,200501EO00004,530100.0,185160.0,-0.124989,51.550285,1,3,1,1,01/01/2005,7,05:40,3,E09000019,6,0,Single carriageway,30,Giveway or uncontrolled,6,0,None within 50 metres,No physical crossing within 50 meters,Darkness: Street lights present and lit,Fine without high winds,Dry,None,None,1,Yes,E01002764,2005
2553,200501EO00005,532960.0,184820.0,-0.083893,51.546564,1,3,2,1,01/01/2005,7,22:00,3,E09000019,3,104,Single carriageway,30,Automatic traffic signal,3,104,None within 50 metres,No physical crossing within 50 meters,Darkness: Street lights present and lit,Fine without high winds,Dry,None,None,1,No,E01002776,2005
2554,200501EO00006,531620.0,184680.0,-0.103259,51.54562,1,3,2,1,02/01/2005,1,20:37,3,E09000019,3,1,Roundabout,30,Giveway or uncontrolled,3,1200,None within 50 metres,Zebra crossing,Darkness: Street lights present and lit,Fine without high winds,Dry,None,None,1,No,E01002791,2005
2555,200501EO00007,529900.0,186900.0,-0.12723,51.565968,1,3,1,1,06/01/2005,5,18:34,3,E09000019,6,0,Single carriageway,30,Giveway or uncontrolled,6,0,None within 50 metres,No physical crossing within 50 meters,Darkness: Street lights present and lit,Fine without high winds,Dry,None,None,1,Yes,E01002753,2005
2556,200501EO00008,529020.0,187110.0,-0.139842,51.568058,1,3,1,1,06/01/2005,5,19:15,3,E09000019,4,519,Single carriageway,30,None,-1,0,None within 50 metres,non-junction pedestrian crossing,Darkness: Street lights present and lit,Fine without high winds,Wet/Damp,None,None,1,Yes,E01002770,2005
2557,200501EO00009,530570.0,185130.0,-0.118226,51.549907,1,3,2,1,04/01/2005,3,18:48,3,E09000019,3,5203,One way street,30,Automatic traffic signal,3,5203,None within 50 metres,Pedestrian phase at traffic signal junction,Darkness: Street lights present and lit,Raining without high winds,Wet/Damp,None,None,1,Yes,E01002765,2005
2558,200501EO00012,524490.0,185060.0,-0.205894,51.550651,1,3,2,1,05/01/2005,4,10:55,2,E09000007,5,0,Single carriageway,30,Giveway or uncontrolled,6,0,None within 50 metres,No physical crossing within 50 meters,Daylight: Street light present,Fine without high winds,Wet/Damp,None,None,1,Yes,E01000875,2005
2559,200501EO00013,529880.0,185080.0,-0.12819,51.549617,1,3,2,1,04/01/2005,3,15:45,3,E09000019,3,503,Single carriageway,30,Giveway or uncontrolled,6,0,None within 50 metres,No physical crossing within 50 meters,Daylight: Street light present,Raining without high winds,Wet/Damp,None,None,1,No,E01002783,2005
2560,200501EO00014,529760.0,184900.0,-0.129986,51.548027,1,3,2,1,07/01/2005,6,08:50,2,E09000007,3,503,Single carriageway,30,None,-1,0,None within 50 metres,No physical crossing within 50 meters,Daylight: Street light present,Fine without high winds,Dry,None,None,1,No,E01000869,2005
2561,200501EO00016,531770.0,183620.0,-0.101494,51.536059,1,3,1,1,08/01/2005,7,01:51,3,E09000019,6,0,Single carriageway,30,Giveway or uncontrolled,6,0,None within 50 metres,No physical crossing within 50 meters,Darkness: Street lights present and lit,Fine without high winds,Dry,None,None,1,Yes,E01002801,2005
2562,200501EO00017,528960.0,183770.0,-0.141931,51.538055,1,3,1,1,07/01/2005,6,09:55,2,E09000007,3,502,Single carriageway,30,Giveway or uncontrolled,6,0,None within 50 metres,No physical crossing within 50 meters,Daylight: Street light present,Fine without high winds,Dry,None,None,1,Yes,E01000863,2005
2563,200501EO00018,532230.0,184210.0,-0.094644,51.541253,1,3,2,1,08/01/2005,7,22:33,3,E09000019,3,104,Single carriageway,30,Giveway or uncontrolled,6,0,None within 50 metres,non-junction pedestrian crossing,Darkness: Street lights present and lit,Fine without high winds,Dry,None,None,1,Yes,E01002719,2005
2564,200501EO00019,529250.0,184300.0,-0.137558,51.542752,1,3,2,1,07/01/2005,6,08:37,2,E09000007,3,503,Single carriageway,30,Automatic traffic signal,3,5202,None within 50 metres,Pedestrian phase at traffic signal junction,Daylight: Street light present,Fine without high winds,Dry,None,None,1,Yes,E01000867,2005
2565,200501EO00020,528920.0,182190.0,-0.143086,51.523865,1,3,2,1,07/01/2005,6,17:10,2,E09000007,3,501,Dual carriageway,30,None,-1,0,None within 50 metres,No physical crossing within 50 meters,Darkness: Street lights present and lit,Fine with high winds,Wet/Damp,None,None,1,Yes,E01000851,2005
2566,200501EO00021,529030.0,182230.0,-0.141486,51.524199,1,3,3,1,01/01/2005,7,02:50,2,E09000007,3,501,Dual carriageway,30,None,-1,0,None within 50 metres,No physical crossing within 50 meters,Darkness: Street lights present and lit,Fine without high winds,Dry,None,None,1,Yes,E01000851,2005
2567,200501EO00022,530140.0,185140.0,-0.12442,51.550096,1,3,1,2,01/01/2005,7,03:39,3,E09000019,6,0,Single carriageway,30,None,-1,0,None within 50 metres,No physical crossing within 50 meters,Darkness: Street lights present and lit,Fine without high winds,Dry,None,None,1,Yes,E01002764,2005
2568,200501EO00024,530860.0,186350.0,-0.113592,51.560804,1,3,2,1,08/01/2005,7,18:00,3,E09000019,3,503,Single carriageway,30,Giveway or uncontrolled,6,0,None within 50 metres,No physical crossing within 50 meters,Darkness: Street lights present and lit,Fine without high winds,Dry,None,None,1,No,E01002730,2005
2569,200501EO00025,529840.0,182210.0,-0.129824,51.523834,1,3,1,1,10/01/2005,2,09:56,2,E09000007,5,0,Single carriageway,30,Giveway or uncontrolled,6,0,None within 50 metres,No physical crossing within 50 meters,Daylight: Street light present,Fine without high winds,Dry,None,None,1,Yes,E01000855,2005
2570,200501EO00026,531630.0,183570.0,-0.10353,51.535642,1,3,1,1,10/01/2005,2,10:30,3,E09000019,3,104,Single carriageway,30,Giveway or uncontrolled,3,1,None within 50 metres,No physical crossing within 50 meters,Daylight: Street light present,Raining without high winds,Wet/Damp,None,None,1,Yes,E01002801,2005
2571,200501EO00027,530130.0,181450.0,-0.125927,51.516938,1,3,1,1,09/01/2005,1,03:55,2,E09000007,3,401,One way street,30,Automatic traffic signal,3,40,None within 50 metres,Pedestrian phase at traffic signal junction,Darkness: Street lights present and lit,Fine without high winds,Dry,None,None,1,Yes,E01000919,2005
2572,200501EO00028,528960.0,184530.0,-0.141653,51.544885,1,3,2,1,09/01/2005,1,10:45,2,E09000007,3,400,Single carriageway,30,Automatic traffic signal,3,5202,None within 50 metres,Pedestrian phase at traffic signal junction,Daylight: Street light present,Fine without high winds,Dry,None,None,1,Yes,E01000856,2005
2573,200501EO00029,532880.0,182520.0,-0.085913,51.525914,1,3,2,2,10/01/2005,2,14:30,4,E09000012,3,5201,Single carriageway,30,None,-1,0,None within 50 metres,No physical crossing within 50 meters,Daylight: Street light present,Raining without high winds,Wet/Damp,None,None,1,Yes,E01002704,2005
2574,200501EO00030,526370.0,185880.0,-0.178499,51.557603,1,3,1,1,10/01/2005,2,21:50,2,E09000007,3,502,Single carriageway,30,None,-1,0,None within 50 metres,No physical crossing within 50 meters,Darkness: Street lights present and lit,Fine without high winds,Dry,None,None,1,No,E01000895,2005
2575,200501EO00034,531550.0,183480.0,-0.104716,51.534852,1,3,1,1,08/01/2005,7,18:17,3,E09000019,3,1,Single carriageway,30,None,-1,0,None within 50 metres,No physical crossing within 50 meters,Darkness: Street lights present and lit,Fine without high winds,Dry,None,None,1,Yes,E01002794,2005
2576,200501EO00035,528950.0,184280.0,-0.141889,51.542641,1,3,2,1,11/01/2005,3,08:53,2,E09000007,5,0,One way street,30,Automatic traffic signal,3,400,None within 50 metres,Pedestrian phase at traffic signal junction,Daylight: Street light present,Fine without high winds,Dry,None,None,1,Yes,E01000856,2005
2577,200501EO00036,531730.0,182950.0,-0.10232,51.530047,1,3,2,1,08/01/2005,7,23:00,3,E09000019,5,0,One way street,30,None,-1,0,None within 50 metres,No physical crossing within 50 meters,Darkness: Street lights present and lit,Fine without high winds,Dry,None,None,1,Yes,E01002707,2005
2578,200501EO00037,531680.0,184930.0,-0.102301,51.547852,1,3,2,1,12/01/2005,4,20:54,3,E09000019,6,0,Single carriageway,30,Giveway or uncontrolled,6,0,None within 50 metres,No physical crossing within 50 meters,Darkness: Street lights present and lit,Fine without high winds,Dry,None,None,1,Yes,E01002740,2005
2579,200501EO00038,529150.0,185860.0,-0.138427,51.556794,1,3,2,1,11/01/2005,3,07:17,3,E09000019,3,400,Single carriageway,30,Automatic traffic signal,3,400,None within 50 metres,Pedestrian phase at traffic signal junction,Daylight: Street light present,Fine without high winds,Dry,None,None,1,Yes,E01000921,2005
2580,200501EO00039,531960.0,185320.0,-0.098119,51.551292,1,3,1,2,11/01/2005,3,21:21,3,E09000019,6,0,Single carriageway,30,Giveway or uncontrolled,3,1201,None within 50 metres,No physical crossing within 50 meters,Darkness: Street lights present and lit,Raining without high winds,Wet/Damp,None,None,1,Yes,E01002738,2005
2581,200501EO00040,529900.0,182250.0,-0.128945,51.52418,1,3,2,1,11/01/2005,3,17:29,2,E09000007,5,0,Single carriageway,30,Automatic traffic signal,5,0,None within 50 metres,Pedestrian phase at traffic signal junction,Darkness: Street lights present and lit,Raining without high winds,Wet/Damp,None,None,1,Yes,E01000855,2005
2582,200501EO00041,527810.0,184680.0,-0.158174,51.546495,1,3,2,1,12/01/2005,4,20:58,2,E09000007,3,502,Single carriageway,30,Giveway or uncontrolled,6,0,None within 50 metres,No physical crossing within 50 meters,Darkness: Street lights present and lit,Fine without high winds,Dry,None,None,1,Yes,E01000906,2005
2583,200501EO00042,530670.0,181550.0,-0.118112,51.517712,1,2,2,1,12/01/2005,4,12:04,2,E09000007,3,40,Single carriageway,30,None,-1,0,None within 50 metres,No physical crossing within 50 meters,Daylight: Street light present,Fine without high winds,Dry,None,None,1,Yes,E01000914,2005
2584,200501EO00043,533280.0,184790.0,-0.079292,51.546219,1,3,2,1,12/01/2005,4,13:13,4,E09000012,3,104,Single carriageway,30,Giveway or uncontrolled,6,0,None within 50 metres,No physical crossing within 50 meters,Daylight: Street light present,Fine without high winds,Dry,None,None,1,Yes,E01001756,2005
2585,200501EO00044,531600.0,183550.0,-0.103969,51.535469,1,3,2,1,14/01/2005,6,12:00,3,E09000019,3,1,Single carriageway,30,Automatic traffic signal,3,104,None within 50 metres,No physical crossing within 50 meters,Daylight: Street light present,Fine without high winds,Dry,None,None,1,No,E01002794,2005
2586,200501EO00047,525420.0,184730.0,-0.192605,51.54748,1,3,1,1,19/01/2005,4,16:10,2,E09000007,6,0,Single carriageway,30,None,-1,0,None within 50 metres,No physical crossing within 50 meters,Daylight: Street light present,Fine without high winds,Dry,None,None,1,Yes,E01000973,2005
2587,200501EO00048,531910.0,183860.0,-0.099386,51.538183,1,3,1,1,20/01/2005,5,14:01,3,E09000019,3,104,Single carriageway,30,Giveway or uncontrolled,6,0,None within 50 metres,No physical crossing within 50 meters,Daylight: Street light present,Fine without high winds,Dry,None,None,1,Yes,E01002799,2005
2588,200501EO00049,529640.0,182520.0,-0.132592,51.526666,1,3,1,1,13/01/2005,5,09:07,2,E09000007,3,501,Single carriageway,30,None,-1,0,None within 50 metres,No physical crossing within 50 meters,Daylight: Street light present,Fine without high winds,Wet/Damp,None,None,1,Yes,E01000852,2005
2589,200501EO00050,530060.0,181430.0,-0.126943,51.516774,1,3,1,1,13/01/2005,5,14:10,2,E09000007,3,40,One way street,30,Automatic traffic signal,3,400,None within 50 metres,Pedestrian phase at traffic signal junction,Daylight: Street light present,Fine without high winds,Dry,None,None,1,Yes,E01000919,2005
2590,200501EO00051,531150.0,185230.0,-0.109828,51.550672,1,3,2,1,13/01/2005,5,17:15,3,E09000019,3,1,Dual carriageway,30,None,-1,0,None within 50 metres,No physical crossing within 50 meters,Darkness: Street lights present and lit,Fine without high winds,Dry,None,None,1,No,E01002795,2005
2591,200501EO00052,529400.0,184920.0,-0.135168,51.548289,1,3,2,1,13/01/2005,5,08:00,2,E09000007,6,0,Single carriageway,30,Giveway or uncontrolled,6,0,None within 50 metres,No physical crossing within 50 meters,Daylight: Street light present,Fine without high winds,Dry,None,None,1,Yes,E01000870,2005
2592,200501EO00054,528310.0,186280.0,-0.150384,51.56076,1,3,2,1,20/01/2005,5,19:27,2,E09000007,5,0,Single carriageway,30,Giveway or uncontrolled,6,0,None within 50 metres,No physical crossing within 50 meters,Darkness: Street lights present and lit,Fine without high winds,Dry,None,None,1,Yes,E01000912,2005
2593,200501EO00056,530360.0,182970.0,-0.122052,51.530544,1,3,2,1,15/01/2005,7,11:55,2,E09000007,3,5200,One way street,30,Automatic traffic signal,3,501,None within 50 metres,Pedestrian phase at traffic signal junction,Daylight: Street light present,Fine without high winds,Dry,None,None,1,Yes,E01000938,2005
2594,200501EO00057,532620.0,184830.0,-0.08879,51.546734,1,3,2,1,12/01/2005,4,18:50,3,E09000019,3,1199,Single carriageway,30,Giveway or uncontrolled,6,0,None within 50 metres,No physical crossing within 50 meters,Darkness: Street lights present and lit,Fine without high winds,Dry,None,None,1,Yes,E01002716,2005
2595,200501EO00058,529150.0,183160.0,-0.139417,51.53253,1,3,4,3,13/01/2005,5,14:42,2,E09000007,3,400,Dual carriageway,30,Giveway or uncontrolled,3,400,None within 50 metres,Zebra crossing,Daylight: Street light present,Fine without high winds,Dry,None,None,1,Yes,E01000947,2005
2596,200501EO00059,530610.0,184560.0,-0.117861,51.544776,1,2,2,1,14/01/2005,6,09:50,3,E09000019,3,5203,Single carriageway,30,Giveway or uncontrolled,6,0,None within 50 metres,No physical crossing within 50 meters,Daylight: Street light present,Fine without high winds,Dry,None,None,1,No,E01002713,2005
2597,200501EO00060,531310.0,182580.0,-0.10851,51.52682,1,3,2,1,15/01/2005,7,19:10,3,E09000019,5,0,Single carriageway,30,Automatic traffic signal,3,401,None within 50 metres,No physical crossing within 50 meters,Darkness: Street lights present and lit,Fine without high winds,Dry,None,None,1,No,E01002726,2005
2598,200501EO00062,532050.0,184990.0,-0.096945,51.548305,1,3,1,1,14/01/2005,6,16:16,3,E09000019,5,0,Single carriageway,30,None,-1,0,None within 50 metres,No physical crossing within 50 meters,Daylight: Street light present,Fine without high winds,Dry,None,None,1,Yes,E01002775,2005
2599,200501EO00064,531360.0,183320.0,-0.107513,51.533458,1,3,1,1,17/01/2005,2,16:15,3,E09000019,6,0,One way street,20,None,-1,0,None within 50 metres,No physical crossing within 50 meters,Daylight: Street light present,Raining without high winds,Wet/Damp,None,None,1,Yes,E01002696,2005
2600,200501EO00065,531450.0,183230.0,-0.10625,51.532628,1,3,1,1,14/01/2005,6,20:45,3,E09000019,3,1,Single carriageway,30,Giveway or uncontrolled,5,0,None within 50 metres,Zebra crossing,Darkness: Street lights present and lit,Fine without high winds,Dry,None,None,1,No,E01002696,2005
2601,200501EO00066,526370.0,184590.0,-0.178962,51.54601,1,3,1,1,18/01/2005,3,21:05,2,E09000007,3,41,Dual carriageway,30,Automatic traffic signal,6,0,None within 50 metres,Pedestrian phase at traffic signal junction,Darkness: Street lights present and lit,Fine without high winds,Dry,None,None,1,Yes,E01000960,2005
2602,200501EO00067,526320.0,184680.0,-0.17965,51.54683,1,3,1,1,19/01/2005,4,16:19,2,E09000007,3,41,Single carriageway,30,Automatic traffic signal,5,0,None within 50 metres,Pedestrian phase at traffic signal junction,Daylight: Street light present,Raining without high winds,Wet/Damp,None,None,1,Yes,E01000972,2005
2603,200501EO00069,531630.0,183670.0,-0.103492,51.536541,1,3,2,1,14/01/2005,6,12:50,3,E09000019,3,1,Single carriageway,30,Giveway or uncontrolled,6,0,None within 50 metres,No physical crossing within 50 meters,Daylight: Street light present,Fine without high winds,Dry,None,None,1,Yes,E01002794,2005
2604,200501EO00070,531800.0,184470.0,-0.100743,51.54369,1,3,2,1,14/01/2005,6,08:05,3,E09000019,3,1200,Single carriageway,30,Automatic traffic signal,3,1200,None within 50 metres,Pedestrian phase at traffic signal junction,Daylight: Street light present,Fine without high winds,Dry,None,None,1,Yes,E01002791,2005
2605,200501EO00071,530630.0,181810.0,-0.118592,51.520057,1,2,2,1,05/01/2005,4,12:15,2,E09000007,3,401,Single carriageway,30,Giveway or uncontrolled,6,0,None within 50 metres,No physical crossing within 50 meters,Daylight: Street light present,Fine without high winds,Dry,None,None,1,Yes,E01000914,2005
2606,200501EO00072,531330.0,186670.0,-0.106696,51.563571,1,3,2,2,14/01/2005,6,15:30,3,E09000019,3,503,Single carriageway,30,None,-1,0,None within 50 metres,No physical crossing within 50 meters,Daylight: Street light present,Raining without high winds,Wet/Damp,None,None,1,Yes,E01002748,2005
2607,200501EO00073,528970.0,184860.0,-0.141388,51.547849,1,3,2,1,17/01/2005,2,18:30,2,E09000007,3,400,Single carriageway,30,Giveway or uncontrolled,6,0,None within 50 metres,No physical crossing within 50 meters,Darkness: Street lights present and lit,Fine without high winds,Dry,None,None,1,No,E01000922,2005
2608,200501EO00074,529560.0,185380.0,-0.132692,51.552387,1,3,2,1,18/01/2005,3,15:30,3,E09000019,3,5200,Single carriageway,30,None,-1,0,None within 50 metres,No physical crossing within 50 meters,Daylight: Street light present,Fine without high winds,Dry,None,None,1,No,E01000924,2005
2609,200501EO00075,528010.0,184530.0,-0.155345,51.545101,1,2,2,1,20/01/2005,5,08:03,2,E09000007,3,502,Single carriageway,30,None,-1,0,None within 50 metres,No physical crossing within 50 meters,Daylight: Street light present,Raining without high winds,Wet/Damp,None,None,1,Yes,E01000906,2005
2610,200501EO00076,530670.0,184120.0,-0.117159,51.540808,1,3,1,1,17/01/2005,2,18:05,3,E09000019,3,5203,Single carriageway,30,Giveway or uncontrolled,6,0,None within 50 metres,Zebra crossing,Darkness: Street lights present and lit,Fine without high winds,Wet/Damp,None,None,1,Yes,E01002715,2005
2611,200501EO00079,528580.0,185830.0,-0.146655,51.556655,1,3,2,1,17/01/2005,2,18:40,2,E09000007,4,518,Single carriageway,30,Automatic traffic signal,5,0,None within 50 metres,Pedestrian phase at traffic signal junction,Darkness: Street lights present and lit,Fine without high winds,Wet/Damp,None,None,1,Yes,E01000910,2005
2612,200501EO00080,532270.0,184240.0,-0.094056,51.541514,1,3,1,2,17/01/2005,2,01:40,3,E09000019,3,104,Single carriageway,30,None,-1,0,None within 50 metres,non-junction pedestrian crossing,Darkness: Street lights present and lit,Fine without high winds,Dry,None,None,1,Yes,E01002720,2005
2613,200501EO00081,526130.0,185000.0,-0.182274,51.549748,1,3,2,1,17/01/2005,2,16:10,2,E09000007,6,0,Single carriageway,30,Giveway or uncontrolled,3,41,None within 50 metres,No physical crossing within 50 meters,Darkness: Street lights present and lit,Raining without high winds,Wet/Damp,None,None,1,Yes,E01000972,2005
2614,200501EO00082,527510.0,184940.0,-0.162404,51.548899,1,3,2,1,17/01/2005,2,10:40,2,E09000007,3,502,Single carriageway,30,Giveway or uncontrolled,6,0,None within 50 metres,No physical crossing within 50 meters,Daylight: Street light present,Fine without high winds,Wet/Damp,None,None,1,Yes,E01000849,2005
2615,200501EO00083,529580.0,183720.0,-0.133015,51.537464,1,3,2,1,18/01/2005,3,14:28,2,E09000007,3,5202,One way street,30,None,-1,0,None within 50 metres,No physical crossing within 50 meters,Daylight: Street light present,Fine without high winds,Dry,None,None,1,Yes,E01000958,2005
2616,200501EO00084,525170.0,185850.0,-0.19581,51.557601,1,3,2,1,17/01/2005,2,16:00,2,E09000007,3,41,Single carriageway,30,Automatic traffic signal,4,510,None within 50 metres,Pedestrian phase at traffic signal junction,Daylight: Street light present,Raining without high winds,Wet/Damp,None,None,1,Yes,E01000871,2005
2617,200501EO00085,530530.0,182760.0,-0.119681,51.528618,1,3,1,3,15/01/2005,7,05:35,2,E09000007,3,5200,Single carriageway,30,Automatic traffic signal,5,0,None within 50 metres,Pedestrian phase at traffic signal junction,Darkness: Street lights present and lit,Raining without high winds,Wet/Damp,None,None,1,Yes,E01000939,2005
2618,200501EO00086,525620.0,185380.0,-0.18949,51.553277,1,3,4,1,16/01/2005,1,15:30,2,E09000007,3,41,Single carriageway,30,None,-1,0,None within 50 metres,No physical crossing within 50 meters,Darkness: Street lights present and lit,Fine without high winds,Dry,None,None,1,Yes,E01000874,2005
2619,200501EO00087,526230.0,185230.0,-0.18075,51.551793,1,3,1,1,19/01/2005,4,08:23,2,E09000007,5,0,Single carriageway,30,Giveway or uncontrolled,6,0,None within 50 metres,No physical crossing within 50 meters,Daylight: Street light present,Fine without high winds,Dry,None,None,1,Yes,E01000881,2005
2620,200501EO00088,531890.0,183840.0,-0.099682,51.538008,1,3,2,2,18/01/2005,3,17:35,3,E09000019,3,104,Single carriageway,30,Giveway or uncontrolled,6,0,None within 50 metres,No physical crossing within 50 meters,Daylight: Street light present,Fine without high winds,Dry,None,None,1,No,E01002793,2005
2621,200501EO00089,530000.0,181420.0,-0.127811,51.516698,1,3,1,1,21/01/2005,6,13:58,2,E09000007,3,40,Single carriageway,30,Giveway or uncontrolled,6,0,None within 50 metres,No physical crossing within 50 meters,Daylight: Street light present,Fine without high winds,Dry,None,None,1,Yes,E01000919,2005
2622,200501EO00090,532710.0,182460.0,-0.088385,51.525414,1,3,2,1,21/01/2005,6,19:54,3,E09000019,3,5201,Roundabout,30,Automatic traffic signal,3,501,None within 50 metres,Pedestrian phase at traffic signal junction,Darkness: Street lights present and lit,Fine without high winds,Dry,None,None,1,Yes,E01002704,2005
2623,200501EO00091,529200.0,183830.0,-0.138451,51.53854,1,3,2,1,21/01/2005,6,09:55,2,E09000007,3,400,One way street,30,Giveway or uncontrolled,6,0,None within 50 metres,No physical crossing within 50 meters,Daylight: Street light present,Fine without high winds,Dry,None,None,1,Yes,E01000861,2005
2624,200501EO00092,530500.0,181530.0,-0.120568,51.517571,1,3,1,1,21/01/2005,6,16:15,2,E09000007,3,4200,Single carriageway,30,Automatic traffic signal,3,40,None within 50 metres,Pedestrian phase at traffic signal junction,Daylight: Street light present,Fine without high winds,Dry,None,None,1,Yes,E01000914,2005
2625,200501EO00094,528950.0,184750.0,-0.141717,51.546865,1,2,1,1,12/01/2005,4,10:55,2,E09000007,3,400,Single carriageway,30,None,-1,0,None within 50 metres,No physical crossing within 50 meters,Daylight: Street light present,Fine without high winds,Dry,None,None,1,Yes,E01000927,2005
2626,200501EO00095,529510.0,184620.0,-0.133693,51.545568,1,3,2,1,21/01/2005,6,09:10,2,E09000007,3,503,Single carriageway,30,Giveway or uncontrolled,6,0,None within 50 metres,No physical crossing within 50 meters,Daylight: Street light present,Fine without high winds,Dry,None,None,1,Yes,E01000865,2005
2627,200501EO00096,524740.0,184510.0,-0.202485,51.545653,1,3,2,1,21/01/2005,6,10:30,28,E09000005,3,5,Single carriageway,30,Automatic traffic signal,4,520,None within 50 metres,Pedestrian phase at traffic signal junction,Daylight: Street light present,Fine without high winds,Dry,None,None,1,Yes,E01000490,2005
2628,200501EO00097,530280.0,186180.0,-0.122017,51.55941,1,3,2,1,20/01/2005,5,08:55,3,E09000019,3,1,Dual carriageway,30,Giveway or uncontrolled,6,0,None within 50 metres,Zebra crossing,Daylight: Street light present,Fine without high winds,Wet/Damp,None,None,1,Yes,E01002786,2005
2629,200501EO00098,528550.0,184250.0,-0.147665,51.542462,1,3,2,1,20/01/2005,5,10:15,2,E09000007,3,502,Single carriageway,30,None,-1,0,None within 50 metres,No physical crossing within 50 meters,Daylight: Street light present,Raining without high winds,Wet/Damp,None,None,1,Yes,E01000858,2005
2630,200501EO00099,532370.0,184860.0,-0.092382,51.547062,1,3,2,1,20/01/2005,5,00:50,3,E09000019,6,0,Single carriageway,30,Giveway or uncontrolled,3,1199,None within 50 metres,No physical crossing within 50 meters,Darkness: Street lights present and lit,Fine without high winds,Dry,None,None,1,Yes,E01002717,2005
2631,200501EO00100,531390.0,183390.0,-0.107055,51.53408,1,3,2,1,21/01/2005,6,10:40,3,E09000019,4,515,Single carriageway,30,None,-1,0,None within 50 metres,No physical crossing within 50 meters,Daylight: Street light present,Fine without high winds,Dry,None,None,1,Yes,E01002696,2005
2632,200501EO00103,531420.0,182060.0,-0.107119,51.522121,1,3,2,1,23/01/2005,1,02:15,3,E09000019,3,201,Single carriageway,30,Automatic traffic signal,3,5201,None within 50 metres,Pedestrian phase at traffic signal junction,Darkness: Street lights present and lit,Fine without high winds,Dry,None,None,1,No,E01002724,2005
2633,200501EO00104,528950.0,184550.0,-0.14179,51.545067,1,3,2,1,24/01/2005,2,21:15,2,E09000007,3,400,Single carriageway,30,Giveway or uncontrolled,3,400,None within 50 metres,No physical crossing within 50 meters,Darkness: Street lights present and lit,Fine without high winds,Wet/Damp,None,None,1,No,E01000856,2005
2634,200501EO00105,529240.0,182330.0,-0.138424,51.52505,1,3,1,1,25/01/2005,3,20:20,2,E09000007,3,501,Dual carriageway,30,Automatic traffic signal,3,400,None within 50 metres,Pedestrian phase at traffic signal junction,Darkness: Street lights present and lit,Fine without high winds,Dry,None,None,1,Yes,E01000946,2005
2635,200501EO00107,526430.0,185710.0,-0.177695,51.556062,1,3,1,1,25/01/2005,3,18:00,2,E09000007,3,502,Single carriageway,30,None,-1,0,None within 50 metres,Zebra crossing,Darkness: Street lights present and lit,Fine without high winds,Dry,None,None,1,Yes,E01000895,2005
2636,200501EO00108,530450.0,187570.0,-0.119051,51.571863,1,3,1,1,24/01/2005,2,17:15,3,E09000019,3,1201,Single carriageway,30,Giveway or uncontrolled,6,0,None within 50 metres,Zebra crossing,Darkness: Street lights present and lit,Fine without high winds,Wet/Damp,None,None,1,Yes,E01002811,2005
2637,200501EO00109,526900.0,185490.0,-0.170998,51.553979,1,3,1,1,22/01/2005,7,13:40,2,E09000007,3,502,Single carriageway,30,None,-1,0,None within 50 metres,No physical crossing within 50 meters,Daylight: Street light present,Fine without high winds,Dry,None,None,1,Yes,E01000897,2005
2638,200501EO00110,529120.0,185880.0,-0.138852,51.556981,1,3,1,1,08/01/2005,7,12:20,3,E09000019,3,400,Single carriageway,30,Giveway or uncontrolled,3,400,None within 50 metres,No physical crossing within 50 meters,Daylight: Street light present,Unknown,Dry,None,None,1,Yes,E01000928,2005
2639,200501EO00111,530530.0,184780.0,-0.118932,51.546771,1,3,2,1,24/01/2005,2,10:10,3,E09000019,6,0,Single carriageway,30,None,-1,0,None within 50 metres,No physical crossing within 50 meters,Daylight: Street light present,Fine without high winds,Dry,None,None,1,Yes,E01002765,2005
2640,200501EO00112,528790.0,184570.0,-0.144089,51.545283,1,3,2,1,22/01/2005,7,16:28,2,E09000007,5,0,Single carriageway,30,Giveway or uncontrolled,5,0,None within 50 metres,No physical crossing within 50 meters,Darkness: Street lights present and lit,Fine without high winds,Dry,None,None,1,Yes,E01000927,2005
2641,200501EO00113,531150.0,182030.0,-0.111019,51.521914,1,3,2,2,25/01/2005,3,18:21,2,E09000007,3,5201,Single carriageway,30,Automatic traffic signal,6,0,None within 50 metres,Pedestrian phase at traffic signal junction,Darkness: Street lights present and lit,Fine without high winds,Dry,None,None,1,Yes,E01000916,2005
2642,200501EO00114,529770.0,185700.0,-0.129547,51.555214,1,3,2,2,22/01/2005,7,11:55,3,E09000019,6,0,Single carriageway,30,Giveway or uncontrolled,6,0,None within 50 metres,No physical crossing within 50 meters,Daylight: Street light present,Fine without high winds,Dry,None,None,1,Yes,E01002789,2005
2643,200501EO00115,526230.0,186290.0,-0.18037,51.561319,1,3,2,1,23/01/2005,1,11:27,2,E09000007,5,0,Single carriageway,30,Giveway or uncontrolled,5,0,None within 50 metres,No physical crossing within 50 meters,Daylight: Street light present,Fine without high winds,Dry,None,None,1,Yes,E01000899,2005
2644,200501EO00116,529720.0,184870.0,-0.130574,51.547767,1,3,3,1,22/01/2005,7,03:30,2,E09000007,3,503,Single carriageway,30,Automatic traffic signal,3,5200,None within 50 metres,Pedestrian phase at traffic signal junction,Darkness: Street lights present and lit,Fine without high winds,Dry,None,None,1,Yes,E01000869,2005
2645,200501EO00118,527440.0,184540.0,-0.163557,51.54532,1,3,2,1,25/01/2005,3,21:53,2,E09000007,6,0,Single carriageway,30,None,-1,0,None within 50 metres,No physical crossing within 50 meters,Darkness: Street lights present and lit,Raining without high winds,Wet/Damp,None,None,1,No,E01000845,2005
2646,200501EO00119,530130.0,181450.0,-0.125927,51.516938,1,3,1,1,24/01/2005,2,18:10,2,E09000007,3,40,Single carriageway,30,Automatic traffic signal,3,40,None within 50 metres,Pedestrian phase at traffic signal junction,Darkness: Street lights present and lit,Fine without high winds,Dry,None,None,1,No,E01000919,2005
2647,200501EO00120,531410.0,184920.0,-0.106196,51.547825,1,3,2,1,24/01/2005,2,17:40,3,E09000019,3,1,Single carriageway,30,None,-1,0,None within 50 metres,No physical crossing within 50 meters,Darkness: Street lights present but unlit,Fine without high winds,Dry,None,None,1,No,E01002795,2005
2648,200501EO00122,532470.0,184790.0,-0.090967,51.546409,1,3,1,1,27/01/2005,5,22:50,3,E09000019,6,0,Single carriageway,30,None,-1,0,None within 50 metres,No physical crossing within 50 meters,Darkness: Street lights present and lit,Fine without high winds,Dry,None,None,1,Yes,E01002717,2005
2649,200501EO00123,529830.0,181300.0,-0.130304,51.515659,1,3,1,1,26/01/2005,4,19:50,2,E09000007,3,400,Single carriageway,30,Automatic traffic signal,3,40,None within 50 metres,Pedestrian phase at traffic signal junction,Darkness: Street lights present and lit,Raining without high winds,Wet/Damp,None,None,1,Yes,E01004763,2005
2650,200501EO00124,529270.0,186860.0,-0.136329,51.565754,1,3,1,1,26/01/2005,4,12:24,3,E09000019,6,0,Single carriageway,30,None,-1,0,None within 50 metres,No physical crossing within 50 meters,Daylight: Street light present,Fine without high winds,Dry,None,None,1,Yes,E01002770,2005
2651,200501EO00125,528260.0,185620.0,-0.151345,51.55484,1,3,1,1,26/01/2005,4,15:15,2,E09000007,4,518,Single carriageway,30,Giveway or uncontrolled,6,0,None within 50 metres,Zebra crossing,Daylight: Street light present,Fine without high winds,Dry,None,None,1,Yes,E01000886,2005
2652,200501EO00126,529550.0,182890.0,-0.133752,51.530012,1,3,1,1,27/01/2005,5,12:02,2,E09000007,5,0,Single carriageway,30,Giveway or uncontrolled,3,4200,None within 50 metres,No physical crossing within 50 meters,Daylight: Street light present,Fine without high winds,Dry,None,None,1,Yes,E01000945,2005
2653,200501EO00128,526900.0,184170.0,-0.171474,51.542117,1,3,2,1,25/01/2005,3,08:30,2,E09000007,4,509,Single carriageway,30,Automatic traffic signal,6,0,None within 50 metres,Pedestrian phase at traffic signal junction,Daylight: Street light present,Fine without high winds,Wet/Damp,None,None,1,Yes,E01000963,2005
2654,200501EO00129,529520.0,186750.0,-0.132765,51.564708,1,3,2,1,25/01/2005,3,07:45,3,E09000019,3,1,Single carriageway,30,Giveway or uncontrolled,6,0,None within 50 metres,non-junction pedestrian crossing,Darkness: Street lights present and lit,Raining without high winds,Wet/Damp,None,None,1,Yes,E01002772,2005
2655,200501EO00131,528450.0,186020.0,-0.14846,51.558392,1,3,2,1,25/01/2005,3,08:45,2,E09000007,5,0,Single carriageway,30,Giveway or uncontrolled,6,0,None within 50 metres,No physical crossing within 50 meters,Daylight: Street light present,Fine without high winds,Dry,None,None,1,Yes,E01000912,2005
2656,200501EO00132,532370.0,184310.0,-0.092588,51.542119,1,3,2,2,26/01/2005,4,09:09,3,E09000019,3,104,Single carriageway,30,Giveway or uncontrolled,6,0,None within 50 metres,No physical crossing within 50 meters,Daylight: Street light present,Fine without high winds,Dry,None,None,1,Yes,E01002722,2005
2657,200501EO00133,530570.0,181780.0,-0.119467,51.519802,1,3,2,1,25/01/2005,3,11:20,2,E09000007,3,401,Single carriageway,30,Giveway or uncontrolled,6,0,None within 50 metres,No physical crossing within 50 meters,Daylight: Street light present,Fine without high winds,Dry,None,None,1,Yes,E01000914,2005
2658,200501EO00134,528920.0,183830.0,-0.142486,51.538604,1,3,3,1,24/01/2005,2,22:30,2,E09000007,3,400,One way street,30,Automatic traffic signal,3,4201,None within 50 metres,Pedestrian phase at traffic signal junction,Darkness: Street lights present and lit,Fine without high winds,Dry,None,None,1,Yes,E01000863,2005
2659,200501EO00135,531100.0,183110.0,-0.111338,51.531631,1,3,2,1,29/01/2005,7,06:30,3,E09000019,5,0,Single carriageway,30,Automatic traffic signal,3,501,None within 50 metres,Pedestrian phase at traffic signal junction,Darkness: Street lights present and lit,Fine without high winds,Dry,None,None,1,No,E01002695,2005
2660,200501EO00136,527030.0,185390.0,-0.16916,51.553051,1,3,2,1,29/01/2005,7,11:45,2,E09000007,3,502,Single carriageway,30,Automatic traffic signal,4,518,None within 50 metres,Pedestrian phase at traffic signal junction,Daylight: Street light present,Fine without high winds,Dry,None,None,1,No,E01000898,2005
2661,200501EO00137,526670.0,185280.0,-0.174389,51.552144,1,3,2,1,28/01/2005,6,11:01,2,E09000007,6,0,Single carriageway,30,None,-1,0,None within 50 metres,No physical crossing within 50 meters,Daylight: Street light present,Raining without high winds,Wet/Damp,None,None,1,No,E01000897,2005
2662,200501EO00138,529480.0,182280.0,-0.134985,51.524546,1,3,2,1,25/01/2005,3,10:15,2,E09000007,3,400,One way street,30,Giveway or uncontrolled,5,0,None within 50 metres,No physical crossing within 50 meters,Daylight: Street light present,Fine without high winds,Dry,None,None,1,No,E01000854,2005
2663,200501EO00139,530180.0,182860.0,-0.124686,51.529597,1,3,2,1,26/01/2005,4,23:05,2,E09000007,3,501,Single carriageway,30,None,-1,0,None within 50 metres,No physical crossing within 50 meters,Darkness: Street lights present and lit,Fine without high winds,Dry,None,None,1,No,E01000942,2005
2664,200501EO00140,528280.0,187390.0,-0.150411,51.570743,1,3,1,1,29/01/2005,7,02:44,2,E09000007,5,0,Single carriageway,30,None,-1,0,None within 50 metres,No physical crossing within 50 meters,Darkness: Street lights present and lit,Fine without high winds,Wet/Damp,None,None,1,Yes,E01000913,2005
2665,200501EO00141,532620.0,182700.0,-0.089591,51.527592,1,3,1,1,30/01/2005,1,05:16,3,E09000019,3,501,Single carriageway,30,None,-1,0,None within 50 metres,No physical crossing within 50 meters,Darkness: Street lights present and lit,Fine without high winds,Dry,None,None,1,Yes,E01002701,2005
2666,200501EO00142,530200.0,186250.0,-0.123145,51.560058,1,3,2,1,31/01/2005,2,07:08,3,E09000019,3,1,Single carriageway,30,Giveway or uncontrolled,6,0,None within 50 metres,No physical crossing within 50 meters,Darkness: Street lights present and lit,Fine without high winds,Dry,None,None,1,Yes,E01002785,2005
2667,200501EO00143,529470.0,184560.0,-0.134291,51.545038,1,3,1,1,27/01/2005,5,08:25,2,E09000007,3,503,Single carriageway,30,None,-1,0,None within 50 metres,non-junction pedestrian crossing,Daylight: Street light present,Fine without high winds,Wet/Damp,None,None,1,Yes,E01000865,2005
2668,200501EO00144,533240.0,182630.0,-0.080685,51.526817,1,3,2,1,21/01/2005,6,01:37,4,E09000012,3,5201,Single carriageway,30,Automatic traffic signal,5,0,None within 50 metres,Pedestrian phase at traffic signal junction,Darkness: Street lights present and lit,Raining without high winds,Wet/Damp,None,None,1,Yes,E01001771,2005
2669,200501EO00145,530000.0,183200.0,-0.127154,51.532694,1,3,2,1,29/01/2005,7,20:35,2,E09000007,5,0,Single carriageway,30,Automatic traffic signal,3,5202,None within 50 metres,Pedestrian phase at traffic signal junction,Darkness: Street lights present and lit,Raining without high winds,Wet/Damp,None,None,1,Yes,E01000953,2005
2670,200501EO00146,528940.0,184700.0,-0.141879,51.546418,1,3,2,1,27/01/2005,5,20:05,2,E09000007,3,400,Single carriageway,30,Automatic traffic signal,5,0,None within 50 metres,Pedestrian phase at traffic signal junction,Darkness: Street lights present and lit,Raining without high winds,Wet/Damp,None,None,1,Yes,E01000927,2005
2671,200501EO00147,529410.0,182030.0,-0.136085,51.522315,1,3,2,1,27/01/2005,5,02:37,2,E09000007,3,400,Single carriageway,30,Giveway or uncontrolled,3,400,None within 50 metres,No physical crossing within 50 meters,Darkness: Street lights present and lit,Raining without high winds,Wet/Damp,None,None,1,Yes,E01000854,2005
2672,200501EO00148,531100.0,183580.0,-0.111163,51.535855,1,3,2,1,31/01/2005,2,10:30,3,E09000019,5,0,Single carriageway,30,Automatic traffic signal,5,0,None within 50 metres,Pedestrian phase at traffic signal junction,Daylight: Street light present,Fine without high winds,Dry,None,None,1,Yes,E01002694,2005
2673,200501EO00149,528650.0,183610.0,-0.146457,51.536688,1,3,2,1,28/01/2005,6,17:01,2,E09000007,3,4201,Dual carriageway,30,Automatic traffic signal,5,0,None within 50 metres,Pedestrian phase at traffic signal junction,Daylight: Street light present,Raining without high winds,Wet/Damp,None,None,1,Yes,E01000862,2005
2674,200501EO00150,529150.0,183160.0,-0.139417,51.53253,1,3,2,1,29/01/2005,7,22:14,2,E09000007,3,400,One way street,30,Automatic traffic signal,3,400,None within 50 metres,Pedestrian phase at traffic signal junction,Darkness: Street lights present and lit,Fine without high winds,Dry,None,None,1,Yes,E01000947,2005
2675,200501EO00151,532030.0,182930.0,-0.098005,51.529797,1,3,2,1,27/01/2005,5,09:05,3,E09000019,3,501,Single carriageway,30,Giveway or uncontrolled,5,0,None within 50 metres,Zebra crossing,Daylight: Street light present,Other,Wet/Damp,None,None,1,Yes,E01002707,2005
2676,200501EO00154,532880.0,185320.0,-0.084857,51.551076,1,3,2,1,05/01/2005,4,11:45,3,E09000019,3,105,One way street,30,Giveway or uncontrolled,5,0,None within 50 metres,Zebra crossing,Daylight: Street light present,Fine without high winds,Dry,None,None,1,No,E01002782,2005
2677,200501EO00155,530730.0,185890.0,-0.115637,51.5567,1,3,2,1,31/01/2005,2,21:35,3,E09000019,3,503,Single carriageway,30,Giveway or uncontrolled,6,0,None within 50 metres,No physical crossing within 50 meters,Darkness: Street lights present and lit,Fine without high winds,Dry,None,None,1,No,E01002746,2005
2678,200501EO00156,530770.0,181570.0,-0.116664,51.517868,1,3,2,1,30/01/2005,1,02:10,2,E09000007,3,40,Single carriageway,30,Giveway or uncontrolled,5,0,None within 50 metres,No physical crossing within 50 meters,Darkness: Street lights present and lit,Fine without high winds,Dry,None,None,1,Yes,E01000914,2005
2679,200501EO00157,529750.0,182590.0,-0.130981,51.52727,1,3,2,1,31/01/2005,2,15:00,2,E09000007,3,501,Single carriageway,30,Automatic traffic signal,3,4200,None within 50 metres,Pedestrian phase at traffic signal junction,Daylight: Street light present,Fine without high winds,Dry,None,None,1,No,E01000945,2005
2680,200501EO00161,532550.0,184840.0,-0.089795,51.54684,1,2,2,1,18/01/2005,3,12:50,3,E09000019,3,1199,Single carriageway,30,None,-1,0,None within 50 metres,No physical crossing within 50 meters,Daylight: Street light present,Fine without high winds,Dry,None,None,1,Yes,E01002717,2005
2681,200501EO00165,531090.0,181610.0,-0.11204,51.518154,48,3,2,1,27/01/2005,5,18:45,570,E09000001,3,40,Single carriageway,30,None,-1,0,None within 50 metres,No physical crossing within 50 meters,Darkness: Street lights present and lit,Raining without high winds,Wet/Damp,None,None,1,No,E01000914,2005
2682,200501EO00168,529740.0,182610.0,-0.131118,51.527452,1,3,1,1,14/01/2005,6,00:45,2,E09000007,3,4200,Single carriageway,30,None,-1,0,None within 50 metres,non-junction pedestrian crossing,Darkness: Street lights present and lit,Fine without high winds,Wet/Damp,None,None,1,Yes,E01000945,2005
2683,200501EO00174,530080.0,186410.0,-0.124816,51.561523,1,2,1,1,23/01/2005,1,00:22,3,E09000019,3,1,Single carriageway,30,Giveway or uncontrolled,6,0,None within 50 metres,non-junction pedestrian crossing,Darkness: Street lights present and lit,Fine without high winds,Dry,None,None,1,Yes,E01002785,2005
2684,200501EO00175,530910.0,183060.0,-0.114094,51.531226,1,3,2,1,19/01/2005,4,21:37,3,E09000019,3,501,Single carriageway,30,Automatic traffic signal,3,501,None within 50 metres,Pedestrian phase at traffic signal junction,Darkness: Street lights present and lit,Fine without high winds,Dry,None,None,1,Yes,E01002728,2005
2685,200501EO00179,530590.0,181540.0,-0.119268,51.51764,1,3,2,1,25/02/2005,6,02:35,2,E09000007,3,40,One way street,30,Automatic traffic signal,3,40,None within 50 metres,No physical crossing within 50 meters,Darkness: Street lights present and lit,Fine without high winds,Dry,None,None,1,Yes,E01000914,2005
2686,200501EO00184,531020.0,181910.0,-0.112937,51.520866,1,3,1,1,18/01/2005,3,21:42,2,E09000007,3,5200,Single carriageway,30,None,-1,0,None within 50 metres,No physical crossing within 50 meters,Darkness: Street lights present and lit,Fine without high winds,Dry,None,None,1,Yes,E01000914,2005
2687,200501EO40001,528710.0,182800.0,-0.145888,51.529395,1,3,2,1,04/02/2005,6,17:36,2,E09000007,6,0,Single carriageway,30,None,-1,0,None within 50 metres,No physical crossing within 50 meters,Darkness: Street lights present and lit,Fine without high winds,Dry,None,None,1,Yes,E01000946,2005
2688,200501EO40003,529930.0,184700.0,-0.12761,51.546191,1,3,2,1,01/02/2005,3,15:35,2,E09000007,3,5200,Single carriageway,30,Giveway or uncontrolled,6,0,None within 50 metres,Zebra crossing,Daylight: Street light present,Fine without high winds,Wet/Damp,None,None,1,No,E01000869,2005
2689,200501EO40004,526560.0,186240.0,-0.17563,51.560796,1,3,2,1,01/02/2005,3,09:15,2,E09000007,5,0,Single carriageway,30,Giveway or uncontrolled,6,0,None within 50 metres,No physical crossing within 50 meters,Daylight: Street light present,Fine without high winds,Wet/Damp,None,None,1,Yes,E01000899,2005
2690,200501EO40005,529060.0,185190.0,-0.13997,51.550794,1,3,3,1,05/02/2005,7,15:30,2,E09000007,5,0,Single carriageway,30,Giveway or uncontrolled,6,0,None within 50 metres,No physical crossing within 50 meters,Daylight: Street light present,Fine without high winds,Dry,None,None,1,Yes,E01000925,2005
2691,200501EO40006,532150.0,184120.0,-0.09583,51.540463,1,3,1,1,01/02/2005,3,16:40,3,E09000019,3,1200,Single carriageway,30,Automatic traffic signal,3,104,None within 50 metres,No physical crossing within 50 meters,Daylight: Street light present,Fine without high winds,Wet/Damp,None,None,1,Yes,E01002797,2005
2692,200501EO40008,529090.0,184040.0,-0.139959,51.540452,1,3,2,1,07/02/2005,2,19:45,2,E09000007,3,503,Single carriageway,30,Automatic traffic signal,3,400,None within 50 metres,Pedestrian phase at traffic signal junction,Darkness: Street lights present and lit,Fine without high winds,Dry,None,None,1,Yes,E01000856,2005
2693,200501EO40009,525430.0,185540.0,-0.192172,51.554757,1,3,2,1,07/02/2005,2,08:39,2,E09000007,3,41,Single carriageway,30,Giveway or uncontrolled,6,0,None within 50 metres,No physical crossing within 50 meters,Daylight: Street light present,Fine without high winds,Dry,None,None,1,Yes,E01000877,2005
2694,200501EO40010,529880.0,185080.0,-0.12819,51.549617,1,3,2,1,10/02/2005,5,18:00,3,E09000019,3,503,Single carriageway,30,Giveway or uncontrolled,6,0,None within 50 metres,No physical crossing within 50 meters,Darkness: Street lights present and lit,Fine without high winds,Wet/Damp,None,None,1,No,E01002783,2005
2695,200501EO40011,525190.0,185400.0,-0.195682,51.553552,1,3,2,3,13/02/2005,1,14:26,2,E09000007,4,510,Single carriageway,30,Giveway or uncontrolled,6,0,None within 50 metres,No physical crossing within 50 meters,Daylight: Street light present,Fine without high winds,Dry,None,None,1,Yes,E01000877,2005
2696,200501EO40012,529220.0,182480.0,-0.138657,51.526403,1,3,1,1,11/02/2005,6,10:05,2,E09000007,3,400,Single carriageway,30,Giveway or uncontrolled,3,400,None within 50 metres,Zebra crossing,Daylight: Street light present,Fine without high winds,Dry,None,None,1,Yes,E01000946,2005
2697,200501EO40013,531270.0,182040.0,-0.109287,51.521976,1,3,3,1,01/02/2005,3,14:50,2,E09000007,3,5201,Single carriageway,30,Giveway or uncontrolled,4,521,None within 50 metres,Zebra crossing,Daylight: Street light present,Fine without high winds,Dry,None,None,1,No,E01000916,2005
2698,200501EO40014,524740.0,184510.0,-0.202485,51.545653,1,3,1,1,10/02/2005,5,13:10,28,E09000005,3,5,Single carriageway,30,Automatic traffic signal,4,520,None within 50 metres,Pedestrian phase at traffic signal junction,Daylight: Street light present,Fine without high winds,Dry,None,None,1,Yes,E01000490,2005
2699,200501EO40018,531470.0,181950.0,-0.106439,51.521121,1,3,2,1,07/02/2005,2,11:10,2,E09000007,3,201,Single carriageway,30,Giveway or uncontrolled,6,0,None within 50 metres,No physical crossing within 50 meters,Daylight: Street light present,Fine without high winds,Dry,None,None,1,Yes,E01000916,2005
2700,200501EO40019,531560.0,182690.0,-0.104867,51.52775,1,3,2,1,04/02/2005,6,10:15,3,E09000019,4,501,Single carriageway,30,Automatic traffic signal,4,501,None within 50 metres,Pedestrian phase at traffic signal junction,Daylight: Street light present,Fine without high winds,Dry,None,None,1,No,E01002723,2005
2701,200501EO40020,531420.0,183320.0,-0.106649,51.533444,1,3,1,1,01/02/2005,3,16:15,3,E09000019,4,515,Single carriageway,30,Giveway or uncontrolled,3,1,None within 50 metres,No physical crossing within 50 meters,Darkness: Street lights present and lit,Raining without high winds,Wet/Damp,None,None,1,Yes,E01002696,2005
2702,200501EO40022,529380.0,186830.0,-0.134754,51.565459,1,3,1,1,04/02/2005,6,19:46,3,E09000019,3,400,Single carriageway,30,Automatic traffic signal,3,1,None within 50 metres,Pedestrian phase at traffic signal junction,Darkness: Street lights present and lit,Fine without high winds,Dry,None,None,1,Yes,E01002770,2005
2703,200501EO40023,528690.0,182320.0,-0.146352,51.525086,1,3,1,1,09/02/2005,4,08:50,2,E09000007,6,0,Single carriageway,30,None,-1,0,None within 50 metres,No physical crossing within 50 meters,Daylight: Street light present,Other,Wet/Damp,None,None,1,No,E01004716,2005
2704,200501EO40025,528440.0,187390.0,-0.148104,51.570706,1,3,3,1,13/02/2005,1,14:09,2,E09000007,4,519,Single carriageway,30,Giveway or uncontrolled,6,0,None within 50 metres,non-junction pedestrian crossing,Daylight: Street light present,Fine without high winds,Dry,None,None,1,Yes,E01000913,2005
2705,200501EO40026,530990.0,181970.0,-0.113347,51.521412,1,3,2,1,12/02/2005,7,13:45,2,E09000007,3,401,Single carriageway,30,Automatic traffic signal,3,5200,None within 50 metres,Pedestrian phase at traffic signal junction,Daylight: Street light present,Fine without high winds,Dry,None,None,1,Yes,E01000914,2005
2706,200501EO40027,529000.0,185070.0,-0.140879,51.549729,1,3,1,1,10/02/2005,5,08:50,2,E09000007,3,400,Single carriageway,30,Giveway or uncontrolled,6,0,None within 50 metres,non-junction pedestrian crossing,Daylight: Street light present,Unknown,Dry,None,None,1,Yes,E01000928,2005
2707,200501EO40028,531090.0,183200.0,-0.111449,51.532443,1,2,1,1,01/02/2005,3,11:38,3,E09000019,5,0,Single carriageway,30,None,-1,0,None within 50 metres,No physical crossing within 50 meters,Daylight: Street light present,Fine without high winds,Wet/Damp,None,None,1,Yes,E01002695,2005
2708,200501EO40030,532370.0,184310.0,-0.092588,51.542119,1,3,2,1,08/02/2005,3,08:53,3,E09000019,3,104,Single carriageway,30,Giveway or uncontrolled,6,0,None within 50 metres,No physical crossing within 50 meters,Daylight: Street light present,Fine without high winds,Dry,None,None,1,Yes,E01002722,2005
2709,200501EO40031,530290.0,186170.0,-0.121877,51.559318,1,3,2,1,08/02/2005,3,09:27,3,E09000019,3,1,Single carriageway,30,Giveway or uncontrolled,6,0,None within 50 metres,No physical crossing within 50 meters,Daylight: Street light present,Fine without high winds,Dry,None,None,1,Yes,E01002786,2005
2710,200501EO40032,531610.0,184560.0,-0.103448,51.544544,1,3,2,1,01/02/2005,3,22:55,3,E09000019,3,1,Single carriageway,30,Giveway or uncontrolled,5,0,None within 50 metres,No physical crossing within 50 meters,Darkness: Street lights present and lit,Fine without high winds,Dry,None,None,1,Yes,E01002795,2005
2711,200501EO40033,531460.0,184860.0,-0.105498,51.547274,1,3,2,1,03/02/2005,5,15:55,3,E09000019,3,1,Single carriageway,30,Giveway or uncontrolled,6,0,None within 50 metres,non-junction pedestrian crossing,Daylight: Street light present,Fine without high winds,Dry,None,None,1,Yes,E01002795,2005
2712,200501EO40035,529900.0,181490.0,-0.129225,51.51735,1,2,1,1,15/02/2005,3,20:00,2,E09000007,5,0,Single carriageway,30,None,-1,0,None within 50 metres,No physical crossing within 50 meters,Darkness: Street lights present and lit,Fine without high winds,Dry,None,None,1,No,E01000855,2005
2713,200501EO40036,526350.0,184110.0,-0.179422,51.541701,1,3,2,1,16/02/2005,4,09:05,2,E09000007,4,509,Single carriageway,30,Giveway or uncontrolled,4,509,None within 50 metres,No physical crossing within 50 meters,Daylight: Street light present,Fine without high winds,Dry,None,None,1,No,E01000961,2005
2714,200501EO40037,532490.0,184450.0,-0.090806,51.543349,1,3,2,1,07/02/2005,2,12:40,3,E09000019,3,104,Single carriageway,30,None,-1,0,None within 50 metres,No physical crossing within 50 meters,Daylight: Street light present,Fine without high winds,Dry,None,None,1,Yes,E01002720,2005
2715,200501EO40038,529000.0,183850.0,-0.141326,51.538765,1,3,1,1,15/02/2005,3,12:20,2,E09000007,3,503,Dual carriageway,30,None,-1,0,None within 50 metres,No physical crossing within 50 meters,Daylight: Street light present,Fine without high winds,Dry,None,None,1,Yes,E01000861,2005
2716,200501EO40040,530400.0,181740.0,-0.121931,51.519482,1,3,1,1,14/02/2005,2,13:34,2,E09000007,3,4200,Single carriageway,30,None,-1,0,None within 50 metres,No physical crossing within 50 meters,Daylight: Street light present,Fine without high winds,Dry,None,None,1,Yes,E01000914,2005
2717,200501EO40041,528950.0,184270.0,-0.141892,51.542551,1,3,1,1,15/02/2005,3,13:35,2,E09000007,3,400,Single carriageway,30,Automatic traffic signal,5,0,None within 50 metres,No physical crossing within 50 meters,Daylight: Street light present,Fine without high winds,Dry,None,None,1,Yes,E01000856,2005
2718,200501EO40042,531760.0,186520.0,-0.100552,51.562122,1,3,2,1,17/02/2005,5,10:00,3,E09000019,3,1201,Single carriageway,30,Giveway or uncontrolled,6,0,None within 50 metres,No physical crossing within 50 meters,Daylight: Street light present,Fine without high winds,Dry,Roadworks,None,1,Yes,E01001718,2005
2719,200501EO40043,529270.0,183410.0,-0.137596,51.534749,1,3,1,1,15/02/2005,3,20:45,2,E09000007,4,512,Single carriageway,30,Giveway or uncontrolled,5,0,None within 50 metres,Zebra crossing,Darkness: Street lights present and lit,Fine without high winds,Dry,None,None,1,Yes,E01000947,2005
2720,200501EO40046,528020.0,184600.0,-0.155176,51.545728,1,3,2,1,15/02/2005,3,16:00,2,E09000007,5,0,Single carriageway,30,None,-1,0,None within 50 metres,No physical crossing within 50 meters,Daylight: Street light present,Fine without high winds,Dry,None,None,1,Yes,E01000902,2005
2721,200501EO40047,531090.0,186510.0,-0.110216,51.562188,1,3,1,1,16/02/2005,4,14:25,3,E09000019,3,503,Single carriageway,30,Automatic traffic signal,6,0,None within 50 metres,No physical crossing within 50 meters,Daylight: Street light present,Fine without high winds,Dry,None,None,1,Yes,E01002734,2005
2722,200501EO40049,530530.0,181470.0,-0.120158,51.517025,1,3,2,1,16/02/2005,4,23:41,2,E09000007,3,4200,Single carriageway,30,Giveway or uncontrolled,6,0,None within 50 metres,Central refuge,Darkness: Street lights present and lit,Fine without high winds,Dry,None,None,1,Yes,E01000918,2005
2723,200501EO40053,530590.0,181320.0,-0.119349,51.515663,1,3,2,1,21/02/2005,2,13:40,2,E09000007,3,4200,Single carriageway,30,Giveway or uncontrolled,6,0,None within 50 metres,No physical crossing within 50 meters,Daylight: Street light present,Snowing without high winds,Wet/Damp,None,None,1,Yes,E01000918,2005
2724,200501EO40054,529020.0,184160.0,-0.140924,51.541546,1,3,3,2,23/02/2005,4,11:06,2,E09000007,3,400,Single carriageway,30,Giveway or uncontrolled,6,0,None within 50 metres,No physical crossing within 50 meters,Daylight: Street light present,Fine without high winds,Dry,None,None,1,Yes,E01000856,2005
2725,200501EO40056,528930.0,183990.0,-0.142283,51.540039,1,3,2,1,15/02/2005,3,09:20,2,E09000007,3,400,Single carriageway,30,None,-1,0,None within 50 metres,No physical crossing within 50 meters,Daylight: Street light present,Fine without high winds,Dry,None,None,1,No,E01000863,2005
2726,200501EO40059,531390.0,182050.0,-0.107555,51.522038,1,3,2,1,15/02/2005,3,18:24,2,E09000007,3,5201,Single carriageway,30,Automatic traffic signal,6,0,None within 50 metres,Pedestrian phase at traffic signal junction,Darkness: Street lights present and lit,Raining without high winds,Wet/Damp,None,None,1,Yes,E01000916,2005
2727,200501EO40060,528850.0,183950.0,-0.143451,51.539698,1,3,1,1,19/02/2005,7,15:00,2,E09000007,3,502,Single carriageway,30,Giveway or uncontrolled,6,0,None within 50 metres,No physical crossing within 50 meters,Daylight: Street light present,Fine without high winds,Dry,None,None,1,Yes,E01000863,2005
2728,200501EO40063,531600.0,184750.0,-0.103521,51.546253,1,3,1,1,01/02/2005,3,13:15,3,E09000019,3,1,Single carriageway,30,Giveway or uncontrolled,3,1200,None within 50 metres,non-junction pedestrian crossing,Daylight: Street light present,Fine without high winds,Dry,None,None,1,Yes,E01002795,2005
2729,200501EO40064,531700.0,183920.0,-0.10239,51.538771,1,3,2,1,13/02/2005,1,19:17,3,E09000019,3,1,Single carriageway,30,None,-1,0,None within 50 metres,No physical crossing within 50 meters,Darkness: Street lights present and lit,Raining without high winds,Wet/Damp,None,None,1,Yes,E01002794,2005
2730,200501EO40066,530520.0,187150.0,-0.118197,51.568072,1,3,2,1,11/02/2005,6,08:08,3,E09000019,6,0,Single carriageway,30,Giveway or uncontrolled,6,0,None within 50 metres,No physical crossing within 50 meters,Daylight: Street light present,Other,Wet/Damp,None,None,1,Yes,E01002806,2005
2731,200501EO40068,531680.0,183790.0,-0.102727,51.537607,1,3,2,1,07/02/2005,2,09:11,3,E09000019,3,1,Single carriageway,30,Giveway or uncontrolled,5,0,None within 50 metres,Zebra crossing,Daylight: Street light present,Fine without high winds,Dry,None,None,1,Yes,E01002794,2005
2732,200501EO40069,531790.0,183020.0,-0.10143,51.530662,1,3,2,1,15/02/2005,3,09:50,3,E09000019,3,501,Single carriageway,30,Giveway or uncontrolled,3,501,None within 50 metres,No physical crossing within 50 meters,Daylight: Street light present,Fine without high winds,Dry,None,None,1,Yes,E01002707,2005
2733,200501EO40075,532680.0,184820.0,-0.087929,51.54663,1,3,1,1,14/02/2005,2,19:09,3,E09000019,3,1199,Dual carriageway,30,None,-1,0,None within 50 metres,No physical crossing within 50 meters,Darkness: Street lights present and lit,Fine without high winds,Wet/Damp,None,None,1,Yes,E01002716,2005
2734,200501EO40082,532770.0,185240.0,-0.086473,51.550383,1,3,2,1,13/02/2005,1,00:05,3,E09000019,3,105,Single carriageway,30,Giveway or uncontrolled,6,0,None within 50 metres,Zebra crossing,Darkness: Street lights present and lit,Fine without high winds,Dry,None,None,1,Yes,E01002779,2005
2735,200501EO40085,530460.0,186000.0,-0.119489,51.557751,1,3,2,1,27/02/2005,1,22:50,3,E09000019,3,1,Single carriageway,30,Automatic traffic signal,3,503,None within 50 metres,Pedestrian phase at traffic signal junction,Darkness: Street lights present and lit,Fine without high winds,Dry,None,None,1,Yes,E01002786,2005
2736,200501EO40086,530610.0,184560.0,-0.117861,51.544776,1,3,2,1,21/02/2005,2,17:29,3,E09000019,3,5203,Single carriageway,30,Giveway or uncontrolled,6,0,None within 50 metres,No physical crossing within 50 meters,Darkness: Street lights present and lit,Snowing without high winds,Wet/Damp,None,None,1,Yes,E01002713,2005
2737,200501EO40087,530120.0,181320.0,-0.126119,51.515772,1,3,2,1,21/02/2005,2,13:00,2,E09000007,3,40,Single carriageway,30,Automatic traffic signal,3,401,None within 50 metres,Pedestrian phase at traffic signal junction,Daylight: Street light present,Fine without high winds,Dry,None,None,1,Yes,E01000919,2005
2738,200501EO40089,532090.0,185010.0,-0.096361,51.548475,1,3,2,1,22/02/2005,3,07:35,3,E09000019,5,0,Single carriageway,30,Giveway or uncontrolled,6,0,None within 50 metres,No physical crossing within 50 meters,Daylight: Street light present,Fine without high winds,Wet/Damp,None,None,1,Yes,E01002738,2005
2739,200501EO40095,531100.0,183100.0,-0.111342,51.531542,1,3,2,1,08/02/2005,3,09:00,3,E09000019,5,0,Single carriageway,30,Automatic traffic signal,3,501,None within 50 metres,Pedestrian phase at traffic signal junction,Daylight: Street light present,Fine without high winds,Dry,None,None,1,Yes,E01002728,2005
2740,200501EO40097,530320.0,182960.0,-0.122632,51.530464,1,3,2,1,16/02/2005,4,19:30,2,E09000007,3,5200,Single carriageway,30,Automatic traffic signal,3,501,None within 50 metres,Pedestrian phase at traffic signal junction,Darkness: Street lights present and lit,Fine without high winds,Dry,None,None,1,Yes,E01000939,2005
2741,200501EO40099,529050.0,183770.0,-0.140634,51.538035,1,3,1,1,10/02/2005,5,13:45,2,E09000007,3,503,Single carriageway,30,None,-1,0,None within 50 metres,No physical crossing within 50 meters,Daylight: Street light present,Fine without high winds,Dry,None,None,1,Yes,E01000861,2005
2742,200501EO40100,529880.0,181380.0,-0.129554,51.516366,1,3,1,1,10/02/2005,5,14:41,2,E09000007,3,40,Single carriageway,30,Automatic traffic signal,3,40,None within 50 metres,Pedestrian phase at traffic signal junction,Daylight: Street light present,Raining without high winds,Wet/Damp,None,None,1,Yes,E01000919,2005
2743,200501EO40102,526960.0,183840.0,-0.170728,51.539137,1,3,2,1,15/02/2005,3,21:46,2,E09000007,4,525,Single carriageway,30,Giveway or uncontrolled,6,0,None within 50 metres,No physical crossing within 50 meters,Darkness: Street lights present and lit,Fine without high winds,Dry,None,None,1,Yes,E01000963,2005
2744,200501EO40103,529750.0,187310.0,-0.129242,51.569687,1,3,3,2,27/02/2005,1,07:12,3,E09000019,5,0,Single carriageway,30,Giveway or uncontrolled,6,0,None within 50 metres,No physical crossing within 50 meters,Daylight: Street light present,Fine without high winds,Wet/Damp,None,None,1,Yes,E01002759,2005
2745,200501EO40104,530390.0,181490.0,-0.122167,51.517237,1,3,1,1,09/02/2005,4,14:08,2,E09000007,3,40,Single carriageway,30,Giveway or uncontrolled,6,0,None within 50 metres,No physical crossing within 50 meters,Daylight: Street light present,Fine without high winds,Dry,None,None,1,Yes,E01000918,2005
2746,200501EO40107,530470.0,183000.0,-0.120456,51.530789,1,3,2,1,27/02/2005,1,02:30,2,E09000007,3,501,Single carriageway,30,None,-1,0,None within 50 metres,No physical crossing within 50 meters,Darkness: Street lights present and lit,Fine without high winds,Wet/Damp,None,None,1,Yes,E01000938,2005
2747,200501EO40108,525030.0,184120.0,-0.198443,51.542084,1,3,1,1,05/03/2005,7,09:20,28,E09000005,3,5,Single carriageway,30,Automatic traffic signal,6,0,None within 50 metres,Pedestrian phase at traffic signal junction,Daylight: Street light present,Fine without high winds,Dry,None,None,1,Yes,E01000545,2005
2748,200501EO40109,529320.0,182170.0,-0.13733,51.523594,1,3,2,1,03/03/2005,5,21:30,2,E09000007,3,400,One way street,30,Automatic traffic signal,5,0,None within 50 metres,Pedestrian phase at traffic signal junction,Darkness: Street lights present and lit,Fine without high winds,Dry,None,None,1,Yes,E01000854,2005
2749,200501EO40111,530900.0,183070.0,-0.114235,51.531318,1,3,2,2,26/02/2005,7,01:38,3,E09000019,3,501,Single carriageway,30,Automatic traffic signal,3,501,None within 50 metres,Pedestrian phase at traffic signal junction,Darkness: Street lights present and lit,Raining without high winds,Wet/Damp,None,None,1,Yes,E01002728,2005
2750,200501EO40112,532050.0,182220.0,-0.097983,51.523412,1,2,2,1,27/02/2005,1,13:29,3,E09000019,3,5201,Single carriageway,30,Giveway or uncontrolled,3,5201,None within 50 metres,Pedestrian phase at traffic signal junction,Daylight: Street light present,Fine without high winds,Dry,None,None,1,Yes,E01002705,2005
2751,200501EO40113,528730.0,185570.0,-0.144588,51.554284,1,3,2,1,23/02/2005,4,16:30,2,E09000007,4,518,Single carriageway,30,Giveway or uncontrolled,6,0,None within 50 metres,No physical crossing within 50 meters,Daylight: Street light present,Raining without high winds,Wet/Damp,None,None,1,Yes,E01000928,2005
2752,200501EO40114,530790.0,186950.0,-0.114378,51.566212,1,2,1,1,03/02/2005,5,15:10,3,E09000019,5,0,Single carriageway,30,None,-1,0,None within 50 metres,No physical crossing within 50 meters,Daylight: Street light present,Fine without high winds,Dry,None,None,1,Yes,E01002805,2005
2753,200501EO40115,532140.0,184120.0,-0.095974,51.540466,1,3,2,1,24/02/2005,5,16:50,3,E09000019,3,104,Single carriageway,30,Automatic traffic signal,3,1200,None within 50 metres,Pedestrian phase at traffic signal junction,Darkness: Street lights present and lit,Raining without high winds,Wet/Damp,None,None,1,Yes,E01002797,2005
2754,200501EO40117,530470.0,185990.0,-0.119348,51.557659,1,3,1,1,11/02/2005,6,12:28,3,E09000019,3,1,Dual carriageway,30,Automatic traffic signal,3,503,None within 50 metres,Pedestrian phase at traffic signal junction,Daylight: Street light present,Fine without high winds,Dry,None,None,1,Yes,E01002763,2005
2755,200501EO40118,530500.0,181330.0,-0.120642,51.515774,1,3,2,1,22/02/2005,3,20:10,2,E09000007,4,402,Single carriageway,30,Giveway or uncontrolled,6,0,None within 50 metres,No physical crossing within 50 meters,Darkness: Street lights present and lit,Raining without high winds,Wet/Damp,None,None,1,Yes,E01000918,2005
2756,200501EO40119,530390.0,182960.0,-0.121624,51.530448,1,3,2,2,04/03/2005,6,05:21,2,E09000007,3,501,Single carriageway,30,None,-1,0,None within 50 metres,No physical crossing within 50 meters,Darkness: Street lights present and lit,Fine without high winds,Dry,None,None,1,Yes,E01000938,2005
2757,200501EO40122,531290.0,183410.0,-0.108489,51.534283,1,3,2,1,11/02/2005,6,17:50,3,E09000019,6,0,Single carriageway,30,None,-1,0,None within 50 metres,No physical crossing within 50 meters,Daylight: Street light present,Fine without high winds,Dry,None,None,1,No,E01002696,2005
2758,200501EO40123,531810.0,182770.0,-0.101235,51.528411,1,3,2,1,20/02/2005,1,15:45,3,E09000019,3,1,Single carriageway,30,Automatic traffic signal,3,1,None within 50 metres,No physical crossing within 50 meters,Daylight: Street light present,Fine without high winds,Dry,None,None,1,Yes,E01002723,2005
2759,200501EO40124,529880.0,186570.0,-0.12764,51.563007,1,3,2,2,18/02/2005,6,14:00,3,E09000019,3,1,Single carriageway,30,Automatic traffic signal,6,0,None within 50 metres,Pedestrian phase at traffic signal junction,Daylight: Street light present,Fine without high winds,Dry,None,None,1,No,E01002774,2005
2760,200501EO40125,530490.0,185950.0,-0.119075,51.557295,1,2,1,1,02/03/2005,4,15:10,3,E09000019,3,1,Single carriageway,30,None,-1,0,None within 50 metres,No physical crossing within 50 meters,Daylight: Street light present,Snowing without high winds,Snow,None,None,1,Yes,E01002763,2005
2761,200501EO40127,529670.0,181630.0,-0.132487,51.518661,1,3,2,1,16/02/2005,4,21:00,2,E09000007,3,400,Single carriageway,30,Giveway or uncontrolled,3,400,None within 50 metres,No physical crossing within 50 meters,Darkness: Street lights present and lit,Fine without high winds,Dry,None,None,1,Yes,E01000850,2005
2762,200501EO40128,530320.0,181840.0,-0.123046,51.520399,1,3,2,1,27/02/2005,1,16:06,2,E09000007,3,4200,Single carriageway,30,None,-1,0,None within 50 metres,No physical crossing within 50 meters,Daylight: Street light present,Fine without high winds,Dry,None,None,1,Yes,E01000855,2005
2763,200501EO40129,530380.0,181770.0,-0.122208,51.519756,1,3,2,1,01/02/2005,3,17:45,2,E09000007,3,4200,Single carriageway,30,Automatic traffic signal,5,0,None within 50 metres,Pedestrian phase at traffic signal junction,Darkness: Street lights present and lit,Fine without high winds,Dry,None,None,1,Yes,E01000914,2005
2764,200501EO40130,530990.0,182510.0,-0.113146,51.526265,1,3,2,1,12/02/2005,7,23:30,3,E09000019,3,201,Single carriageway,30,Automatic traffic signal,4,502,None within 50 metres,Pedestrian phase at traffic signal junction,Darkness: Street lights present and lit,Fine without high winds,Wet/Damp,None,None,1,Yes,E01002726,2005
2765,200501EO40131,529260.0,186840.0,-0.136481,51.565576,1,3,4,2,21/02/2005,2,20:03,3,E09000019,6,0,Single carriageway,30,None,-1,0,None within 50 metres,No physical crossing within 50 meters,Darkness: Street lights present and lit,Fine without high winds,Wet/Damp,None,None,1,Yes,E01002770,2005
2766,200501EO40133,526820.0,185520.0,-0.172141,51.554267,1,2,1,1,28/02/2005,2,12:40,2,E09000007,3,502,Single carriageway,30,Automatic traffic signal,6,0,None within 50 metres,Pedestrian phase at traffic signal junction,Daylight: Street light present,Fine without high winds,Dry,None,None,1,Yes,E01000897,2005
2767,200501EO40134,531030.0,186170.0,-0.111208,51.559147,1,3,1,1,23/02/2005,4,10:18,3,E09000019,3,503,One way street,30,None,-1,0,None within 50 metres,Pedestrian phase at traffic signal junction,Daylight: Street light present,Fine without high winds,Wet/Damp,None,None,1,Yes,E01002730,2005
2768,200501EO40135,530580.0,182710.0,-0.118979,51.528157,1,3,1,1,04/03/2005,6,10:30,2,E09000007,5,0,One way street,30,Giveway or uncontrolled,3,5200,None within 50 metres,Zebra crossing,Daylight: Street light present,Raining without high winds,Wet/Damp,None,None,1,Yes,E01000940,2005
2769,200501EO40136,524390.0,185190.0,-0.207289,51.551842,1,3,1,1,07/03/2005,2,22:00,2,E09000007,6,0,Single carriageway,30,Giveway or uncontrolled,6,0,None within 50 metres,No physical crossing within 50 meters,Darkness: Street lights present and lit,Fine without high winds,Dry,None,None,1,Yes,E01000872,2005
2770,200501EO40137,531700.0,183950.0,-0.102379,51.539041,1,3,2,1,19/02/2005,7,00:58,3,E09000019,3,1,Single carriageway,30,None,-1,0,None within 50 metres,No physical crossing within 50 meters,Darkness: Street lights present and lit,Fine without high winds,Dry,None,None,1,Yes,E01002794,2005
2771,200501EO40138,532920.0,185040.0,-0.084386,51.54855,1,3,2,1,02/03/2005,4,23:30,3,E09000019,6,0,Single carriageway,30,Giveway or uncontrolled,6,0,None within 50 metres,No physical crossing within 50 meters,Darkness: Street lights present and lit,Snowing without high winds,Wet/Damp,None,None,1,Yes,E01002776,2005
2772,200501EO40139,532730.0,184820.0,-0.087208,51.546618,1,3,1,1,19/02/2005,7,01:20,3,E09000019,3,105,Single carriageway,30,Automatic traffic signal,3,1199,None within 50 metres,No physical crossing within 50 meters,Darkness: Street lights present and lit,Fine without high winds,Dry,None,None,1,Yes,E01002716,2005
2773,200501EO40140,531600.0,183550.0,-0.103969,51.535469,1,3,1,1,25/02/2005,6,23:30,3,E09000019,3,104,Single carriageway,30,Automatic traffic signal,3,1,None within 50 metres,Pedestrian phase at traffic signal junction,Darkness: Street lights present and lit,Fine without high winds,Wet/Damp,None,None,1,Yes,E01002794,2005
2774,200501EO40141,529010.0,183660.0,-0.141251,51.537055,1,3,2,1,05/02/2005,7,21:30,2,E09000007,3,503,One way street,30,Automatic traffic signal,3,502,None within 50 metres,Pedestrian phase at traffic signal junction,Darkness: Street lights present and lit,Fine without high winds,Dry,None,None,1,No,E01000947,2005
2775,200501EO40143,531290.0,182550.0,-0.108809,51.526555,1,3,2,1,03/03/2005,5,10:34,3,E09000019,4,502,Single carriageway,30,Giveway or uncontrolled,3,401,None within 50 metres,Zebra crossing,Daylight: Street light present,Fine without high winds,Dry,None,None,1,Yes,E01002726,2005
2776,200501EO40144,528540.0,184380.0,-0.147761,51.543633,1,3,1,1,15/03/2005,3,11:00,2,E09000007,6,0,Single carriageway,20,Giveway or uncontrolled,6,0,None within 50 metres,No physical crossing within 50 meters,Daylight: Street light present,Fine without high winds,Dry,None,None,1,Yes,E01000904,2005
2777,200501EO40145,530450.0,181670.0,-0.121236,51.518841,1,3,2,3,09/03/2005,4,08:15,2,E09000007,3,4200,Single carriageway,30,Automatic traffic signal,3,401,None within 50 metres,Pedestrian phase at traffic signal junction,Daylight: Street light present,Fine without high winds,Dry,None,None,1,Yes,E01000914,2005
2778,200501EO40146,529400.0,182370.0,-0.136105,51.525373,1,3,2,1,02/03/2005,4,19:45,2,E09000007,4,522,One way street,30,Giveway or uncontrolled,3,501,None within 50 metres,Zebra crossing,Darkness: Street lights present and lit,Raining without high winds,Wet/Damp,None,None,1,Yes,E01000852,2005
2779,200501EO40148,530170.0,182850.0,-0.124834,51.52951,1,3,1,1,02/03/2005,4,21:07,2,E09000007,3,501,Dual carriageway,30,None,-1,0,None within 50 metres,No physical crossing within 50 meters,Darkness: Street lights present and lit,Snowing without high winds,Wet/Damp,None,None,1,Yes,E01000942,2005
2780,200501EO40151,531480.0,183330.0,-0.105781,51.53352,1,3,2,1,07/03/2005,2,15:45,3,E09000019,3,1,Single carriageway,30,None,-1,0,None within 50 metres,No physical crossing within 50 meters,Daylight: Street light present,Fine without high winds,Dry,None,None,1,Yes,E01002794,2005
2781,200501EO40152,531430.0,183310.0,-0.106509,51.533352,1,3,1,1,11/03/2005,6,18:05,3,E09000019,4,515,Single carriageway,20,None,-1,0,None within 50 metres,No physical crossing within 50 meters,Darkness: Street lights present and lit,Fine without high winds,Dry,None,None,1,Yes,E01002696,2005
2782,200501EO40153,530760.0,187400.0,-0.114643,51.570263,1,2,1,1,01/03/2005,3,17:45,31,E09000014,3,1201,Single carriageway,30,None,-1,0,None within 50 metres,No physical crossing within 50 meters,Daylight: Street light present,Fine without high winds,Dry,None,None,1,No,E01002805,2005
2783,200501EO40156,527370.0,183470.0,-0.164953,51.53572,1,3,2,2,05/03/2005,7,16:15,2,E09000007,4,525,Single carriageway,30,Giveway or uncontrolled,4,525,None within 50 metres,No physical crossing within 50 meters,Daylight: Street light present,Raining without high winds,Wet/Damp,None,None,1,Yes,E01004730,2005
2784,200501EO40157,531450.0,183150.0,-0.10628,51.53191,1,2,2,1,28/02/2005,2,11:30,3,E09000019,3,1,Single carriageway,30,Automatic traffic signal,3,501,None within 50 metres,Pedestrian phase at traffic signal junction,Daylight: Street light present,Fine without high winds,Dry,None,None,1,Yes,E01002696,2005
2785,200501EO40158,526590.0,187130.0,-0.174877,51.568788,1,3,2,1,01/03/2005,3,18:30,2,E09000007,4,519,Single carriageway,30,Giveway or uncontrolled,6,0,None within 50 metres,No physical crossing within 50 meters,Darkness: Street lights present but unlit,Raining without high winds,Wet/Damp,None,None,1,Yes,E01000899,2005
2786,200501EO40160,531200.0,182040.0,-0.110295,51.521992,1,3,2,1,08/03/2005,3,13:34,2,E09000007,3,5201,Single carriageway,30,Giveway or uncontrolled,6,0,None within 50 metres,No physical crossing within 50 meters,Daylight: Street light present,Fine without high winds,Dry,None,None,1,Yes,E01000916,2005
2787,200501EO40161,526430.0,185540.0,-0.177756,51.554534,1,3,2,1,16/03/2005,4,13:27,2,E09000007,4,511,Single carriageway,30,None,-1,0,None within 50 metres,No physical crossing within 50 meters,Daylight: Street light present,Fine without high winds,Dry,None,None,1,Yes,E01000879,2005
2788,200501EO40163,526570.0,187090.0,-0.17518,51.568433,1,2,3,1,10/03/2005,5,11:25,2,E09000007,4,519,Single carriageway,30,None,-1,0,None within 50 metres,No physical crossing within 50 meters,Daylight: Street light present,Raining without high winds,Wet/Damp,None,None,1,Yes,E01000899,2005
2789,200501EO40165,525680.0,185320.0,-0.188647,51.552724,1,3,1,1,12/03/2005,7,18:15,2,E09000007,3,41,Single carriageway,30,Giveway or uncontrolled,5,0,None within 50 metres,No physical crossing within 50 meters,Daylight: Street light present,Fine without high winds,Dry,None,None,1,Yes,E01000969,2005
2790,200501EO40166,530030.0,184470.0,-0.126253,51.544101,1,3,1,1,14/03/2005,2,08:30,2,E09000007,3,5200,Single carriageway,30,None,-1,0,None within 50 metres,No physical crossing within 50 meters,Daylight: Street light present,Raining with high winds,Wet/Damp,Ol or diesel,None,1,Yes,E01000864,2005
2791,200501EO40167,525590.0,185400.0,-0.189916,51.553463,1,3,2,1,15/03/2005,3,13:57,2,E09000007,3,41,Single carriageway,30,None,-1,0,None within 50 metres,No physical crossing within 50 meters,Daylight: Street light present,Fine without high winds,Dry,None,None,1,Yes,E01000874,2005
2792,200501EO40168,531620.0,184650.0,-0.10327,51.54535,1,3,2,1,10/03/2005,5,08:35,3,E09000019,3,1,Roundabout,30,Giveway or uncontrolled,3,1200,None within 50 metres,Pedestrian phase at traffic signal junction,Daylight: Street light present,Fine without high winds,Wet/Damp,None,None,1,Yes,E01002791,2005
2793,200501EO40169,530290.0,185750.0,-0.122032,51.555544,1,3,2,1,15/03/2005,3,08:45,3,E09000019,3,503,One way street,30,Giveway or uncontrolled,6,0,None within 50 metres,Pedestrian phase at traffic signal junction,Daylight: Street light present,Fine without high winds,Dry,None,None,1,Yes,E01002786,2005
2794,200501EO40170,530220.0,181660.0,-0.124553,51.518804,1,3,3,1,16/03/2005,4,08:40,2,E09000007,5,0,Single carriageway,30,Giveway or uncontrolled,5,0,None within 50 metres,Zebra crossing,Daylight: Street light present,Fine without high winds,Dry,None,None,1,Yes,E01000918,2005
2795,200501EO40171,526180.0,184140.0,-0.181862,51.542008,1,3,1,1,16/03/2005,4,14:57,2,E09000007,6,0,Single carriageway,30,None,-1,0,None within 50 metres,No physical crossing within 50 meters,Daylight: Street light present,Fine without high winds,Dry,None,None,1,Yes,E01000962,2005
2796,200501EO40172,525150.0,185910.0,-0.196077,51.558145,1,3,1,1,11/03/2005,6,13:50,2,E09000007,3,41,Single carriageway,30,None,-1,0,None within 50 metres,Pedestrian phase at traffic signal junction,Daylight: Street light present,Fine without high winds,Dry,None,None,1,Yes,E01000884,2005
2797,200501EO40174,529010.0,185200.0,-0.140687,51.550895,1,3,2,1,16/03/2005,4,08:00,2,E09000007,3,400,One way street,30,Automatic traffic signal,5,0,None within 50 metres,Pedestrian phase at traffic signal junction,Daylight: Street light present,Fine without high winds,Dry,None,None,1,Yes,E01000928,2005
2798,200501EO40175,530690.0,181840.0,-0.117716,51.520313,1,3,2,1,06/02/2005,1,05:09,2,E09000007,3,401,Single carriageway,30,Automatic traffic signal,5,0,None within 50 metres,Pedestrian phase at traffic signal junction,Darkness: Street lights present and lit,Fine without high winds,Dry,None,None,1,Yes,E01000914,2005
2799,200501EO40176,530980.0,181560.0,-0.113643,51.51773,48,3,1,1,04/03/2005,6,16:41,570,E09000001,4,400,Single carriageway,30,Automatic traffic signal,3,40,None within 50 metres,No physical crossing within 50 meters,Daylight: Street light present,Raining without high winds,Wet/Damp,None,None,1,Yes,E01000914,2005
2800,200501EO40177,529350.0,182470.0,-0.136788,51.526283,1,3,3,1,14/03/2005,2,12:25,2,E09000007,4,522,Single carriageway,30,Giveway or uncontrolled,6,0,None within 50 metres,No physical crossing within 50 meters,Daylight: Street light present,Fine without high winds,Dry,None,None,1,Yes,E01000945,2005
2801,200501EO40178,529360.0,182090.0,-0.136784,51.522866,1,3,2,1,15/03/2005,3,16:04,2,E09000007,3,400,One way street,30,Automatic traffic signal,3,400,None within 50 metres,Pedestrian phase at traffic signal junction,Daylight: Street light present,Fine without high winds,Dry,None,None,1,Yes,E01000854,2005
2802,200501EO40179,530120.0,181590.0,-0.126019,51.518198,1,3,1,1,21/03/2005,2,15:20,2,E09000007,5,0,Single carriageway,30,Automatic traffic signal,5,0,None within 50 metres,Pedestrian phase at traffic signal junction,Daylight: Street light present,Fine without high winds,Dry,None,None,1,Yes,E01000918,2005
2803,200501EO40180,530990.0,182510.0,-0.113146,51.526265,1,3,1,1,21/03/2005,2,20:49,3,E09000019,4,502,One way street,30,Automatic traffic signal,3,201,None within 50 metres,Pedestrian phase at traffic signal junction,Darkness: Street lights present and lit,Fine without high winds,Dry,None,None,1,Yes,E01002726,2005
2804,200501EO40181,530220.0,181360.0,-0.124664,51.516108,1,2,1,1,21/03/2005,2,20:11,2,E09000007,3,40,Single carriageway,30,Automatic traffic signal,5,0,None within 50 metres,No physical crossing within 50 meters,Darkness: Street lights present and lit,Fine without high winds,Dry,None,None,1,Yes,E01000919,2005
2805,200501EO40182,530230.0,185520.0,-0.122982,51.553491,1,3,1,1,22/03/2005,3,03:53,3,E09000019,3,503,Single carriageway,30,None,-1,0,None within 50 metres,No physical crossing within 50 meters,Darkness: Street lights present and lit,Fine without high winds,Dry,None,None,1,Yes,E01002764,2005
2806,200501EO40185,529560.0,183780.0,-0.133281,51.538008,1,3,2,1,23/03/2005,4,15:40,2,E09000007,3,5202,One way street,30,Giveway or uncontrolled,6,0,None within 50 metres,No physical crossing within 50 meters,Daylight: Street light present,Fine without high winds,Dry,None,None,1,Yes,E01000958,2005
2807,200501EO40187,530910.0,183060.0,-0.114094,51.531226,1,3,2,1,15/03/2005,3,19:45,3,E09000019,3,501,One way street,30,Automatic traffic signal,3,501,None within 50 metres,Pedestrian phase at traffic signal junction,Darkness: Street lights present and lit,Fine without high winds,Dry,None,None,1,No,E01002728,2005
2808,200501EO40188,530190.0,181850.0,-0.124915,51.520518,1,3,2,1,07/03/2005,2,20:15,2,E09000007,6,0,Dual carriageway,30,None,-1,0,None within 50 metres,No physical crossing within 50 meters,Darkness: Street lights present and lit,Raining without high winds,Wet/Damp,None,None,1,No,E01000855,2005
2809,200501EO40189,532880.0,185270.0,-0.084876,51.550627,1,3,2,1,02/04/2005,7,12:27,3,E09000019,5,0,Single carriageway,30,Giveway or uncontrolled,5,0,None within 50 metres,Zebra crossing,Daylight: Street light present,Fine without high winds,Dry,None,None,1,Yes,E01002782,2005
2810,200501EO40190,531040.0,186190.0,-0.111056,51.559324,1,3,2,1,28/02/2005,2,16:09,3,E09000019,3,503,One way street,30,Giveway or uncontrolled,6,0,None within 50 metres,No physical crossing within 50 meters,Daylight: Street light present,Fine without high winds,Dry,None,None,1,Yes,E01002730,2005
2811,200501EO40191,528280.0,184830.0,-0.151345,51.547736,1,2,1,1,24/03/2005,5,08:50,2,E09000007,6,0,Single carriageway,30,None,-1,0,None within 50 metres,No physical crossing within 50 meters,Daylight: Street light present,Fine without high winds,Dry,None,None,1,Yes,E01000900,2005
2812,200501EO40193,529210.0,186960.0,-0.137158,51.566666,1,3,2,1,27/03/2005,1,12:30,3,E09000019,4,519,Single carriageway,30,Giveway or uncontrolled,6,0,None within 50 metres,Zebra crossing,Daylight: Street light present,Fine without high winds,Dry,None,None,1,Yes,E01002770,2005
2813,200501EO40195,531490.0,183130.0,-0.105711,51.531721,1,3,1,1,05/04/2005,3,12:40,3,E09000019,3,501,Single carriageway,30,Automatic traffic signal,3,401,None within 50 metres,Pedestrian phase at traffic signal junction,Daylight: Street light present,Fine without high winds,Dry,None,None,1,No,E01002707,2005
2814,200501EO40197,532580.0,184840.0,-0.089362,51.546833,1,3,1,1,05/03/2005,7,00:15,3,E09000019,3,1199,Single carriageway,30,None,-1,0,None within 50 metres,Zebra crossing,Darkness: Street lights present and lit,Fine without high winds,Dry,None,None,1,Yes,E01002717,2005
2815,200501EO40198,530960.0,187010.0,-0.111904,51.566712,1,3,1,1,21/03/2005,2,18:05,3,E09000019,6,0,Single carriageway,30,None,-1,0,None within 50 metres,No physical crossing within 50 meters,Darkness: Street lights present and lit,Fine without high winds,Dry,None,None,1,Yes,E01002735,2005
2816,200501EO40199,532470.0,183780.0,-0.091346,51.537333,1,3,2,1,27/02/2005,1,18:28,3,E09000019,3,1200,Single carriageway,30,None,-1,0,None within 50 metres,Zebra crossing,Darkness: Street lights present and lit,Fine without high winds,Dry,None,None,1,Yes,E01002798,2005
2817,200501EO40200,532690.0,182460.0,-0.088673,51.525419,1,3,1,1,22/03/2005,3,17:46,3,E09000019,6,0,Single carriageway,30,Giveway or uncontrolled,3,5201,None within 50 metres,No physical crossing within 50 meters,Daylight: Street light present,Fine without high winds,Dry,None,None,1,Yes,E01002704,2005
2818,200501EO40201,531350.0,184980.0,-0.107039,51.548378,1,3,1,1,28/02/2005,2,15:03,3,E09000019,3,1,Single carriageway,30,None,-1,0,None within 50 metres,No physical crossing within 50 meters,Daylight: Street light present,Fine without high winds,Dry,None,None,1,Yes,E01002795,2005
2819,200501EO40202,530190.0,185490.0,-0.12357,51.55323,1,3,2,1,30/03/2005,4,14:05,3,E09000019,3,503,One way street,30,Giveway or uncontrolled,3,5203,None within 50 metres,Pedestrian phase at traffic signal junction,Daylight: Street light present,Other,Wet/Damp,None,None,1,Yes,E01002764,2005
2820,200501EO40203,529370.0,182090.0,-0.136639,51.522864,1,3,2,1,29/03/2005,3,22:16,2,E09000007,3,400,One way street,30,Automatic traffic signal,3,400,None within 50 metres,Pedestrian phase at traffic signal junction,Darkness: Street lights present and lit,Raining without high winds,Wet/Damp,None,None,1,Yes,E01000854,2005
2821,200501EO40204,530010.0,186470.0,-0.125803,51.562079,1,3,2,1,23/03/2005,4,15:53,3,E09000019,3,1,Single carriageway,30,Giveway or uncontrolled,6,0,None within 50 metres,No physical crossing within 50 meters,Daylight: Street light present,Fine without high winds,Dry,None,None,1,Yes,E01002785,2005
2822,200501EO40205,532500.0,184460.0,-0.090658,51.543437,1,3,1,1,11/03/2005,6,14:28,3,E09000019,3,104,Single carriageway,30,None,-1,0,None within 50 metres,No physical crossing within 50 meters,Daylight: Street light present,Fine without high winds,Dry,None,None,1,Yes,E01002720,2005
2823,200501EO40206,530700.0,183890.0,-0.116812,51.538734,1,3,1,1,23/03/2005,4,16:50,3,E09000019,3,5203,Single carriageway,30,Giveway or uncontrolled,6,0,None within 50 metres,Zebra crossing,Daylight: Street light present,Fine without high winds,Dry,None,None,1,Yes,E01002714,2005
2824,200501EO40207,532430.0,183830.0,-0.091904,51.537792,1,3,2,1,09/03/2005,4,10:58,3,E09000019,3,1200,Single carriageway,30,Giveway or uncontrolled,6,0,None within 50 metres,No physical crossing within 50 meters,Daylight: Street light present,Fine without high winds,Dry,None,None,1,Yes,E01002798,2005
2825,200501EO40208,532030.0,184010.0,-0.097601,51.539503,1,3,1,1,01/03/2005,3,23:30,3,E09000019,3,104,Single carriageway,30,Giveway or uncontrolled,6,0,None within 50 metres,non-junction pedestrian crossing,Darkness: Street lights present and lit,Fine without high winds,Dry,None,None,1,Yes,E01002797,2005
2826,200501EO40209,530610.0,184560.0,-0.117861,51.544776,1,3,1,2,17/03/2005,5,17:55,3,E09000019,3,5203,Single carriageway,30,Giveway or uncontrolled,6,0,None within 50 metres,No physical crossing within 50 meters,Daylight: Street light present,Fine without high winds,Dry,None,None,1,Yes,E01002713,2005
2827,200501EO40210,530930.0,186010.0,-0.112709,51.557732,1,3,2,1,11/03/2005,6,14:45,3,E09000019,3,503,One way street,30,Automatic traffic signal,3,103,None within 50 metres,Pedestrian phase at traffic signal junction,Daylight: Street light present,Fine without high winds,Wet/Damp,Roadworks,None,1,Yes,E01002730,2005
2828,200501EO40211,531790.0,184750.0,-0.100783,51.546209,1,3,1,1,03/03/2005,5,18:30,3,E09000019,3,1201,Single carriageway,30,Giveway or uncontrolled,6,0,None within 50 metres,No physical crossing within 50 meters,Darkness: Street lights present and lit,Raining without high winds,Wet/Damp,None,None,1,Yes,E01002740,2005
2829,200501EO40212,530580.0,185430.0,-0.11797,51.552601,1,3,2,1,07/03/2005,2,09:15,3,E09000019,3,5203,Single carriageway,30,Giveway or uncontrolled,6,0,None within 50 metres,No physical crossing within 50 meters,Daylight: Street light present,Fine without high winds,Dry,None,None,1,Yes,E01002762,2005
2830,200501EO40213,532440.0,184390.0,-0.091549,51.542822,1,3,2,1,16/03/2005,4,17:20,3,E09000019,3,104,Single carriageway,30,Giveway or uncontrolled,6,0,None within 50 metres,Zebra crossing,Daylight: Street light present,Raining without high winds,Wet/Damp,None,None,1,Yes,E01002720,2005
2831,200501EO40214,530040.0,181430.0,-0.127231,51.516779,1,3,1,1,31/03/2005,5,01:14,2,E09000007,3,40,Single carriageway,30,Automatic traffic signal,3,400,None within 50 metres,Pedestrian phase at traffic signal junction,Darkness: Street lights present and lit,Fine without high winds,Dry,None,None,1,Yes,E01000919,2005
2832,200501EO40215,531780.0,183680.0,-0.101327,51.536596,1,2,1,1,08/03/2005,3,09:59,3,E09000019,3,104,Single carriageway,30,Giveway or uncontrolled,6,0,None within 50 metres,No physical crossing within 50 meters,Daylight: Street light present,Fine without high winds,Dry,None,None,1,Yes,E01002801,2005
2833,200501EO40217,530090.0,187420.0,-0.124298,51.570598,1,3,2,1,06/04/2005,4,09:07,3,E09000019,3,103,Single carriageway,30,Giveway or uncontrolled,6,0,None within 50 metres,Zebra crossing,Daylight: Street light present,Fine without high winds,Dry,None,None,1,Yes,E01002758,2005
2834,200501EO40218,530330.0,181590.0,-0.122995,51.51815,1,3,1,1,30/03/2005,4,12:52,2,E09000007,3,40,One way street,30,Automatic traffic signal,6,0,None within 50 metres,Pedestrian phase at traffic signal junction,Daylight: Street light present,Fine without high winds,Dry,None,None,1,Yes,E01000918,2005
2835,200501EO40220,532310.0,182810.0,-0.094016,51.528653,1,3,1,1,31/03/2005,5,16:50,3,E09000019,6,0,Single carriageway,30,Giveway or uncontrolled,3,501,None within 50 metres,No physical crossing within 50 meters,Daylight: Street light present,Fine without high winds,Dry,None,None,1,Yes,E01002702,2005
2836,200501EO40221,529790.0,186640.0,-0.128912,51.563657,1,3,1,1,31/03/2005,5,19:35,3,E09000019,3,1,Single carriageway,30,None,-1,0,None within 50 metres,No physical crossing within 50 meters,Darkness: Street lights present and lit,Fine without high winds,Dry,None,None,1,Yes,E01002774,2005
2837,200501EO40222,531020.0,185360.0,-0.111654,51.55187,1,3,2,1,31/03/2005,5,19:21,3,E09000019,3,1,Single carriageway,30,Giveway or uncontrolled,6,0,None within 50 metres,No physical crossing within 50 meters,Daylight: Street light present,Fine without high winds,Dry,None,None,1,Yes,E01002761,2005
2838,200501EO40223,528720.0,184120.0,-0.145262,51.541255,1,2,1,1,01/04/2005,6,15:50,2,E09000007,3,502,One way street,30,None,-1,0,None within 50 metres,No physical crossing within 50 meters,Daylight: Street light present,Fine without high winds,Dry,None,None,1,Yes,E01000863,2005
2839,200501EO40224,525140.0,185350.0,-0.196421,51.553114,1,3,2,2,13/04/2005,4,17:41,2,E09000007,6,0,Single carriageway,30,None,-1,0,None within 50 metres,No physical crossing within 50 meters,Daylight: Street light present,Fine without high winds,Dry,None,None,1,Yes,E01000877,2005
2840,200501EO40227,531590.0,183540.0,-0.104117,51.535382,1,3,1,1,03/04/2005,1,04:00,3,E09000019,3,1,Single carriageway,30,Automatic traffic signal,3,104,None within 50 metres,Pedestrian phase at traffic signal junction,Darkness: Street lights present and lit,Fine without high winds,Dry,None,None,1,Yes,E01002794,2005
2841,200501EO40228,526370.0,184590.0,-0.178962,51.54601,1,3,2,1,04/04/2005,2,14:20,2,E09000007,3,41,Dual carriageway,30,Automatic traffic signal,6,0,None within 50 metres,Pedestrian phase at traffic signal junction,Daylight: Street light present,Fine without high winds,Dry,None,None,1,Yes,E01000960,2005
2842,200501EO40229,529010.0,185190.0,-0.140691,51.550805,1,3,2,1,09/04/2005,7,09:13,2,E09000007,3,400,Single carriageway,30,Automatic traffic signal,5,0,None within 50 metres,No physical crossing within 50 meters,Daylight: Street light present,Fine without high winds,Dry,None,None,1,Yes,E01000921,2005
2843,200501EO40230,526580.0,184630.0,-0.175921,51.546322,1,3,2,1,30/03/2005,4,15:39,2,E09000007,4,511,Single carriageway,30,Giveway or uncontrolled,6,0,None within 50 metres,No physical crossing within 50 meters,Daylight: Street light present,Fine without high winds,Dry,None,None,1,Yes,E01000883,2005
2844,200501EO40231,529160.0,183150.0,-0.139276,51.532438,1,3,2,1,29/03/2005,3,16:35,2,E09000007,3,400,Single carriageway,30,Giveway or uncontrolled,3,400,None within 50 metres,No physical crossing within 50 meters,Daylight: Street light present,Fine without high winds,Wet/Damp,None,None,1,Yes,E01000954,2005
2845,200501EO40232,532830.0,185430.0,-0.085536,51.552076,1,3,2,1,26/03/2005,7,16:46,4,E09000012,3,105,Single carriageway,30,Automatic traffic signal,3,105,None within 50 metres,Pedestrian phase at traffic signal junction,Daylight: Street light present,Fine without high winds,Dry,None,None,1,Yes,E01002779,2005
2846,200501EO40233,532010.0,184000.0,-0.097893,51.539418,1,3,2,1,29/03/2005,3,14:50,3,E09000019,3,104,Single carriageway,30,None,-1,0,None within 50 metres,Zebra crossing,Daylight: Street light present,Fine without high winds,Dry,None,None,1,Yes,E01002793,2005
2847,200501EO40234,528960.0,184390.0,-0.141704,51.543627,1,3,2,1,24/03/2005,5,10:00,2,E09000007,3,400,Single carriageway,30,Giveway or uncontrolled,6,0,None within 50 metres,No physical crossing within 50 meters,Daylight: Street light present,Fine without high winds,Dry,None,None,1,Yes,E01000856,2005
2848,200501EO40235,530450.0,186560.0,-0.119425,51.562786,1,3,1,1,25/03/2005,6,14:55,3,E09000019,5,0,Single carriageway,30,Giveway or uncontrolled,6,0,None within 50 metres,No physical crossing within 50 meters,Daylight: Street light present,Fine without high winds,Dry,None,None,1,Yes,E01002733,2005
2849,200501EO40236,530980.0,186450.0,-0.111825,51.561675,1,3,2,1,23/03/2005,4,09:20,3,E09000019,3,503,Single carriageway,30,Giveway or uncontrolled,6,0,None within 50 metres,No physical crossing within 50 meters,Daylight: Street light present,Fine without high winds,Dry,None,None,1,Yes,E01002732,2005
2850,200501EO40237,529500.0,182440.0,-0.134638,51.525979,1,3,2,4,16/03/2005,4,11:36,2,E09000007,3,501,Single carriageway,30,None,-1,0,None within 50 metres,No physical crossing within 50 meters,Daylight: Street light present,Fine without high winds,Dry,None,None,1,Yes,E01000852,2005
2851,200501EO40238,529150.0,183460.0,-0.139307,51.535226,1,3,1,1,08/04/2005,6,01:25,2,E09000007,3,4200,Single carriageway,30,Giveway or uncontrolled,3,400,None within 50 metres,No physical crossing within 50 meters,Darkness: Street lights present and lit,Fine without high winds,Dry,None,None,1,Yes,E01000947,2005
2852,200501EO40239,530800.0,182280.0,-0.115969,51.524242,1,3,2,1,15/04/2005,6,08:45,2,E09000007,3,5200,Single carriageway,30,Automatic traffic signal,4,502,None within 50 metres,Pedestrian phase at traffic signal junction,Daylight: Street light present,Fine without high winds,Dry,None,None,1,Yes,E01000920,2005
2853,200501EO40240,529190.0,183390.0,-0.138756,51.534588,1,3,1,1,07/04/2005,5,15:47,2,E09000007,3,4200,One way street,30,Automatic traffic signal,3,502,None within 50 metres,Pedestrian phase at traffic signal junction,Daylight: Street light present,Raining without high winds,Wet/Damp,None,None,1,Yes,E01000947,2005
2854,200501EO40241,527380.0,184180.0,-0.164552,51.542098,1,3,2,1,10/04/2005,1,18:47,2,E09000007,6,0,Single carriageway,30,Giveway or uncontrolled,6,0,None within 50 metres,No physical crossing within 50 meters,Daylight: Street light present,Fine without high winds,Dry,None,None,1,Yes,E01000967,2005
2855,200501EO40242,529550.0,181800.0,-0.134153,51.520216,1,3,1,1,10/04/2005,1,22:12,2,E09000007,3,400,One way street,30,Automatic traffic signal,4,506,None within 50 metres,Pedestrian phase at traffic signal junction,Darkness: Street lights present and lit,Fine without high winds,Dry,None,None,1,Yes,E01000850,2005
2856,200501EO40243,529220.0,182480.0,-0.138657,51.526403,1,2,2,1,09/04/2005,7,13:40,2,E09000007,3,400,Single carriageway,30,Automatic traffic signal,3,400,None within 50 metres,No physical crossing within 50 meters,Daylight: Street light present,Fine without high winds,Dry,None,None,1,Yes,E01000946,2005
2857,200501EO40245,531890.0,183840.0,-0.099682,51.538008,1,3,2,1,29/03/2005,3,08:45,3,E09000019,3,104,Single carriageway,30,Giveway or uncontrolled,6,0,None within 50 metres,No physical crossing within 50 meters,Daylight: Street light present,Fine without high winds,Dry,None,None,1,Yes,E01002793,2005
2858,200501EO40246,532670.0,182460.0,-0.088961,51.525424,1,3,2,1,05/04/2005,3,16:00,3,E09000019,3,5201,Single carriageway,30,Giveway or uncontrolled,6,0,None within 50 metres,non-junction pedestrian crossing,Daylight: Street light present,Fine without high winds,Dry,None,None,1,Yes,E01002704,2005
2859,200501EO40247,529690.0,181590.0,-0.132213,51.518297,1,3,2,1,06/04/2005,4,14:35,2,E09000007,3,400,Single carriageway,30,Automatic traffic signal,4,506,None within 50 metres,Pedestrian phase at traffic signal junction,Daylight: Street light present,Raining without high winds,Wet/Damp,None,None,1,Yes,E01000850,2005
2860,200501EO40248,529230.0,184260.0,-0.137861,51.542397,1,3,2,1,06/04/2005,4,21:40,2,E09000007,3,503,Single carriageway,30,Giveway or uncontrolled,3,5202,None within 50 metres,No physical crossing within 50 meters,Darkness: Street lights present and lit,Fine without high winds,Dry,None,None,1,Yes,E01000867,2005
2861,200501EO40249,528930.0,184010.0,-0.142276,51.540219,1,3,2,1,07/04/2005,5,21:01,2,E09000007,3,400,Dual carriageway,30,Giveway or uncontrolled,6,0,None within 50 metres,No physical crossing within 50 meters,Darkness: Street lights present and lit,Other,Wet/Damp,None,None,1,Yes,E01000863,2005
2862,200501EO40250,526570.0,184970.0,-0.175942,51.54938,1,2,2,1,13/04/2005,4,18:40,2,E09000007,4,511,Single carriageway,30,Giveway or uncontrolled,6,0,None within 50 metres,Zebra crossing,Daylight: Street light present,Fine without high winds,Dry,None,None,1,Yes,E01000881,2005
2863,200501EO40251,531610.0,181840.0,-0.104464,51.5201,1,3,2,1,01/03/2005,3,09:15,3,E09000019,5,0,Single carriageway,30,Giveway or uncontrolled,5,0,None within 50 metres,No physical crossing within 50 meters,Daylight: Street light present,Fine without high winds,Dry,None,None,1,No,E01002724,2005
2864,200501EO40252,525200.0,185770.0,-0.195406,51.556875,1,3,2,2,24/03/2005,5,18:30,2,E09000007,3,41,Single carriageway,30,None,-1,0,None within 50 metres,No physical crossing within 50 meters,Darkness: Street lights present and lit,Fine without high winds,Dry,None,None,1,Yes,E01000877,2005
2865,200501EO40253,531910.0,182160.0,-0.100023,51.522906,1,3,1,1,19/04/2005,3,14:20,3,E09000019,3,5201,Single carriageway,30,Giveway or uncontrolled,6,0,None within 50 metres,Central refuge,Daylight: Street light present,Fine without high winds,Wet/Damp,None,None,1,Yes,E01002705,2005
2866,200501EO40255,526650.0,184260.0,-0.175045,51.542981,1,3,1,1,09/03/2005,4,09:00,2,E09000007,3,41,One way street,30,None,-1,0,None within 50 metres,No physical crossing within 50 meters,Daylight: Street light present,Fine without high winds,Dry,None,None,1,No,E01000963,2005
2867,200501EO40256,528980.0,185390.0,-0.14105,51.552609,1,2,1,1,05/04/2005,3,22:30,2,E09000007,3,400,Single carriageway,30,Giveway or uncontrolled,6,0,None within 50 metres,No physical crossing within 50 meters,Darkness: Street lights present and lit,Fine without high winds,Dry,None,None,1,Yes,E01000921,2005
2868,200501EO40257,530910.0,183070.0,-0.11409,51.531316,1,3,1,1,24/04/2005,1,21:30,3,E09000019,3,501,Slip road,30,Automatic traffic signal,3,501,None within 50 metres,Pedestrian phase at traffic signal junction,Daylight: Street light present,Fine without high winds,Dry,None,None,1,Yes,E01002728,2005
2869,200501EO40258,530560.0,186090.0,-0.118014,51.558537,1,3,2,1,13/04/2005,4,10:30,3,E09000019,3,503,Slip road,30,Giveway or uncontrolled,6,0,None within 50 metres,non-junction pedestrian crossing,Daylight: Street light present,Fine without high winds,Wet/Damp,None,None,1,Yes,E01002731,2005
2870,200501EO40259,529570.0,184310.0,-0.132942,51.542769,1,3,2,1,08/03/2005,3,17:00,2,E09000007,5,0,Single carriageway,30,None,-1,0,None within 50 metres,No physical crossing within 50 meters,Daylight: Street light present,Fine without high winds,Dry,None,None,1,Yes,E01000865,2005
2871,200501EO40260,530650.0,184260.0,-0.117395,51.54207,1,3,2,1,15/03/2005,3,17:43,3,E09000019,3,5203,Single carriageway,30,Giveway or uncontrolled,5,0,None within 50 metres,Zebra crossing,Daylight: Street light present,Fine without high winds,Dry,None,None,1,Yes,E01002712,2005
2872,200501EO40261,532920.0,185080.0,-0.084371,51.54891,1,3,2,1,06/04/2005,4,09:35,3,E09000019,5,0,Roundabout,30,Giveway or uncontrolled,5,0,None within 50 metres,Zebra crossing,Daylight: Street light present,Fine without high winds,Dry,Roadworks,None,1,Yes,E01002776,2005
2873,200501EO40263,530800.0,185920.0,-0.114617,51.556954,1,3,2,1,05/04/2005,3,09:10,3,E09000019,3,503,One way street,30,None,-1,0,None within 50 metres,non-junction pedestrian crossing,Daylight: Street light present,Fine without high winds,Dry,None,None,1,No,E01002746,2005
2874,200501EO40264,531690.0,183970.0,-0.102516,51.539223,1,3,2,1,18/03/2005,6,17:03,3,E09000019,3,1,Single carriageway,30,None,-1,0,None within 50 metres,No physical crossing within 50 meters,Daylight: Street light present,Fine without high winds,Dry,None,None,1,Yes,E01002794,2005
2875,200501EO40265,531680.0,184650.0,-0.102405,51.545336,1,2,1,1,18/03/2005,6,03:30,3,E09000019,3,1,Roundabout,30,Giveway or uncontrolled,3,1200,None within 50 metres,Zebra crossing,Darkness: Street lights present and lit,Fine without high winds,Dry,None,None,1,Yes,E01002791,2005
2876,200501EO40267,525260.0,183830.0,-0.195231,51.539427,1,2,2,1,04/05/2005,4,18:40,2,E09000007,3,5,Single carriageway,30,None,-1,0,None within 50 metres,Pedestrian phase at traffic signal junction,Daylight: Street light present,Fine without high winds,Dry,None,None,1,Yes,E01000548,2005
2877,200501EO40268,530760.0,186270.0,-0.115063,51.560108,1,3,2,1,22/04/2005,6,22:53,3,E09000019,3,103,Single carriageway,30,Automatic traffic signal,3,503,None within 50 metres,Pedestrian phase at traffic signal junction,Darkness: Street lights present and lit,Fine without high winds,Dry,None,None,1,Yes,E01002730,2005
2878,200501EO40269,530760.0,186260.0,-0.115067,51.560018,1,3,2,1,18/03/2005,6,16:35,3,E09000019,3,103,Single carriageway,30,Automatic traffic signal,3,503,None within 50 metres,Pedestrian phase at traffic signal junction,Daylight: Street light present,Fine without high winds,Dry,None,None,1,No,E01002730,2005
2879,200501EO40271,532900.0,185400.0,-0.084539,51.55179,1,3,1,1,17/04/2005,1,22:40,4,E09000012,3,105,Roundabout,30,Giveway or uncontrolled,5,0,None within 50 metres,No physical crossing within 50 meters,Darkness: Street lights present and lit,Raining without high winds,Wet/Damp,None,None,1,Yes,E01002782,2005
2880,200501EO40272,529320.0,182170.0,-0.13733,51.523594,1,3,1,1,03/05/2005,3,22:07,2,E09000007,3,400,One way street,30,Automatic traffic signal,5,0,None within 50 metres,Pedestrian phase at traffic signal junction,Darkness: Street lights present and lit,Fine without high winds,Dry,None,None,1,Yes,E01000854,2005
2881,200501EO40273,531250.0,182270.0,-0.109489,51.524048,1,3,2,1,12/04/2005,3,08:51,3,E09000019,3,201,Single carriageway,30,Giveway or uncontrolled,6,0,None within 50 metres,No physical crossing within 50 meters,Daylight: Street light present,Fine without high winds,Dry,None,None,1,Yes,E01002724,2005
2882,200501EO40274,530560.0,181670.0,-0.119652,51.518816,1,3,2,1,14/04/2005,5,14:27,2,E09000007,3,40,One way street,30,Giveway or uncontrolled,6,0,None within 50 metres,No physical crossing within 50 meters,Daylight: Street light present,Fine without high winds,Dry,None,None,1,Yes,E01000914,2005
2883,200501EO40275,530670.0,184150.0,-0.117148,51.541077,1,3,2,1,08/04/2005,6,09:33,3,E09000019,3,5203,Single carriageway,30,None,-1,0,None within 50 metres,No physical crossing within 50 meters,Daylight: Street light present,Raining without high winds,Wet/Damp,None,None,1,Yes,E01002715,2005
2884,200501EO40276,531460.0,184870.0,-0.105494,51.547364,1,3,2,1,03/04/2005,1,17:26,3,E09000019,3,1,Single carriageway,30,Giveway or uncontrolled,6,0,None within 50 metres,non-junction pedestrian crossing,Daylight: Street light present,Fine without high winds,Dry,None,None,1,Yes,E01002795,2005
2885,200501EO40277,532540.0,182430.0,-0.090845,51.525185,1,3,3,1,11/04/2005,2,15:55,3,E09000019,3,5201,Single carriageway,30,Automatic traffic signal,4,144,None within 50 metres,Pedestrian phase at traffic signal junction,Daylight: Street light present,Fine without high winds,Dry,None,None,1,Yes,E01002706,2005
2886,200501EO40278,531430.0,184120.0,-0.106206,51.540631,1,3,1,1,03/05/2005,3,11:40,3,E09000019,4,515,Single carriageway,30,Giveway or uncontrolled,5,0,None within 50 metres,Zebra crossing,Daylight: Street light present,Fine without high winds,Dry,None,None,1,No,E01002792,2005
2887,200501EO40279,529370.0,186950.0,-0.134854,51.566539,1,3,2,1,14/04/2005,5,18:00,3,E09000019,3,1,Roundabout,30,Automatic traffic signal,3,1,None within 50 metres,Pedestrian phase at traffic signal junction,Daylight: Street light present,Fine without high winds,Dry,None,None,1,Yes,E01002770,2005
2888,200501EO40280,524960.0,185160.0,-0.199083,51.551446,1,3,2,1,28/04/2005,5,11:02,2,E09000007,5,0,Single carriageway,30,Giveway or uncontrolled,6,0,None within 50 metres,No physical crossing within 50 meters,Daylight: Street light present,Fine without high winds,Dry,None,None,1,Yes,E01000971,2005
2889,200501EO40281,531900.0,186250.0,-0.098635,51.559663,1,3,2,1,06/04/2005,4,18:28,3,E09000019,3,1201,Single carriageway,30,Giveway or uncontrolled,6,0,None within 50 metres,No physical crossing within 50 meters,Daylight: Street light present,Fine without high winds,Dry,None,None,1,Yes,E01002747,2005
2890,200501EO40282,532430.0,184370.0,-0.091701,51.542644,1,3,2,1,05/04/2005,3,09:16,3,E09000019,3,104,Single carriageway,30,Giveway or uncontrolled,6,0,None within 50 metres,Zebra crossing,Daylight: Street light present,Fine without high winds,Dry,None,None,1,Yes,E01002720,2005
2891,200501EO40283,529410.0,183460.0,-0.13556,51.535166,1,3,2,1,12/03/2005,7,07:15,2,E09000007,3,400,One way street,30,Automatic traffic signal,4,512,None within 50 metres,Pedestrian phase at traffic signal junction,Daylight: Street light present,Fine without high winds,Dry,None,None,1,Yes,E01000952,2005
2892,200501EO40284,528630.0,184200.0,-0.14653,51.541995,1,3,1,1,23/04/2005,7,17:08,2,E09000007,3,502,Single carriageway,30,Giveway or uncontrolled,3,502,None within 50 metres,Zebra crossing,Daylight: Street light present,Fine without high winds,Dry,None,None,1,Yes,E01000858,2005
2893,200501EO40285,528900.0,183860.0,-0.142763,51.538878,1,3,2,1,26/04/2005,3,18:00,2,E09000007,3,400,One way street,30,Automatic traffic signal,3,4201,None within 50 metres,No physical crossing within 50 meters,Daylight: Street light present,Fine without high winds,Dry,None,None,1,Yes,E01000863,2005
2894,200501EO40286,526570.0,185090.0,-0.175899,51.550459,1,3,1,1,14/05/2005,7,13:00,2,E09000007,4,511,Single carriageway,30,None,-1,0,None within 50 metres,No physical crossing within 50 meters,Daylight: Street light present,Fine without high winds,Dry,None,None,1,Yes,E01000881,2005
2895,200501EO40287,528940.0,184090.0,-0.142102,51.540936,1,3,2,1,22/03/2005,3,14:30,2,E09000007,3,400,Single carriageway,30,Automatic traffic signal,6,0,None within 50 metres,No physical crossing within 50 meters,Daylight: Street light present,Fine without high winds,Dry,None,None,1,No,E01000856,2005
2896,200501EO40288,531660.0,183590.0,-0.10309,51.535815,1,3,1,1,22/03/2005,3,11:25,3,E09000019,3,104,Single carriageway,30,None,-1,0,None within 50 metres,No physical crossing within 50 meters,Daylight: Street light present,Fine without high winds,Dry,None,None,1,No,E01002801,2005
2897,200501EO40290,530560.0,181380.0,-0.119759,51.516209,1,3,2,1,06/05/2005,6,15:55,2,E09000007,3,4200,Single carriageway,30,Automatic traffic signal,4,402,None within 50 metres,Pedestrian phase at traffic signal junction,Daylight: Street light present,Fine without high winds,Dry,None,None,1,Yes,E01000918,2005
2898,200501EO40291,530160.0,186300.0,-0.123703,51.560516,1,3,1,1,30/04/2005,7,03:36,3,E09000019,3,1,Single carriageway,30,None,-1,0,None within 50 metres,No physical crossing within 50 meters,Darkness: Street lights present and lit,Fine without high winds,Dry,None,None,1,Yes,E01002785,2005
2899,200501EO40292,529810.0,184980.0,-0.129236,51.548735,1,3,1,1,27/04/2005,4,17:41,3,E09000019,3,503,Dual carriageway,30,Automatic traffic signal,3,5200,None within 50 metres,Pedestrian phase at traffic signal junction,Daylight: Street light present,Fine without high winds,Dry,None,None,1,Yes,E01000926,2005
2900,200501EO40293,530460.0,181670.0,-0.121092,51.518839,1,3,1,1,27/04/2005,4,18:28,2,E09000007,3,4200,Single carriageway,30,Giveway or uncontrolled,3,401,None within 50 metres,non-junction pedestrian crossing,Daylight: Street light present,Fine without high winds,Dry,None,None,1,Yes,E01000914,2005
2901,200501EO40294,531730.0,184730.0,-0.101655,51.546043,1,3,1,1,29/04/2005,6,23:26,3,E09000019,3,1201,Single carriageway,30,None,-1,0,None within 50 metres,No physical crossing within 50 meters,Darkness: Street lights present and lit,Fine without high winds,Dry,None,None,1,Yes,E01002791,2005
2902,200501EO40295,531070.0,185320.0,-0.110948,51.551499,1,3,2,1,19/04/2005,3,10:48,3,E09000019,3,1,Single carriageway,30,None,-1,0,None within 50 metres,non-junction pedestrian crossing,Daylight: Street light present,Fine without high winds,Wet/Damp,None,None,1,Yes,E01002761,2005
2903,200501EO40296,532470.0,184420.0,-0.091106,51.543084,1,3,1,1,09/03/2005,4,10:20,3,E09000019,3,104,Single carriageway,30,Giveway or uncontrolled,6,0,None within 50 metres,No physical crossing within 50 meters,Daylight: Street light present,Fine without high winds,Dry,None,None,1,Yes,E01002720,2005
2904,200501EO40297,529480.0,182970.0,-0.134732,51.530747,1,3,2,1,21/04/2005,5,08:43,2,E09000007,3,4200,Single carriageway,30,Giveway or uncontrolled,6,0,None within 50 metres,No physical crossing within 50 meters,Daylight: Street light present,Fine without high winds,Dry,None,None,1,Yes,E01000945,2005
2905,200501EO40298,529150.0,183270.0,-0.139376,51.533518,1,3,2,1,15/03/2005,3,17:47,2,E09000007,3,400,Single carriageway,30,Automatic traffic signal,3,400,None within 50 metres,No physical crossing within 50 meters,Daylight: Street light present,Fine without high winds,Dry,None,None,1,Yes,E01000947,2005
2906,200501EO40299,530640.0,186160.0,-0.116834,51.559147,1,3,1,1,06/05/2005,6,15:20,3,E09000019,3,503,One way street,30,None,-1,0,None within 50 metres,No physical crossing within 50 meters,Daylight: Street light present,Fine without high winds,Dry,None,None,1,Yes,E01002730,2005
2907,200501EO40300,530220.0,181940.0,-0.12445,51.52132,1,3,2,1,11/03/2005,6,08:30,2,E09000007,3,4200,One way street,30,Automatic traffic signal,3,4200,None within 50 metres,Pedestrian phase at traffic signal junction,Daylight: Street light present,Fine without high winds,Dry,None,None,1,Yes,E01000855,2005
2908,200501EO40301,532960.0,184810.0,-0.083897,51.546474,1,3,2,1,14/04/2005,5,19:19,3,E09000019,3,104,Single carriageway,30,Automatic traffic signal,3,104,None within 50 metres,Pedestrian phase at traffic signal junction,Daylight: Street light present,Fine without high winds,Dry,None,None,1,Yes,E01002716,2005
2909,200501EO40302,529520.0,181850.0,-0.134567,51.520672,1,3,1,1,19/03/2005,7,01:50,2,E09000007,3,400,One way street,30,Giveway or uncontrolled,6,0,None within 50 metres,No physical crossing within 50 meters,Darkness: Street lights present and lit,Fine without high winds,Dry,None,None,1,Yes,E01000851,2005
2910,200501EO40303,530490.0,181580.0,-0.120694,51.518023,1,3,2,1,06/04/2005,4,22:45,2,E09000007,3,4200,Single carriageway,30,Giveway or uncontrolled,6,0,None within 50 metres,Pedestrian phase at traffic signal junction,Darkness: Street lights present and lit,Fine without high winds,Dry,None,None,1,No,E01000914,2005
2911,200501EO40304,529530.0,184640.0,-0.133397,51.545743,1,3,2,1,05/04/2005,3,08:45,2,E09000007,3,503,Single carriageway,30,Giveway or uncontrolled,6,0,None within 50 metres,No physical crossing within 50 meters,Daylight: Street light present,Fine without high winds,Dry,None,None,1,No,E01000870,2005
2912,200501EO40305,529010.0,185190.0,-0.140691,51.550805,1,3,2,1,04/04/2005,2,08:30,2,E09000007,3,400,Single carriageway,30,Automatic traffic signal,5,0,None within 50 metres,Pedestrian phase at traffic signal junction,Daylight: Street light present,Fine without high winds,Dry,None,None,1,No,E01000921,2005
2913,200501EO40306,531320.0,185020.0,-0.107456,51.548745,1,3,2,1,09/03/2005,4,08:30,3,E09000019,3,1,Single carriageway,30,None,-1,0,None within 50 metres,Pedestrian phase at traffic signal junction,Daylight: Street light present,Fine without high winds,Dry,None,None,1,Yes,E01002795,2005
2914,200501EO40307,528740.0,183060.0,-0.145361,51.531725,1,3,2,1,07/04/2005,5,19:25,2,E09000007,3,4201,Single carriageway,30,Giveway or uncontrolled,6,0,None within 50 metres,No physical crossing within 50 meters,Darkness: Street lights present and lit,Raining without high winds,Wet/Damp,None,None,1,No,E01000946,2005
2915,200501EO40308,530470.0,183000.0,-0.120456,51.530789,1,3,1,1,14/04/2005,5,11:31,2,E09000007,3,501,One way street,30,None,-1,0,None within 50 metres,Pedestrian phase at traffic signal junction,Daylight: Street light present,Fine without high winds,Dry,None,None,1,Yes,E01000938,2005
2916,200501EO40309,529670.0,182530.0,-0.132156,51.526749,1,2,1,2,14/04/2005,5,11:06,2,E09000007,3,501,Single carriageway,30,Automatic traffic signal,3,501,None within 50 metres,Pedestrian phase at traffic signal junction,Daylight: Street light present,Fine without high winds,Dry,None,None,1,Yes,E01000852,2005
2917,200501EO40310,531030.0,187210.0,-0.110821,51.568493,1,3,1,1,04/04/2005,2,15:30,31,E09000014,5,0,Single carriageway,30,Automatic traffic signal,3,1201,None within 50 metres,Pedestrian phase at traffic signal junction,Daylight: Street light present,Fine without high winds,Dry,None,None,1,Yes,E01002805,2005
2918,200501EO40312,532310.0,182350.0,-0.094189,51.52452,1,3,1,1,26/04/2005,3,07:40,3,E09000019,3,5201,Single carriageway,30,Giveway or uncontrolled,6,0,None within 50 metres,non-junction pedestrian crossing,Daylight: Street light present,Fine without high winds,Dry,None,None,1,Yes,E01002706,2005
2919,200501EO40313,530460.0,181840.0,-0.121029,51.520366,1,3,1,1,13/04/2005,4,13:42,2,E09000007,6,0,One way street,30,None,-1,0,None within 50 metres,No physical crossing within 50 meters,Daylight: Street light present,Fine without high winds,Dry,None,None,1,Yes,E01000914,2005
2920,200501EO40314,529230.0,181990.0,-0.138693,51.521997,1,3,2,1,11/04/2005,2,08:00,2,E09000007,6,0,One way street,30,Automatic traffic signal,6,0,None within 50 metres,Pedestrian phase at traffic signal junction,Daylight: Street light present,Fine without high winds,Dry,None,None,1,No,E01000851,2005
2921,200501EO40315,529210.0,182710.0,-0.138717,51.528472,1,3,2,1,11/05/2005,4,17:20,2,E09000007,3,400,Single carriageway,30,Giveway or uncontrolled,6,0,None within 50 metres,No physical crossing within 50 meters,Daylight: Street light present,Fine without high winds,Dry,None,None,1,Yes,E01000950,2005
2922,200501EO40316,530380.0,186050.0,-0.120624,51.558219,1,3,1,1,31/03/2005,5,10:15,3,E09000019,3,1,Single carriageway,30,Automatic traffic signal,5,0,None within 50 metres,Pedestrian phase at traffic signal junction,Daylight: Street light present,Fine without high winds,Dry,None,None,1,Yes,E01002786,2005
2923,200501EO40317,531930.0,185550.0,-0.098465,51.553366,1,3,1,1,21/04/2005,5,13:05,3,E09000019,3,1201,Single carriageway,30,None,-1,0,None within 50 metres,Zebra crossing,Daylight: Street light present,Fine without high winds,Dry,None,None,1,Yes,E01002745,2005
2924,200501EO40318,531360.0,183130.0,-0.107584,51.531751,1,3,2,1,14/04/2005,5,11:15,3,E09000019,3,501,Single carriageway,30,Giveway or uncontrolled,6,0,None within 50 metres,No physical crossing within 50 meters,Daylight: Street light present,Fine without high winds,Dry,None,None,1,No,E01002727,2005
2925,200501EO40319,531130.0,183380.0,-0.110805,51.534051,1,3,1,1,14/04/2005,5,11:15,3,E09000019,5,0,Single carriageway,30,None,-1,0,None within 50 metres,No physical crossing within 50 meters,Daylight: Street light present,Raining without high winds,Wet/Damp,None,None,1,No,E01002694,2005
2926,200501EO40320,531470.0,183280.0,-0.105943,51.533073,1,3,2,1,21/03/2005,2,17:39,3,E09000019,3,1,Dual carriageway,30,Automatic traffic signal,4,515,None within 50 metres,Pedestrian phase at traffic signal junction,Darkness: Street lights present and lit,Fine without high winds,Dry,None,None,1,Yes,E01002803,2005
2927,200501EO40321,528580.0,185830.0,-0.146655,51.556655,1,3,1,1,27/04/2005,4,17:20,2,E09000007,5,0,Single carriageway,30,Giveway or uncontrolled,5,0,None within 50 metres,Pedestrian phase at traffic signal junction,Daylight: Street light present,Other,Wet/Damp,None,None,1,Yes,E01000910,2005
2928,200501EO40322,530690.0,182690.0,-0.117401,51.527952,1,3,2,1,01/04/2005,6,17:37,2,E09000007,6,0,Single carriageway,30,Giveway or uncontrolled,6,0,None within 50 metres,No physical crossing within 50 meters,Daylight: Street light present,Fine without high winds,Dry,None,None,1,Yes,E01000938,2005
2929,200501EO40323,530420.0,183000.0,-0.121177,51.5308,1,3,2,1,04/04/2005,2,08:44,2,E09000007,3,501,Single carriageway,30,Automatic traffic signal,3,5203,None within 50 metres,Pedestrian phase at traffic signal junction,Daylight: Street light present,Fine without high winds,Dry,None,None,1,Yes,E01002711,2005
2930,200501EO40324,529090.0,183710.0,-0.14008,51.537486,1,3,1,1,27/04/2005,4,10:35,2,E09000007,3,503,One way street,30,Giveway or uncontrolled,3,503,None within 50 metres,Zebra crossing,Daylight: Street light present,Fine without high winds,Dry,None,None,1,Yes,E01000861,2005
2931,200501EO40325,528940.0,184090.0,-0.142102,51.540936,1,3,2,1,04/04/2005,2,10:00,2,E09000007,3,400,Single carriageway,30,Automatic traffic signal,6,0,None within 50 metres,Pedestrian phase at traffic signal junction,Daylight: Street light present,Raining without high winds,Wet/Damp,None,None,1,Yes,E01000856,2005
2932,200501EO40326,529520.0,182450.0,-0.134346,51.526064,1,3,1,1,29/04/2005,6,22:15,2,E09000007,3,501,Dual carriageway,30,None,-1,0,None within 50 metres,No physical crossing within 50 meters,Darkness: Street lights present and lit,Fine without high winds,Dry,None,None,1,Yes,E01000852,2005
2933,200501EO40327,529090.0,184030.0,-0.139963,51.540362,1,3,1,2,07/05/2005,7,23:43,2,E09000007,3,400,One way street,30,Automatic traffic signal,3,503,None within 50 metres,Pedestrian phase at traffic signal junction,Darkness: Street lights present and lit,Fine without high winds,Dry,None,None,1,Yes,E01000856,2005
2934,200501EO40328,528640.0,183540.0,-0.146627,51.536061,1,3,2,1,15/04/2005,6,20:00,2,E09000007,3,4201,Single carriageway,30,Automatic traffic signal,3,4201,None within 50 metres,Pedestrian phase at traffic signal junction,Darkness: Street lights present and lit,Fine without high winds,Dry,None,None,1,Yes,E01000948,2005
2935,200501EO40329,529500.0,184620.0,-0.133837,51.54557,1,3,1,1,05/05/2005,5,15:27,2,E09000007,3,503,Single carriageway,30,Giveway or uncontrolled,6,0,None within 50 metres,No physical crossing within 50 meters,Daylight: Street light present,Fine without high winds,Dry,None,None,1,Yes,E01000865,2005
2936,200501EO40330,528320.0,183750.0,-0.151162,51.538021,1,3,2,1,25/04/2005,2,14:40,2,E09000007,5,0,Single carriageway,30,Giveway or uncontrolled,6,0,None within 50 metres,No physical crossing within 50 meters,Daylight: Street light present,Fine without high winds,Dry,None,None,1,Yes,E01000862,2005
2937,200501EO40331,531870.0,184780.0,-0.099618,51.54646,1,3,1,1,29/04/2005,6,22:26,3,E09000019,3,1201,Single carriageway,30,None,-1,0,None within 50 metres,No physical crossing within 50 meters,Darkness: Street lights present and lit,Fine without high winds,Dry,None,None,1,Yes,E01002740,2005
2938,200501EO40332,529530.0,186760.0,-0.132617,51.564795,1,3,1,1,28/04/2005,5,16:34,3,E09000019,3,1,Single carriageway,30,Giveway or uncontrolled,6,0,None within 50 metres,No physical crossing within 50 meters,Daylight: Street light present,Fine without high winds,Dry,None,None,1,Yes,E01002772,2005
2939,200501EO40333,529250.0,184300.0,-0.137558,51.542752,1,3,1,1,25/04/2005,2,15:40,2,E09000007,3,503,Single carriageway,30,Automatic traffic signal,3,5202,None within 50 metres,No physical crossing within 50 meters,Daylight: Street light present,Fine without high winds,Dry,None,None,1,Yes,E01000867,2005
2940,200501EO40334,529000.0,183970.0,-0.141282,51.539843,1,3,1,1,17/04/2005,1,23:40,2,E09000007,3,503,Single carriageway,30,None,-1,0,None within 50 metres,No physical crossing within 50 meters,Darkness: Street lights present and lit,Raining without high winds,Wet/Damp,None,None,1,Yes,E01000863,2005
2941,200501EO40335,531900.0,186340.0,-0.098601,51.560472,1,2,1,1,14/04/2005,5,20:45,3,E09000019,3,1201,Single carriageway,30,Giveway or uncontrolled,3,1201,None within 50 metres,No physical crossing within 50 meters,Darkness: Street lights present and lit,Fine without high winds,Dry,None,None,1,Yes,E01002747,2005
2942,200501EO40336,531400.0,186730.0,-0.105664,51.564093,1,2,1,1,21/03/2005,2,13:28,3,E09000019,3,503,Single carriageway,30,Automatic traffic signal,3,503,None within 50 metres,Pedestrian phase at traffic signal junction,Daylight: Street light present,Fine without high winds,Dry,None,None,1,Yes,E01002734,2005
2943,200501EO40339,531450.0,183270.0,-0.106235,51.532988,1,3,1,1,24/04/2005,1,22:00,3,E09000019,3,1,Single carriageway,30,Automatic traffic signal,4,515,None within 50 metres,No physical crossing within 50 meters,Darkness: Street lights present and lit,Fine without high winds,Wet/Damp,None,None,1,Yes,E01002696,2005
2944,200501EO40340,527370.0,185050.0,-0.164382,51.549919,1,3,1,1,28/04/2005,5,14:45,2,E09000007,3,502,Single carriageway,30,Giveway or uncontrolled,6,0,None within 50 metres,No physical crossing within 50 meters,Daylight: Street light present,Fine without high winds,Dry,None,None,1,Yes,E01000849,2005
2945,200501EO40341,529810.0,182370.0,-0.130198,51.525279,1,3,2,1,20/04/2005,4,18:45,2,E09000007,6,0,Single carriageway,30,Giveway or uncontrolled,6,0,None within 50 metres,No physical crossing within 50 meters,Daylight: Street light present,Fine without high winds,Dry,None,None,1,Yes,E01000852,2005
2946,200501EO40342,528160.0,184900.0,-0.153049,51.548392,1,3,1,1,17/04/2005,1,12:22,2,E09000007,4,517,Single carriageway,30,Giveway or uncontrolled,6,0,None within 50 metres,No physical crossing within 50 meters,Daylight: Street light present,Fine without high winds,Dry,None,None,1,Yes,E01000900,2005
2947,200501EO40343,525520.0,184750.0,-0.191156,51.547637,1,3,1,1,30/04/2005,7,11:23,2,E09000007,4,510,Single carriageway,30,Automatic traffic signal,4,520,None within 50 metres,Pedestrian phase at traffic signal junction,Daylight: Street light present,Fine without high winds,Dry,None,None,1,Yes,E01000973,2005
2948,200501EO40344,529460.0,182400.0,-0.135229,51.525629,1,3,2,1,15/04/2005,6,12:10,2,E09000007,3,501,Single carriageway,30,None,-1,0,None within 50 metres,No physical crossing within 50 meters,Daylight: Street light present,Fine without high winds,Wet/Damp,None,None,1,Yes,E01000852,2005
2949,200501EO40345,530160.0,186310.0,-0.123699,51.560606,1,3,2,1,22/04/2005,6,12:00,3,E09000019,3,1,Single carriageway,30,Giveway or uncontrolled,6,0,None within 50 metres,No physical crossing within 50 meters,Daylight: Street light present,Fine without high winds,Dry,None,None,1,Yes,E01002785,2005
2950,200501EO40346,530640.0,183030.0,-0.117996,51.531019,1,3,1,1,10/04/2005,1,17:28,3,E09000019,3,501,Single carriageway,30,Giveway or uncontrolled,6,0,None within 50 metres,No physical crossing within 50 meters,Daylight: Street light present,Fine without high winds,Dry,None,None,1,Yes,E01002711,2005
2951,200501EO40347,531610.0,183580.0,-0.103814,51.535737,1,3,2,1,18/04/2005,2,07:45,3,E09000019,3,1,Single carriageway,30,None,-1,0,None within 50 metres,Zebra crossing,Daylight: Street light present,Raining without high winds,Wet/Damp,None,None,1,Yes,E01002794,2005
2952,200501EO40348,528560.0,185800.0,-0.146954,51.55639,1,3,1,1,10/05/2005,3,19:10,2,E09000007,4,518,Single carriageway,30,None,-1,0,None within 50 metres,No physical crossing within 50 meters,Daylight: Street light present,Fine without high winds,Dry,None,None,1,Yes,E01000912,2005
2953,200501EO40349,524950.0,185160.0,-0.199227,51.551449,1,3,1,1,13/05/2005,6,16:00,2,E09000007,5,0,Single carriageway,30,Giveway or uncontrolled,6,0,None within 50 metres,No physical crossing within 50 meters,Daylight: Street light present,Fine without high winds,Dry,None,None,1,Yes,E01000873,2005
2954,200501EO40350,531820.0,184750.0,-0.10035,51.546202,1,3,2,1,21/04/2005,5,20:37,3,E09000019,3,1201,Single carriageway,30,Giveway or uncontrolled,6,0,None within 50 metres,No physical crossing within 50 meters,Darkness: Street lights present and lit,Fine without high winds,Dry,None,None,1,Yes,E01002740,2005
2955,200501EO40351,529370.0,183280.0,-0.136203,51.533558,1,2,1,2,07/05/2005,7,00:35,2,E09000007,3,400,One way street,30,None,-1,0,None within 50 metres,No physical crossing within 50 meters,Darkness: Street lights present and lit,Raining without high winds,Wet/Damp,None,None,1,Yes,E01000947,2005
2956,200501EO40352,531370.0,183130.0,-0.10744,51.531748,1,3,2,1,26/04/2005,3,15:30,3,E09000019,3,501,Single carriageway,30,None,-1,0,None within 50 metres,No physical crossing within 50 meters,Daylight: Street light present,Fine without high winds,Dry,None,None,1,No,E01002727,2005
2957,200501EO40353,530680.0,185840.0,-0.116377,51.556262,1,3,2,2,27/04/2005,4,08:05,3,E09000019,3,503,One way street,30,None,-1,0,None within 50 metres,Pedestrian phase at traffic signal junction,Daylight: Street light present,Fine without high winds,Dry,None,None,1,No,E01002746,2005
2958,200501EO40354,527600.0,185310.0,-0.160972,51.552204,1,3,2,1,27/04/2005,4,05:50,2,E09000007,6,0,Single carriageway,30,Giveway or uncontrolled,6,0,None within 50 metres,No physical crossing within 50 meters,Daylight: Street light present,Fine without high winds,Wet/Damp,None,None,1,Yes,E01000892,2005
2959,200501EO40355,531620.0,184670.0,-0.103263,51.54553,1,3,2,1,20/04/2005,4,19:45,3,E09000019,3,1,Roundabout,30,Giveway or uncontrolled,3,1,None within 50 metres,Zebra crossing,Daylight: Street light present,Fine without high winds,Dry,None,None,1,No,E01002791,2005
2960,200501EO40356,529310.0,181930.0,-0.137563,51.521439,1,3,2,1,20/04/2005,4,10:45,2,E09000007,5,0,One way street,30,Automatic traffic signal,6,0,None within 50 metres,Pedestrian phase at traffic signal junction,Daylight: Street light present,Fine without high winds,Dry,None,None,1,No,E01000851,2005
2961,200501EO40358,530120.0,187230.0,-0.123936,51.568883,1,3,1,1,17/05/2005,3,18:40,3,E09000019,3,103,Single carriageway,30,Giveway or uncontrolled,6,0,None within 50 metres,Zebra crossing,Daylight: Street light present,Fine without high winds,Dry,None,None,1,Yes,E01002758,2005
2962,200501EO40359,531300.0,185040.0,-0.107737,51.548929,1,3,2,1,11/05/2005,4,08:20,3,E09000019,3,1,Single carriageway,30,Automatic traffic signal,6,0,None within 50 metres,Pedestrian phase at traffic signal junction,Daylight: Street light present,Fine without high winds,Dry,None,None,1,No,E01002795,2005
2963,200501EO40360,531130.0,182250.0,-0.111226,51.523896,1,3,1,1,09/05/2005,2,09:30,3,E09000019,3,401,Single carriageway,30,None,-1,0,None within 50 metres,No physical crossing within 50 meters,Daylight: Street light present,Fine without high winds,Dry,None,None,1,Yes,E01002726,2005
2964,200501EO40361,525710.0,185310.0,-0.188218,51.552628,1,3,2,1,03/05/2005,3,10:00,2,E09000007,3,41,Single carriageway,30,Automatic traffic signal,6,0,None within 50 metres,Pedestrian phase at traffic signal junction,Daylight: Street light present,Fine without high winds,Dry,None,None,1,No,E01000969,2005
2965,200501EO40362,531940.0,185790.0,-0.098231,51.55552,1,3,2,1,04/05/2005,4,22:10,3,E09000019,3,1201,Single carriageway,30,Giveway or uncontrolled,5,0,None within 50 metres,No physical crossing within 50 meters,Darkness: Street lights present and lit,Fine without high winds,Dry,None,None,1,No,E01002752,2005
2966,200501EO40363,530570.0,181390.0,-0.119612,51.516297,1,3,2,1,10/04/2005,1,14:32,2,E09000007,3,4200,Single carriageway,30,Automatic traffic signal,4,402,None within 50 metres,Pedestrian phase at traffic signal junction,Daylight: Street light present,Fine without high winds,Dry,None,None,1,Yes,E01000918,2005
2967,200501EO40364,530370.0,181610.0,-0.122411,51.51832,1,3,1,1,29/04/2005,6,18:30,2,E09000007,3,40,Slip road,30,Giveway or uncontrolled,5,0,None within 50 metres,No physical crossing within 50 meters,Daylight: Street light present,Fine without high winds,Dry,None,None,1,Yes,E01000918,2005
2968,200501EO40365,529670.0,186690.0,-0.130624,51.564134,1,3,1,1,18/03/2005,6,10:00,3,E09000019,3,1,Single carriageway,30,Giveway or uncontrolled,5,0,None within 50 metres,No physical crossing within 50 meters,Daylight: Street light present,Fine without high winds,Dry,None,None,1,Yes,E01002774,2005
2969,200501EO40366,532010.0,183990.0,-0.097897,51.539328,1,2,1,1,07/05/2005,7,23:45,3,E09000019,3,104,Single carriageway,30,None,-1,0,None within 50 metres,No physical crossing within 50 meters,Darkness: Street lights present and lit,Fine without high winds,Dry,None,None,1,No,E01002797,2005
2970,200501EO40367,531450.0,183140.0,-0.106284,51.53182,1,3,1,1,09/05/2005,2,19:15,3,E09000019,3,1,Dual carriageway,30,Automatic traffic signal,3,401,None within 50 metres,Pedestrian phase at traffic signal junction,Daylight: Street light present,Fine without high winds,Dry,None,None,1,Yes,E01002727,2005
2971,200501EO40368,529680.0,186800.0,-0.130439,51.56512,1,3,1,1,14/05/2005,7,06:30,3,E09000019,6,0,Single carriageway,30,None,-1,0,None within 50 metres,No physical crossing within 50 meters,Darkness: Street lights present and lit,Fine without high winds,Dry,None,None,1,No,E01002772,2005
2972,200501EO40369,529220.0,187200.0,-0.136925,51.568821,1,3,1,1,09/05/2005,2,15:25,3,E09000019,3,1,Dual carriageway,30,Giveway or uncontrolled,6,0,None within 50 metres,No physical crossing within 50 meters,Daylight: Street light present,Fine without high winds,Dry,None,None,1,Yes,E01002770,2005
2973,200501EO40370,529970.0,182300.0,-0.127918,51.524613,1,3,1,1,11/05/2005,4,09:35,2,E09000007,5,0,Single carriageway,30,Automatic traffic signal,3,4200,None within 50 metres,Pedestrian phase at traffic signal junction,Daylight: Street light present,Fine without high winds,Dry,None,None,1,Yes,E01000852,2005
2974,200501EO40371,531420.0,182050.0,-0.107122,51.522031,1,3,2,1,15/04/2005,6,19:38,3,E09000019,3,201,Single carriageway,30,Automatic traffic signal,3,5201,None within 50 metres,Pedestrian phase at traffic signal junction,Darkness: Street lights present and lit,Fine without high winds,Dry,None,None,1,Yes,E01000916,2005
2975,200501EO40372,529710.0,185870.0,-0.13035,51.556756,1,3,2,1,15/04/2005,6,15:50,3,E09000019,6,0,Single carriageway,30,Giveway or uncontrolled,6,0,None within 50 metres,No physical crossing within 50 meters,Daylight: Street light present,Fine without high winds,Dry,None,None,1,Yes,E01002789,2005
2976,200501EO40373,532780.0,185460.0,-0.086246,51.552358,1,3,2,1,15/04/2005,6,09:27,4,E09000012,3,105,Single carriageway,30,None,-1,0,None within 50 metres,No physical crossing within 50 meters,Daylight: Street light present,Fine without high winds,Dry,None,None,1,Yes,E01002779,2005
2977,200501EO40374,529380.0,186780.0,-0.134772,51.565009,1,3,1,1,10/05/2005,3,10:10,3,E09000019,3,400,Single carriageway,30,None,-1,0,None within 50 metres,No physical crossing within 50 meters,Daylight: Street light present,Fine without high winds,Dry,None,None,1,Yes,E01002770,2005
2978,200501EO40375,526210.0,184860.0,-0.181171,51.548472,1,3,2,1,07/05/2005,7,11:40,2,E09000007,3,41,Single carriageway,30,Giveway or uncontrolled,6,0,None within 50 metres,No physical crossing within 50 meters,Daylight: Street light present,Fine without high winds,Dry,None,None,1,No,E01000972,2005
2979,200501EO40376,528950.0,184290.0,-0.141885,51.542731,1,3,2,2,27/04/2005,4,09:40,2,E09000007,3,400,Single carriageway,30,Automatic traffic signal,5,0,None within 50 metres,Pedestrian phase at traffic signal junction,Daylight: Street light present,Fine without high winds,Dry,None,None,1,Yes,E01000856,2005
2980,200501EO40378,526540.0,184090.0,-0.176691,51.541478,1,3,2,1,07/03/2005,2,16:31,2,E09000007,4,509,Dual carriageway,30,Giveway or uncontrolled,6,0,None within 50 metres,No physical crossing within 50 meters,Daylight: Street light present,Fine without high winds,Dry,None,None,1,Yes,E01000961,2005
2981,200501EO40379,531420.0,182060.0,-0.107119,51.522121,1,2,2,1,21/04/2005,5,16:15,3,E09000019,3,5201,Single carriageway,30,Automatic traffic signal,3,201,None within 50 metres,Pedestrian phase at traffic signal junction,Daylight: Street light present,Fine without high winds,Dry,None,None,1,No,E01002724,2005
2982,200501EO40380,528160.0,184410.0,-0.153227,51.543989,1,3,2,1,06/03/2005,1,22:10,2,E09000007,3,502,Single carriageway,30,Automatic traffic signal,4,509,None within 50 metres,Pedestrian phase at traffic signal junction,Darkness: Street lights present and lit,Fine without high winds,Dry,None,None,1,No,E01000906,2005
2983,200501EO40381,530220.0,185510.0,-0.12313,51.553403,1,3,2,1,15/05/2005,1,15:30,3,E09000019,3,503,Single carriageway,30,None,-1,0,None within 50 metres,No physical crossing within 50 meters,Daylight: Street light present,Fine without high winds,Dry,None,None,1,No,E01002764,2005
2984,200501EO40384,529370.0,184690.0,-0.135685,51.546229,1,3,2,1,04/05/2005,4,06:50,2,E09000007,6,0,Single carriageway,30,Giveway or uncontrolled,6,0,None within 50 metres,No physical crossing within 50 meters,Daylight: Street light present,Fine without high winds,Dry,None,None,1,Yes,E01000866,2005
2985,200501EO40385,531480.0,186790.0,-0.104488,51.564614,1,3,2,1,07/05/2005,7,13:32,3,E09000019,3,503,Single carriageway,30,Automatic traffic signal,3,1201,None within 50 metres,Pedestrian phase at traffic signal junction,Daylight: Street light present,Fine without high winds,Dry,None,None,1,Yes,E01002748,2005
2986,200501EO40386,528970.0,184880.0,-0.141381,51.548028,1,3,1,1,09/05/2005,2,17:17,2,E09000007,3,400,Single carriageway,30,Giveway or uncontrolled,6,0,None within 50 metres,No physical crossing within 50 meters,Daylight: Street light present,Fine without high winds,Dry,None,None,1,Yes,E01000922,2005
2987,200501EO40387,530280.0,185720.0,-0.122188,51.555276,1,3,1,1,16/05/2005,2,15:27,3,E09000019,3,503,Single carriageway,30,Automatic traffic signal,6,0,None within 50 metres,Pedestrian phase at traffic signal junction,Daylight: Street light present,Raining without high winds,Wet/Damp,Roadworks,None,1,Yes,E01002787,2005
2988,200501EO40388,528970.0,183930.0,-0.141729,51.539491,1,3,1,1,10/05/2005,3,16:20,2,E09000007,3,503,Single carriageway,30,Automatic traffic signal,3,503,None within 50 metres,Pedestrian phase at traffic signal junction,Daylight: Street light present,Fine without high winds,Dry,None,None,1,Yes,E01000861,2005
2989,200501EO40390,529900.0,186550.0,-0.127359,51.562823,1,3,2,2,28/04/2005,5,19:35,3,E09000019,3,1,Single carriageway,30,None,-1,0,None within 50 metres,No physical crossing within 50 meters,Daylight: Street light present,Fine without high winds,Dry,None,None,1,Yes,E01002774,2005
2990,200501EO40391,530120.0,182090.0,-0.125835,51.522691,1,2,2,1,27/05/2005,6,11:20,2,E09000007,3,4200,Single carriageway,30,Automatic traffic signal,4,504,None within 50 metres,Pedestrian phase at traffic signal junction,Daylight: Street light present,Fine without high winds,Dry,None,None,1,Yes,E01000855,2005
2991,200501EO40392,525490.0,185010.0,-0.191496,51.549981,1,3,2,1,24/05/2005,3,13:50,2,E09000007,4,510,Single carriageway,30,Automatic traffic signal,6,0,None within 50 metres,Pedestrian phase at traffic signal junction,Daylight: Street light present,Fine without high winds,Dry,None,None,1,Yes,E01000970,2005
2992,200501EO40393,526020.0,183960.0,-0.184232,51.540426,1,3,2,1,26/02/2005,7,02:43,2,E09000007,4,509,Single carriageway,30,None,-1,0,None within 50 metres,No physical crossing within 50 meters,Darkness: Street lights present and lit,Snowing without high winds,Wet/Damp,None,None,1,Yes,E01000935,2005
2993,200501EO40395,530840.0,185590.0,-0.114163,51.553979,1,3,2,1,17/05/2005,3,08:34,3,E09000019,3,1,Single carriageway,30,Giveway or uncontrolled,6,0,None within 50 metres,No physical crossing within 50 meters,Daylight: Street light present,Fine without high winds,Dry,None,None,1,Yes,E01002767,2005
2994,200501EO40396,526650.0,184320.0,-0.175023,51.543521,1,3,2,1,13/05/2005,6,11:11,2,E09000007,3,41,One way street,30,Automatic traffic signal,3,41,None within 50 metres,Pedestrian phase at traffic signal junction,Daylight: Street light present,Fine without high winds,Dry,None,None,1,Yes,E01000963,2005
2995,200501EO40397,527020.0,185400.0,-0.169301,51.553144,1,3,2,1,17/04/2005,1,15:35,2,E09000007,3,502,Single carriageway,30,Automatic traffic signal,4,518,None within 50 metres,Pedestrian phase at traffic signal junction,Daylight: Street light present,Fine without high winds,Dry,None,None,1,Yes,E01000898,2005
2996,200501EO40398,531110.0,183100.0,-0.111198,51.531539,1,3,2,1,27/04/2005,4,21:45,3,E09000019,3,501,Single carriageway,30,Automatic traffic signal,5,0,None within 50 metres,Pedestrian phase at traffic signal junction,Darkness: Street lights present and lit,Fine without high winds,Dry,None,None,1,Yes,E01002728,2005
2997,200501EO40399,531040.0,183090.0,-0.11221,51.531466,1,3,1,1,29/04/2005,6,15:25,3,E09000019,3,501,Single carriageway,30,Automatic traffic signal,6,0,None within 50 metres,No physical crossing within 50 meters,Daylight: Street light present,Fine without high winds,Dry,None,None,1,Yes,E01002728,2005
2998,200501EO40400,529200.0,184210.0,-0.138311,51.541955,1,3,2,1,12/05/2005,5,16:36,2,E09000007,3,503,Single carriageway,30,Automatic traffic signal,3,5202,None within 50 metres,Pedestrian phase at traffic signal junction,Daylight: Street light present,Fine without high winds,Dry,None,None,1,Yes,E01000867,2005
2999,200501EO40401,530210.0,184950.0,-0.123482,51.548373,1,3,2,1,23/04/2005,7,18:35,3,E09000019,6,0,Single carriageway,30,Giveway or uncontrolled,6,0,None within 50 metres,No physical crossing within 50 meters,Daylight: Street light present,Fine without high winds,Dry,None,None,1,Yes,E01002766,2005
3000,200501EO40402,528330.0,184320.0,-0.15081,51.543141,1,3,2,1,12/05/2005,5,17:45,2,E09000007,3,502,Single carriageway,30,None,-1,0,None within 50 metres,No physical crossing within 50 meters,Daylight: Street light present,Fine without high winds,Dry,None,None,1,Yes,E01000858,2005
3001,200501EO40403,532770.0,181910.0,-0.087728,51.520458,1,2,1,1,12/05/2005,5,22:25,3,E09000019,4,100,One way street,30,Automatic traffic signal,3,501,None within 50 metres,Pedestrian phase at traffic signal junction,Darkness: Street lights present and lit,Fine without high winds,Dry,None,None,1,Yes,E01002704,2005
3002,200501EO40404,530610.0,184560.0,-0.117861,51.544776,1,2,2,1,02/05/2005,2,19:21,3,E09000019,3,5203,Single carriageway,30,Giveway or uncontrolled,6,0,None within 50 metres,No physical crossing within 50 meters,Daylight: Street light present,Fine without high winds,Dry,None,None,1,Yes,E01002713,2005
3003,200501EO40405,527090.0,183740.0,-0.168891,51.538209,1,3,2,1,13/05/2005,6,16:45,2,E09000007,4,525,Single carriageway,30,None,-1,0,None within 50 metres,No physical crossing within 50 meters,Daylight: Street light present,Fine without high winds,Dry,None,None,1,Yes,E01004647,2005
3004,200501EO40406,532750.0,184850.0,-0.086908,51.546883,1,3,3,1,13/05/2005,6,17:38,3,E09000019,3,105,Single carriageway,30,Giveway or uncontrolled,3,1199,None within 50 metres,No physical crossing within 50 meters,Daylight: Street light present,Fine without high winds,Dry,None,None,1,Yes,E01002776,2005
3005,200501EO40407,530580.0,185040.0,-0.118115,51.549096,1,3,2,1,12/05/2005,5,09:15,3,E09000019,3,5203,Single carriageway,30,Giveway or uncontrolled,6,0,None within 50 metres,No physical crossing within 50 meters,Daylight: Street light present,Fine without high winds,Dry,None,None,1,Yes,E01002765,2005
3006,200501EO40408,529210.0,182720.0,-0.138714,51.528562,1,3,2,1,13/05/2005,6,22:52,2,E09000007,3,400,Single carriageway,30,Giveway or uncontrolled,6,0,None within 50 metres,No physical crossing within 50 meters,Darkness: Street lights present and lit,Fine without high winds,Dry,None,None,1,Yes,E01000950,2005
3007,200501EO40409,530250.0,186430.0,-0.122357,51.561664,1,3,2,1,15/05/2005,1,14:49,3,E09000019,5,0,Single carriageway,30,None,-1,0,None within 50 metres,No physical crossing within 50 meters,Daylight: Street light present,Fine without high winds,Dry,None,None,1,Yes,E01002810,2005
3008,200501EO40410,530600.0,181300.0,-0.119213,51.515481,1,3,2,1,15/05/2005,1,05:54,2,E09000007,3,4200,Single carriageway,30,Giveway or uncontrolled,6,0,None within 50 metres,No physical crossing within 50 meters,Daylight: Street light present,Fine without high winds,Dry,None,None,1,Yes,E01000918,2005
3009,200501EO40413,529000.0,185230.0,-0.14082,51.551167,1,3,1,1,18/05/2005,4,18:10,2,E09000007,3,400,Single carriageway,30,None,-1,0,None within 50 metres,Central refuge,Daylight: Street light present,Fine without high winds,Dry,None,None,1,Yes,E01000921,2005
3010,200501EO40414,529510.0,183260.0,-0.134193,51.533346,1,2,2,2,19/05/2005,5,14:35,2,E09000007,6,0,Single carriageway,30,Giveway or uncontrolled,6,0,None within 50 metres,No physical crossing within 50 meters,Daylight: Street light present,Raining without high winds,Wet/Damp,None,None,1,Yes,E01000952,2005
3011,200501EO40417,528940.0,184100.0,-0.142099,51.541025,1,3,2,1,24/05/2005,3,11:55,2,E09000007,3,400,One way street,30,Giveway or uncontrolled,6,0,None within 50 metres,No physical crossing within 50 meters,Daylight: Street light present,Raining without high winds,Wet/Damp,None,None,1,Yes,E01000856,2005
3012,200501EO40418,530050.0,180990.0,-0.127249,51.512822,1,3,2,1,24/05/2005,3,17:17,1,E09000033,4,404,Single carriageway,30,Giveway or uncontrolled,4,404,None within 50 metres,No physical crossing within 50 meters,Daylight: Street light present,Fine without high winds,Dry,None,None,1,Yes,E01000919,2005
3013,200501EO40420,528680.0,184170.0,-0.14582,51.541714,1,2,2,1,24/05/2005,3,17:25,2,E09000007,3,502,Single carriageway,30,Automatic traffic signal,3,502,None within 50 metres,Pedestrian phase at traffic signal junction,Daylight: Street light present,Fine without high winds,Dry,None,None,1,Yes,E01000858,2005
3014,200501EO40421,530240.0,182900.0,-0.123807,51.529943,1,3,2,1,06/05/2005,6,08:55,2,E09000007,3,501,Single carriageway,30,Giveway or uncontrolled,6,0,None within 50 metres,No physical crossing within 50 meters,Daylight: Street light present,Fine without high winds,Dry,None,None,1,Yes,E01000939,2005
3015,200501EO40422,530560.0,181390.0,-0.119756,51.516299,1,3,1,1,24/05/2005,3,11:47,2,E09000007,3,4200,Single carriageway,30,Automatic traffic signal,4,402,None within 50 metres,Pedestrian phase at traffic signal junction,Daylight: Street light present,Fine without high winds,Dry,None,None,1,Yes,E01000918,2005
3016,200501EO40423,531460.0,184860.0,-0.105498,51.547274,1,3,2,2,11/05/2005,4,23:20,3,E09000019,3,1,Single carriageway,30,Giveway or uncontrolled,6,0,None within 50 metres,No physical crossing within 50 meters,Darkness: Street lights present and lit,Fine without high winds,Dry,None,None,1,Yes,E01002795,2005
3017,200501EO40424,528950.0,184290.0,-0.141885,51.542731,1,3,1,1,23/04/2005,7,03:40,2,E09000007,3,400,Single carriageway,30,Automatic traffic signal,5,0,None within 50 metres,Pedestrian phase at traffic signal junction,Darkness: Street lights present and lit,Fine without high winds,Dry,None,None,1,Yes,E01000856,2005
3018,200501EO40425,527560.0,187600.0,-0.160718,51.572793,1,3,2,1,25/05/2005,4,09:40,31,E09000014,4,519,Single carriageway,30,None,-1,0,None within 50 metres,No physical crossing within 50 meters,Daylight: Street light present,Fine without high winds,Dry,None,None,1,Yes,E01002008,2005
3019,200501EO40427,529680.0,183440.0,-0.131677,51.534925,1,3,2,1,25/05/2005,4,17:40,2,E09000007,3,5202,Single carriageway,30,Giveway or uncontrolled,6,0,None within 50 metres,No physical crossing within 50 meters,Daylight: Street light present,Fine without high winds,Dry,None,None,1,Yes,E01000958,2005
3020,200501EO40428,530230.0,185520.0,-0.122982,51.553491,1,3,2,1,27/05/2005,6,09:34,3,E09000019,3,503,Single carriageway,30,Giveway or uncontrolled,6,0,None within 50 metres,No physical crossing within 50 meters,Daylight: Street light present,Fine without high winds,Dry,None,None,1,Yes,E01002764,2005
3021,200501EO40429,532920.0,184360.0,-0.084643,51.542439,1,3,2,1,05/05/2005,5,12:10,4,E09000012,4,102,Single carriageway,30,Giveway or uncontrolled,6,0,None within 50 metres,No physical crossing within 50 meters,Daylight: Street light present,Fine without high winds,Dry,None,None,1,Yes,E01002718,2005
3022,200501EO40431,528840.0,187220.0,-0.142398,51.569087,1,3,3,1,23/04/2005,7,17:54,3,E09000019,4,519,Single carriageway,30,Automatic traffic signal,4,519,None within 50 metres,Pedestrian phase at traffic signal junction,Daylight: Street light present,Fine without high winds,Dry,None,None,1,Yes,E01000913,2005
3023,200501EO40432,525810.0,185280.0,-0.186787,51.552336,1,3,3,1,26/05/2005,5,13:40,2,E09000007,3,41,Single carriageway,30,None,-1,0,None within 50 metres,No physical crossing within 50 meters,Daylight: Street light present,Fine without high winds,Dry,None,None,1,Yes,E01000969,2005
3024,200501EO40433,528120.0,186660.0,-0.152985,51.564218,1,3,1,1,27/05/2005,6,08:40,2,E09000007,5,0,Single carriageway,30,Giveway or uncontrolled,6,0,None within 50 metres,No physical crossing within 50 meters,Daylight: Street light present,Fine without high winds,Dry,None,None,1,Yes,E01000913,2005
3025,200501EO40434,529830.0,182630.0,-0.129814,51.527611,1,3,2,1,30/05/2005,2,14:24,2,E09000007,3,501,Single carriageway,30,Automatic traffic signal,6,0,None within 50 metres,Pedestrian phase at traffic signal junction,Daylight: Street light present,Fine without high winds,Dry,None,None,1,Yes,E01000942,2005
3026,200501EO40436,531570.0,183510.0,-0.104417,51.535117,1,3,2,1,14/05/2005,7,11:30,3,E09000019,3,1,Single carriageway,30,Automatic traffic signal,6,0,None within 50 metres,Pedestrian phase at traffic signal junction,Daylight: Street light present,Fine without high winds,Dry,None,None,1,Yes,E01002794,2005
3027,200501EO40437,525990.0,183670.0,-0.184768,51.537827,1,3,2,1,13/05/2005,6,16:55,2,E09000007,4,507,Single carriageway,30,Giveway or uncontrolled,4,507,None within 50 metres,Zebra crossing,Daylight: Street light present,Fine without high winds,Dry,None,None,1,Yes,E01000929,2005
3028,200501EO40438,529200.0,183370.0,-0.138619,51.534406,1,3,2,2,30/05/2005,2,10:52,2,E09000007,3,4200,Single carriageway,30,Automatic traffic signal,3,4200,None within 50 metres,Pedestrian phase at traffic signal junction,Daylight: Street light present,Raining without high winds,Wet/Damp,None,None,1,Yes,E01000947,2005
3029,200501EO40439,528460.0,187350.0,-0.14783,51.570342,1,3,2,1,30/05/2005,2,20:00,2,E09000007,4,519,Single carriageway,30,Giveway or uncontrolled,6,0,None within 50 metres,non-junction pedestrian crossing,Darkness: Street lights present and lit,Fine without high winds,Dry,None,None,1,Yes,E01000913,2005
3030,200501EO40440,526120.0,185160.0,-0.182361,51.551188,1,3,2,1,19/05/2005,5,15:30,2,E09000007,5,0,Single carriageway,30,Giveway or uncontrolled,6,0,None within 50 metres,No physical crossing within 50 meters,Daylight: Street light present,Raining without high winds,Wet/Damp,None,None,1,Yes,E01000881,2005
3031,200501EO40441,530160.0,187180.0,-0.123377,51.568425,1,3,2,1,15/04/2005,6,12:39,3,E09000019,3,103,Single carriageway,30,Giveway or uncontrolled,6,0,None within 50 metres,No physical crossing within 50 meters,Daylight: Street light present,Fine without high winds,Wet/Damp,None,None,1,Yes,E01002760,2005
3032,200501EO40442,528880.0,183900.0,-0.143037,51.539242,1,3,1,1,27/05/2005,6,10:45,2,E09000007,3,502,Single carriageway,30,None,-1,0,None within 50 metres,No physical crossing within 50 meters,Daylight: Street light present,Fine without high winds,Dry,None,None,1,Yes,E01000863,2005
3033,200501EO40443,525180.0,184750.0,-0.196057,51.547713,1,3,2,1,30/04/2005,7,13:40,2,E09000007,5,0,Single carriageway,30,None,-1,0,None within 50 metres,No physical crossing within 50 meters,Daylight: Street light present,Fine without high winds,Dry,None,None,1,Yes,E01000974,2005
3034,200501EO40444,530200.0,182000.0,-0.124716,51.521864,1,3,2,1,17/05/2005,3,11:10,2,E09000007,3,4200,One way street,30,None,-1,0,None within 50 metres,No physical crossing within 50 meters,Daylight: Street light present,Fine without high winds,Dry,None,None,1,Yes,E01000855,2005
3035,200501EO40445,530130.0,185440.0,-0.124454,51.552795,1,3,1,1,29/05/2005,1,03:05,3,E09000019,3,503,Single carriageway,30,Giveway or uncontrolled,6,0,None within 50 metres,No physical crossing within 50 meters,Darkness: Street lights present and lit,Fine without high winds,Dry,None,None,1,Yes,E01002787,2005
3036,200501EO40446,530310.0,183670.0,-0.122514,51.536847,1,3,2,2,10/05/2005,3,13:35,2,E09000007,3,5200,Single carriageway,30,Giveway or uncontrolled,4,154,None within 50 metres,Zebra crossing,Daylight: Street light present,Fine without high winds,Dry,None,None,1,Yes,E01000953,2005
3037,200501EO40447,528840.0,182200.0,-0.144235,51.523973,1,3,2,1,27/05/2005,6,13:15,1,E09000033,3,501,Single carriageway,30,Automatic traffic signal,3,4201,None within 50 metres,Pedestrian phase at traffic signal junction,Daylight: Street light present,Fine without high winds,Dry,None,None,1,Yes,E01000946,2005
3038,200501EO40448,532140.0,184130.0,-0.095971,51.540556,1,3,2,2,02/05/2005,2,23:36,3,E09000019,3,104,Dual carriageway,30,Automatic traffic signal,3,1200,None within 50 metres,Pedestrian phase at traffic signal junction,Darkness: Street lights present and lit,Fine without high winds,Dry,None,None,1,Yes,E01002793,2005
3039,200501EO40449,530370.0,181790.0,-0.122344,51.519938,1,3,2,1,20/05/2005,6,08:20,2,E09000007,3,4200,Single carriageway,30,Automatic traffic signal,5,0,None within 50 metres,No physical crossing within 50 meters,Daylight: Street light present,Raining without high winds,Wet/Damp,None,None,1,Yes,E01000855,2005
3040,200501EO40450,528900.0,183860.0,-0.142763,51.538878,1,3,2,1,17/05/2005,3,13:53,2,E09000007,3,400,One way street,30,Automatic traffic signal,3,4201,None within 50 metres,Pedestrian phase at traffic signal junction,Daylight: Street light present,Fine without high winds,Dry,None,None,1,Yes,E01000863,2005
3041,200501EO40451,528910.0,185650.0,-0.141964,51.554962,1,3,2,1,06/06/2005,2,12:46,2,E09000007,6,0,Single carriageway,30,Giveway or uncontrolled,6,0,None within 50 metres,No physical crossing within 50 meters,Daylight: Street light present,Fine without high winds,Dry,None,None,1,Yes,E01000928,2005
3042,200501EO40452,529340.0,186680.0,-0.135386,51.56412,1,3,1,1,27/05/2005,6,13:20,3,E09000019,3,400,Single carriageway,30,Giveway or uncontrolled,6,0,None within 50 metres,No physical crossing within 50 meters,Daylight: Street light present,Fine without high winds,Dry,None,None,1,No,E01002770,2005
3043,200501EO40453,531700.0,184640.0,-0.102121,51.545241,1,3,1,1,25/04/2005,2,22:30,3,E09000019,3,1200,Dual carriageway,30,Giveway or uncontrolled,3,1,None within 50 metres,No physical crossing within 50 meters,Darkness: Street lights present and lit,Fine without high winds,Dry,None,None,1,Yes,E01002791,2005
3044,200501EO40454,529490.0,181900.0,-0.134981,51.521129,1,3,1,1,07/05/2005,7,16:35,2,E09000007,3,400,Single carriageway,30,None,-1,0,None within 50 metres,No physical crossing within 50 meters,Daylight: Street light present,Fine without high winds,Dry,None,None,1,Yes,E01000851,2005
3045,200501EO40455,530660.0,186400.0,-0.116457,51.5613,1,3,1,1,06/05/2005,6,14:20,3,E09000019,3,103,Single carriageway,30,Automatic traffic signal,6,0,None within 50 metres,Pedestrian phase at traffic signal junction,Daylight: Street light present,Fine without high winds,Dry,None,None,1,Yes,E01002731,2005
3046,200501EO40456,531440.0,186790.0,-0.105065,51.564623,1,3,1,1,10/05/2005,3,17:03,3,E09000019,3,503,Single carriageway,30,Automatic traffic signal,3,1201,None within 50 metres,No physical crossing within 50 meters,Daylight: Street light present,Fine without high winds,Dry,None,None,1,Yes,E01002734,2005
3047,200501EO40457,529560.0,181980.0,-0.133943,51.521831,1,2,1,1,27/05/2005,6,21:38,2,E09000007,5,0,Single carriageway,30,None,-1,0,None within 50 metres,No physical crossing within 50 meters,Darkness: Street lights present but unlit,Fine without high winds,Dry,None,None,1,Yes,E01000854,2005
3048,200501EO40459,530570.0,181780.0,-0.119467,51.519802,1,3,2,1,19/05/2005,5,12:10,2,E09000007,3,401,Single carriageway,30,Giveway or uncontrolled,6,0,None within 50 metres,No physical crossing within 50 meters,Daylight: Street light present,Fine without high winds,Dry,None,None,1,Yes,E01000914,2005
3049,200501EO40460,530570.0,183300.0,-0.118904,51.533462,1,3,2,1,02/06/2005,5,10:50,3,E09000019,3,5203,One way street,30,Giveway or uncontrolled,3,5203,None within 50 metres,No physical crossing within 50 meters,Daylight: Street light present,Fine without high winds,Dry,None,None,1,No,E01002711,2005
3050,200501EO40461,529560.0,182470.0,-0.133763,51.526235,1,3,1,1,31/05/2005,3,11:48,2,E09000007,3,501,Single carriageway,30,Automatic traffic signal,5,0,None within 50 metres,Pedestrian phase at traffic signal junction,Daylight: Street light present,Fine without high winds,Dry,None,None,1,Yes,E01000852,2005
3051,200501EO40463,529970.0,186490.0,-0.126372,51.562268,1,3,1,1,27/05/2005,6,08:36,3,E09000019,3,1,Single carriageway,30,None,-1,0,None within 50 metres,No physical crossing within 50 meters,Daylight: Street light present,Fine without high winds,Dry,None,None,1,Yes,E01002774,2005
3052,200501EO40464,525900.0,184350.0,-0.185822,51.543958,1,3,2,1,01/06/2005,4,18:10,2,E09000007,6,0,One way street,30,None,-1,0,None within 50 metres,No physical crossing within 50 meters,Daylight: Street light present,Fine without high winds,Dry,None,None,1,Yes,E01000966,2005
3053,200501EO40465,529870.0,182430.0,-0.129311,51.525804,1,2,1,1,31/05/2005,3,16:01,2,E09000007,3,4200,Single carriageway,30,Giveway or uncontrolled,6,0,None within 50 metres,Zebra crossing,Daylight: Street light present,Fine without high winds,Dry,None,None,1,Yes,E01000852,2005
3054,200501EO40466,529930.0,186520.0,-0.126938,51.562547,1,3,2,1,08/05/2005,1,15:38,3,E09000019,3,1,Single carriageway,30,Giveway or uncontrolled,6,0,None within 50 metres,non-junction pedestrian crossing,Daylight: Street light present,Fine without high winds,Dry,None,None,1,Yes,E01002774,2005
3055,200501EO40467,529700.0,186680.0,-0.130195,51.564037,1,3,2,1,18/05/2005,4,15:08,3,E09000019,3,1,Single carriageway,30,Giveway or uncontrolled,5,0,None within 50 metres,No physical crossing within 50 meters,Daylight: Street light present,Fine without high winds,Dry,None,None,1,Yes,E01002774,2005
3056,200501EO40468,531080.0,185100.0,-0.110886,51.54952,1,3,2,1,11/05/2005,4,09:11,3,E09000019,5,0,Single carriageway,30,Giveway or uncontrolled,4,515,None within 50 metres,No physical crossing within 50 meters,Daylight: Street light present,Fine without high winds,Dry,None,None,1,Yes,E01002761,2005
3057,200501EO40469,530940.0,185960.0,-0.112584,51.557281,1,3,2,1,09/05/2005,2,17:35,3,E09000019,3,103,Single carriageway,30,Giveway or uncontrolled,6,0,None within 50 metres,No physical crossing within 50 meters,Daylight: Street light present,Fine without high winds,Dry,None,None,1,Yes,E01002751,2005
3058,200501EO40470,530590.0,185850.0,-0.11767,51.556373,1,3,2,1,01/06/2005,4,13:15,3,E09000019,3,1,Dual carriageway,30,None,-1,0,None within 50 metres,Pedestrian phase at traffic signal junction,Daylight: Street light present,Raining without high winds,Wet/Damp,None,None,1,Yes,E01002763,2005
3059,200501EO40471,530550.0,185770.0,-0.118277,51.555663,1,3,1,1,04/05/2005,4,15:55,3,E09000019,3,503,Single carriageway,30,Automatic traffic signal,3,5203,None within 50 metres,Pedestrian phase at traffic signal junction,Daylight: Street light present,Fine without high winds,Dry,None,None,1,Yes,E01002763,2005
3060,200501EO40472,531930.0,185480.0,-0.098491,51.552737,1,3,1,1,11/05/2005,4,16:22,3,E09000019,3,1201,Single carriageway,30,None,-1,0,None within 50 metres,No physical crossing within 50 meters,Daylight: Street light present,Fine without high winds,Dry,None,None,1,Yes,E01002738,2005
3061,200501EO40473,529640.0,187190.0,-0.130872,51.568634,1,3,1,1,16/05/2005,2,16:10,3,E09000019,5,0,Single carriageway,30,Giveway or uncontrolled,6,0,None within 50 metres,Zebra crossing,Daylight: Street light present,Raining without high winds,Wet/Damp,None,None,1,Yes,E01002759,2005
3062,200501EO40474,531420.0,186750.0,-0.105369,51.564269,1,3,1,1,17/05/2005,3,16:00,3,E09000019,3,503,Dual carriageway,30,Automatic traffic signal,3,503,None within 50 metres,Pedestrian phase at traffic signal junction,Daylight: Street light present,Fine without high winds,Dry,None,None,1,Yes,E01002734,2005
3063,200501EO40475,532770.0,185240.0,-0.086473,51.550383,1,2,2,1,04/06/2005,7,16:50,3,E09000019,3,105,Single carriageway,30,Giveway or uncontrolled,6,0,None within 50 metres,Zebra crossing,Daylight: Street light present,Fine without high winds,Dry,None,None,1,Yes,E01002779,2005
3064,200501EO40476,529920.0,182370.0,-0.128613,51.525254,1,2,2,3,18/05/2005,4,18:57,2,E09000007,3,4200,Single carriageway,30,None,-1,0,None within 50 metres,No physical crossing within 50 meters,Daylight: Street light present,Fine without high winds,Dry,None,None,1,Yes,E01000852,2005
3065,200501EO40477,530090.0,182790.0,-0.126009,51.528989,1,2,1,1,10/06/2005,6,01:16,2,E09000007,3,501,Dual carriageway,30,Automatic traffic signal,4,504,None within 50 metres,Pedestrian phase at traffic signal junction,Darkness: Street lights present and lit,Fine without high winds,Dry,None,None,1,Yes,E01000942,2005
3066,200501EO40478,530830.0,182240.0,-0.115551,51.523876,1,3,1,1,24/01/2005,2,09:55,2,E09000007,3,5200,Single carriageway,30,None,-1,0,None within 50 metres,No physical crossing within 50 meters,Daylight: Street light present,Fine without high winds,Dry,None,None,1,Yes,E01000920,2005
3067,200501EO40479,530490.0,187540.0,-0.118485,51.571584,1,3,1,1,09/03/2005,4,15:52,3,E09000019,3,1201,Single carriageway,30,Giveway or uncontrolled,6,0,None within 50 metres,No physical crossing within 50 meters,Daylight: Street light present,Fine without high winds,Wet/Damp,None,None,1,Yes,E01002811,2005
3068,200501EO40480,532460.0,184410.0,-0.091254,51.542997,1,3,2,1,23/03/2005,4,23:59,3,E09000019,3,104,Single carriageway,30,Giveway or uncontrolled,6,0,None within 50 metres,Zebra crossing,Darkness: Street lights present and lit,Fine without high winds,Dry,None,None,1,Yes,E01002720,2005
3069,200501EO40481,526020.0,186260.0,-0.183409,51.561096,1,3,2,1,09/06/2005,5,07:41,2,E09000007,5,0,Single carriageway,30,Giveway or uncontrolled,6,0,None within 50 metres,No physical crossing within 50 meters,Daylight: Street light present,Fine without high winds,Dry,None,None,1,Yes,E01000885,2005
3070,200501EO40482,530210.0,182890.0,-0.124243,51.52986,1,3,2,1,30/05/2005,2,06:30,2,E09000007,3,501,Single carriageway,30,Automatic traffic signal,3,5202,None within 50 metres,No physical crossing within 50 meters,Daylight: Street light present,Fine without high winds,Dry,None,None,1,No,E01000956,2005
3071,200501EO40483,528980.0,183720.0,-0.141661,51.537601,1,3,1,1,09/05/2005,2,18:09,2,E09000007,3,502,One way street,30,None,-1,0,None within 50 metres,No physical crossing within 50 meters,Daylight: Street light present,Fine without high winds,Dry,None,None,1,No,E01000863,2005
3072,200501EO40487,530710.0,183670.0,-0.11675,51.536754,1,3,2,1,13/06/2005,2,16:45,3,E09000019,3,5203,Single carriageway,30,Automatic traffic signal,4,154,None within 50 metres,Pedestrian phase at traffic signal junction,Daylight: Street light present,Fine without high winds,Dry,None,None,1,No,E01002710,2005
3073,200501EO40488,530930.0,185680.0,-0.112832,51.554767,1,3,2,1,28/05/2005,7,19:00,3,E09000019,6,0,Single carriageway,30,None,-1,0,None within 50 metres,Zebra crossing,Daylight: Street light present,Fine without high winds,Dry,None,None,1,No,E01002746,2005
3074,200501EO40489,529100.0,184010.0,-0.139826,51.54018,1,3,1,1,08/06/2005,4,11:40,2,E09000007,3,400,Single carriageway,30,Giveway or uncontrolled,3,503,None within 50 metres,No physical crossing within 50 meters,Daylight: Street light present,Fine without high winds,Dry,None,None,1,Yes,E01000856,2005
3075,200501EO40491,530350.0,186860.0,-0.120756,51.565505,1,3,2,1,24/05/2005,3,12:30,3,E09000019,3,103,Single carriageway,30,None,-1,0,None within 50 metres,No physical crossing within 50 meters,Daylight: Street light present,Fine without high winds,Dry,None,None,1,Yes,E01002807,2005
3076,200501EO40492,529330.0,184400.0,-0.136368,51.543632,1,3,2,1,05/06/2005,1,22:10,2,E09000007,3,503,Single carriageway,30,Giveway or uncontrolled,6,0,None within 50 metres,non-junction pedestrian crossing,Darkness: Street lights present and lit,Fine without high winds,Dry,None,None,1,No,E01000867,2005
3077,200501EO40494,528630.0,183660.0,-0.146727,51.537142,1,3,1,1,01/06/2005,4,23:20,2,E09000007,5,0,Single carriageway,30,Giveway or uncontrolled,5,0,None within 50 metres,Central refuge,Darkness: Street lights present and lit,Fine without high winds,Wet/Damp,None,None,1,Yes,E01000862,2005
3078,200501EO40495,531800.0,184470.0,-0.100743,51.54369,1,3,1,1,25/05/2005,4,12:51,3,E09000019,3,1200,Single carriageway,30,Automatic traffic signal,5,0,None within 50 metres,Pedestrian phase at traffic signal junction,Daylight: Street light present,Fine without high winds,Dry,None,None,1,Yes,E01002791,2005
3079,200501EO40496,531350.0,186690.0,-0.1064,51.563746,1,3,2,1,03/06/2005,6,15:15,3,E09000019,3,503,Single carriageway,30,None,-1,0,None within 50 metres,No physical crossing within 50 meters,Daylight: Street light present,Fine without high winds,Dry,None,None,1,Yes,E01002734,2005
3080,200501EO40497,531950.0,185680.0,-0.098128,51.554529,1,3,1,1,06/06/2005,2,20:35,3,E09000019,3,1201,Single carriageway,30,None,-1,0,None within 50 metres,No physical crossing within 50 meters,Darkness: Street lights present and lit,Fine without high winds,Dry,None,None,1,No,E01002752,2005
3081,200501EO40498,530520.0,181490.0,-0.120295,51.517207,1,3,1,1,08/06/2005,4,18:55,2,E09000007,3,4200,Single carriageway,30,None,-1,0,None within 50 metres,No physical crossing within 50 meters,Daylight: Street light present,Fine without high winds,Dry,None,None,1,Yes,E01000918,2005
3082,200501EO40499,529140.0,185860.0,-0.138571,51.556797,1,3,2,1,09/06/2005,5,09:42,3,E09000019,3,400,Single carriageway,30,Automatic traffic signal,5,0,None within 50 metres,No physical crossing within 50 meters,Daylight: Street light present,Fine without high winds,Dry,None,None,1,Yes,E01000921,2005
3083,200501EO40500,531750.0,185130.0,-0.101217,51.549633,1,3,2,1,22/04/2005,6,09:23,3,E09000019,6,0,Single carriageway,30,None,-1,0,None within 50 metres,No physical crossing within 50 meters,Daylight: Street light present,Fine without high winds,Dry,None,None,1,Yes,E01002740,2005
3084,200501EO40501,531550.0,181660.0,-0.105395,51.518496,1,3,2,1,03/06/2005,6,12:45,2,E09000007,3,201,Single carriageway,30,Automatic traffic signal,4,500,None within 50 metres,Pedestrian phase at traffic signal junction,Daylight: Street light present,Fine without high winds,Dry,None,None,1,No,E01000916,2005
3085,200501EO40502,529150.0,183200.0,-0.139402,51.532889,1,3,1,1,28/05/2005,7,21:10,2,E09000007,3,400,One way street,30,None,-1,0,None within 50 metres,Zebra crossing,Darkness: Street lights present and lit,Fine without high winds,Dry,None,None,1,Yes,E01000947,2005
3086,200501EO40503,528940.0,184190.0,-0.142066,51.541834,1,3,2,1,06/06/2005,2,18:35,2,E09000007,3,400,Single carriageway,30,Giveway or uncontrolled,6,0,None within 50 metres,No physical crossing within 50 meters,Daylight: Street light present,Fine without high winds,Dry,None,None,1,Yes,E01000856,2005
3087,200501EO40504,529370.0,184210.0,-0.135861,51.541916,1,2,2,1,09/06/2005,5,11:14,2,E09000007,3,5202,Single carriageway,30,Automatic traffic signal,5,0,None within 50 metres,Pedestrian phase at traffic signal junction,Daylight: Street light present,Fine without high winds,Dry,None,None,1,Yes,E01000867,2005
3088,200501EO40505,531660.0,184140.0,-0.102884,51.540757,1,3,2,1,02/06/2005,5,17:30,3,E09000019,3,1,Single carriageway,30,Giveway or uncontrolled,5,0,None within 50 metres,Zebra crossing,Daylight: Street light present,Fine without high winds,Dry,None,None,1,Yes,E01002792,2005
3089,200501EO40506,530460.0,185980.0,-0.119496,51.557571,1,3,2,1,29/05/2005,1,12:00,3,E09000019,3,1,Single carriageway,30,Automatic traffic signal,3,503,None within 50 metres,Pedestrian phase at traffic signal junction,Daylight: Street light present,Fine without high winds,Dry,None,None,1,Yes,E01002763,2005
3090,200501EO40507,529190.0,185790.0,-0.137876,51.556156,1,3,1,1,06/06/2005,2,21:55,3,E09000019,3,5200,Single carriageway,30,None,-1,0,None within 50 metres,No physical crossing within 50 meters,Darkness: Street lights present and lit,Fine without high winds,Dry,None,None,1,Yes,E01000921,2005
3091,200501EO40508,531470.0,183130.0,-0.105999,51.531725,1,3,2,1,29/05/2005,1,19:42,3,E09000019,3,501,Single carriageway,30,Automatic traffic signal,3,1,None within 50 metres,Pedestrian phase at traffic signal junction,Daylight: Street light present,Fine without high winds,Dry,None,None,1,No,E01002707,2005
3092,200501EO40509,533320.0,185150.0,-0.078579,51.549444,1,3,1,1,02/05/2005,2,08:03,3,E09000019,5,0,Single carriageway,30,Giveway or uncontrolled,5,0,None within 50 metres,Zebra crossing,Daylight: Street light present,Fine without high winds,Wet/Damp,None,None,1,Yes,E01002778,2005
3093,200501EO40510,531890.0,186380.0,-0.09873,51.560834,1,3,2,1,28/05/2005,7,06:40,3,E09000019,3,1201,Single carriageway,30,Giveway or uncontrolled,5,0,None within 50 metres,No physical crossing within 50 meters,Daylight: Street light present,Fine without high winds,Dry,None,None,1,No,E01002747,2005
3094,200501EO40511,530570.0,182190.0,-0.119315,51.523486,1,3,2,1,01/06/2005,4,09:05,2,E09000007,4,502,Single carriageway,30,Giveway or uncontrolled,5,0,None within 50 metres,Zebra crossing,Daylight: Street light present,Fine without high winds,Dry,None,None,1,Yes,E01000915,2005
3095,200501EO40513,531320.0,181870.0,-0.10863,51.520437,1,3,1,1,09/06/2005,5,14:21,2,E09000007,4,521,Single carriageway,30,Giveway or uncontrolled,6,0,None within 50 metres,No physical crossing within 50 meters,Daylight: Street light present,Fine without high winds,Dry,None,None,1,Yes,E01000916,2005
3096,200501EO40514,529010.0,184160.0,-0.141068,51.541549,1,3,2,1,30/05/2005,2,10:10,2,E09000007,3,400,One way street,30,Giveway or uncontrolled,6,0,None within 50 metres,No physical crossing within 50 meters,Daylight: Street light present,Fine without high winds,Dry,None,None,1,Yes,E01000856,2005
3097,200501EO40515,529170.0,183080.0,-0.139158,51.531806,1,3,2,1,10/05/2005,3,12:45,2,E09000007,3,400,Single carriageway,30,Automatic traffic signal,5,0,None within 50 metres,Pedestrian phase at traffic signal junction,Daylight: Street light present,Fine without high winds,Dry,None,None,1,Yes,E01000950,2005
3098,200501EO40516,529530.0,182520.0,-0.134177,51.526691,1,2,2,1,04/05/2005,4,10:10,2,E09000007,5,0,Single carriageway,30,None,-1,0,None within 50 metres,No physical crossing within 50 meters,Daylight: Street light present,Fine without high winds,Wet/Damp,None,None,1,Yes,E01000945,2005
3099,200501EO40517,528980.0,183950.0,-0.141577,51.539668,1,3,3,2,08/06/2005,4,08:08,2,E09000007,3,503,Single carriageway,30,Giveway or uncontrolled,3,503,None within 50 metres,No physical crossing within 50 meters,Daylight: Street light present,Fine without high winds,Dry,None,None,1,Yes,E01000861,2005
3100,200501EO40518,530590.0,184780.0,-0.118067,51.546757,1,3,2,1,04/05/2005,4,15:37,3,E09000019,3,5203,Single carriageway,30,Automatic traffic signal,5,0,None within 50 metres,Pedestrian phase at traffic signal junction,Daylight: Street light present,Fine without high winds,Dry,None,None,1,Yes,E01002713,2005
3101,200501EO40519,529710.0,182550.0,-0.131572,51.52692,1,3,2,1,14/06/2005,3,11:55,2,E09000007,3,501,Single carriageway,30,None,-1,0,None within 50 metres,No physical crossing within 50 meters,Daylight: Street light present,Fine without high winds,Dry,None,None,1,No,E01000852,2005
3102,200501EO40521,529090.0,184040.0,-0.139959,51.540452,1,3,2,1,06/06/2005,2,14:50,2,E09000007,3,503,Single carriageway,30,Giveway or uncontrolled,3,400,None within 50 metres,No physical crossing within 50 meters,Daylight: Street light present,Fine without high winds,Dry,None,None,1,No,E01000856,2005
3103,200501EO40522,531370.0,183130.0,-0.10744,51.531748,1,3,2,2,19/06/2005,1,17:28,3,E09000019,3,501,Single carriageway,30,None,-1,0,None within 50 metres,No physical crossing within 50 meters,Daylight: Street light present,Fine without high winds,Dry,None,None,1,No,E01002727,2005
3104,200501EO40523,530010.0,181520.0,-0.12763,51.517594,1,3,2,1,14/06/2005,3,06:15,2,E09000007,3,400,Single carriageway,30,Automatic traffic signal,5,0,None within 50 metres,Pedestrian phase at traffic signal junction,Daylight: Street light present,Fine without high winds,Dry,None,None,1,No,E01000855,2005
3105,200501EO40524,531100.0,183100.0,-0.111342,51.531542,1,3,2,1,25/05/2005,4,18:55,3,E09000019,3,501,Single carriageway,30,Automatic traffic signal,5,0,None within 50 metres,Pedestrian phase at traffic signal junction,Daylight: Street light present,Fine without high winds,Dry,None,None,1,No,E01002728,2005
3106,200501EO40526,525810.0,186390.0,-0.18639,51.562312,1,3,2,1,02/06/2005,5,21:48,2,E09000007,5,0,Single carriageway,30,None,-1,0,None within 50 metres,No physical crossing within 50 meters,Darkness: Street lights present and lit,Fine without high winds,Dry,None,None,1,Yes,E01000885,2005
3107,200501EO40528,529380.0,186940.0,-0.134714,51.566447,1,3,1,1,19/05/2005,5,07:40,3,E09000019,3,1,Roundabout,30,Automatic traffic signal,3,1,None within 50 metres,Pedestrian phase at traffic signal junction,Daylight: Street light present,Fine without high winds,Dry,None,None,1,Yes,E01002770,2005
3108,200501EO40529,532820.0,185290.0,-0.085733,51.55082,1,3,1,1,28/05/2005,7,16:55,3,E09000019,3,105,Roundabout,30,Giveway or uncontrolled,3,105,None within 50 metres,Zebra crossing,Daylight: Street light present,Fine without high winds,Dry,None,None,1,Yes,E01002782,2005
3109,200501EO40530,530730.0,184780.0,-0.116049,51.546725,1,3,1,1,17/05/2005,3,17:00,3,E09000019,5,0,Single carriageway,30,None,-1,0,None within 50 metres,No physical crossing within 50 meters,Daylight: Street light present,Fine without high winds,Dry,None,None,1,Yes,E01002713,2005
3110,200501EO40531,529560.0,183490.0,-0.133388,51.535402,1,3,2,1,03/06/2005,6,17:40,2,E09000007,3,5202,Single carriageway,30,Automatic traffic signal,4,512,None within 50 metres,Pedestrian phase at traffic signal junction,Daylight: Street light present,Raining without high winds,Wet/Damp,None,None,1,Yes,E01000958,2005
3111,200501EO40532,530530.0,183010.0,-0.119588,51.530865,1,3,1,2,01/06/2005,4,13:25,2,E09000007,3,501,Single carriageway,30,Giveway or uncontrolled,3,501,None within 50 metres,non-junction pedestrian crossing,Daylight: Street light present,Raining without high winds,Wet/Damp,None,None,1,Yes,E01002728,2005
3112,200501EO40533,531380.0,183410.0,-0.107192,51.534262,1,3,1,1,23/04/2005,7,11:25,3,E09000019,4,515,Single carriageway,30,None,-1,0,None within 50 metres,Pedestrian phase at traffic signal junction,Daylight: Street light present,Raining without high winds,Wet/Damp,None,None,1,Yes,E01002696,2005
3113,200501EO40534,528790.0,184050.0,-0.144279,51.54061,1,3,2,1,07/06/2005,3,21:30,2,E09000007,3,502,One way street,30,Automatic traffic signal,5,0,None within 50 metres,Pedestrian phase at traffic signal junction,Darkness: Street lights present and lit,Fine without high winds,Dry,None,None,1,Yes,E01000863,2005
3114,200501EO40535,529430.0,181990.0,-0.135812,51.521951,1,3,2,1,02/06/2005,5,18:46,2,E09000007,3,400,One way street,30,Giveway or uncontrolled,3,400,None within 50 metres,No physical crossing within 50 meters,Daylight: Street light present,Fine without high winds,Dry,None,None,1,Yes,E01000854,2005
3115,200501EO40536,531440.0,183150.0,-0.106424,51.531912,1,3,1,1,01/06/2005,4,18:40,3,E09000019,3,1,Single carriageway,30,Automatic traffic signal,3,501,None within 50 metres,Pedestrian phase at traffic signal junction,Daylight: Street light present,Raining without high winds,Wet/Damp,None,None,1,Yes,E01002696,2005
3116,200501EO40537,525520.0,184600.0,-0.19121,51.546289,1,3,2,1,09/06/2005,5,14:30,2,E09000007,4,510,Single carriageway,30,Giveway or uncontrolled,5,0,None within 50 metres,non-junction pedestrian crossing,Daylight: Street light present,Fine without high winds,Dry,None,None,1,Yes,E01000973,2005
3117,200501EO40538,530080.0,185370.0,-0.1252,51.552177,1,3,2,3,15/03/2005,3,08:20,3,E09000019,3,503,Single carriageway,30,Giveway or uncontrolled,6,0,None within 50 metres,Zebra crossing,Daylight: Street light present,Fine without high winds,Dry,None,None,1,Yes,E01002783,2005
3118,200501EO40540,529360.0,183890.0,-0.136123,51.539042,1,3,2,1,07/06/2005,3,16:10,2,E09000007,3,5202,One way street,30,Giveway or uncontrolled,5,0,None within 50 metres,Zebra crossing,Daylight: Street light present,Fine without high winds,Dry,None,None,1,No,E01000958,2005
3119,200501EO40541,527860.0,184240.0,-0.157613,51.542529,1,3,1,1,21/06/2005,3,17:57,2,E09000007,6,0,Single carriageway,30,Giveway or uncontrolled,6,0,None within 50 metres,No physical crossing within 50 meters,Daylight: Street light present,Fine without high winds,Dry,None,None,1,Yes,E01000857,2005
3120,200501EO40542,532830.0,184800.0,-0.085774,51.546415,1,3,2,1,17/05/2005,3,08:05,3,E09000019,3,104,Single carriageway,30,Automatic traffic signal,6,0,None within 50 metres,Pedestrian phase at traffic signal junction,Daylight: Street light present,Fine without high winds,Dry,None,None,1,Yes,E01002716,2005
3121,200501EO40543,531600.0,183560.0,-0.103966,51.535559,1,3,2,1,21/05/2005,7,13:35,3,E09000019,3,1,Single carriageway,30,Automatic traffic signal,3,104,None within 50 metres,Pedestrian phase at traffic signal junction,Daylight: Street light present,Fine without high winds,Dry,None,None,1,Yes,E01002794,2005
3122,200501EO40544,532730.0,184810.0,-0.087212,51.546528,1,3,2,1,04/05/2005,4,01:15,3,E09000019,3,104,Single carriageway,30,Automatic traffic signal,3,104,None within 50 metres,Pedestrian phase at traffic signal junction,Darkness: Street lights present and lit,Fine without high winds,Dry,None,None,1,Yes,E01002716,2005
3123,200501EO40545,531190.0,183710.0,-0.109818,51.537003,1,3,2,1,18/05/2005,4,17:51,3,E09000019,6,0,Single carriageway,30,None,-1,0,None within 50 metres,No physical crossing within 50 meters,Daylight: Street light present,Fine without high winds,Dry,None,None,1,Yes,E01002696,2005
3124,200501EO40546,527360.0,183480.0,-0.165094,51.535812,1,3,3,1,13/05/2005,6,19:54,2,E09000007,4,525,Single carriageway,30,Giveway or uncontrolled,4,525,None within 50 metres,Zebra crossing,Daylight: Street light present,Fine without high winds,Dry,None,None,1,Yes,E01004647,2005
3125,200501EO40547,531330.0,184540.0,-0.107491,51.544429,1,3,2,1,23/05/2005,2,15:25,3,E09000019,4,515,Single carriageway,30,Giveway or uncontrolled,5,0,None within 50 metres,Zebra crossing,Daylight: Street light present,Fine without high winds,Dry,None,None,1,Yes,E01002698,2005
3126,200501EO40548,530290.0,182950.0,-0.123068,51.530381,1,3,2,1,27/06/2005,2,09:13,2,E09000007,3,501,Single carriageway,30,None,-1,0,None within 50 metres,Pedestrian phase at traffic signal junction,Daylight: Street light present,Fine without high winds,Dry,Roadworks,None,1,Yes,E01000953,2005
3127,200501EO40549,532580.0,183630.0,-0.089818,51.535959,1,3,2,1,18/05/2005,4,10:15,4,E09000012,3,1200,Single carriageway,30,Giveway or uncontrolled,5,0,None within 50 metres,Zebra crossing,Daylight: Street light present,Fine without high winds,Dry,None,None,1,Yes,E01002798,2005
3128,200501EO40550,530410.0,181640.0,-0.121824,51.518581,1,3,2,1,08/05/2005,1,16:56,2,E09000007,3,401,One way street,30,Giveway or uncontrolled,6,0,None within 50 metres,No physical crossing within 50 meters,Daylight: Street light present,Fine without high winds,Dry,None,None,1,Yes,E01000914,2005
3129,200501EO40551,530190.0,185490.0,-0.12357,51.55323,1,3,2,1,23/05/2005,2,15:30,3,E09000019,3,5203,One way street,30,Automatic traffic signal,3,503,None within 50 metres,Pedestrian phase at traffic signal junction,Daylight: Street light present,Fine without high winds,Dry,None,None,1,Yes,E01002764,2005
3130,200501EO40553,528210.0,186450.0,-0.151763,51.562311,1,3,1,1,21/06/2005,3,21:15,2,E09000007,5,0,Single carriageway,30,None,-1,0,None within 50 metres,No physical crossing within 50 meters,Darkness: Street lights present and lit,Fine without high winds,Dry,None,None,1,No,E01000909,2005
3131,200501EO40554,531890.0,182550.0,-0.100165,51.526415,1,3,2,1,29/05/2005,1,00:30,3,E09000019,3,1,Single carriageway,30,Automatic traffic signal,4,502,None within 50 metres,Pedestrian phase at traffic signal junction,Darkness: Street lights present and lit,Fine without high winds,Dry,None,None,1,Yes,E01002703,2005
3132,200501EO40555,530790.0,182880.0,-0.11589,51.529636,1,3,1,1,16/06/2005,5,17:03,3,E09000019,3,501,Single carriageway,30,Giveway or uncontrolled,3,501,None within 50 metres,No physical crossing within 50 meters,Daylight: Street light present,Fine without high winds,Dry,None,None,1,No,E01002728,2005
3133,200501EO40556,529000.0,185230.0,-0.14082,51.551167,1,3,1,1,15/06/2005,4,16:00,2,E09000007,3,400,Single carriageway,30,Giveway or uncontrolled,6,0,None within 50 metres,No physical crossing within 50 meters,Daylight: Street light present,Fine without high winds,Dry,None,None,1,Yes,E01000921,2005
3134,200501EO40557,531420.0,182060.0,-0.107119,51.522121,1,3,3,1,18/05/2005,4,16:45,3,E09000019,3,5201,Single carriageway,30,Automatic traffic signal,3,201,None within 50 metres,Pedestrian phase at traffic signal junction,Daylight: Street light present,Fine without high winds,Dry,None,None,1,No,E01002724,2005
3135,200501EO40558,528630.0,184200.0,-0.14653,51.541995,1,3,3,1,19/05/2005,5,08:20,2,E09000007,3,502,Single carriageway,30,Giveway or uncontrolled,3,502,None within 50 metres,Zebra crossing,Daylight: Street light present,Fine without high winds,Dry,None,None,1,Yes,E01000858,2005
3136,200501EO40559,529050.0,183600.0,-0.140697,51.536507,1,2,2,1,22/06/2005,4,15:55,2,E09000007,3,502,One way street,30,None,-1,0,None within 50 metres,No physical crossing within 50 meters,Daylight: Street light present,Fine without high winds,Dry,None,None,1,No,E01000947,2005
3137,200501EO40560,530760.0,182330.0,-0.116526,51.524701,1,3,1,1,31/05/2005,3,17:45,2,E09000007,3,5200,Single carriageway,30,Giveway or uncontrolled,6,0,None within 50 metres,No physical crossing within 50 meters,Daylight: Street light present,Fine without high winds,Dry,Ol or diesel,None,1,Yes,E01000936,2005
3138,200501EO40561,530510.0,181510.0,-0.120431,51.517389,1,3,1,1,21/06/2005,3,08:44,2,E09000007,3,4200,Single carriageway,30,Automatic traffic signal,3,40,None within 50 metres,Pedestrian phase at traffic signal junction,Daylight: Street light present,Fine without high winds,Dry,None,None,1,Yes,E01000918,2005
3139,200501EO40563,528800.0,182850.0,-0.144573,51.529824,1,3,2,2,20/05/2005,6,15:40,2,E09000007,3,4201,Single carriageway,30,Giveway or uncontrolled,6,0,None within 50 metres,Zebra crossing,Daylight: Street light present,Fine without high winds,Dry,None,None,1,Yes,E01000946,2005
3140,200501EO40564,532580.0,183630.0,-0.089818,51.535959,1,3,2,1,21/05/2005,7,11:15,4,E09000012,3,1200,Single carriageway,30,Giveway or uncontrolled,5,0,None within 50 metres,No physical crossing within 50 meters,Daylight: Street light present,Raining without high winds,Wet/Damp,None,None,1,Yes,E01002798,2005
3141,200501EO40565,530090.0,186010.0,-0.124819,51.557926,1,3,3,1,25/06/2005,7,16:15,3,E09000019,5,0,Single carriageway,30,None,-1,0,None within 50 metres,Zebra crossing,Daylight: Street light present,Fine without high winds,Dry,None,None,1,No,E01002786,2005
3142,200501EO40566,529140.0,183080.0,-0.13959,51.531813,1,3,2,1,21/06/2005,3,18:00,2,E09000007,3,400,Single carriageway,30,Giveway or uncontrolled,5,0,None within 50 metres,Pedestrian phase at traffic signal junction,Daylight: Street light present,Fine without high winds,Dry,None,None,1,No,E01000947,2005
3143,200501EO40568,530920.0,186000.0,-0.112857,51.557645,1,3,2,1,01/06/2005,4,20:48,3,E09000019,3,103,Single carriageway,30,Automatic traffic signal,3,503,None within 50 metres,Pedestrian phase at traffic signal junction,Darkness: Street lights present and lit,Fine without high winds,Dry,None,None,1,Yes,E01002730,2005
3144,200501EO40569,532780.0,184780.0,-0.086502,51.546247,1,3,2,1,20/06/2005,2,07:25,3,E09000019,6,0,Single carriageway,30,Giveway or uncontrolled,3,104,None within 50 metres,Pedestrian phase at traffic signal junction,Daylight: Street light present,Fine without high winds,Dry,None,None,1,Yes,E01002716,2005
3145,200501EO40570,528790.0,184690.0,-0.144045,51.546362,1,3,2,1,24/06/2005,6,07:00,2,E09000007,5,0,Single carriageway,30,None,-1,0,None within 50 metres,No physical crossing within 50 meters,Daylight: Street light present,Fine without high winds,Dry,None,None,1,Yes,E01000927,2005
3146,200501EO40571,528930.0,183620.0,-0.142418,51.536714,1,3,2,1,28/05/2005,7,02:00,2,E09000007,3,503,Single carriageway,30,Giveway or uncontrolled,6,0,None within 50 metres,No physical crossing within 50 meters,Darkness: Street lights present and lit,Fine without high winds,Dry,None,None,1,Yes,E01000948,2005
3147,200501EO40572,529410.0,183450.0,-0.135564,51.535077,1,3,1,1,24/06/2005,6,22:00,2,E09000007,4,512,Single carriageway,30,Automatic traffic signal,3,400,None within 50 metres,Pedestrian phase at traffic signal junction,Darkness: Street lights present and lit,Fine without high winds,Wet/Damp,None,None,1,Yes,E01000947,2005
3148,200501EO40573,529180.0,182550.0,-0.139208,51.527041,1,2,2,1,24/06/2005,6,21:00,2,E09000007,6,0,Single carriageway,30,None,-1,0,None within 50 metres,No physical crossing within 50 meters,Darkness: Street lights present and lit,Raining without high winds,Wet/Damp,None,None,1,Yes,E01000946,2005
3149,200501EO40574,529510.0,184610.0,-0.133696,51.545478,1,3,2,1,15/06/2005,4,09:15,2,E09000007,3,503,Single carriageway,30,Giveway or uncontrolled,6,0,None within 50 metres,No physical crossing within 50 meters,Daylight: Street light present,Raining without high winds,Wet/Damp,None,None,1,Yes,E01000865,2005
3150,200501EO40576,529060.0,182650.0,-0.1409,51.527967,1,3,1,1,26/06/2005,1,19:40,2,E09000007,6,0,Single carriageway,30,Giveway or uncontrolled,6,0,None within 50 metres,No physical crossing within 50 meters,Daylight: Street light present,Fine without high winds,Dry,None,None,1,Yes,E01000951,2005
3151,200501EO40577,528250.0,183750.0,-0.15217,51.538037,1,2,1,1,26/06/2005,1,23:56,2,E09000007,5,0,Single carriageway,30,None,-1,0,None within 50 metres,No physical crossing within 50 meters,Darkness: Street lights present and lit,Fine without high winds,Dry,None,None,1,Yes,E01000860,2005
3152,200501EO40578,530410.0,182220.0,-0.121609,51.523793,1,3,2,1,16/06/2005,5,18:40,2,E09000007,4,504,Single carriageway,30,Giveway or uncontrolled,4,504,None within 50 metres,No physical crossing within 50 meters,Daylight: Street light present,Fine without high winds,Dry,None,None,1,No,E01000937,2005
3153,200501EO40579,530510.0,183010.0,-0.119876,51.530869,1,3,1,1,25/06/2005,7,22:40,2,E09000007,3,501,One way street,30,Automatic traffic signal,3,501,None within 50 metres,Pedestrian phase at traffic signal junction,Darkness: Street lights present and lit,Fine without high winds,Dry,None,None,1,Yes,E01000938,2005
3154,200501EO40581,531460.0,183230.0,-0.106106,51.532626,1,3,1,1,30/05/2005,2,23:10,3,E09000019,3,1,Single carriageway,30,Giveway or uncontrolled,5,0,None within 50 metres,Pedestrian phase at traffic signal junction,Darkness: Street lights present and lit,Fine without high winds,Dry,None,None,1,Yes,E01002696,2005
3155,200501EO40583,529310.0,186890.0,-0.135741,51.566014,1,3,2,1,10/06/2005,6,10:45,3,E09000019,4,519,Single carriageway,30,Giveway or uncontrolled,5,0,None within 50 metres,No physical crossing within 50 meters,Daylight: Street light present,Fine without high winds,Dry,None,None,1,Yes,E01002770,2005
3156,200501EO40584,532070.0,182910.0,-0.097437,51.529608,1,3,2,1,14/06/2005,3,16:40,3,E09000019,3,501,Single carriageway,30,Automatic traffic signal,5,0,None within 50 metres,Pedestrian phase at traffic signal junction,Daylight: Street light present,Fine without high winds,Dry,None,None,1,Yes,E01002702,2005
3157,200501EO40585,529000.0,185230.0,-0.14082,51.551167,1,3,2,1,21/06/2005,3,07:20,2,E09000007,3,400,Single carriageway,30,Giveway or uncontrolled,6,0,None within 50 metres,No physical crossing within 50 meters,Daylight: Street light present,Fine without high winds,Dry,None,None,1,No,E01000921,2005
3158,200501EO40586,529090.0,183710.0,-0.14008,51.537486,1,3,2,1,27/06/2005,2,15:20,2,E09000007,5,0,Single carriageway,30,Giveway or uncontrolled,5,0,None within 50 metres,No physical crossing within 50 meters,Daylight: Street light present,Fine without high winds,Dry,None,None,1,No,E01000861,2005
3159,200501EO40587,525690.0,183800.0,-0.189045,51.539062,1,3,2,1,20/06/2005,2,07:30,2,E09000007,4,509,Single carriageway,30,None,-1,0,None within 50 metres,No physical crossing within 50 meters,Daylight: Street light present,Fine without high winds,Dry,None,None,1,No,E01000929,2005
3160,200501EO40588,528390.0,187350.0,-0.14884,51.570358,1,3,1,1,14/06/2005,3,23:53,2,E09000007,6,0,Single carriageway,30,Giveway or uncontrolled,6,0,None within 50 metres,No physical crossing within 50 meters,Darkness: Street lights present and lit,Fine without high winds,Dry,None,None,1,Yes,E01000913,2005
3161,200501EO40589,528840.0,182190.0,-0.144238,51.523883,1,3,1,1,26/06/2005,1,02:33,1,E09000033,3,501,Single carriageway,30,Automatic traffic signal,3,4201,None within 50 metres,Pedestrian phase at traffic signal junction,Darkness: Street lighting unknown,Fine without high winds,Dry,None,None,1,Yes,E01004715,2005
3162,200501EO40590,530460.0,186010.0,-0.119485,51.557841,1,3,2,2,07/06/2005,3,17:48,3,E09000019,3,1,Dual carriageway,30,Automatic traffic signal,3,503,None within 50 metres,Pedestrian phase at traffic signal junction,Daylight: Street light present,Fine without high winds,Dry,None,None,1,Yes,E01002731,2005
3163,200501EO40591,525490.0,184470.0,-0.191689,51.545128,1,3,2,1,14/06/2005,3,08:10,2,E09000007,4,510,Single carriageway,30,Giveway or uncontrolled,6,0,None within 50 metres,No physical crossing within 50 meters,Daylight: Street light present,Fine without high winds,Dry,None,None,1,Yes,E01000968,2005
3164,200501EO40592,530580.0,184900.0,-0.118167,51.547838,1,3,2,1,11/06/2005,7,11:42,3,E09000019,3,5203,Single carriageway,30,Giveway or uncontrolled,5,0,None within 50 metres,Zebra crossing,Daylight: Street light present,Fine without high winds,Dry,None,None,1,Yes,E01002765,2005
3165,200501EO40593,526190.0,184900.0,-0.181445,51.548836,1,3,2,1,20/06/2005,2,10:30,2,E09000007,3,41,Single carriageway,30,Giveway or uncontrolled,6,0,None within 50 metres,No physical crossing within 50 meters,Daylight: Street light present,Fine without high winds,Dry,None,None,1,Yes,E01000972,2005
3166,200501EO40594,529700.0,185950.0,-0.130464,51.557477,1,3,2,1,22/06/2005,4,07:38,3,E09000019,5,0,Single carriageway,30,Giveway or uncontrolled,6,0,None within 50 metres,No physical crossing within 50 meters,Daylight: Street light present,Fine without high winds,Dry,None,None,1,Yes,E01002788,2005
3167,200501EO40595,530890.0,181940.0,-0.114798,51.521166,1,3,1,1,28/06/2005,3,19:50,2,E09000007,3,401,Single carriageway,30,Giveway or uncontrolled,6,0,None within 50 metres,No physical crossing within 50 meters,Daylight: Street light present,Fine without high winds,Dry,None,None,1,Yes,E01000920,2005
3168,200501EO40596,525210.0,185220.0,-0.195458,51.55193,1,3,2,1,07/06/2005,3,15:05,2,E09000007,5,0,Single carriageway,30,Giveway or uncontrolled,6,0,None within 50 metres,No physical crossing within 50 meters,Daylight: Street light present,Fine without high winds,Dry,None,None,1,Yes,E01000971,2005
3169,200501EO40597,524520.0,185290.0,-0.20538,51.552712,1,3,2,1,01/06/2005,4,18:28,2,E09000007,6,0,Single carriageway,30,Giveway or uncontrolled,6,0,None within 50 metres,No physical crossing within 50 meters,Daylight: Street light present,Raining without high winds,Wet/Damp,None,None,1,Yes,E01000872,2005
3170,200501EO40598,529370.0,182090.0,-0.136639,51.522864,1,3,1,1,08/06/2005,4,10:11,2,E09000007,3,400,One way street,30,Automatic traffic signal,5,0,None within 50 metres,Pedestrian phase at traffic signal junction,Daylight: Street light present,Fine without high winds,Dry,None,None,1,Yes,E01000854,2005
3171,200501EO40599,531130.0,185250.0,-0.110109,51.550856,1,3,2,1,06/06/2005,2,07:42,3,E09000019,3,1,Single carriageway,30,Giveway or uncontrolled,4,515,None within 50 metres,No physical crossing within 50 meters,Daylight: Street light present,Fine without high winds,Dry,None,None,1,Yes,E01002761,2005
3172,200501EO40600,529570.0,181770.0,-0.133876,51.519942,1,3,2,1,14/04/2005,5,12:50,2,E09000007,3,400,One way street,30,Automatic traffic signal,4,506,None within 50 metres,Pedestrian phase at traffic signal junction,Daylight: Street light present,Fine without high winds,Dry,None,None,1,Yes,E01000850,2005
3173,200501EO40602,526630.0,184100.0,-0.17539,51.541548,1,3,2,1,20/06/2005,2,11:15,2,E09000007,3,41,Dual carriageway,30,Automatic traffic signal,4,509,None within 50 metres,Pedestrian phase at traffic signal junction,Daylight: Street light present,Fine without high winds,Dry,None,None,1,Yes,E01000961,2005
3174,200501EO40603,525420.0,183620.0,-0.193,51.537504,1,3,2,1,22/06/2005,4,15:25,2,E09000007,3,5,Single carriageway,30,None,-1,0,None within 50 metres,Pedestrian phase at traffic signal junction,Daylight: Street light present,Fine without high winds,Dry,None,None,1,Yes,E01000548,2005
3175,200501EO40604,526240.0,186310.0,-0.180219,51.561497,1,2,1,1,28/06/2005,3,10:28,2,E09000007,5,0,Single carriageway,30,None,-1,0,None within 50 metres,No physical crossing within 50 meters,Daylight: Street light present,Fine without high winds,Dry,None,None,1,Yes,E01000899,2005
3176,200501EO40606,530570.0,181780.0,-0.119467,51.519802,1,2,2,1,30/06/2005,5,16:30,2,E09000007,3,401,Single carriageway,30,Giveway or uncontrolled,6,0,None within 50 metres,No physical crossing within 50 meters,Daylight: Street light present,Raining without high winds,Wet/Damp,None,None,1,Yes,E01000914,2005
3177,200501EO40608,528830.0,182200.0,-0.144379,51.523975,1,3,2,1,12/06/2005,1,10:40,1,E09000033,3,501,Single carriageway,30,Automatic traffic signal,3,4201,None within 50 metres,Pedestrian phase at traffic signal junction,Daylight: Street light present,Fine without high winds,Dry,None,None,1,Yes,E01000946,2005
3178,200501EO40609,530890.0,181920.0,-0.114806,51.520986,1,3,2,1,30/06/2005,5,07:37,2,E09000007,3,401,Single carriageway,30,Giveway or uncontrolled,6,0,None within 50 metres,No physical crossing within 50 meters,Daylight: Street light present,Raining without high winds,Wet/Damp,None,None,1,Yes,E01000914,2005
3179,200501EO40610,531560.0,182760.0,-0.104841,51.528379,1,3,1,1,24/05/2005,3,16:00,3,E09000019,4,501,Single carriageway,30,Giveway or uncontrolled,6,0,None within 50 metres,No physical crossing within 50 meters,Daylight: Street light present,Fine without high winds,Dry,None,None,1,Yes,E01002723,2005
3180,200501EO40611,529250.0,184290.0,-0.137561,51.542662,1,3,2,1,16/06/2005,5,17:15,2,E09000007,3,5202,Single carriageway,30,Automatic traffic signal,3,503,None within 50 metres,Pedestrian phase at traffic signal junction,Daylight: Street light present,Fine without high winds,Dry,None,None,1,No,E01000867,2005
3181,200501EO40612,531160.0,182380.0,-0.110745,51.525057,1,3,2,1,03/06/2005,6,10:35,3,E09000019,3,401,Single carriageway,30,Automatic traffic signal,3,201,None within 50 metres,Pedestrian phase at traffic signal junction,Daylight: Street light present,Fine without high winds,Dry,None,None,1,Yes,E01002726,2005
3182,200501EO40613,530450.0,183130.0,-0.120696,51.531962,1,3,2,1,12/06/2005,1,12:20,3,E09000019,3,5203,Single carriageway,30,Giveway or uncontrolled,3,5210,None within 50 metres,No physical crossing within 50 meters,Daylight: Street light present,Fine without high winds,Dry,None,None,1,No,E01002711,2005
3183,200501EO40614,532460.0,182770.0,-0.09187,51.528259,1,3,3,1,07/06/2005,3,18:40,3,E09000019,3,501,Single carriageway,30,Automatic traffic signal,4,144,None within 50 metres,Pedestrian phase at traffic signal junction,Daylight: Street light present,Fine without high winds,Dry,None,None,1,No,E01001779,2005
3184,200501EO40616,526680.0,184270.0,-0.174609,51.543065,1,3,2,1,22/06/2005,4,22:00,2,E09000007,3,41,Single carriageway,30,Giveway or uncontrolled,6,0,None within 50 metres,Pedestrian phase at traffic signal junction,Darkness: Street lights present and lit,Fine without high winds,Dry,None,None,1,Yes,E01000963,2005
3185,200501EO40617,531580.0,184770.0,-0.103802,51.546438,1,2,1,1,11/06/2005,7,16:28,3,E09000019,3,1,Single carriageway,30,None,-1,0,None within 50 metres,non-junction pedestrian crossing,Daylight: Street light present,Fine without high winds,Dry,None,None,1,Yes,E01002795,2005
3186,200501EO40618,532200.0,182310.0,-0.095789,51.524186,1,3,2,1,07/06/2005,3,08:45,3,E09000019,3,5201,Single carriageway,30,Automatic traffic signal,5,0,None within 50 metres,No physical crossing within 50 meters,Daylight: Street light present,Fine without high winds,Dry,None,None,1,Yes,E01002705,2005
3187,200501EO40619,532760.0,182390.0,-0.087691,51.524773,1,3,2,1,10/06/2005,6,10:50,3,E09000019,3,501,Single carriageway,30,None,-1,0,None within 50 metres,Zebra crossing,Daylight: Street light present,Fine without high winds,Dry,None,None,1,Yes,E01002704,2005
3188,200501EO40620,528530.0,183430.0,-0.148252,51.535098,1,2,2,1,29/06/2005,4,16:30,2,E09000007,6,0,Single carriageway,30,Giveway or uncontrolled,6,0,None within 50 metres,non-junction pedestrian crossing,Daylight: Street light present,Fine without high winds,Dry,None,None,1,Yes,E01000948,2005
3189,200501EO40621,530890.0,183070.0,-0.114379,51.531321,1,3,2,2,16/06/2005,5,07:05,3,E09000019,3,501,One way street,30,Automatic traffic signal,3,501,None within 50 metres,Pedestrian phase at traffic signal junction,Daylight: Street light present,Fine without high winds,Dry,None,None,1,Yes,E01002697,2005
3190,200501EO40623,530010.0,181420.0,-0.127667,51.516696,1,3,2,1,21/06/2005,3,14:05,2,E09000007,3,40,One way street,30,Giveway or uncontrolled,6,0,None within 50 metres,No physical crossing within 50 meters,Daylight: Street light present,Fine without high winds,Dry,None,None,1,Yes,E01000919,2005
3191,200501EO40624,531940.0,184810.0,-0.098598,51.546713,1,3,2,1,13/06/2005,2,16:45,3,E09000019,3,1199,Single carriageway,30,Automatic traffic signal,3,1201,None within 50 metres,Pedestrian phase at traffic signal junction,Daylight: Street light present,Fine without high winds,Dry,None,None,1,Yes,E01002719,2005
3192,200501EO40625,530100.0,184900.0,-0.125086,51.547949,1,3,1,1,20/06/2005,2,16:44,3,E09000019,6,0,Single carriageway,30,Giveway or uncontrolled,6,0,None within 50 metres,No physical crossing within 50 meters,Daylight: Street light present,Fine without high winds,Dry,None,None,1,Yes,E01002766,2005
3193,200501EO40626,531160.0,182370.0,-0.110749,51.524967,1,3,2,1,17/06/2005,6,08:03,3,E09000019,3,201,Single carriageway,30,Automatic traffic signal,3,401,None within 50 metres,Pedestrian phase at traffic signal junction,Daylight: Street light present,Fine without high winds,Dry,None,None,1,Yes,E01002726,2005
3194,200501EO40627,528850.0,185440.0,-0.142905,51.553088,1,3,2,1,29/06/2005,4,09:15,2,E09000007,4,518,Single carriageway,30,Giveway or uncontrolled,6,0,None within 50 metres,No physical crossing within 50 meters,Daylight: Street light present,Fine without high winds,Dry,None,None,1,Yes,E01000928,2005
3195,200501EO40628,530700.0,181560.0,-0.117676,51.517795,1,3,2,1,21/06/2005,3,12:00,2,E09000007,3,40,Single carriageway,30,Giveway or uncontrolled,6,0,None within 50 metres,No physical crossing within 50 meters,Daylight: Street light present,Fine without high winds,Dry,None,None,1,Yes,E01000914,2005
3196,200501EO40629,525170.0,185840.0,-0.195814,51.557511,1,3,2,1,02/07/2005,7,12:00,2,E09000007,3,41,Single carriageway,30,Automatic traffic signal,4,510,None within 50 metres,Pedestrian phase at traffic signal junction,Daylight: Street light present,Fine without high winds,Dry,None,None,1,No,E01000871,2005
3197,200501EO40630,529810.0,183350.0,-0.129837,51.534086,1,3,2,1,18/06/2005,7,14:25,2,E09000007,3,5202,Single carriageway,30,Giveway or uncontrolled,6,0,None within 50 metres,No physical crossing within 50 meters,Daylight: Street light present,Fine without high winds,Dry,None,None,1,Yes,E01000953,2005
3198,200501EO40632,530580.0,182140.0,-0.11919,51.523035,1,3,2,1,24/06/2005,6,09:10,2,E09000007,4,502,Single carriageway,30,Giveway or uncontrolled,5,0,None within 50 metres,Zebra crossing,Daylight: Street light present,Fine without high winds,Dry,None,None,1,Yes,E01000915,2005
3199,200501EO40633,531900.0,186260.0,-0.098631,51.559753,1,3,3,1,26/06/2005,1,02:26,3,E09000019,3,1201,Single carriageway,30,Giveway or uncontrolled,6,0,None within 50 metres,No physical crossing within 50 meters,Darkness: Street lights present and lit,Fine without high winds,Dry,None,None,1,Yes,E01002747,2005
3200,200501EO40634,528270.0,187370.0,-0.150563,51.570565,1,3,3,2,09/06/2005,5,15:15,2,E09000007,5,0,Single carriageway,30,None,-1,0,None within 50 metres,No physical crossing within 50 meters,Daylight: Street light present,Fine without high winds,Dry,None,None,1,Yes,E01000913,2005
3201,200501EO40635,530410.0,181640.0,-0.121824,51.518581,1,3,1,1,28/06/2005,3,08:39,2,E09000007,3,401,One way street,30,Giveway or uncontrolled,6,0,None within 50 metres,No physical crossing within 50 meters,Daylight: Street light present,Fine without high winds,Dry,None,None,1,Yes,E01000914,2005
3202,200501EO40636,531700.0,182920.0,-0.102764,51.529784,1,3,3,1,04/06/2005,7,11:39,3,E09000019,3,1,One way street,30,Giveway or uncontrolled,5,0,None within 50 metres,non-junction pedestrian crossing,Daylight: Street light present,Fine without high winds,Dry,None,None,1,Yes,E01002707,2005
3203,200501EO40637,525300.0,183780.0,-0.194673,51.538969,1,2,2,1,27/06/2005,2,08:11,2,E09000007,3,5,Single carriageway,30,Giveway or uncontrolled,6,0,None within 50 metres,No physical crossing within 50 meters,Daylight: Street light present,Fine without high winds,Dry,None,None,1,Yes,E01000548,2005
3204,200501EO40638,526750.0,184160.0,-0.173639,51.54206,1,3,1,1,25/06/2005,7,13:13,2,E09000007,3,41,Single carriageway,30,Automatic traffic signal,4,509,None within 50 metres,Pedestrian phase at traffic signal junction,Daylight: Street light present,Fine without high winds,Dry,None,None,1,Yes,E01000963,2005
3205,200501EO40639,530370.0,181610.0,-0.122411,51.51832,1,3,2,1,30/06/2005,5,12:45,2,E09000007,3,40,Single carriageway,30,Automatic traffic signal,3,401,None within 50 metres,Pedestrian phase at traffic signal junction,Daylight: Street light present,Fine without high winds,Dry,None,None,1,Yes,E01000918,2005
3206,200501EO40640,527960.0,184590.0,-0.156044,51.545652,1,3,2,1,09/06/2005,5,13:11,2,E09000007,3,502,Single carriageway,30,Automatic traffic signal,5,0,None within 50 metres,Pedestrian phase at traffic signal junction,Daylight: Street light present,Fine without high winds,Dry,None,None,1,Yes,E01000906,2005
3207,200501EO40641,530580.0,185360.0,-0.117996,51.551972,1,3,2,1,09/05/2005,2,13:12,3,E09000019,3,5203,Dual carriageway,30,Giveway or uncontrolled,6,0,None within 50 metres,No physical crossing within 50 meters,Daylight: Street light present,Fine without high winds,Dry,None,None,1,Yes,E01002762,2005
3208,200501EO40642,532340.0,182370.0,-0.093749,51.524692,1,3,1,1,07/07/2005,5,17:08,3,E09000019,3,5201,Single carriageway,30,None,-1,0,None within 50 metres,No physical crossing within 50 meters,Daylight: Street light present,Fine without high winds,Dry,None,None,1,Yes,E01002706,2005
3209,200501EO40643,526020.0,185110.0,-0.183821,51.550761,1,3,2,1,02/07/2005,7,00:35,2,E09000007,3,41,Single carriageway,30,Automatic traffic signal,5,0,None within 50 metres,Pedestrian phase at traffic signal junction,Darkness: Street lights present and lit,Fine without high winds,Dry,None,None,1,Yes,E01000972,2005
3210,200501EO40644,529220.0,186260.0,-0.137271,51.560373,1,3,2,1,07/06/2005,3,21:35,3,E09000019,3,400,Single carriageway,30,Giveway or uncontrolled,6,0,None within 50 metres,Zebra crossing,Darkness: Street lights present and lit,Fine without high winds,Dry,None,None,1,Yes,E01002768,2005
3211,200501EO40645,527130.0,185100.0,-0.167823,51.550423,1,3,2,1,14/06/2005,3,19:45,2,E09000007,5,0,Single carriageway,30,Giveway or uncontrolled,6,0,None within 50 metres,No physical crossing within 50 meters,Daylight: Street light present,Fine without high winds,Dry,None,None,1,Yes,E01000849,2005
3212,200501EO40646,529450.0,185580.0,-0.134205,51.554209,1,3,1,1,04/07/2005,2,17:45,3,E09000019,6,0,Single carriageway,30,None,-1,0,None within 50 metres,No physical crossing within 50 meters,Daylight: Street light present,Fine without high winds,Dry,None,None,1,Yes,E01002784,2005
3213,200501EO40647,526630.0,184100.0,-0.17539,51.541548,1,3,2,1,23/06/2005,5,01:15,2,E09000007,3,41,Single carriageway,30,Automatic traffic signal,4,509,None within 50 metres,Pedestrian phase at traffic signal junction,Darkness: Street lights present and lit,Fine without high winds,Dry,None,None,1,Yes,E01000961,2005
3214,200501EO40648,530540.0,183010.0,-0.119444,51.530862,1,3,2,1,08/06/2005,4,17:10,2,E09000007,3,501,Single carriageway,30,Giveway or uncontrolled,3,501,None within 50 metres,No physical crossing within 50 meters,Daylight: Street light present,Fine without high winds,Dry,None,None,1,Yes,E01002728,2005
3215,200501EO40649,531250.0,183130.0,-0.109169,51.531776,1,3,1,2,25/06/2005,7,13:01,3,E09000019,3,501,Single carriageway,30,Giveway or uncontrolled,5,0,None within 50 metres,Zebra crossing,Daylight: Street light present,Fine without high winds,Dry,None,None,1,Yes,E01002695,2005
3216,200501EO40650,529510.0,186990.0,-0.132821,51.566867,1,3,1,1,02/07/2005,7,20:00,3,E09000019,5,0,Single carriageway,30,None,-1,0,None within 50 metres,No physical crossing within 50 meters,Daylight: Street light present,Fine without high winds,Dry,None,None,1,Yes,E01002754,2005
3217,200501EO40651,529310.0,184380.0,-0.136664,51.543457,1,3,1,1,23/06/2005,5,08:22,2,E09000007,3,503,Single carriageway,30,Giveway or uncontrolled,6,0,None within 50 metres,No physical crossing within 50 meters,Daylight: Street light present,Fine without high winds,Dry,None,None,1,Yes,E01000867,2005
3218,200501EO40652,531040.0,183090.0,-0.11221,51.531466,1,3,2,1,25/06/2005,7,13:01,3,E09000019,3,501,Single carriageway,30,Giveway or uncontrolled,6,0,None within 50 metres,No physical crossing within 50 meters,Daylight: Street light present,Fine without high winds,Dry,None,None,1,Yes,E01002728,2005
3219,200501EO40653,529750.0,182590.0,-0.130981,51.52727,1,3,2,1,12/06/2005,1,21:35,2,E09000007,3,501,Dual carriageway,30,Automatic traffic signal,3,4200,None within 50 metres,Pedestrian phase at traffic signal junction,Darkness: Street lights present and lit,Fine without high winds,Dry,None,None,1,Yes,E01000945,2005
3220,200501EO40654,532530.0,182430.0,-0.09099,51.525187,1,3,2,1,28/06/2005,3,17:40,3,E09000019,3,5201,Single carriageway,30,Automatic traffic signal,4,144,None within 50 metres,Pedestrian phase at traffic signal junction,Daylight: Street light present,Raining without high winds,Wet/Damp,None,None,1,Yes,E01002706,2005
3221,200501EO40655,529220.0,182240.0,-0.138745,51.524246,1,3,1,1,02/07/2005,7,20:22,2,E09000007,6,0,Single carriageway,30,None,-1,0,None within 50 metres,No physical crossing within 50 meters,Daylight: Street light present,Fine without high winds,Dry,None,None,1,Yes,E01000854,2005
3222,200501EO40656,531400.0,186730.0,-0.105664,51.564093,1,2,1,1,04/07/2005,2,16:29,3,E09000019,3,503,Single carriageway,30,Automatic traffic signal,3,503,None within 50 metres,Pedestrian phase at traffic signal junction,Daylight: Street light present,Fine without high winds,Dry,None,None,1,Yes,E01002734,2005
3223,200501EO40657,529870.0,184940.0,-0.128386,51.548361,1,3,2,1,21/06/2005,3,16:25,3,E09000019,3,5200,Single carriageway,30,Giveway or uncontrolled,6,0,None within 50 metres,No physical crossing within 50 meters,Daylight: Street light present,Fine without high winds,Dry,Roadworks,None,1,Yes,E01002766,2005
3224,200501EO40658,524410.0,184980.0,-0.207075,51.54995,1,3,2,1,01/07/2005,6,20:29,28,E09000005,3,5,Single carriageway,30,Automatic traffic signal,5,0,None within 50 metres,Pedestrian phase at traffic signal junction,Daylight: Street light present,Fine without high winds,Dry,None,None,1,Yes,E01000561,2005
3225,200501EO40659,529450.0,186900.0,-0.133719,51.566072,1,3,2,1,15/06/2005,4,15:03,3,E09000019,3,1,Roundabout,30,Automatic traffic signal,5,0,None within 50 metres,Pedestrian phase at traffic signal junction,Daylight: Street light present,Fine without high winds,Dry,None,None,1,Yes,E01002772,2005
3226,200501EO40660,531560.0,183100.0,-0.104714,51.531435,1,3,3,1,29/06/2005,4,11:50,3,E09000019,3,501,One way street,30,Automatic traffic signal,6,0,None within 50 metres,Pedestrian phase at traffic signal junction,Daylight: Street light present,Fine without high winds,Dry,None,None,1,Yes,E01002707,2005
3227,200501EO40661,531740.0,184730.0,-0.101511,51.546041,1,3,3,1,25/05/2005,4,19:25,3,E09000019,3,1201,Single carriageway,30,None,-1,0,None within 50 metres,No physical crossing within 50 meters,Daylight: Street light present,Fine without high winds,Dry,None,None,1,Yes,E01002791,2005
3228,200501EO40662,528340.0,183740.0,-0.150877,51.537927,1,3,3,1,13/06/2005,2,09:35,2,E09000007,5,0,Single carriageway,30,Giveway or uncontrolled,6,0,None within 50 metres,No physical crossing within 50 meters,Daylight: Street light present,Fine without high winds,Dry,None,None,1,Yes,E01000862,2005
3229,200501EO40663,533390.0,184780.0,-0.07771,51.546103,1,3,2,1,15/06/2005,4,11:06,4,E09000012,3,104,Single carriageway,30,Giveway or uncontrolled,6,0,None within 50 metres,No physical crossing within 50 meters,Daylight: Street light present,Raining without high winds,Wet/Damp,None,None,1,Yes,E01001756,2005
3230,200501EO40664,529250.0,182120.0,-0.138357,51.523161,1,3,2,1,08/07/2005,6,16:40,2,E09000007,6,0,One way street,30,Giveway or uncontrolled,6,0,None within 50 metres,No physical crossing within 50 meters,Daylight: Street light present,Fine without high winds,Dry,None,None,1,Yes,E01000854,2005
3231,200501EO40665,528620.0,182710.0,-0.147218,51.528607,1,3,1,1,06/07/2005,4,21:30,2,E09000007,6,0,Single carriageway,30,None,-1,0,None within 50 metres,No physical crossing within 50 meters,Daylight: Street light present,Fine without high winds,Dry,None,None,1,Yes,E01000946,2005
3232,200501EO40666,528950.0,184280.0,-0.141889,51.542641,1,3,2,1,08/07/2005,6,09:05,2,E09000007,3,400,Single carriageway,30,Automatic traffic signal,5,0,None within 50 metres,Pedestrian phase at traffic signal junction,Daylight: Street light present,Fine without high winds,Dry,None,None,1,Yes,E01000856,2005
3233,200501EO40667,526330.0,186170.0,-0.178971,51.560218,1,3,2,1,22/06/2005,4,17:00,2,E09000007,3,502,Single carriageway,30,Giveway or uncontrolled,6,0,None within 50 metres,No physical crossing within 50 meters,Daylight: Street light present,Fine without high winds,Dry,None,None,1,Yes,E01000899,2005
3234,200501EO40668,530690.0,181840.0,-0.117716,51.520313,1,3,2,1,08/07/2005,6,10:40,2,E09000007,3,401,Single carriageway,30,Automatic traffic signal,5,0,None within 50 metres,Pedestrian phase at traffic signal junction,Daylight: Street light present,Fine without high winds,Dry,None,None,1,Yes,E01000914,2005
3235,200501EO40669,528890.0,183860.0,-0.142907,51.53888,1,3,1,1,09/07/2005,7,13:41,2,E09000007,3,4201,Single carriageway,30,Automatic traffic signal,3,502,None within 50 metres,Pedestrian phase at traffic signal junction,Daylight: Street light present,Fine without high winds,Dry,None,None,1,Yes,E01000863,2005
3236,200501EO40670,529250.0,182350.0,-0.138273,51.525228,1,3,1,1,30/06/2005,5,18:25,2,E09000007,3,501,Single carriageway,30,Automatic traffic signal,3,400,None within 50 metres,Pedestrian phase at traffic signal junction,Daylight: Street light present,Fine without high winds,Dry,None,None,1,Yes,E01000946,2005
3237,200501EO40671,530650.0,184250.0,-0.117399,51.541981,1,3,2,1,17/06/2005,6,11:00,3,E09000019,3,5203,Single carriageway,30,Giveway or uncontrolled,5,0,None within 50 metres,No physical crossing within 50 meters,Daylight: Street light present,Fine without high winds,Dry,None,None,1,Yes,E01002712,2005
3238,200501EO40672,532810.0,182060.0,-0.087095,51.521796,1,3,2,1,08/06/2005,4,17:24,3,E09000019,3,501,Single carriageway,30,None,-1,0,None within 50 metres,No physical crossing within 50 meters,Daylight: Street light present,Fine without high winds,Dry,None,None,1,Yes,E01002704,2005
3239,200501EO40674,527160.0,185290.0,-0.167322,51.552123,1,3,4,1,20/06/2005,2,19:18,2,E09000007,3,502,Single carriageway,30,None,-1,0,None within 50 metres,No physical crossing within 50 meters,Daylight: Street light present,Fine without high winds,Dry,None,None,1,Yes,E01000898,2005
3240,200501EO40675,530260.0,181690.0,-0.123966,51.519064,1,3,2,1,23/06/2005,5,06:50,2,E09000007,5,0,Single carriageway,30,Giveway or uncontrolled,6,0,None within 50 metres,No physical crossing within 50 meters,Daylight: Street light present,Fine without high winds,Dry,None,None,1,Yes,E01000918,2005
3241,200501EO40676,529560.0,183190.0,-0.133498,51.532706,1,3,2,1,18/05/2005,4,22:08,2,E09000007,6,0,Single carriageway,30,None,-1,0,None within 50 metres,No physical crossing within 50 meters,Darkness: Street lights present and lit,Fine without high winds,Dry,None,None,1,Yes,E01000954,2005
3242,200501EO40677,531430.0,181560.0,-0.107161,51.517625,48,3,1,1,27/06/2005,2,09:30,570,E09000001,3,40,Roundabout,30,Automatic traffic signal,4,500,None within 50 metres,No physical crossing within 50 meters,Daylight: Street light present,Fine without high winds,Dry,None,None,1,Yes,E01000004,2005
3243,200501EO40678,530070.0,181090.0,-0.126924,51.513716,1,3,1,1,09/07/2005,7,21:00,2,E09000007,4,404,Roundabout,30,Giveway or uncontrolled,6,0,None within 50 metres,Zebra crossing,Darkness: Street lights present and lit,Fine without high winds,Dry,None,None,1,Yes,E01000919,2005
3244,200501EO40679,526360.0,185650.0,-0.178725,51.555538,1,3,1,1,06/07/2005,4,08:50,2,E09000007,4,511,Single carriageway,30,Giveway or uncontrolled,4,511,None within 50 metres,Zebra crossing,Daylight: Street light present,Fine without high winds,Dry,None,None,1,Yes,E01000879,2005
3245,200501EO40680,525200.0,184750.0,-0.195769,51.547708,1,2,3,1,22/06/2005,4,07:52,2,E09000007,5,0,Single carriageway,30,Giveway or uncontrolled,6,0,None within 50 metres,No physical crossing within 50 meters,Daylight: Street light present,Fine without high winds,Dry,None,None,1,Yes,E01000974,2005
3246,200501EO40681,529340.0,186890.0,-0.135309,51.566007,1,3,2,1,27/06/2005,2,19:30,3,E09000019,4,519,Roundabout,30,Automatic traffic signal,3,1,None within 50 metres,Pedestrian phase at traffic signal junction,Daylight: Street light present,Fine without high winds,Dry,None,None,1,Yes,E01002770,2005
3247,200501EO40682,530920.0,186000.0,-0.112857,51.557645,1,3,2,1,03/07/2005,1,22:58,3,E09000019,3,103,Single carriageway,30,Automatic traffic signal,3,503,None within 50 metres,Pedestrian phase at traffic signal junction,Darkness: Street lights present and lit,Fine without high winds,Dry,None,None,1,Yes,E01002730,2005
3248,200501EO40683,530840.0,185590.0,-0.114163,51.553979,1,2,2,1,24/06/2005,6,11:20,3,E09000019,3,1,Single carriageway,30,Giveway or uncontrolled,6,0,None within 50 metres,No physical crossing within 50 meters,Daylight: Street light present,Fine without high winds,Dry,None,None,1,Yes,E01002767,2005
3249,200501EO40684,530350.0,182100.0,-0.122518,51.522728,1,3,2,1,01/07/2005,6,07:08,2,E09000007,4,502,One way street,30,None,-1,0,None within 50 metres,Zebra crossing,Daylight: Street light present,Fine without high winds,Dry,None,None,1,Yes,E01000914,2005
3250,200501EO40685,530790.0,182800.0,-0.11592,51.528917,1,3,2,1,02/07/2005,7,03:15,3,E09000019,3,201,Single carriageway,30,Giveway or uncontrolled,3,201,None within 50 metres,Zebra crossing,Darkness: Street lights present and lit,Fine without high winds,Wet/Damp,None,None,1,Yes,E01000938,2005
3251,200501EO40686,530380.0,181770.0,-0.122208,51.519756,1,3,2,2,03/07/2005,1,13:15,2,E09000007,3,4200,Dual carriageway,30,Giveway or uncontrolled,5,0,None within 50 metres,No physical crossing within 50 meters,Daylight: Street light present,Fine without high winds,Dry,None,None,1,No,E01000914,2005
3252,200501EO40687,528940.0,184700.0,-0.141879,51.546418,1,3,2,2,04/07/2005,2,21:48,2,E09000007,3,400,Single carriageway,30,Automatic traffic signal,5,0,None within 50 metres,Pedestrian phase at traffic signal junction,Darkness: Street lights present and lit,Fine without high winds,Wet/Damp,None,None,1,Yes,E01000927,2005
3253,200501EO40688,531390.0,184330.0,-0.106705,51.542528,1,3,2,1,06/07/2005,4,07:25,3,E09000019,4,515,Single carriageway,30,Automatic traffic signal,4,515,None within 50 metres,No physical crossing within 50 meters,Daylight: Street light present,Fine without high winds,Wet/Damp,None,None,1,Yes,E01002699,2005
3254,200501EO40689,531700.0,184410.0,-0.102207,51.543175,1,3,2,1,07/07/2005,5,08:30,3,E09000019,5,0,Single carriageway,30,Giveway or uncontrolled,6,0,None within 50 metres,No physical crossing within 50 meters,Daylight: Street light present,Raining without high winds,Wet/Damp,None,None,1,Yes,E01002791,2005
3255,200501EO40690,530330.0,181980.0,-0.12285,51.521654,1,2,1,1,13/07/2005,4,16:40,2,E09000007,6,0,Single carriageway,30,None,-1,0,None within 50 metres,No physical crossing within 50 meters,Daylight: Street light present,Fine without high winds,Dry,None,None,1,Yes,E01000914,2005
3256,200501EO40691,529150.0,183160.0,-0.139417,51.53253,1,3,2,1,18/06/2005,7,16:15,2,E09000007,3,400,Single carriageway,30,Giveway or uncontrolled,3,400,None within 50 metres,Zebra crossing,Daylight: Street light present,Fine without high winds,Dry,None,None,1,Yes,E01000947,2005
3257,200501EO40692,530050.0,186010.0,-0.125396,51.557936,1,3,2,1,07/07/2005,5,11:40,3,E09000019,5,0,Single carriageway,30,Giveway or uncontrolled,6,0,None within 50 metres,Zebra crossing,Daylight: Street light present,Fine without high winds,Dry,None,None,1,No,E01002785,2005
3258,200501EO40693,532710.0,182470.0,-0.088381,51.525504,1,3,2,1,10/06/2005,6,12:35,3,E09000019,3,5201,Roundabout,30,Automatic traffic signal,3,501,None within 50 metres,Pedestrian phase at traffic signal junction,Daylight: Street light present,Fine without high winds,Dry,None,None,1,No,E01002704,2005
3259,200501EO40694,530440.0,186010.0,-0.119774,51.557846,1,3,2,1,10/07/2005,1,20:00,3,E09000019,3,1,Single carriageway,30,Automatic traffic signal,3,503,None within 50 metres,Pedestrian phase at traffic signal junction,Daylight: Street light present,Fine without high winds,Dry,None,None,1,Yes,E01002786,2005
3260,200501EO40695,531280.0,182230.0,-0.109072,51.523681,1,3,2,1,12/07/2005,3,17:44,3,E09000019,3,201,Single carriageway,30,Giveway or uncontrolled,6,0,None within 50 metres,No physical crossing within 50 meters,Daylight: Street light present,Fine without high winds,Dry,None,None,1,Yes,E01002724,2005
3261,200501EO40696,528940.0,184090.0,-0.142102,51.540936,1,3,2,1,19/07/2005,3,09:02,2,E09000007,3,400,Single carriageway,30,Giveway or uncontrolled,6,0,None within 50 metres,No physical crossing within 50 meters,Daylight: Street light present,Fine without high winds,Dry,None,None,1,Yes,E01000856,2005
3262,200501EO40697,525900.0,185230.0,-0.185507,51.551867,1,3,2,1,19/07/2005,3,19:00,2,E09000007,3,41,Dual carriageway,30,Giveway or uncontrolled,6,0,None within 50 metres,No physical crossing within 50 meters,Daylight: Street light present,Fine without high winds,Dry,None,None,1,Yes,E01000969,2005
3263,200501EO40698,529770.0,182310.0,-0.130796,51.524749,1,3,2,1,30/06/2005,5,16:50,2,E09000007,6,0,Single carriageway,30,None,-1,0,None within 50 metres,No physical crossing within 50 meters,Daylight: Street light present,Raining without high winds,Wet/Damp,None,None,1,Yes,E01000855,2005
3264,200501EO40699,529330.0,187010.0,-0.135409,51.567088,1,3,2,1,12/07/2005,3,06:20,3,E09000019,3,1,Single carriageway,30,None,-1,0,None within 50 metres,No physical crossing within 50 meters,Darkness: Street lights present and lit,Fine without high winds,Dry,None,None,1,No,E01002770,2005
3265,200501EO40700,526760.0,184140.0,-0.173502,51.541878,1,3,2,1,15/04/2005,6,18:12,2,E09000007,3,41,Single carriageway,30,Automatic traffic signal,4,509,None within 50 metres,Pedestrian phase at traffic signal junction,Daylight: Street light present,Fine without high winds,Dry,None,None,1,No,E01000963,2005
3266,200501EO40701,526420.0,183900.0,-0.178489,51.539798,1,3,1,1,27/06/2005,2,16:30,2,E09000007,6,0,Single carriageway,30,Giveway or uncontrolled,6,0,None within 50 metres,No physical crossing within 50 meters,Daylight: Street light present,Fine without high winds,Dry,None,None,1,Yes,E01000934,2005
3267,200501EO40702,532780.0,181900.0,-0.087588,51.520365,1,3,1,1,27/06/2005,2,18:02,3,E09000019,3,501,Single carriageway,30,Automatic traffic signal,4,100,None within 50 metres,Pedestrian phase at traffic signal junction,Daylight: Street light present,Fine without high winds,Dry,None,None,1,Yes,E01002704,2005
3268,200501EO40703,531440.0,181550.0,-0.107021,51.517533,48,2,2,1,27/06/2005,2,10:00,570,E09000001,3,40,Single carriageway,30,None,-1,0,None within 50 metres,Pedestrian phase at traffic signal junction,Daylight: Street light present,Fine without high winds,Dry,None,None,1,No,E01000004,2005
3269,200501EO40704,529900.0,182250.0,-0.128945,51.52418,1,2,2,1,08/06/2005,4,20:45,2,E09000007,5,0,Single carriageway,30,Automatic traffic signal,5,0,None within 50 metres,No physical crossing within 50 meters,Daylight: Street light present,Fine without high winds,Dry,None,None,1,Yes,E01000855,2005
3270,200501EO40705,531930.0,182160.0,-0.099734,51.522901,1,3,2,1,28/06/2005,3,09:40,3,E09000019,3,5201,Single carriageway,30,Giveway or uncontrolled,6,0,None within 50 metres,No physical crossing within 50 meters,Daylight: Street light present,Fine without high winds,Dry,None,None,1,No,E01002705,2005
3271,200501EO40706,529400.0,184160.0,-0.135447,51.541459,1,3,2,1,15/07/2005,6,10:00,2,E09000007,3,5202,One way street,30,Giveway or uncontrolled,3,5202,None within 50 metres,No physical crossing within 50 meters,Daylight: Street light present,Fine without high winds,Dry,None,None,1,No,E01000957,2005
3272,200501EO40707,531250.0,186570.0,-0.107887,51.56269,1,3,1,1,01/07/2005,6,12:00,3,E09000019,3,503,Single carriageway,30,Automatic traffic signal,3,503,None within 50 metres,Pedestrian phase at traffic signal junction,Daylight: Street light present,Fine without high winds,Dry,None,None,1,No,E01002734,2005
3273,200501EO40708,532330.0,182360.0,-0.093897,51.524605,1,3,1,1,01/07/2005,6,18:10,3,E09000019,3,5201,Single carriageway,30,None,-1,0,None within 50 metres,non-junction pedestrian crossing,Daylight: Street light present,Fine without high winds,Dry,None,None,1,No,E01002706,2005
3274,200501EO40709,528980.0,185440.0,-0.141031,51.553059,1,3,1,1,17/07/2005,1,05:40,2,E09000007,3,400,Single carriageway,30,None,-1,0,None within 50 metres,No physical crossing within 50 meters,Darkness: Street lights present and lit,Fine without high winds,Dry,None,None,1,No,E01000921,2005
3275,200501EO40710,528920.0,184710.0,-0.142164,51.546512,1,3,2,1,05/07/2005,3,19:00,2,E09000007,3,400,Single carriageway,30,Automatic traffic signal,5,0,None within 50 metres,Pedestrian phase at traffic signal junction,Daylight: Street light present,Raining without high winds,Wet/Damp,None,None,1,No,E01000927,2005
3276,200501EO40711,529400.0,182380.0,-0.136101,51.525463,1,3,1,1,26/05/2005,5,15:11,2,E09000007,3,501,Single carriageway,30,Giveway or uncontrolled,3,400,None within 50 metres,No physical crossing within 50 meters,Daylight: Street light present,Fine without high winds,Dry,None,None,1,Yes,E01000852,2005
3277,200501EO40713,528960.0,182200.0,-0.142506,51.523946,1,3,1,1,30/07/2005,7,00:40,2,E09000007,3,501,Single carriageway,30,None,-1,0,None within 50 metres,No physical crossing within 50 meters,Darkness: Street lights present and lit,Fine without high winds,Dry,None,None,1,Yes,E01000851,2005
3278,200501EO40714,529210.0,182760.0,-0.138699,51.528921,1,3,2,1,06/07/2005,4,00:50,2,E09000007,3,400,Single carriageway,30,Automatic traffic signal,5,0,None within 50 metres,No physical crossing within 50 meters,Darkness: Street lights present and lit,Fine without high winds,Dry,None,None,1,Yes,E01000950,2005
3279,200501EO40715,531780.0,185200.0,-0.100758,51.550255,1,3,2,1,21/07/2005,5,13:45,3,E09000019,6,0,Single carriageway,30,Giveway or uncontrolled,6,0,None within 50 metres,No physical crossing within 50 meters,Daylight: Street light present,Fine without high winds,Dry,None,None,1,No,E01002740,2005
3280,200501EO40716,531840.0,183770.0,-0.100429,51.53739,1,2,2,1,20/07/2005,4,17:10,3,E09000019,3,104,Single carriageway,30,Giveway or uncontrolled,3,104,None within 50 metres,Zebra crossing,Daylight: Street light present,Fine without high winds,Dry,None,None,1,No,E01002794,2005
3281,200501EO40717,525760.0,183850.0,-0.188018,51.539496,1,2,2,1,19/07/2005,3,17:35,2,E09000007,4,509,Single carriageway,30,None,-1,0,None within 50 metres,No physical crossing within 50 meters,Daylight: Street light present,Fine without high winds,Dry,None,None,1,Yes,E01000929,2005
3282,200501EO40718,528930.0,184280.0,-0.142177,51.542645,1,3,2,1,24/07/2005,1,11:30,2,E09000007,5,0,Single carriageway,30,Automatic traffic signal,3,400,None within 50 metres,Pedestrian phase at traffic signal junction,Daylight: Street light present,Raining without high winds,Wet/Damp,None,None,1,No,E01000856,2005
3283,200501EO40719,527550.0,185440.0,-0.161646,51.553384,1,3,2,1,21/07/2005,5,15:10,2,E09000007,4,518,Single carriageway,30,Giveway or uncontrolled,6,0,None within 50 metres,Zebra crossing,Daylight: Street light present,Fine without high winds,Dry,None,None,1,No,E01000887,2005
3284,200501EO40721,531020.0,181980.0,-0.112911,51.521495,1,3,2,1,13/07/2005,4,15:41,2,E09000007,3,401,Single carriageway,30,Giveway or uncontrolled,3,401,None within 50 metres,No physical crossing within 50 meters,Daylight: Street light present,Fine without high winds,Dry,None,None,1,Yes,E01000914,2005
3285,200501EO40722,531920.0,184800.0,-0.09889,51.546628,1,3,2,1,29/06/2005,4,16:30,3,E09000019,3,1201,Single carriageway,30,Automatic traffic signal,3,1201,None within 50 metres,Pedestrian phase at traffic signal junction,Daylight: Street light present,Fine without high winds,Dry,None,None,1,No,E01002719,2005
3286,200501EO40723,529180.0,186980.0,-0.137583,51.566853,1,3,2,1,07/07/2005,5,07:28,3,E09000019,4,519,Single carriageway,30,None,-1,0,None within 50 metres,No physical crossing within 50 meters,Daylight: Street light present,Raining without high winds,Wet/Damp,None,None,1,Yes,E01002770,2005
3287,200501EO40724,529980.0,182300.0,-0.127774,51.524611,1,3,1,1,30/06/2005,5,18:09,2,E09000007,3,4200,Single carriageway,30,Automatic traffic signal,5,0,None within 50 metres,Pedestrian phase at traffic signal junction,Daylight: Street light present,Fine without high winds,Dry,None,None,1,Yes,E01000852,2005
3288,200501EO40725,526580.0,184810.0,-0.175856,51.54794,1,3,2,1,10/07/2005,1,13:00,2,E09000007,4,511,Single carriageway,30,None,-1,0,None within 50 metres,No physical crossing within 50 meters,Daylight: Street light present,Fine without high winds,Dry,None,None,1,Yes,E01000883,2005
3289,200501EO40726,531950.0,185710.0,-0.098117,51.554799,1,3,2,1,11/07/2005,2,16:15,3,E09000019,3,1201,Single carriageway,30,Giveway or uncontrolled,6,0,None within 50 metres,No physical crossing within 50 meters,Daylight: Street light present,Fine without high winds,Dry,None,None,1,Yes,E01002752,2005
3290,200501EO40728,529230.0,182000.0,-0.138689,51.522087,1,3,1,1,11/07/2005,2,17:40,2,E09000007,6,0,Single carriageway,30,Automatic traffic signal,6,0,None within 50 metres,Pedestrian phase at traffic signal junction,Daylight: Street light present,Fine without high winds,Dry,None,None,1,Yes,E01000851,2005
3291,200501EO40729,529420.0,186460.0,-0.134313,51.562125,1,2,1,1,11/07/2005,2,20:31,3,E09000019,6,0,Single carriageway,30,None,-1,0,None within 50 metres,No physical crossing within 50 meters,Daylight: Street light present,Fine without high winds,Dry,None,None,1,Yes,E01002774,2005
3292,200501EO40730,531100.0,183100.0,-0.111342,51.531542,1,3,2,1,11/07/2005,2,17:36,3,E09000019,3,501,Single carriageway,30,Automatic traffic signal,5,0,None within 50 metres,Pedestrian phase at traffic signal junction,Daylight: Street light present,Fine without high winds,Dry,None,None,1,Yes,E01002728,2005
3293,200501EO40731,530050.0,182780.0,-0.126589,51.528908,1,3,3,1,11/07/2005,2,18:10,2,E09000007,3,501,Single carriageway,30,Automatic traffic signal,4,504,None within 50 metres,Pedestrian phase at traffic signal junction,Daylight: Street light present,Fine without high winds,Dry,None,None,1,No,E01000956,2005
3294,200501EO40732,531290.0,183130.0,-0.108593,51.531767,1,3,2,1,30/06/2005,5,18:30,3,E09000019,3,501,Single carriageway,30,None,-1,0,None within 50 metres,No physical crossing within 50 meters,Daylight: Street light present,Fine without high winds,Wet/Damp,None,None,1,No,E01002727,2005
3295,200501EO40733,528930.0,183900.0,-0.142316,51.53923,1,3,2,1,07/07/2005,5,19:00,2,E09000007,3,503,One way street,30,Automatic traffic signal,3,400,None within 50 metres,Pedestrian phase at traffic signal junction,Daylight: Street light present,Fine without high winds,Dry,None,None,1,Yes,E01000863,2005
3296,200501EO40734,529570.0,184690.0,-0.132802,51.546183,1,3,2,1,11/07/2005,2,10:06,2,E09000007,3,503,Single carriageway,30,Giveway or uncontrolled,6,0,None within 50 metres,No physical crossing within 50 meters,Daylight: Street light present,Fine without high winds,Dry,None,None,1,Yes,E01000870,2005
3297,200501EO40735,530510.0,181530.0,-0.120424,51.517569,1,3,1,1,11/07/2005,2,10:32,2,E09000007,3,40,One way street,30,Automatic traffic signal,3,4200,None within 50 metres,Pedestrian phase at traffic signal junction,Daylight: Street light present,Fine without high winds,Dry,None,None,1,Yes,E01000918,2005
3298,200501EO40736,528490.0,184280.0,-0.148518,51.542746,1,3,1,1,11/07/2005,2,21:35,2,E09000007,3,502,Single carriageway,30,None,-1,0,None within 50 metres,No physical crossing within 50 meters,Darkness: Street lights present and lit,Fine without high winds,Dry,None,None,1,Yes,E01000858,2005
3299,200501EO40737,528920.0,185360.0,-0.141926,51.552353,1,3,2,1,30/07/2005,7,01:40,2,E09000007,4,518,Single carriageway,30,Giveway or uncontrolled,6,0,None within 50 metres,No physical crossing within 50 meters,Darkness: Street lights present and lit,Fine without high winds,Dry,None,None,1,Yes,E01000928,2005
3300,200501EO40738,530430.0,182990.0,-0.121036,51.530708,1,3,1,1,22/07/2005,6,23:00,2,E09000007,3,501,One way street,30,Automatic traffic signal,3,5203,None within 50 metres,Pedestrian phase at traffic signal junction,Darkness: Street lights present and lit,Raining without high winds,Wet/Damp,None,None,1,Yes,E01000938,2005
3301,200501EO40739,530960.0,181610.0,-0.113912,51.518184,48,3,2,1,20/07/2005,4,19:18,570,E09000001,3,40,Single carriageway,30,Automatic traffic signal,4,400,None within 50 metres,No physical crossing within 50 meters,Daylight: Street light present,Fine without high winds,Dry,None,None,1,Yes,E01000914,2005
3302,200501EO40740,529070.0,182550.0,-0.140793,51.527066,1,3,1,1,12/07/2005,3,11:49,2,E09000007,6,0,Single carriageway,30,Giveway or uncontrolled,6,0,None within 50 metres,No physical crossing within 50 meters,Daylight: Street light present,Fine without high winds,Dry,None,None,1,Yes,E01000945,2005
3303,200501EO40741,531180.0,185210.0,-0.109403,51.550485,1,3,2,1,11/07/2005,2,20:55,3,E09000019,3,1,Single carriageway,30,Automatic traffic signal,5,0,None within 50 metres,Pedestrian phase at traffic signal junction,Daylight: Street light present,Fine without high winds,Dry,None,None,1,Yes,E01002739,2005
3304,200501EO40742,529030.0,183990.0,-0.140842,51.540016,1,3,2,1,21/07/2005,5,19:40,2,E09000007,3,503,Single carriageway,30,None,-1,0,None within 50 metres,No physical crossing within 50 meters,Daylight: Street light present,Fine without high winds,Dry,None,None,1,Yes,E01000856,2005
3305,200501EO40743,527900.0,185460.0,-0.156593,51.553484,1,2,2,2,13/07/2005,4,09:21,2,E09000007,4,518,Single carriageway,30,Giveway or uncontrolled,6,0,None within 50 metres,No physical crossing within 50 meters,Daylight: Street light present,Fine without high winds,Dry,None,None,1,Yes,E01000888,2005
3306,200501EO40744,530270.0,181540.0,-0.123877,51.517714,1,3,2,1,21/07/2005,5,20:15,2,E09000007,3,40,One way street,30,Giveway or uncontrolled,6,0,None within 50 metres,No physical crossing within 50 meters,Daylight: Street light present,Fine without high winds,Dry,None,None,1,Yes,E01000918,2005
3307,200501EO40745,528610.0,183190.0,-0.147187,51.532923,1,3,2,1,18/07/2005,2,15:10,2,E09000007,6,0,Single carriageway,30,Giveway or uncontrolled,6,0,None within 50 metres,No physical crossing within 50 meters,Daylight: Street light present,Fine without high winds,Dry,None,None,1,Yes,E01000946,2005
3308,200501EO40746,527250.0,185020.0,-0.166122,51.549677,1,2,1,1,11/07/2005,2,13:21,2,E09000007,6,0,Single carriageway,30,Giveway or uncontrolled,6,0,None within 50 metres,No physical crossing within 50 meters,Daylight: Street light present,Fine without high winds,Dry,None,None,1,Yes,E01000849,2005
3309,200501EO40748,529660.0,182530.0,-0.1323,51.526751,1,3,2,1,16/07/2005,7,10:50,2,E09000007,3,501,Dual carriageway,30,Automatic traffic signal,5,0,None within 50 metres,Pedestrian phase at traffic signal junction,Daylight: Street light present,Fine without high winds,Dry,None,None,1,Yes,E01000852,2005
3310,200501EO40749,528430.0,186070.0,-0.14873,51.558846,1,3,1,1,22/07/2005,6,07:26,2,E09000007,5,0,Single carriageway,30,Giveway or uncontrolled,6,0,None within 50 metres,No physical crossing within 50 meters,Daylight: Street light present,Fine without high winds,Dry,None,None,1,Yes,E01000910,2005
3311,200501EO40750,530490.0,181520.0,-0.120716,51.517484,1,3,2,1,11/07/2005,2,17:10,2,E09000007,3,40,Single carriageway,30,Automatic traffic signal,3,4200,None within 50 metres,Pedestrian phase at traffic signal junction,Daylight: Street light present,Fine without high winds,Dry,None,None,1,Yes,E01000918,2005
3312,200501EO40751,529290.0,182230.0,-0.137741,51.52414,1,3,1,1,20/07/2005,4,12:50,2,E09000007,3,400,One way street,30,Giveway or uncontrolled,6,0,None within 50 metres,No physical crossing within 50 meters,Daylight: Street light present,Fine without high winds,Dry,None,None,1,Yes,E01000854,2005
3313,200501EO40752,529510.0,184620.0,-0.133693,51.545568,1,2,2,2,22/07/2005,6,22:47,2,E09000007,3,503,Single carriageway,30,Giveway or uncontrolled,6,0,None within 50 metres,No physical crossing within 50 meters,Darkness: Street lights present and lit,Fine without high winds,Dry,None,None,1,Yes,E01000865,2005
3314,200501EO40753,527320.0,185510.0,-0.164936,51.554065,1,3,1,1,21/07/2005,5,21:00,2,E09000007,4,518,Single carriageway,30,Giveway or uncontrolled,4,518,None within 50 metres,Zebra crossing,Darkness: Street lights present and lit,Fine without high winds,Dry,None,None,1,Yes,E01000898,2005
3315,200501EO40754,526960.0,183830.0,-0.170732,51.539047,1,2,1,2,19/07/2005,3,17:00,2,E09000007,6,0,Single carriageway,30,Giveway or uncontrolled,4,525,None within 50 metres,No physical crossing within 50 meters,Daylight: Street light present,Fine without high winds,Dry,None,None,1,Yes,E01000967,2005
3316,200501EO40755,530490.0,181590.0,-0.12069,51.518113,1,3,3,1,06/06/2005,2,16:14,2,E09000007,3,4200,Single carriageway,30,Giveway or uncontrolled,6,0,None within 50 metres,Central refuge,Daylight: Street light present,Fine without high winds,Dry,None,None,1,Yes,E01000914,2005
3317,200501EO40756,529190.0,183020.0,-0.138892,51.531263,1,3,1,1,28/07/2005,5,10:02,2,E09000007,3,400,Single carriageway,30,None,-1,0,None within 50 metres,No physical crossing within 50 meters,Daylight: Street light present,Raining without high winds,Wet/Damp,Ol or diesel,None,1,Yes,E01000945,2005
3318,200501EO40757,530480.0,181370.0,-0.120915,51.516138,1,3,2,1,16/06/2005,5,13:37,2,E09000007,6,0,Single carriageway,30,Giveway or uncontrolled,6,0,None within 50 metres,No physical crossing within 50 meters,Daylight: Street light present,Raining without high winds,Wet/Damp,None,None,1,Yes,E01000918,2005
3319,200501EO40758,530270.0,186040.0,-0.122213,51.558155,1,3,2,1,03/07/2005,1,21:15,3,E09000019,5,0,Single carriageway,30,None,-1,0,None within 50 metres,No physical crossing within 50 meters,Darkness: Street lights present and lit,Fine without high winds,Dry,None,None,1,Yes,E01002786,2005
3320,200501EO40759,528970.0,184880.0,-0.141381,51.548028,1,3,2,1,26/07/2005,3,11:09,2,E09000007,3,400,Single carriageway,30,Giveway or uncontrolled,6,0,None within 50 metres,No physical crossing within 50 meters,Daylight: Street light present,Fine without high winds,Dry,Roadworks,None,1,Yes,E01000922,2005
3321,200501EO40760,530080.0,187460.0,-0.124427,51.57096,1,3,1,1,15/06/2005,4,18:35,3,E09000019,3,103,Single carriageway,30,Giveway or uncontrolled,6,0,None within 50 metres,Zebra crossing,Daylight: Street light present,Fine without high winds,Dry,None,None,1,Yes,E01002758,2005
3322,200501EO40761,531510.0,183360.0,-0.105337,51.533783,1,3,1,1,18/06/2005,7,14:50,3,E09000019,3,1,Dual carriageway,30,Giveway or uncontrolled,6,0,None within 50 metres,No physical crossing within 50 meters,Daylight: Street light present,Fine without high winds,Dry,None,None,1,Yes,E01002803,2005
3323,200501EO40762,531090.0,184440.0,-0.110987,51.543586,1,3,2,1,05/07/2005,3,07:55,3,E09000019,5,0,Single carriageway,30,Giveway or uncontrolled,6,0,None within 50 metres,No physical crossing within 50 meters,Daylight: Street light present,Fine without high winds,Dry,None,None,1,Yes,E01002698,2005
3324,200501EO40763,530690.0,185760.0,-0.116262,51.555541,1,3,2,2,05/07/2005,3,13:18,3,E09000019,3,1,Single carriageway,30,None,-1,0,None within 50 metres,No physical crossing within 50 meters,Daylight: Street light present,Fine without high winds,Dry,None,None,1,Yes,E01002767,2005
3325,200501EO40764,531100.0,183100.0,-0.111342,51.531542,1,3,2,1,12/07/2005,3,00:34,3,E09000019,3,501,Single carriageway,30,Automatic traffic signal,5,0,None within 50 metres,Pedestrian phase at traffic signal junction,Darkness: Street lights present and lit,Fine without high winds,Dry,None,None,1,Yes,E01002728,2005
3326,200501EO40766,529780.0,182550.0,-0.130564,51.526904,1,3,1,1,05/07/2005,3,11:40,2,E09000007,3,4200,Single carriageway,30,Giveway or uncontrolled,6,0,None within 50 metres,No physical crossing within 50 meters,Daylight: Street light present,Fine without high winds,Dry,None,None,1,Yes,E01000852,2005
3327,200501EO40767,530980.0,184810.0,-0.112435,51.546937,1,3,1,1,06/07/2005,4,11:30,3,E09000019,6,0,Single carriageway,30,Giveway or uncontrolled,6,0,None within 50 metres,No physical crossing within 50 meters,Daylight: Street light present,Fine without high winds,Dry,None,None,1,Yes,E01002796,2005
3328,200501EO40768,532920.0,182370.0,-0.085394,51.524556,1,3,2,1,09/07/2005,7,07:35,3,E09000019,6,0,One way street,30,Stop Sign,6,0,None within 50 metres,No physical crossing within 50 meters,Daylight: Street light present,Fine without high winds,Dry,None,None,1,Yes,E01002704,2005
3329,200501EO40769,531520.0,181780.0,-0.105783,51.519582,1,3,4,1,01/08/2005,2,11:13,2,E09000007,3,201,Single carriageway,30,Automatic traffic signal,6,0,None within 50 metres,Pedestrian phase at traffic signal junction,Daylight: Street light present,Fine without high winds,Dry,None,None,1,Yes,E01000916,2005
3330,200501EO40770,529150.0,183210.0,-0.139398,51.532979,1,3,2,1,27/06/2005,2,15:20,2,E09000007,3,400,Single carriageway,30,Giveway or uncontrolled,6,0,None within 50 metres,non-junction pedestrian crossing,Daylight: Street light present,Fine without high winds,Dry,None,None,1,No,E01000947,2005
3331,200501EO40772,529800.0,184960.0,-0.129388,51.548557,1,3,2,1,12/07/2005,3,11:05,2,E09000007,3,503,Single carriageway,30,None,-1,0,None within 50 metres,No physical crossing within 50 meters,Daylight: Street light present,Fine without high winds,Dry,None,None,1,Yes,E01000869,2005
3332,200501EO40773,531370.0,182670.0,-0.107612,51.527615,1,3,2,1,29/04/2005,6,00:34,3,E09000019,3,401,Single carriageway,30,Giveway or uncontrolled,6,0,None within 50 metres,Zebra crossing,Darkness: Street lights present and lit,Fine without high winds,Dry,None,None,1,Yes,E01002726,2005
3333,200501EO40774,530970.0,181960.0,-0.113638,51.521327,1,3,1,1,27/07/2005,4,11:57,2,E09000007,3,401,Single carriageway,30,Automatic traffic signal,3,5200,None within 50 metres,No physical crossing within 50 meters,Daylight: Street light present,Fine without high winds,Dry,None,None,1,Yes,E01000914,2005
3334,200501EO40775,529830.0,182640.0,-0.12981,51.527701,1,3,2,1,15/07/2005,6,01:30,2,E09000007,3,501,Single carriageway,30,Automatic traffic signal,6,0,None within 50 metres,No physical crossing within 50 meters,Darkness: Street lights present and lit,Fine without high winds,Dry,None,None,1,Yes,E01000956,2005
3335,200501EO40777,526640.0,184190.0,-0.175214,51.542355,1,3,2,1,14/07/2005,5,19:20,2,E09000007,3,41,Single carriageway,30,None,-1,0,None within 50 metres,No physical crossing within 50 meters,Daylight: Street light present,Fine without high winds,Dry,None,None,1,Yes,E01000961,2005
3336,200501EO40778,531690.0,183960.0,-0.102519,51.539133,1,3,1,1,09/07/2005,7,23:40,3,E09000019,3,1,Single carriageway,30,None,-1,0,None within 50 metres,Zebra crossing,Darkness: Street lights present and lit,Fine without high winds,Dry,None,None,1,Yes,E01002794,2005
3337,200501EO40780,532100.0,184080.0,-0.096566,51.540116,1,3,2,1,11/07/2005,2,19:53,3,E09000019,3,104,Single carriageway,30,Giveway or uncontrolled,6,0,None within 50 metres,No physical crossing within 50 meters,Daylight: Street light present,Fine without high winds,Dry,None,None,1,Yes,E01002797,2005
3338,200501EO40781,525590.0,183410.0,-0.190625,51.535579,1,3,2,1,22/07/2005,6,07:10,2,E09000007,3,5,Single carriageway,30,None,-1,0,None within 50 metres,No physical crossing within 50 meters,Daylight: Street light present,Fine without high winds,Dry,None,None,1,Yes,E01004710,2005
3339,200501EO40782,530790.0,181890.0,-0.116257,51.520739,1,3,2,1,23/07/2005,7,15:30,2,E09000007,3,401,Single carriageway,30,None,-1,0,None within 50 metres,Zebra crossing,Daylight: Street light present,Fine without high winds,Dry,None,None,1,No,E01000915,2005
3340,200501EO40783,529970.0,182300.0,-0.127918,51.524613,1,3,2,1,20/07/2005,4,08:38,2,E09000007,3,4200,Single carriageway,30,Automatic traffic signal,5,0,None within 50 metres,No physical crossing within 50 meters,Daylight: Street light present,Fine without high winds,Dry,None,None,1,Yes,E01000852,2005
3341,200501EO40784,529140.0,185860.0,-0.138571,51.556797,1,2,2,1,15/07/2005,6,20:50,3,E09000019,3,400,Single carriageway,30,Automatic traffic signal,3,400,None within 50 metres,Pedestrian phase at traffic signal junction,Daylight: Street light present,Fine without high winds,Dry,None,None,1,Yes,E01000921,2005
3342,200501EO40785,531150.0,183110.0,-0.110618,51.53162,1,3,2,1,13/07/2005,4,23:33,3,E09000019,3,501,Single carriageway,30,None,-1,0,None within 50 metres,No physical crossing within 50 meters,Darkness: Street lights present and lit,Fine without high winds,Dry,None,None,1,Yes,E01002728,2005
3343,200501EO40786,531560.0,182800.0,-0.104826,51.528739,1,3,2,1,23/06/2005,5,15:30,3,E09000019,4,501,Single carriageway,30,None,-1,0,None within 50 metres,No physical crossing within 50 meters,Daylight: Street light present,Fine without high winds,Dry,None,None,1,No,E01002727,2005
3344,200501EO40788,529510.0,186760.0,-0.132905,51.5648,1,3,1,3,13/07/2005,4,12:00,3,E09000019,3,1,Single carriageway,30,Giveway or uncontrolled,6,0,None within 50 metres,No physical crossing within 50 meters,Daylight: Street light present,Fine without high winds,Dry,None,None,1,Yes,E01002772,2005
3345,200501EO40789,531330.0,185010.0,-0.107316,51.548653,1,3,1,1,13/07/2005,4,15:00,3,E09000019,3,1,Single carriageway,30,None,-1,0,None within 50 metres,No physical crossing within 50 meters,Daylight: Street light present,Fine without high winds,Dry,None,None,1,Yes,E01002795,2005
3346,200501EO40790,531810.0,183010.0,-0.101145,51.530568,1,3,1,1,14/07/2005,5,12:34,3,E09000019,3,501,Single carriageway,30,None,-1,0,None within 50 metres,No physical crossing within 50 meters,Daylight: Street light present,Fine without high winds,Dry,None,None,1,Yes,E01002707,2005
3347,200501EO40791,530010.0,186470.0,-0.125803,51.562079,1,3,2,1,14/07/2005,5,10:09,3,E09000019,3,1,Single carriageway,30,Giveway or uncontrolled,6,0,None within 50 metres,No physical crossing within 50 meters,Daylight: Street light present,Fine without high winds,Dry,None,None,1,Yes,E01002785,2005
3348,200501EO40792,530320.0,182980.0,-0.122625,51.530644,1,2,1,1,07/08/2005,1,01:42,2,E09000007,3,501,Single carriageway,30,Automatic traffic signal,3,5200,None within 50 metres,Pedestrian phase at traffic signal junction,Darkness: Street lights present and lit,Fine without high winds,Dry,None,None,1,Yes,E01000953,2005
3349,200501EO40793,531590.0,182090.0,-0.104659,51.522351,1,3,3,2,15/07/2005,6,19:27,3,E09000019,3,5201,Single carriageway,30,None,-1,0,None within 50 metres,Zebra crossing,Daylight: Street light present,Fine without high winds,Dry,None,None,1,Yes,E01002724,2005
3350,200501EO40794,530020.0,185290.0,-0.126095,51.551472,1,3,2,1,14/07/2005,5,13:10,3,E09000019,3,503,Single carriageway,30,Giveway or uncontrolled,6,0,None within 50 metres,Zebra crossing,Daylight: Street light present,Fine without high winds,Dry,None,None,1,Yes,E01002783,2005
3351,200501EO40795,531820.0,182770.0,-0.101091,51.528408,1,3,2,1,16/07/2005,7,06:55,3,E09000019,3,1,Single carriageway,30,Automatic traffic signal,5,0,None within 50 metres,Pedestrian phase at traffic signal junction,Daylight: Street light present,Fine without high winds,Dry,None,None,1,Yes,E01002723,2005
3352,200501EO40796,531810.0,182610.0,-0.101295,51.526973,1,3,1,1,27/07/2005,4,14:26,3,E09000019,6,0,Single carriageway,30,None,-1,0,None within 50 metres,No physical crossing within 50 meters,Daylight: Street light present,Fine without high winds,Dry,None,None,1,Yes,E01002723,2005
3353,200501EO40797,532590.0,184560.0,-0.089324,51.544314,1,3,1,1,22/07/2005,6,17:48,3,E09000019,3,104,Single carriageway,30,None,-1,0,None within 50 metres,Zebra crossing,Daylight: Street light present,Fine without high winds,Dry,None,None,1,Yes,E01002716,2005
3354,200501EO40798,530200.0,181460.0,-0.124915,51.517011,1,3,1,1,13/07/2005,4,16:38,2,E09000007,3,40,Single carriageway,30,Automatic traffic signal,5,0,None within 50 metres,Pedestrian phase at traffic signal junction,Daylight: Street light present,Fine without high winds,Dry,None,None,1,Yes,E01000918,2005
3355,200501EO40799,530630.0,185800.0,-0.117112,51.555915,1,3,2,1,22/07/2005,6,14:50,3,E09000019,3,1,Dual carriageway,40,Automatic traffic signal,3,503,None within 50 metres,Pedestrian phase at traffic signal junction,Daylight: Street light present,Fine without high winds,Dry,None,None,1,Yes,E01002767,2005
3356,200501EO40800,530330.0,183220.0,-0.122392,51.532798,1,2,2,1,22/07/2005,6,07:40,2,E09000007,3,5200,One way street,30,Giveway or uncontrolled,6,0,None within 50 metres,No physical crossing within 50 meters,Daylight: Street light present,Fine without high winds,Dry,None,None,1,Yes,E01002711,2005
3357,200501EO40801,531360.0,186690.0,-0.106256,51.563743,1,3,1,1,17/07/2005,1,12:25,3,E09000019,3,503,Single carriageway,30,None,-1,0,None within 50 metres,No physical crossing within 50 meters,Daylight: Street light present,Fine without high winds,Dry,None,None,1,Yes,E01002748,2005
3358,200501EO40802,531000.0,181980.0,-0.113199,51.5215,1,3,1,1,21/07/2005,5,22:30,2,E09000007,3,401,Single carriageway,30,Automatic traffic signal,3,5200,None within 50 metres,No physical crossing within 50 meters,Darkness: Street lights present and lit,Fine without high winds,Dry,None,None,1,Yes,E01000917,2005
3359,200501EO40803,529040.0,184000.0,-0.140694,51.540104,1,3,2,1,23/07/2005,7,23:42,2,E09000007,3,503,Single carriageway,30,None,-1,0,None within 50 metres,Pedestrian phase at traffic signal junction,Darkness: Street lights present and lit,Raining without high winds,Wet/Damp,None,None,1,Yes,E01000856,2005
3360,200501EO40804,530510.0,186640.0,-0.118531,51.563491,1,3,2,1,19/07/2005,3,15:45,3,E09000019,3,103,Single carriageway,30,Automatic traffic signal,5,0,None within 50 metres,Pedestrian phase at traffic signal junction,Daylight: Street light present,Fine without high winds,Dry,None,None,1,Yes,E01002737,2005
3361,200501EO40805,530540.0,186690.0,-0.11808,51.563934,1,3,2,1,24/07/2005,1,11:10,3,E09000019,3,103,Single carriageway,30,Giveway or uncontrolled,5,0,None within 50 metres,No physical crossing within 50 meters,Daylight: Street light present,Fine without high winds,Dry,None,None,1,Yes,E01002737,2005
3362,200501EO40806,530190.0,181480.0,-0.125052,51.517193,1,3,1,2,29/07/2005,6,17:40,2,E09000007,3,40,Single carriageway,30,Automatic traffic signal,5,0,None within 50 metres,Pedestrian phase at traffic signal junction,Daylight: Street light present,Fine without high winds,Dry,None,None,1,Yes,E01000918,2005
3363,200501EO40807,531420.0,186740.0,-0.105372,51.564179,1,3,1,1,14/07/2005,5,14:35,3,E09000019,3,503,Single carriageway,30,None,-1,0,None within 50 metres,Pedestrian phase at traffic signal junction,Daylight: Street light present,Fine without high winds,Dry,None,None,1,Yes,E01002748,2005
3364,200501EO40808,530940.0,185470.0,-0.112766,51.552877,1,3,2,1,28/07/2005,5,14:40,3,E09000019,3,1,Single carriageway,30,None,-1,0,None within 50 metres,No physical crossing within 50 meters,Daylight: Street light present,Fine without high winds,Dry,None,None,1,Yes,E01002761,2005
3365,200501EO40809,526600.0,184530.0,-0.175668,51.545419,1,3,1,1,19/07/2005,3,17:38,2,E09000007,4,511,Single carriageway,30,Giveway or uncontrolled,5,0,None within 50 metres,Zebra crossing,Daylight: Street light present,Fine without high winds,Dry,None,None,1,Yes,E01000883,2005
3366,200501EO40810,530800.0,182280.0,-0.115969,51.524242,1,3,1,2,31/07/2005,1,20:30,2,E09000007,3,5200,Single carriageway,30,Automatic traffic signal,4,502,None within 50 metres,Pedestrian phase at traffic signal junction,Daylight: Street light present,Fine without high winds,Dry,None,None,1,Yes,E01000920,2005
3367,200501EO40811,526130.0,185000.0,-0.182274,51.549748,1,3,2,1,01/08/2005,2,18:20,2,E09000007,3,41,Single carriageway,30,Giveway or uncontrolled,6,0,None within 50 metres,non-junction pedestrian crossing,Daylight: Street light present,Fine without high winds,Dry,None,None,1,Yes,E01000972,2005
3368,200501EO40812,529340.0,184410.0,-0.13622,51.54372,1,3,3,1,01/08/2005,2,20:29,2,E09000007,3,503,Single carriageway,30,Giveway or uncontrolled,6,0,None within 50 metres,No physical crossing within 50 meters,Daylight: Street light present,Fine without high winds,Dry,None,None,1,Yes,E01000867,2005
3369,200501EO40813,528990.0,183870.0,-0.141462,51.538947,1,3,2,1,17/04/2005,1,17:15,2,E09000007,3,503,One way street,30,Giveway or uncontrolled,6,0,None within 50 metres,No physical crossing within 50 meters,Daylight: Street light present,Fine without high winds,Dry,None,None,1,No,E01000861,2005
3370,200501EO40814,530340.0,181810.0,-0.122769,51.520124,1,3,2,1,19/04/2005,3,13:25,2,E09000007,3,4200,Single carriageway,30,None,-1,0,None within 50 metres,No physical crossing within 50 meters,Daylight: Street light present,Fine without high winds,Wet/Damp,None,None,1,No,E01000855,2005
3371,200501EO40817,529750.0,184600.0,-0.130241,51.545333,1,3,3,1,15/07/2005,6,17:20,2,E09000007,6,0,Single carriageway,30,Giveway or uncontrolled,6,0,None within 50 metres,No physical crossing within 50 meters,Daylight: Street light present,Fine without high winds,Dry,None,None,1,Yes,E01000869,2005
3372,200501EO40818,526960.0,183830.0,-0.170732,51.539047,1,2,2,1,27/07/2005,4,09:30,2,E09000007,4,525,Single carriageway,30,Giveway or uncontrolled,6,0,None within 50 metres,No physical crossing within 50 meters,Daylight: Street light present,Raining without high winds,Wet/Damp,None,None,1,No,E01000967,2005
3373,200501EO40819,527150.0,184680.0,-0.167687,51.546644,1,3,2,1,26/07/2005,3,18:30,2,E09000007,6,0,Single carriageway,30,None,-1,0,None within 50 metres,No physical crossing within 50 meters,Daylight: Street light present,Fine without high winds,Dry,None,None,1,No,E01000842,2005
3374,200501EO40820,527720.0,184370.0,-0.159583,51.543729,1,3,2,1,05/08/2005,6,19:03,2,E09000007,4,509,Single carriageway,30,Giveway or uncontrolled,6,0,None within 50 metres,No physical crossing within 50 meters,Darkness: Street lights present and lit,Fine without high winds,Dry,None,None,1,Yes,E01000906,2005
3375,200501EO40821,530620.0,181810.0,-0.118736,51.52006,1,3,2,1,10/08/2005,4,12:55,2,E09000007,3,401,Single carriageway,30,Giveway or uncontrolled,6,0,None within 50 metres,No physical crossing within 50 meters,Daylight: Street light present,Fine without high winds,Dry,None,None,1,Yes,E01000914,2005
3376,200501EO40822,528960.0,184560.0,-0.141642,51.545155,1,3,2,1,29/07/2005,6,19:10,2,E09000007,3,400,Single carriageway,30,Automatic traffic signal,5,0,None within 50 metres,Pedestrian phase at traffic signal junction,Daylight: Street light present,Fine without high winds,Dry,None,None,1,Yes,E01000927,2005
3377,200501EO40823,529920.0,181040.0,-0.129103,51.513301,1,3,1,1,01/08/2005,2,13:05,1,E09000033,3,400,Single carriageway,30,Automatic traffic signal,3,401,None within 50 metres,Pedestrian phase at traffic signal junction,Daylight: Street light present,Fine without high winds,Dry,None,None,1,Yes,E01004763,2005
3378,200501EO40824,526630.0,184100.0,-0.17539,51.541548,1,3,2,1,01/08/2005,2,19:05,2,E09000007,3,41,Dual carriageway,30,Automatic traffic signal,4,509,None within 50 metres,Pedestrian phase at traffic signal junction,Daylight: Street light present,Fine without high winds,Dry,None,None,1,Yes,E01000961,2005
3379,200501EO40825,532910.0,182550.0,-0.08547,51.526176,1,3,1,1,10/07/2005,1,22:45,4,E09000012,3,5201,Single carriageway,30,Giveway or uncontrolled,3,5201,None within 50 metres,No physical crossing within 50 meters,Darkness: Street lights present and lit,Fine without high winds,Dry,None,None,1,Yes,E01001780,2005
3380,200501EO40826,529210.0,182790.0,-0.138688,51.529191,1,3,1,1,06/08/2005,7,10:57,2,E09000007,3,400,Single carriageway,30,Giveway or uncontrolled,5,0,None within 50 metres,No physical crossing within 50 meters,Daylight: Street light present,Fine without high winds,Dry,None,None,1,Yes,E01000950,2005
3381,200501EO40827,525440.0,185180.0,-0.192156,51.55152,1,3,1,1,02/08/2005,3,14:40,2,E09000007,4,510,Single carriageway,30,Giveway or uncontrolled,6,0,None within 50 metres,Zebra crossing,Daylight: Street light present,Fine without high winds,Dry,None,None,1,Yes,E01000969,2005
3382,200501EO40828,533350.0,185210.0,-0.078124,51.549977,1,3,2,1,01/08/2005,2,23:24,3,E09000019,5,0,Single carriageway,30,Giveway or uncontrolled,6,0,None within 50 metres,No physical crossing within 50 meters,Darkness: Street lights present and lit,Fine without high winds,Dry,None,None,1,Yes,E01001747,2005
3383,200501EO40829,529000.0,185110.0,-0.140864,51.550088,1,3,2,1,31/07/2005,1,22:20,2,E09000007,3,400,Single carriageway,30,None,-1,0,None within 50 metres,Pedestrian phase at traffic signal junction,Darkness: Street lights present and lit,Fine without high winds,Dry,None,None,1,Yes,E01000928,2005
3384,200501EO40830,529420.0,182390.0,-0.135809,51.525548,1,3,1,1,06/08/2005,7,06:42,2,E09000007,3,501,Dual carriageway,40,Giveway or uncontrolled,3,400,None within 50 metres,No physical crossing within 50 meters,Daylight: Street light present,Fine without high winds,Dry,None,None,1,Yes,E01000852,2005
3385,200501EO40831,530040.0,182200.0,-0.126947,51.523698,1,3,2,1,16/02/2005,4,17:20,2,E09000007,3,4200,Single carriageway,30,Giveway or uncontrolled,6,0,None within 50 metres,No physical crossing within 50 meters,Darkness: Street lights present and lit,Fine without high winds,Dry,None,None,1,Yes,E01000852,2005
3386,200501EO40833,531040.0,185350.0,-0.111369,51.551776,1,3,1,1,12/03/2005,7,13:30,3,E09000019,3,1,Single carriageway,30,Giveway or uncontrolled,6,0,None within 50 metres,No physical crossing within 50 meters,Daylight: Street light present,Fine without high winds,Dry,None,None,1,No,E01002761,2005
3387,200501EO40834,529370.0,186760.0,-0.134924,51.564832,1,3,1,1,08/04/2005,6,12:10,3,E09000019,3,400,Single carriageway,30,None,-1,0,None within 50 metres,No physical crossing within 50 meters,Daylight: Street light present,Fine without high winds,Dry,None,None,1,Yes,E01002770,2005
3388,200501EO40835,529870.0,181390.0,-0.129694,51.516458,1,3,1,1,03/08/2005,4,20:05,2,E09000007,3,40,Single carriageway,30,Automatic traffic signal,3,40,None within 50 metres,No physical crossing within 50 meters,Daylight: Street light present,Fine without high winds,Dry,None,None,1,No,E01000855,2005
3389,200501EO40836,526230.0,186280.0,-0.180374,51.561229,1,2,2,2,07/08/2005,1,19:33,2,E09000007,5,0,Single carriageway,30,Giveway or uncontrolled,5,0,None within 50 metres,No physical crossing within 50 meters,Daylight: Street light present,Fine without high winds,Dry,None,None,1,Yes,E01000899,2005
3390,200501EO40837,531240.0,184760.0,-0.108706,51.546427,1,3,2,1,20/06/2005,2,07:40,3,E09000019,4,515,Single carriageway,30,Giveway or uncontrolled,6,0,None within 50 metres,No physical crossing within 50 meters,Daylight: Street light present,Fine without high winds,Dry,None,None,1,Yes,E01002796,2005
3391,200501EO40838,529510.0,186760.0,-0.132905,51.5648,1,3,1,2,23/07/2005,7,12:05,3,E09000019,3,1,Single carriageway,30,Giveway or uncontrolled,6,0,None within 50 metres,No physical crossing within 50 meters,Daylight: Street light present,Fine without high winds,Dry,Roadworks,None,1,Yes,E01002772,2005
3392,200501EO40839,531010.0,184680.0,-0.112051,51.545761,1,3,1,1,04/08/2005,5,14:50,3,E09000019,6,0,Single carriageway,30,None,-1,0,None within 50 metres,No physical crossing within 50 meters,Daylight: Street light present,Fine without high winds,Dry,None,None,1,Yes,E01002712,2005
3393,200501EO40840,531310.0,185030.0,-0.107596,51.548837,1,2,1,1,12/08/2005,6,23:11,3,E09000019,3,1,Single carriageway,30,Giveway or uncontrolled,6,0,None within 50 metres,non-junction pedestrian crossing,Darkness: Street lights present and lit,Fine without high winds,Dry,None,None,1,Yes,E01002795,2005
3394,200501EO40841,532370.0,184310.0,-0.092588,51.542119,1,3,3,1,03/08/2005,4,10:37,3,E09000019,3,104,Single carriageway,30,Giveway or uncontrolled,6,0,None within 50 metres,No physical crossing within 50 meters,Daylight: Street light present,Fine without high winds,Dry,None,None,1,Yes,E01002722,2005
3395,200501EO40842,532050.0,182150.0,-0.09801,51.522783,1,3,1,1,09/08/2005,3,20:00,3,E09000019,3,1,Single carriageway,30,Giveway or uncontrolled,3,1,None within 50 metres,No physical crossing within 50 meters,Darkness: Street lights present and lit,Fine without high winds,Dry,None,None,1,No,E01002705,2005
3396,200501EO40843,531770.0,182090.0,-0.102066,51.522309,1,3,1,1,02/08/2005,3,12:45,3,E09000019,3,5201,Single carriageway,30,Automatic traffic signal,4,501,None within 50 metres,No physical crossing within 50 meters,Daylight: Street light present,Fine without high winds,Dry,None,None,1,Yes,E01002724,2005
3397,200501EO40844,529200.0,186960.0,-0.137302,51.566668,1,3,2,1,06/08/2005,7,10:15,3,E09000019,4,519,Single carriageway,30,Giveway or uncontrolled,6,0,None within 50 metres,non-junction pedestrian crossing,Daylight: Street light present,Fine without high winds,Dry,None,None,1,Yes,E01002770,2005
3398,200501EO40845,532240.0,184040.0,-0.094563,51.539723,1,3,2,1,01/08/2005,2,13:15,3,E09000019,3,1200,Single carriageway,30,Automatic traffic signal,6,0,None within 50 metres,Pedestrian phase at traffic signal junction,Daylight: Street light present,Fine without high winds,Dry,None,None,1,Yes,E01002797,2005
3399,200501EO40846,531230.0,185130.0,-0.108712,51.549754,1,3,2,1,05/08/2005,6,07:55,3,E09000019,3,1,Single carriageway,30,Giveway or uncontrolled,6,0,None within 50 metres,No physical crossing within 50 meters,Daylight: Street light present,Raining without high winds,Wet/Damp,None,None,1,Yes,E01002795,2005
3400,200501EO40847,529770.0,186320.0,-0.129319,51.560786,1,3,2,1,08/08/2005,2,17:00,3,E09000019,6,0,Single carriageway,30,Giveway or uncontrolled,6,0,None within 50 metres,No physical crossing within 50 meters,Daylight: Street light present,Fine without high winds,Dry,None,None,1,Yes,E01002769,2005
3401,200501EO40848,531150.0,183110.0,-0.110618,51.53162,1,3,1,2,09/08/2005,3,08:25,3,E09000019,3,501,Single carriageway,30,None,-1,0,None within 50 metres,No physical crossing within 50 meters,Daylight: Street light present,Fine without high winds,Dry,None,None,1,Yes,E01002728,2005
3402,200501EO40849,524860.0,184340.0,-0.200815,51.544099,1,3,1,1,20/08/2005,7,20:02,28,E09000005,3,5,Single carriageway,30,None,-1,0,None within 50 metres,No physical crossing within 50 meters,Darkness: Street lights present and lit,Fine without high winds,Dry,None,None,1,Yes,E01000545,2005
3403,200501EO40850,532190.0,184860.0,-0.094976,51.547104,1,3,2,1,04/08/2005,5,21:15,3,E09000019,3,1199,Single carriageway,30,None,-1,0,None within 50 metres,No physical crossing within 50 meters,Darkness: Street lights present and lit,Fine without high winds,Wet/Damp,None,None,1,Yes,E01002717,2005
3404,200501EO40851,526190.0,184920.0,-0.181438,51.549016,1,3,2,1,05/08/2005,6,17:10,2,E09000007,3,41,Single carriageway,30,Automatic traffic signal,6,0,None within 50 metres,Pedestrian phase at traffic signal junction,Daylight: Street light present,Fine without high winds,Dry,None,None,1,Yes,E01000972,2005
3405,200501EO40852,529000.0,185120.0,-0.14086,51.550178,1,3,1,1,07/08/2005,1,14:55,2,E09000007,3,400,Single carriageway,30,None,-1,0,None within 50 metres,No physical crossing within 50 meters,Daylight: Street light present,Fine without high winds,Dry,None,None,1,Yes,E01000928,2005
3406,200501EO40853,531910.0,182490.0,-0.099899,51.525871,1,3,2,1,09/08/2005,3,09:10,3,E09000019,3,1,Single carriageway,30,None,-1,0,None within 50 metres,No physical crossing within 50 meters,Daylight: Street light present,Fine without high winds,Dry,None,None,1,Yes,E01002703,2005
3407,200501EO40854,526650.0,184300.0,-0.17503,51.543341,1,3,2,1,10/08/2005,4,12:30,2,E09000007,3,41,Roundabout,30,Automatic traffic signal,3,41,None within 50 metres,Pedestrian phase at traffic signal junction,Daylight: Street light present,Fine without high winds,Dry,None,None,1,No,E01000963,2005
3408,200501EO40855,528890.0,183860.0,-0.142907,51.53888,1,3,2,1,14/08/2005,1,00:19,2,E09000007,3,4201,Single carriageway,30,Giveway or uncontrolled,3,400,None within 50 metres,Pedestrian phase at traffic signal junction,Darkness: Street lights present and lit,Fine without high winds,Dry,None,None,1,Yes,E01000863,2005
3409,200501EO40856,525060.0,186240.0,-0.197258,51.56113,1,3,1,1,12/08/2005,6,09:29,30,E09000003,3,598,Single carriageway,30,Giveway or uncontrolled,6,0,None within 50 metres,No physical crossing within 50 meters,Daylight: Street light present,Fine without high winds,Dry,None,None,1,Yes,E01000140,2005
3410,200501EO40857,530460.0,185990.0,-0.119493,51.557661,1,2,2,1,29/07/2005,6,02:30,3,E09000019,3,1,Dual carriageway,30,Automatic traffic signal,3,503,None within 50 metres,No physical crossing within 50 meters,Darkness: Street lights present and lit,Fine without high winds,Dry,None,None,1,Yes,E01002763,2005
3411,200501EO40858,530810.0,186320.0,-0.114324,51.560546,1,3,1,1,15/07/2005,6,14:03,3,E09000019,3,503,Single carriageway,30,None,-1,0,None within 50 metres,No physical crossing within 50 meters,Daylight: Street light present,Fine without high winds,Dry,None,None,1,Yes,E01002730,2005
3412,200501EO40859,531620.0,184560.0,-0.103304,51.544541,1,3,1,1,08/08/2005,2,14:55,3,E09000019,3,1,Single carriageway,30,Giveway or uncontrolled,5,0,None within 50 metres,No physical crossing within 50 meters,Daylight: Street light present,Fine without high winds,Dry,None,None,1,Yes,E01002790,2005
3413,200501EO40860,530510.0,181530.0,-0.120424,51.517569,1,3,2,1,09/04/2005,7,23:15,2,E09000007,3,40,One way street,30,Giveway or uncontrolled,3,4200,None within 50 metres,Pedestrian phase at traffic signal junction,Darkness: Street lights present and lit,Fine without high winds,Dry,None,None,1,Yes,E01000918,2005
3414,200501EO40861,532610.0,184600.0,-0.08902,51.544669,1,3,1,1,15/07/2005,6,17:25,3,E09000019,3,104,Single carriageway,30,Giveway or uncontrolled,6,0,None within 50 metres,Zebra crossing,Daylight: Street light present,Fine without high winds,Dry,None,None,1,Yes,E01002716,2005
3415,200501EO40862,530590.0,184770.0,-0.118071,51.546667,1,3,2,1,07/08/2005,1,04:27,3,E09000019,3,5203,Single carriageway,30,Automatic traffic signal,5,0,None within 50 metres,No physical crossing within 50 meters,Darkness: Street lights present and lit,Fine without high winds,Dry,None,None,1,Yes,E01002713,2005
3416,200501EO40863,525100.0,184030.0,-0.197466,51.54126,1,3,2,1,14/08/2005,1,15:10,2,E09000007,3,5,Single carriageway,30,Giveway or uncontrolled,6,0,None within 50 metres,No physical crossing within 50 meters,Daylight: Street light present,Fine without high winds,Dry,None,None,1,Yes,E01000545,2005
3417,200501EO40864,533290.0,184790.0,-0.079148,51.546216,1,3,2,2,04/08/2005,5,15:30,4,E09000012,3,104,Single carriageway,30,Giveway or uncontrolled,6,0,None within 50 metres,No physical crossing within 50 meters,Daylight: Street light present,Fine without high winds,Dry,None,None,1,Yes,E01001756,2005
3418,200501EO40865,525520.0,184760.0,-0.191153,51.547727,1,3,1,1,09/08/2005,3,20:07,2,E09000007,4,510,Single carriageway,30,Automatic traffic signal,4,520,None within 50 metres,Pedestrian phase at traffic signal junction,Daylight: Street light present,Fine without high winds,Dry,Roadworks,None,1,Yes,E01000973,2005
3419,200501EO40866,528810.0,182770.0,-0.144458,51.529103,1,3,2,1,10/08/2005,4,11:35,2,E09000007,3,4201,Single carriageway,30,Giveway or uncontrolled,6,0,None within 50 metres,No physical crossing within 50 meters,Daylight: Street light present,Fine without high winds,Dry,None,None,1,Yes,E01000946,2005
3420,200501EO40867,531450.0,183140.0,-0.106284,51.53182,1,2,2,2,10/08/2005,4,11:19,3,E09000019,3,401,Single carriageway,30,Automatic traffic signal,3,501,None within 50 metres,Pedestrian phase at traffic signal junction,Daylight: Street light present,Fine without high winds,Dry,None,None,1,Yes,E01002727,2005
3421,200501EO40868,529710.0,187730.0,-0.129664,51.573471,1,3,2,1,05/08/2005,6,16:05,3,E09000019,6,0,Single carriageway,30,Giveway or uncontrolled,6,0,None within 50 metres,No physical crossing within 50 meters,Daylight: Street light present,Fine without high winds,Dry,None,None,1,Yes,E01002757,2005
3422,200501EO40869,528920.0,183840.0,-0.142482,51.538693,1,3,2,1,17/08/2005,4,08:01,2,E09000007,3,400,One way street,30,Automatic traffic signal,3,4201,None within 50 metres,Pedestrian phase at traffic signal junction,Daylight: Street light present,Fine without high winds,Dry,None,None,1,Yes,E01000863,2005
3423,200501EO40870,527890.0,183920.0,-0.157297,51.539646,1,3,1,1,17/08/2005,4,22:30,2,E09000007,5,0,Single carriageway,30,Giveway or uncontrolled,6,0,None within 50 metres,No physical crossing within 50 meters,Darkness: Street lights present and lit,Fine without high winds,Dry,None,None,1,Yes,E01000860,2005
3424,200501EO40871,531410.0,186740.0,-0.105516,51.564181,1,3,1,1,10/07/2005,1,14:25,3,E09000019,3,503,Single carriageway,30,Automatic traffic signal,3,503,None within 50 metres,Pedestrian phase at traffic signal junction,Daylight: Street light present,Fine without high winds,Dry,None,None,1,Yes,E01002734,2005
3425,200501EO40872,532150.0,184130.0,-0.095826,51.540553,1,3,2,1,13/07/2005,4,10:00,3,E09000019,3,104,Single carriageway,30,Automatic traffic signal,3,1200,None within 50 metres,Pedestrian phase at traffic signal junction,Daylight: Street light present,Fine without high winds,Dry,None,None,1,No,E01002797,2005
3426,200501EO40873,526330.0,184670.0,-0.17951,51.546738,1,3,2,1,17/08/2005,4,23:40,2,E09000007,3,41,Single carriageway,30,Automatic traffic signal,5,0,None within 50 metres,Pedestrian phase at traffic signal junction,Darkness: Street lights present and lit,Fine without high winds,Dry,None,None,1,Yes,E01000960,2005
3427,200501EO40874,530020.0,185270.0,-0.126102,51.551292,1,3,2,1,28/07/2005,5,20:34,3,E09000019,3,503,Single carriageway,30,Giveway or uncontrolled,6,0,None within 50 metres,non-junction pedestrian crossing,Darkness: Street lights present and lit,Fine without high winds,Dry,None,None,1,Yes,E01002764,2005
3428,200501EO40875,529740.0,182570.0,-0.131133,51.527092,1,3,1,1,29/07/2005,6,12:25,2,E09000007,3,501,Dual carriageway,30,Automatic traffic signal,3,4200,None within 50 metres,Pedestrian phase at traffic signal junction,Daylight: Street light present,Fine without high winds,Dry,None,None,1,Yes,E01000852,2005
3429,200501EO40876,530500.0,182170.0,-0.120331,51.523323,1,3,1,1,03/08/2005,4,15:45,2,E09000007,4,502,Single carriageway,30,None,-1,0,None within 50 metres,No physical crossing within 50 meters,Daylight: Street light present,Fine without high winds,Dry,None,None,1,Yes,E01000937,2005
3430,200501EO40878,528940.0,184550.0,-0.141934,51.54507,1,3,2,1,23/06/2005,5,18:20,2,E09000007,5,0,Single carriageway,30,Giveway or uncontrolled,3,400,None within 50 metres,No physical crossing within 50 meters,Daylight: Street light present,Fine without high winds,Dry,None,None,1,Yes,E01000856,2005
3431,200501EO40879,528210.0,187200.0,-0.15149,51.569051,1,3,2,1,24/08/2005,4,13:09,2,E09000007,5,0,Single carriageway,30,Giveway or uncontrolled,6,0,None within 50 metres,No physical crossing within 50 meters,Daylight: Street light present,Raining with high winds,Wet/Damp,None,None,1,Yes,E01000913,2005
3432,200501EO40880,531480.0,182060.0,-0.106254,51.522107,1,3,2,1,25/07/2005,2,08:50,3,E09000019,3,5201,Single carriageway,30,Giveway or uncontrolled,5,0,None within 50 metres,No physical crossing within 50 meters,Daylight: Street light present,Fine without high winds,Dry,None,None,1,Yes,E01002724,2005
3433,200501EO40881,529000.0,185050.0,-0.140886,51.549549,1,3,2,1,11/08/2005,5,09:00,2,E09000007,3,400,Single carriageway,30,Giveway or uncontrolled,6,0,None within 50 metres,non-junction pedestrian crossing,Daylight: Street light present,Fine without high winds,Dry,None,None,1,Yes,E01000921,2005
3434,200501EO40882,525960.0,185460.0,-0.18456,51.55392,1,3,2,1,08/07/2005,6,16:25,2,E09000007,6,0,Single carriageway,30,Giveway or uncontrolled,6,0,None within 50 metres,No physical crossing within 50 meters,Daylight: Street light present,Fine without high winds,Dry,None,None,1,Yes,E01000880,2005
3435,200501EO40883,530320.0,183000.0,-0.122617,51.530823,1,3,2,1,07/05/2005,7,10:55,2,E09000007,3,5200,One way street,30,Automatic traffic signal,3,501,None within 50 metres,Pedestrian phase at traffic signal junction,Daylight: Street light present,Fine without high winds,Dry,None,None,1,Yes,E01000953,2005
3436,200501EO40884,526230.0,186730.0,-0.180212,51.565273,1,2,1,1,11/07/2005,2,21:12,2,E09000007,6,0,Single carriageway,30,None,-1,0,None within 50 metres,No physical crossing within 50 meters,Daylight: Street light present,Fine without high winds,Dry,None,None,1,Yes,E01000899,2005
3437,200501EO40885,528900.0,183860.0,-0.142763,51.538878,1,2,1,1,11/08/2005,5,13:47,2,E09000007,3,4201,One way street,30,Automatic traffic signal,3,400,None within 50 metres,Pedestrian phase at traffic signal junction,Daylight: Street light present,Fine without high winds,Dry,None,None,1,Yes,E01000863,2005
3438,200501EO40886,525430.0,184100.0,-0.192685,51.541816,1,3,2,1,08/08/2005,2,13:30,2,E09000007,4,510,Single carriageway,30,Giveway or uncontrolled,6,0,None within 50 metres,No physical crossing within 50 meters,Daylight: Street light present,Fine without high winds,Dry,None,None,1,Yes,E01000932,2005
3439,200501EO40887,531040.0,181990.0,-0.112619,51.52158,1,3,2,1,29/07/2005,6,18:30,2,E09000007,3,5201,Single carriageway,30,Automatic traffic signal,3,401,None within 50 metres,Pedestrian phase at traffic signal junction,Daylight: Street light present,Fine without high winds,Dry,None,None,1,Yes,E01000914,2005
3440,200501EO40888,529400.0,184170.0,-0.135444,51.541549,1,3,2,1,24/08/2005,4,09:00,2,E09000007,3,5202,One way street,30,Giveway or uncontrolled,3,5202,None within 50 metres,No physical crossing within 50 meters,Daylight: Street light present,Fine without high winds,Dry,None,None,1,Yes,E01000867,2005
3441,200501EO40889,528730.0,182310.0,-0.145779,51.524987,1,2,2,1,02/08/2005,3,15:40,2,E09000007,6,0,Single carriageway,30,Giveway or uncontrolled,6,0,None within 50 metres,No physical crossing within 50 meters,Daylight: Street light present,Fine without high winds,Dry,None,None,1,Yes,E01004716,2005
3442,200501EO40890,530320.0,182980.0,-0.122625,51.530644,1,3,1,1,09/08/2005,3,12:41,2,E09000007,3,501,Single carriageway,30,Automatic traffic signal,3,5200,None within 50 metres,Pedestrian phase at traffic signal junction,Daylight: Street light present,Fine without high winds,Dry,None,None,1,Yes,E01000953,2005
3443,200501EO40891,527530.0,183280.0,-0.162716,51.533976,1,3,2,1,14/08/2005,1,21:00,2,E09000007,6,0,Single carriageway,30,Giveway or uncontrolled,6,0,None within 50 metres,No physical crossing within 50 meters,Darkness: Street lights present and lit,Fine without high winds,Dry,None,None,1,Yes,E01004727,2005
3444,200501EO40892,531600.0,184760.0,-0.103517,51.546343,1,2,2,1,18/08/2005,5,23:47,3,E09000019,3,1,Roundabout,30,Giveway or uncontrolled,3,1200,None within 50 metres,No physical crossing within 50 meters,Darkness: Street lights present and lit,Fine without high winds,Dry,None,None,1,Yes,E01002795,2005
3445,200501EO40893,528680.0,184160.0,-0.145824,51.541624,1,3,2,1,13/08/2005,7,16:50,2,E09000007,3,502,Single carriageway,30,Giveway or uncontrolled,3,502,None within 50 metres,Zebra crossing,Daylight: Street light present,Fine without high winds,Dry,None,None,1,No,E01000863,2005
3446,200501EO40894,528200.0,184880.0,-0.15248,51.548204,1,2,1,1,17/08/2005,4,11:21,2,E09000007,4,517,Single carriageway,30,None,-1,0,None within 50 metres,Zebra crossing,Daylight: Street light present,Fine without high winds,Dry,None,None,1,Yes,E01000900,2005
3447,200501EO40895,530560.0,187110.0,-0.117635,51.567703,1,3,2,1,21/06/2005,3,18:10,3,E09000019,6,0,Single carriageway,30,Giveway or uncontrolled,6,0,None within 50 metres,No physical crossing within 50 meters,Daylight: Street light present,Fine without high winds,Dry,None,None,1,Yes,E01002806,2005
3448,200501EO40896,531340.0,185080.0,-0.107145,51.549279,1,3,2,1,18/08/2005,5,22:25,3,E09000019,6,0,Single carriageway,30,Giveway or uncontrolled,6,0,None within 50 metres,No physical crossing within 50 meters,Darkness: Street lights present and lit,Fine without high winds,Dry,None,None,1,Yes,E01002739,2005
3449,200501EO40897,531210.0,182310.0,-0.110051,51.524417,1,3,1,1,10/08/2005,4,13:00,3,E09000019,3,201,Single carriageway,30,Automatic traffic signal,6,0,None within 50 metres,Pedestrian phase at traffic signal junction,Daylight: Street light present,Fine without high winds,Dry,None,None,1,Yes,E01002724,2005
3450,200501EO40899,528790.0,187260.0,-0.143104,51.569458,1,3,1,1,18/08/2005,5,08:35,2,E09000007,4,519,Single carriageway,30,Giveway or uncontrolled,6,0,None within 50 metres,Zebra crossing,Daylight: Street light present,Fine without high winds,Dry,None,None,1,Yes,E01000913,2005
3451,200501EO40900,529000.0,185500.0,-0.140721,51.553593,1,3,1,1,19/08/2005,6,03:07,2,E09000007,3,400,Single carriageway,30,None,-1,0,None within 50 metres,No physical crossing within 50 meters,Darkness: Street lights present and lit,Fine without high winds,Dry,None,None,1,Yes,E01000921,2005
3452,200501EO40901,531450.0,181990.0,-0.106713,51.521485,1,3,2,1,18/08/2005,5,20:30,2,E09000007,3,201,Single carriageway,30,Giveway or uncontrolled,6,0,None within 50 metres,No physical crossing within 50 meters,Daylight: Street light present,Fine without high winds,Dry,None,None,1,No,E01000916,2005
3453,200501EO40902,531900.0,183850.0,-0.099534,51.538095,1,2,1,1,18/08/2005,5,12:20,3,E09000019,3,104,Single carriageway,30,Giveway or uncontrolled,6,0,None within 50 metres,No physical crossing within 50 meters,Daylight: Street light present,Fine without high winds,Dry,None,None,1,Yes,E01002799,2005
3454,200501EO40904,531440.0,183140.0,-0.106428,51.531822,1,3,1,1,18/08/2005,5,09:16,3,E09000019,3,501,Single carriageway,30,Automatic traffic signal,3,1,None within 50 metres,Pedestrian phase at traffic signal junction,Daylight: Street light present,Fine without high winds,Dry,None,None,1,Yes,E01002727,2005
3455,200501EO40905,531690.0,183990.0,-0.102508,51.539402,1,3,2,1,31/07/2005,1,11:01,3,E09000019,3,1,Single carriageway,30,Giveway or uncontrolled,5,0,None within 50 metres,Zebra crossing,Daylight: Street light present,Fine without high winds,Dry,None,None,1,Yes,E01002794,2005
3456,200501EO40906,530190.0,185490.0,-0.12357,51.55323,1,3,2,1,31/08/2005,4,01:00,3,E09000019,3,503,Single carriageway,30,Automatic traffic signal,3,5203,None within 50 metres,Pedestrian phase at traffic signal junction,Darkness: Street lights present and lit,Fine without high winds,Dry,None,None,1,Yes,E01002764,2005
3457,200501EO40907,531820.0,182770.0,-0.101091,51.528408,1,2,2,2,28/08/2005,1,16:15,3,E09000019,3,1,Single carriageway,30,Automatic traffic signal,5,0,None within 50 metres,Pedestrian phase at traffic signal junction,Daylight: Street light present,Fine without high winds,Dry,None,None,1,Yes,E01002723,2005
3458,200501EO40908,531720.0,183630.0,-0.10221,51.53616,1,3,2,2,06/08/2005,7,08:49,3,E09000019,3,104,Single carriageway,30,Giveway or uncontrolled,6,0,None within 50 metres,non-junction pedestrian crossing,Daylight: Street light present,Fine without high winds,Dry,None,None,1,Yes,E01002801,2005
3459,200501EO40909,531810.0,184750.0,-0.100494,51.546204,1,3,2,1,01/09/2005,5,22:44,3,E09000019,3,1201,Single carriageway,30,Giveway or uncontrolled,6,0,None within 50 metres,No physical crossing within 50 meters,Darkness: Street lights present and lit,Fine without high winds,Dry,None,None,1,Yes,E01002740,2005
3460,200501EO40910,529210.0,182570.0,-0.138769,51.527214,1,3,2,1,15/08/2005,2,16:20,2,E09000007,3,400,Single carriageway,30,Giveway or uncontrolled,6,0,None within 50 metres,No physical crossing within 50 meters,Daylight: Street light present,Fine without high winds,Dry,None,None,1,Yes,E01000945,2005
3461,200501EO40911,528980.0,183940.0,-0.141581,51.539578,1,3,1,1,20/08/2005,7,10:14,2,E09000007,3,503,Single carriageway,30,Giveway or uncontrolled,3,503,None within 50 metres,non-junction pedestrian crossing,Daylight: Street light present,Fine without high winds,Dry,None,None,1,Yes,E01000861,2005
3462,200501EO40912,526360.0,185760.0,-0.178686,51.556527,1,3,4,1,21/08/2005,1,08:49,2,E09000007,3,502,Single carriageway,30,Automatic traffic signal,4,511,None within 50 metres,Pedestrian phase at traffic signal junction,Daylight: Street light present,Fine without high winds,Dry,None,None,1,Yes,E01000879,2005
3463,200501EO40913,528890.0,183890.0,-0.142896,51.53915,1,3,2,1,20/08/2005,7,13:30,2,E09000007,3,502,One way street,30,None,-1,0,None within 50 metres,Pedestrian phase at traffic signal junction,Daylight: Street light present,Fine without high winds,Dry,None,None,1,Yes,E01000863,2005
3464,200501EO40914,528940.0,187160.0,-0.140978,51.568525,1,2,2,1,13/08/2005,7,16:30,3,E09000019,4,519,Single carriageway,30,None,-1,0,None within 50 metres,No physical crossing within 50 meters,Daylight: Street light present,Raining without high winds,Wet/Damp,None,None,1,Yes,E01002770,2005
3465,200501EO40915,533290.0,185140.0,-0.079015,51.549362,1,3,1,1,19/08/2005,6,12:10,3,E09000019,5,0,Single carriageway,30,Giveway or uncontrolled,6,0,None within 50 metres,Pedestrian phase at traffic signal junction,Daylight: Street light present,Raining without high winds,Wet/Damp,None,None,1,Yes,E01002777,2005
3466,200501EO40916,530940.0,185470.0,-0.112766,51.552877,1,3,2,1,20/08/2005,7,12:48,3,E09000019,3,1,Single carriageway,30,Automatic traffic signal,3,103,None within 50 metres,Pedestrian phase at traffic signal junction,Daylight: Street light present,Fine without high winds,Dry,None,None,1,Yes,E01002761,2005
3467,200501EO40917,533290.0,184890.0,-0.07911,51.547115,1,3,2,1,22/08/2005,2,19:00,3,E09000019,6,0,Single carriageway,30,Giveway or uncontrolled,6,0,None within 50 metres,No physical crossing within 50 meters,Daylight: Street light present,Raining without high winds,Wet/Damp,None,None,1,Yes,E01002778,2005
3468,200501EO40918,526240.0,184060.0,-0.181026,51.541276,1,3,1,1,22/08/2005,2,13:28,2,E09000007,4,509,Single carriageway,30,None,-1,0,None within 50 metres,No physical crossing within 50 meters,Daylight: Street light present,Raining without high winds,Wet/Damp,None,None,1,Yes,E01000934,2005
3469,200501EO40919,531680.0,182110.0,-0.103355,51.52251,1,3,2,1,23/08/2005,3,10:15,3,E09000019,3,5201,Single carriageway,30,Giveway or uncontrolled,6,0,None within 50 metres,No physical crossing within 50 meters,Daylight: Street light present,Fine without high winds,Dry,None,None,1,Yes,E01002724,2005
3470,200501EO40920,529170.0,185930.0,-0.138113,51.557419,1,3,1,1,22/08/2005,2,10:00,3,E09000019,3,400,Single carriageway,30,Giveway or uncontrolled,6,0,None within 50 metres,No physical crossing within 50 meters,Daylight: Street light present,Raining without high winds,Wet/Damp,None,None,1,Yes,E01002768,2005
3471,200501EO40921,526630.0,184330.0,-0.175308,51.543615,1,3,1,1,22/08/2005,2,21:26,2,E09000007,3,41,Single carriageway,30,Automatic traffic signal,3,41,None within 50 metres,Pedestrian phase at traffic signal junction,Darkness: Street lights present and lit,Raining without high winds,Wet/Damp,None,None,1,Yes,E01000963,2005
3472,200501EO40922,531300.0,186650.0,-0.107136,51.563398,1,2,1,1,05/08/2005,6,16:10,3,E09000019,3,503,Single carriageway,30,None,-1,0,None within 50 metres,No physical crossing within 50 meters,Daylight: Street light present,Fine without high winds,Dry,None,None,1,Yes,E01002734,2005
3473,200501EO40923,529140.0,185830.0,-0.138582,51.556527,1,3,1,1,24/08/2005,4,13:42,2,E09000007,3,400,Single carriageway,30,None,-1,0,None within 50 metres,Pedestrian phase at traffic signal junction,Daylight: Street light present,Raining without high winds,Wet/Damp,None,None,1,Yes,E01000921,2005
3474,200501EO40924,529530.0,182450.0,-0.134202,51.526062,1,2,1,1,25/08/2005,5,02:19,2,E09000007,3,501,Single carriageway,30,None,-1,0,None within 50 metres,No physical crossing within 50 meters,Darkness: Street lights present and lit,Fine without high winds,Wet/Damp,None,None,1,Yes,E01000852,2005
3475,200501EO40925,531090.0,181610.0,-0.11204,51.518154,48,3,2,1,25/08/2005,5,13:10,570,E09000001,3,40,Single carriageway,30,None,-1,0,None within 50 metres,Pedestrian phase at traffic signal junction,Daylight: Street light present,Fine without high winds,Dry,None,None,1,Yes,E01000914,2005
3476,200501EO40926,530010.0,186480.0,-0.125799,51.562169,1,3,2,1,17/08/2005,4,09:10,3,E09000019,3,1,Single carriageway,30,Giveway or uncontrolled,6,0,None within 50 metres,No physical crossing within 50 meters,Daylight: Street light present,Fine without high winds,Dry,None,None,1,Yes,E01002774,2005
3477,200501EO40927,530670.0,186190.0,-0.116391,51.55941,1,3,2,1,24/08/2005,4,10:45,3,E09000019,3,503,Single carriageway,30,Giveway or uncontrolled,6,0,None within 50 metres,No physical crossing within 50 meters,Daylight: Street light present,Raining without high winds,Wet/Damp,None,None,1,Yes,E01002730,2005
3478,200501EO40928,529870.0,187410.0,-0.127474,51.570559,1,3,2,1,02/09/2005,6,14:08,3,E09000019,5,0,Single carriageway,30,Giveway or uncontrolled,6,0,None within 50 metres,No physical crossing within 50 meters,Daylight: Street light present,Fine without high winds,Dry,None,None,1,Yes,E01002758,2005
3479,200501EO40929,531360.0,184970.0,-0.106898,51.548286,1,2,2,1,30/08/2005,3,07:35,3,E09000019,3,1,Single carriageway,30,Giveway or uncontrolled,6,0,None within 50 metres,No physical crossing within 50 meters,Daylight: Street light present,Fine without high winds,Dry,None,None,1,Yes,E01002795,2005
3480,200501EO40930,527100.0,185870.0,-0.167978,51.557349,1,3,2,1,04/09/2005,1,22:00,2,E09000007,5,0,Single carriageway,30,Giveway or uncontrolled,6,0,None within 50 metres,Zebra crossing,Darkness: Street lights present and lit,Fine without high winds,Dry,None,None,1,Yes,E01000894,2005
3481,200501EO40931,532740.0,184820.0,-0.087064,51.546616,1,3,2,1,11/07/2005,2,07:45,3,E09000019,3,105,Single carriageway,30,Automatic traffic signal,3,1199,None within 50 metres,Pedestrian phase at traffic signal junction,Daylight: Street light present,Fine without high winds,Dry,None,None,1,Yes,E01002776,2005
3482,200501EO40933,529410.0,182400.0,-0.135949,51.52564,1,2,2,1,26/08/2005,6,15:04,2,E09000007,3,501,Single carriageway,30,Automatic traffic signal,4,522,None within 50 metres,No physical crossing within 50 meters,Daylight: Street light present,Fine without high winds,Dry,None,None,1,Yes,E01000852,2005
3483,200501EO40934,530450.0,181690.0,-0.121229,51.519021,1,3,1,1,01/09/2005,5,12:53,2,E09000007,3,4200,Single carriageway,30,Automatic traffic signal,3,401,None within 50 metres,Pedestrian phase at traffic signal junction,Daylight: Street light present,Fine without high winds,Dry,None,None,1,Yes,E01000914,2005
3484,200501EO40935,529590.0,183660.0,-0.132893,51.536922,1,3,2,2,25/08/2005,5,15:50,2,E09000007,3,5202,One way street,30,Giveway or uncontrolled,6,0,None within 50 metres,No physical crossing within 50 meters,Daylight: Street light present,Fine without high winds,Dry,None,None,1,Yes,E01000958,2005
3485,200501EO40936,531690.0,183990.0,-0.102508,51.539402,1,3,2,1,25/08/2005,5,19:50,3,E09000019,3,1,Single carriageway,30,Giveway or uncontrolled,5,0,None within 50 metres,Zebra crossing,Darkness: Street lights present and lit,Fine without high winds,Wet/Damp,None,None,1,Yes,E01002794,2005
3486,200501EO40937,531520.0,181790.0,-0.105779,51.519671,1,3,2,1,31/08/2005,4,04:30,2,E09000007,3,201,Single carriageway,30,Automatic traffic signal,6,0,None within 50 metres,Pedestrian phase at traffic signal junction,Darkness: Street lights present and lit,Fine without high winds,Dry,None,None,1,Yes,E01000916,2005
3487,200501EO40938,529080.0,183700.0,-0.140228,51.537399,1,3,2,1,18/08/2005,5,00:35,2,E09000007,3,503,One way street,30,Giveway or uncontrolled,5,0,None within 50 metres,Zebra crossing,Darkness: Street lights present and lit,Fine without high winds,Dry,None,None,1,Yes,E01000947,2005
3488,200501EO40939,529210.0,182930.0,-0.138637,51.530449,1,3,1,1,03/09/2005,7,13:08,2,E09000007,3,400,Dual carriageway,30,None,-1,0,None within 50 metres,non-junction pedestrian crossing,Daylight: Street light present,Fine without high winds,Dry,None,None,1,Yes,E01000945,2005
3489,200501EO40940,524400.0,185000.0,-0.207212,51.550132,1,3,2,1,01/09/2005,5,18:50,28,E09000005,3,5,Single carriageway,30,Automatic traffic signal,5,0,None within 50 metres,No physical crossing within 50 meters,Daylight: Street light present,Fine without high winds,Dry,None,None,1,Yes,E01000875,2005
3490,200501EO40941,531970.0,182950.0,-0.098862,51.529991,1,3,1,1,26/08/2005,6,18:00,3,E09000019,3,501,Single carriageway,30,Giveway or uncontrolled,6,0,None within 50 metres,No physical crossing within 50 meters,Daylight: Street light present,Fine without high winds,Dry,None,None,1,Yes,E01002707,2005
3491,200501EO40942,529520.0,181850.0,-0.134567,51.520672,1,3,2,1,27/08/2005,7,18:14,2,E09000007,3,400,One way street,30,Giveway or uncontrolled,6,0,None within 50 metres,No physical crossing within 50 meters,Daylight: Street light present,Fine without high winds,Dry,None,None,1,Yes,E01000851,2005
3492,200501EO40943,531400.0,186780.0,-0.105646,51.564543,1,3,1,1,24/08/2005,4,00:48,3,E09000019,3,503,Single carriageway,30,None,-1,0,None within 50 metres,No physical crossing within 50 meters,Darkness: Street lights present and lit,Fine without high winds,Dry,None,None,1,Yes,E01002734,2005
3493,200501EO40944,531080.0,186990.0,-0.110182,51.566504,1,3,1,1,07/09/2005,4,15:30,3,E09000019,6,0,Single carriageway,30,None,-1,0,None within 50 metres,No physical crossing within 50 meters,Daylight: Street light present,Fine without high winds,Dry,None,None,1,Yes,E01002735,2005
3494,200501EO40945,531480.0,182850.0,-0.10596,51.529207,1,3,2,2,02/08/2005,3,14:52,3,E09000019,3,401,Single carriageway,30,None,-1,0,None within 50 metres,No physical crossing within 50 meters,Daylight: Street light present,Fine without high winds,Dry,None,None,1,Yes,E01002727,2005
3495,200501EO40946,530230.0,181180.0,-0.124586,51.514488,1,3,2,1,02/09/2005,6,16:20,2,E09000007,4,401,Single carriageway,30,Giveway or uncontrolled,6,0,None within 50 metres,No physical crossing within 50 meters,Daylight: Street light present,Fine without high winds,Dry,None,None,1,Yes,E01000919,2005
3496,200501EO40947,529450.0,186890.0,-0.133723,51.565982,1,3,1,1,31/08/2005,4,00:37,3,E09000019,3,1,Roundabout,30,Automatic traffic signal,3,400,None within 50 metres,No physical crossing within 50 meters,Darkness: Street lights present and lit,Fine without high winds,Dry,None,None,1,Yes,E01002772,2005
3497,200501EO40948,531080.0,185100.0,-0.110886,51.54952,1,3,2,1,26/08/2005,6,20:25,3,E09000019,4,515,Single carriageway,30,Automatic traffic signal,5,0,None within 50 metres,Pedestrian phase at traffic signal junction,Darkness: Street lights present and lit,Fine without high winds,Dry,None,None,1,Yes,E01002761,2005
3498,200501EO40949,529000.0,185170.0,-0.140842,51.550628,1,3,1,1,12/08/2005,6,09:40,2,E09000007,3,400,Single carriageway,30,Automatic traffic signal,5,0,None within 50 metres,Pedestrian phase at traffic signal junction,Daylight: Street light present,Fine without high winds,Dry,None,None,1,Yes,E01000928,2005
3499,200501EO40950,529780.0,183590.0,-0.130181,51.53625,1,3,2,1,28/08/2005,1,09:15,2,E09000007,6,0,Single carriageway,30,Giveway or uncontrolled,6,0,None within 50 metres,No physical crossing within 50 meters,Daylight: Street light present,Fine without high winds,Dry,None,None,1,Yes,E01000958,2005
3500,200501EO40951,524740.0,184810.0,-0.202378,51.548349,1,3,1,1,05/09/2005,2,14:14,2,E09000007,6,0,Slip road,30,Giveway or uncontrolled,6,0,None within 50 metres,No physical crossing within 50 meters,Daylight: Street light present,Fine without high winds,Dry,None,None,1,Yes,E01000875,2005
3501,200501EO40952,531260.0,183130.0,-0.109025,51.531774,1,3,2,1,02/09/2005,6,23:15,3,E09000019,3,501,Single carriageway,30,None,-1,0,None within 50 metres,No physical crossing within 50 meters,Darkness: Street lights present and lit,Fine without high winds,Dry,None,None,1,Yes,E01002696,2005
3502,200501EO40953,529240.0,182330.0,-0.138424,51.52505,1,3,2,2,21/08/2005,1,13:30,2,E09000007,3,501,Single carriageway,30,Automatic traffic signal,3,400,None within 50 metres,Pedestrian phase at traffic signal junction,Daylight: Street light present,Fine without high winds,Dry,None,None,1,Yes,E01000946,2005
3503,200501EO40954,529710.0,181560.0,-0.131936,51.518023,1,3,2,1,30/08/2005,3,00:01,2,E09000007,3,400,Single carriageway,30,Giveway or uncontrolled,6,0,None within 50 metres,No physical crossing within 50 meters,Darkness: Street lights present and lit,Fine without high winds,Dry,None,None,1,Yes,E01000850,2005
3504,200501EO40955,530470.0,185990.0,-0.119348,51.557659,1,3,2,1,25/08/2005,5,14:35,3,E09000019,3,1,Single carriageway,30,Automatic traffic signal,3,503,None within 50 metres,Pedestrian phase at traffic signal junction,Daylight: Street light present,Fine without high winds,Wet/Damp,Auto traffic signal partly defective,None,1,Yes,E01002763,2005
3505,200501EO40957,526440.0,185530.0,-0.177615,51.554442,1,3,1,1,07/09/2005,4,13:20,2,E09000007,4,511,Single carriageway,30,None,-1,0,None within 50 metres,No physical crossing within 50 meters,Daylight: Street light present,Fine without high winds,Dry,None,None,1,Yes,E01000879,2005
3506,200501EO40958,532670.0,182680.0,-0.088879,51.527401,1,3,2,1,15/04/2005,6,20:30,3,E09000019,3,501,Single carriageway,30,Automatic traffic signal,3,1200,None within 50 metres,Pedestrian phase at traffic signal junction,Darkness: Street lights present and lit,Fine without high winds,Dry,None,None,1,No,E01001778,2005
3507,200501EO40960,530390.0,186050.0,-0.12048,51.558217,1,3,2,1,28/08/2005,1,23:40,3,E09000019,3,1,Dual carriageway,30,Automatic traffic signal,3,1,None within 50 metres,Pedestrian phase at traffic signal junction,Darkness: Street lights present and lit,Fine without high winds,Dry,None,None,1,Yes,E01002786,2005
3508,200501EO40961,530310.0,182320.0,-0.123013,51.524715,1,3,2,1,30/08/2005,3,19:00,2,E09000007,4,504,Single carriageway,30,Giveway or uncontrolled,6,0,None within 50 metres,Zebra crossing,Daylight: Street light present,Fine without high winds,Dry,None,None,1,Yes,E01000853,2005
3509,200501EO40963,531700.0,183610.0,-0.102506,51.535985,1,3,1,1,22/08/2005,2,10:15,3,E09000019,3,104,Single carriageway,30,None,-1,0,None within 50 metres,No physical crossing within 50 meters,Daylight: Street light present,Raining without high winds,Wet/Damp,None,None,1,Yes,E01002801,2005
3510,200501EO40964,530470.0,182160.0,-0.120767,51.52324,1,3,2,1,20/08/2005,7,22:42,2,E09000007,4,502,Single carriageway,30,Giveway or uncontrolled,4,502,None within 50 metres,Zebra crossing,Darkness: Street lights present and lit,Fine without high winds,Dry,None,None,1,Yes,E01000937,2005
3511,200501EO40965,531100.0,183110.0,-0.111338,51.531631,1,3,2,1,18/08/2005,5,09:15,3,E09000019,5,0,Single carriageway,30,Automatic traffic signal,3,501,None within 50 metres,No physical crossing within 50 meters,Daylight: Street light present,Fine without high winds,Dry,None,None,1,No,E01002695,2005
3512,200501EO40966,530700.0,186220.0,-0.115947,51.559673,1,3,3,2,03/09/2005,7,10:41,3,E09000019,3,503,Single carriageway,30,None,-1,0,None within 50 metres,No physical crossing within 50 meters,Daylight: Street light present,Fine without high winds,Dry,None,None,1,Yes,E01002731,2005
3513,200501EO40967,530170.0,186020.0,-0.123662,51.557998,1,3,2,1,02/08/2005,3,18:05,3,E09000019,5,0,Single carriageway,30,None,-1,0,None within 50 metres,No physical crossing within 50 meters,Daylight: Street light present,Fine without high winds,Dry,None,None,1,No,E01002786,2005
3514,200501EO40968,528950.0,184230.0,-0.141907,51.542191,1,3,2,1,05/09/2005,2,21:00,2,E09000007,3,400,Single carriageway,30,None,-1,0,None within 50 metres,No physical crossing within 50 meters,Darkness: Street lights present and lit,Fine without high winds,Dry,None,None,1,No,E01000856,2005
3515,200501EO40969,530690.0,181840.0,-0.117716,51.520313,1,3,2,2,27/08/2005,7,20:30,2,E09000007,3,401,Single carriageway,30,Automatic traffic signal,5,0,None within 50 metres,No physical crossing within 50 meters,Darkness: Street lights present and lit,Fine without high winds,Dry,None,None,1,No,E01000914,2005
3516,200501EO40970,526640.0,184250.0,-0.175192,51.542894,1,3,1,2,16/04/2005,7,08:45,2,E09000007,3,41,Single carriageway,30,None,-1,0,None within 50 metres,No physical crossing within 50 meters,Daylight: Street light present,Fine without high winds,Dry,None,None,1,No,E01000963,2005
3517,200501EO40971,529510.0,185180.0,-0.133487,51.550601,1,3,2,1,06/09/2005,3,15:55,2,E09000007,3,5200,Single carriageway,30,Giveway or uncontrolled,3,5200,None within 50 metres,No physical crossing within 50 meters,Daylight: Street light present,Fine without high winds,Dry,None,None,1,No,E01000924,2005
3518,200501EO40972,530300.0,185390.0,-0.122021,51.552306,1,3,2,1,31/08/2005,4,15:50,3,E09000019,3,5203,Single carriageway,30,Giveway or uncontrolled,6,0,None within 50 metres,No physical crossing within 50 meters,Daylight: Street light present,Fine without high winds,Dry,None,None,1,Yes,E01002762,2005
3519,200501EO40973,531410.0,182050.0,-0.107266,51.522034,1,3,2,1,23/08/2005,3,11:30,3,E09000019,3,5201,Single carriageway,30,Giveway or uncontrolled,3,201,None within 50 metres,Pedestrian phase at traffic signal junction,Daylight: Street light present,Fine without high winds,Dry,None,None,1,Yes,E01000916,2005
3520,200501EO40975,525250.0,185710.0,-0.194707,51.556325,1,2,1,3,29/08/2005,2,22:20,2,E09000007,3,41,Single carriageway,30,Giveway or uncontrolled,6,0,None within 50 metres,No physical crossing within 50 meters,Darkness: Street lights present and lit,Fine without high winds,Dry,None,None,1,Yes,E01000877,2005
3521,200501EO40976,532210.0,182860.0,-0.095438,51.529126,1,3,2,1,07/09/2005,4,17:15,3,E09000019,3,501,Single carriageway,30,Giveway or uncontrolled,3,501,None within 50 metres,No physical crossing within 50 meters,Daylight: Street light present,Fine without high winds,Dry,None,None,1,Yes,E01002702,2005
3522,200501EO40977,531930.0,182410.0,-0.099641,51.525148,1,3,2,1,07/09/2005,4,13:46,3,E09000019,3,1,Single carriageway,30,Giveway or uncontrolled,6,0,None within 50 metres,Zebra crossing,Daylight: Street light present,Fine without high winds,Dry,None,None,1,Yes,E01002703,2005
3523,200501EO40978,529210.0,182710.0,-0.138717,51.528472,1,3,2,1,23/08/2005,3,17:05,2,E09000007,3,400,Single carriageway,30,Giveway or uncontrolled,6,0,None within 50 metres,non-junction pedestrian crossing,Daylight: Street light present,Fine without high winds,Dry,None,None,1,No,E01000950,2005
3524,200501EO40980,528950.0,184610.0,-0.141768,51.545606,1,2,2,1,08/09/2005,5,16:11,2,E09000007,3,400,Single carriageway,30,Giveway or uncontrolled,6,0,None within 50 metres,Zebra crossing,Daylight: Street light present,Fine without high winds,Dry,None,None,1,Yes,E01000927,2005
3525,200501EO40981,531960.0,185020.0,-0.098231,51.548596,1,2,1,1,10/09/2005,7,00:45,3,E09000019,3,1201,Single carriageway,30,Giveway or uncontrolled,6,0,None within 50 metres,No physical crossing within 50 meters,Darkness: Street lights present and lit,Raining without high winds,Wet/Damp,None,None,1,Yes,E01002738,2005
3526,200501EO40982,529210.0,182700.0,-0.138721,51.528382,1,3,2,1,07/09/2005,4,18:20,2,E09000007,3,400,Single carriageway,30,Giveway or uncontrolled,6,0,None within 50 metres,non-junction pedestrian crossing,Daylight: Street light present,Fine without high winds,Dry,None,None,1,Yes,E01000950,2005
3527,200501EO40983,528990.0,185000.0,-0.141048,51.549102,1,3,1,1,07/09/2005,4,11:55,2,E09000007,3,400,Single carriageway,30,Giveway or uncontrolled,6,0,None within 50 metres,No physical crossing within 50 meters,Daylight: Street light present,Fine without high winds,Dry,None,None,1,Yes,E01000928,2005
3528,200501EO40984,528750.0,184250.0,-0.144782,51.542417,1,3,2,1,11/09/2005,1,13:50,2,E09000007,5,0,Single carriageway,30,Giveway or uncontrolled,6,0,None within 50 metres,No physical crossing within 50 meters,Daylight: Street light present,Fine without high winds,Dry,None,None,1,Yes,E01000858,2005
3529,200501EO40985,530970.0,185430.0,-0.112348,51.552511,1,3,2,2,09/08/2005,3,00:57,3,E09000019,3,1,Single carriageway,30,Automatic traffic signal,3,103,None within 50 metres,Pedestrian phase at traffic signal junction,Darkness: Street lights present and lit,Fine without high winds,Dry,None,None,1,Yes,E01002761,2005
3530,200501EO40986,530280.0,181900.0,-0.1236,51.520947,1,2,1,1,10/09/2005,7,12:53,2,E09000007,3,4200,Single carriageway,30,None,-1,0,None within 50 metres,non-junction pedestrian crossing,Daylight: Street light present,Fine without high winds,Wet/Damp,None,None,1,Yes,E01000855,2005
3531,200501EO40987,530020.0,185280.0,-0.126098,51.551382,1,2,2,2,16/09/2005,6,15:43,3,E09000019,3,503,Single carriageway,30,Automatic traffic signal,6,0,None within 50 metres,Pedestrian phase at traffic signal junction,Daylight: Street light present,Fine without high winds,Dry,None,None,1,Yes,E01002764,2005
3532,200501EO40988,529440.0,186890.0,-0.133867,51.565984,1,3,1,1,11/09/2005,1,03:29,3,E09000019,3,1,Roundabout,30,Automatic traffic signal,5,0,None within 50 metres,Pedestrian phase at traffic signal junction,Darkness: Street lights present and lit,Fine without high winds,Dry,None,None,1,Yes,E01002772,2005
3533,200501EO40989,530520.0,181720.0,-0.12021,51.519274,1,3,1,1,13/09/2005,3,14:43,2,E09000007,3,40,One way street,30,Automatic traffic signal,3,40,None within 50 metres,Pedestrian phase at traffic signal junction,Daylight: Street light present,Fine without high winds,Dry,None,None,1,Yes,E01000914,2005
3534,200501EO40990,530170.0,182130.0,-0.1251,51.523039,1,3,1,1,16/09/2005,6,10:40,2,E09000007,4,504,Single carriageway,30,Giveway or uncontrolled,6,0,None within 50 metres,Zebra crossing,Daylight: Street light present,Fine without high winds,Dry,None,None,1,Yes,E01000855,2005
3535,200501EO40991,530230.0,181940.0,-0.124306,51.521318,1,3,1,2,16/09/2005,6,12:10,2,E09000007,3,4200,Single carriageway,30,Automatic traffic signal,3,4200,None within 50 metres,Pedestrian phase at traffic signal junction,Daylight: Street light present,Fine without high winds,Dry,None,None,1,Yes,E01000855,2005
3536,200501EO40992,529330.0,186620.0,-0.135552,51.563583,1,3,2,1,08/09/2005,5,08:52,3,E09000019,3,400,Single carriageway,30,Giveway or uncontrolled,6,0,None within 50 metres,No physical crossing within 50 meters,Daylight: Street light present,Fine without high winds,Dry,None,None,1,Yes,E01002770,2005
3537,200501EO40993,528730.0,184110.0,-0.145122,51.541163,1,3,1,1,17/09/2005,7,18:15,2,E09000007,3,502,Single carriageway,30,None,-1,0,None within 50 metres,No physical crossing within 50 meters,Daylight: Street light present,Fine without high winds,Dry,None,None,1,Yes,E01000863,2005
3538,200501EO40994,529150.0,185860.0,-0.138427,51.556794,1,2,1,1,08/09/2005,5,08:19,3,E09000019,3,5200,Single carriageway,30,Automatic traffic signal,3,5200,None within 50 metres,Pedestrian phase at traffic signal junction,Daylight: Street light present,Fine without high winds,Dry,None,None,1,Yes,E01000921,2005
3539,200501EO40995,529910.0,186530.0,-0.127223,51.562641,1,3,3,1,03/09/2005,7,16:20,3,E09000019,3,1,Single carriageway,30,Giveway or uncontrolled,6,0,None within 50 metres,No physical crossing within 50 meters,Daylight: Street light present,Fine without high winds,Dry,None,None,1,Yes,E01002774,2005
3540,200501EO40996,532790.0,181900.0,-0.087443,51.520363,1,3,2,1,16/09/2005,6,18:30,3,E09000019,3,501,Single carriageway,30,Automatic traffic signal,4,100,None within 50 metres,Pedestrian phase at traffic signal junction,Daylight: Street light present,Fine without high winds,Dry,None,None,1,Yes,E01002704,2005
3541,200501EO40997,530800.0,182870.0,-0.11575,51.529544,1,3,2,1,03/07/2005,1,14:16,3,E09000019,3,501,Single carriageway,30,Automatic traffic signal,3,501,None within 50 metres,Pedestrian phase at traffic signal junction,Daylight: Street light present,Fine without high winds,Dry,None,None,1,Yes,E01002728,2005
3542,200501EO40998,531530.0,182070.0,-0.10553,51.522185,1,3,2,1,16/09/2005,6,17:19,3,E09000019,3,5201,Single carriageway,30,Giveway or uncontrolled,6,0,None within 50 metres,Zebra crossing,Daylight: Street light present,Fine without high winds,Dry,None,None,1,Yes,E01002724,2005
3543,200501EO41000,528920.0,185360.0,-0.141926,51.552353,1,3,2,1,21/09/2005,4,09:03,2,E09000007,4,518,Single carriageway,30,Giveway or uncontrolled,6,0,None within 50 metres,No physical crossing within 50 meters,Daylight: Street light present,Fine without high winds,Dry,None,None,1,Yes,E01000928,2005
3544,200501EO41001,531690.0,184730.0,-0.102231,51.546053,1,3,2,1,18/08/2005,5,17:00,3,E09000019,3,1200,Roundabout,30,Giveway or uncontrolled,3,1201,None within 50 metres,No physical crossing within 50 meters,Daylight: Street light present,Fine without high winds,Dry,None,None,1,Yes,E01002791,2005
3545,200501EO41002,527560.0,185070.0,-0.161636,51.550056,1,3,2,1,15/09/2005,5,11:20,2,E09000007,6,0,Single carriageway,30,None,-1,0,None within 50 metres,No physical crossing within 50 meters,Daylight: Street light present,Raining without high winds,Wet/Damp,None,None,1,Yes,E01000892,2005
3546,200501EO41003,526640.0,186240.0,-0.174476,51.560778,1,3,4,1,09/08/2005,3,15:25,2,E09000007,5,0,Single carriageway,30,None,-1,0,None within 50 metres,No physical crossing within 50 meters,Daylight: Street light present,Fine without high winds,Dry,None,None,1,Yes,E01000899,2005
3547,200501EO41004,530500.0,183190.0,-0.119954,51.532489,1,3,1,1,27/07/2005,4,21:14,3,E09000019,3,5203,Single carriageway,30,Giveway or uncontrolled,6,0,None within 50 metres,Zebra crossing,Darkness: Street lights present and lit,Raining without high winds,Wet/Damp,None,None,1,Yes,E01002711,2005
3548,200501EO41005,531540.0,186740.0,-0.103642,51.564151,1,3,2,1,15/09/2005,5,23:20,3,E09000019,3,1201,Single carriageway,30,Giveway or uncontrolled,3,1201,None within 50 metres,Zebra crossing,Darkness: Street lights present and lit,Raining without high winds,Wet/Damp,None,None,1,Yes,E01001718,2005
3549,200501EO41006,527100.0,185430.0,-0.168137,51.553395,1,3,2,1,11/09/2005,1,15:50,2,E09000007,6,0,Single carriageway,30,Giveway or uncontrolled,4,518,None within 50 metres,No physical crossing within 50 meters,Daylight: Street light present,Fine without high winds,Dry,None,None,1,Yes,E01000898,2005
3550,200501EO41007,531470.0,183010.0,-0.106044,51.530647,1,3,2,1,01/09/2005,5,08:04,3,E09000019,3,401,Single carriageway,30,Giveway or uncontrolled,6,0,None within 50 metres,Zebra crossing,Daylight: Street light present,Fine without high winds,Dry,None,None,1,Yes,E01002727,2005
3551,200501EO41008,527300.0,185520.0,-0.165221,51.554159,1,3,1,1,12/09/2005,2,18:00,2,E09000007,4,518,Single carriageway,30,Giveway or uncontrolled,4,518,None within 50 metres,No physical crossing within 50 meters,Daylight: Street light present,Fine without high winds,Dry,None,None,1,Yes,E01000887,2005
3552,200501EO41009,531460.0,186780.0,-0.104781,51.564529,1,3,1,1,14/09/2005,4,12:10,3,E09000019,3,503,Single carriageway,30,Automatic traffic signal,3,1201,None within 50 metres,Pedestrian phase at traffic signal junction,Daylight: Street light present,Fine without high winds,Dry,None,None,1,Yes,E01002748,2005
3553,200501EO41010,530090.0,185380.0,-0.125052,51.552265,1,2,2,1,17/08/2005,4,12:15,3,E09000019,3,503,Single carriageway,30,Giveway or uncontrolled,6,0,None within 50 metres,Zebra crossing,Daylight: Street light present,Fine without high winds,Dry,None,None,1,Yes,E01002764,2005
3554,200501EO41011,531690.0,183340.0,-0.102751,51.533561,1,3,2,2,10/09/2005,7,12:40,3,E09000019,6,0,Single carriageway,30,Giveway or uncontrolled,6,0,None within 50 metres,No physical crossing within 50 meters,Daylight: Street light present,Fine without high winds,Dry,None,None,1,Yes,E01002801,2005
3555,200501EO41012,531540.0,183090.0,-0.105006,51.531349,1,3,2,1,05/09/2005,2,15:30,3,E09000019,6,0,One way street,30,Giveway or uncontrolled,3,501,None within 50 metres,No physical crossing within 50 meters,Daylight: Street light present,Fine without high winds,Dry,None,None,1,Yes,E01002707,2005
3556,200501EO41013,531310.0,185030.0,-0.107596,51.548837,1,3,1,1,12/09/2005,2,17:15,3,E09000019,3,1,Single carriageway,30,Giveway or uncontrolled,6,0,None within 50 metres,non-junction pedestrian crossing,Daylight: Street light present,Fine without high winds,Dry,None,None,1,Yes,E01002795,2005
3557,200501EO41014,529860.0,187410.0,-0.127619,51.570561,1,3,2,1,15/09/2005,5,08:26,3,E09000019,5,0,Single carriageway,30,Giveway or uncontrolled,6,0,None within 50 metres,Zebra crossing,Daylight: Street light present,Raining without high winds,Wet/Damp,None,None,1,Yes,E01002758,2005
3558,200501EO41015,528610.0,183480.0,-0.147081,51.535529,1,3,2,1,07/09/2005,4,22:02,2,E09000007,3,4201,Single carriageway,30,Automatic traffic signal,6,0,None within 50 metres,Pedestrian phase at traffic signal junction,Darkness: Street lights present and lit,Fine without high winds,Dry,None,None,1,Yes,E01000948,2005
3559,200501EO41016,526420.0,184550.0,-0.178256,51.545639,1,3,1,1,12/09/2005,2,12:15,2,E09000007,3,41,Single carriageway,30,Giveway or uncontrolled,6,0,None within 50 metres,No physical crossing within 50 meters,Daylight: Street light present,Fine without high winds,Dry,None,None,1,Yes,E01000960,2005
3560,200501EO41018,529810.0,184980.0,-0.129236,51.548735,1,3,2,1,14/09/2005,4,15:03,3,E09000019,3,503,Single carriageway,30,Automatic traffic signal,3,5200,None within 50 metres,Pedestrian phase at traffic signal junction,Daylight: Street light present,Fine without high winds,Dry,Auto traffic singal out,None,1,Yes,E01000926,2005
3561,200501EO41019,532530.0,184500.0,-0.090211,51.543789,1,3,1,1,18/09/2005,1,00:09,3,E09000019,3,104,Single carriageway,30,Giveway or uncontrolled,5,0,None within 50 metres,No physical crossing within 50 meters,Darkness: Street lights present and lit,Fine without high winds,Dry,None,None,1,Yes,E01002720,2005
3562,200501EO41020,530230.0,181370.0,-0.124516,51.516196,1,2,1,1,15/09/2005,5,21:50,2,E09000007,3,40,Single carriageway,30,Automatic traffic signal,5,0,None within 50 metres,Pedestrian phase at traffic signal junction,Darkness: Street lights present and lit,Raining without high winds,Wet/Damp,None,None,1,Yes,E01000919,2005
3563,200501EO41021,525650.0,185840.0,-0.188894,51.557404,1,3,2,1,17/09/2005,7,12:15,2,E09000007,6,0,Single carriageway,30,Giveway or uncontrolled,6,0,None within 50 metres,No physical crossing within 50 meters,Daylight: Street light present,Fine without high winds,Dry,None,None,1,Yes,E01000878,2005
3564,200501EO41022,530900.0,183050.0,-0.114242,51.531139,1,3,2,1,16/09/2005,6,20:59,3,E09000019,3,501,One way street,30,Automatic traffic signal,3,501,None within 50 metres,Pedestrian phase at traffic signal junction,Darkness: Street lights present and lit,Fine without high winds,Dry,None,None,1,Yes,E01002728,2005
3565,200501EO41023,529020.0,183450.0,-0.141184,51.535166,1,2,2,1,20/09/2005,3,19:30,2,E09000007,6,0,Single carriageway,30,Giveway or uncontrolled,6,0,None within 50 metres,No physical crossing within 50 meters,Darkness: Street lights present and lit,Fine without high winds,Dry,None,None,1,Yes,E01000947,2005
3566,200501EO41024,526560.0,185200.0,-0.176004,51.551449,1,3,2,1,16/09/2005,6,13:05,2,E09000007,4,511,Single carriageway,30,Giveway or uncontrolled,6,0,None within 50 metres,Zebra crossing,Daylight: Street light present,Fine without high winds,Dry,None,None,1,Yes,E01000881,2005
3567,200501EO41025,531060.0,186490.0,-0.110656,51.562016,1,3,2,1,16/09/2005,6,19:45,3,E09000019,3,503,Single carriageway,30,Giveway or uncontrolled,6,0,None within 50 metres,No physical crossing within 50 meters,Daylight: Street light present,Fine without high winds,Dry,None,None,1,Yes,E01002734,2005
3568,200501EO41026,531520.0,183390.0,-0.105182,51.53405,1,2,1,1,20/09/2005,3,02:50,3,E09000019,3,1,Dual carriageway,30,Automatic traffic signal,6,0,None within 50 metres,Pedestrian phase at traffic signal junction,Darkness: Street lights present and lit,Fine without high winds,Dry,None,None,1,Yes,E01002794,2005
3569,200501EO41027,524740.0,184510.0,-0.202485,51.545653,1,2,1,1,17/09/2005,7,23:54,28,E09000005,3,5,Single carriageway,30,Automatic traffic signal,4,520,None within 50 metres,Pedestrian phase at traffic signal junction,Darkness: Street lights present and lit,Fine without high winds,Dry,Road surface defective,None,1,Yes,E01000490,2005
3570,200501EO41028,529440.0,184520.0,-0.134738,51.544686,1,3,2,2,15/09/2005,5,11:30,2,E09000007,3,503,Single carriageway,30,Giveway or uncontrolled,6,0,None within 50 metres,No physical crossing within 50 meters,Daylight: Street light present,Fine without high winds,Dry,None,None,1,No,E01000865,2005
3571,200501EO41029,531240.0,184700.0,-0.108728,51.545888,1,3,2,1,08/09/2005,5,09:15,3,E09000019,4,515,Single carriageway,30,Giveway or uncontrolled,6,0,None within 50 metres,Zebra crossing,Daylight: Street light present,Fine without high winds,Dry,None,None,1,Yes,E01002796,2005
3572,200501EO41030,529040.0,184000.0,-0.140694,51.540104,1,3,2,1,10/08/2005,4,19:55,2,E09000007,3,503,Single carriageway,30,None,-1,0,None within 50 metres,No physical crossing within 50 meters,Darkness: Street lights present and lit,Fine without high winds,Dry,None,None,1,No,E01000856,2005
3573,200501EO41031,528870.0,186050.0,-0.142394,51.558566,1,3,2,1,19/09/2005,2,15:07,2,E09000007,5,0,Single carriageway,30,None,-1,0,None within 50 metres,No physical crossing within 50 meters,Daylight: Street light present,Fine without high winds,Dry,None,None,1,No,E01000911,2005
3574,200501EO41032,530440.0,185980.0,-0.119785,51.557576,1,3,2,1,17/09/2005,7,01:45,3,E09000019,3,503,One way street,30,Automatic traffic signal,3,1,None within 50 metres,Pedestrian phase at traffic signal junction,Darkness: Street lights present and lit,Fine without high winds,Dry,None,None,1,No,E01002786,2005
3575,200501EO41033,526630.0,184320.0,-0.175311,51.543525,1,3,2,1,19/09/2005,2,19:00,2,E09000007,3,41,Single carriageway,30,Automatic traffic signal,4,511,None within 50 metres,Pedestrian phase at traffic signal junction,Daylight: Street light present,Fine without high winds,Dry,None,None,1,Yes,E01000963,2005
3576,200501EO41034,532790.0,185280.0,-0.08617,51.550738,1,3,2,1,19/09/2005,2,08:16,3,E09000019,3,105,Single carriageway,30,Giveway or uncontrolled,3,105,None within 50 metres,Zebra crossing,Daylight: Street light present,Fine without high winds,Dry,None,None,1,Yes,E01002782,2005
3577,200501EO41036,526140.0,184990.0,-0.182134,51.549656,1,3,3,1,07/09/2005,4,09:53,2,E09000007,3,41,Single carriageway,30,Automatic traffic signal,6,0,None within 50 metres,Pedestrian phase at traffic signal junction,Daylight: Street light present,Fine without high winds,Dry,None,None,1,Yes,E01000881,2005
3578,200501EO41037,531110.0,183100.0,-0.111198,51.531539,1,3,2,1,22/08/2005,2,07:12,3,E09000019,3,501,Single carriageway,30,Automatic traffic signal,5,0,None within 50 metres,No physical crossing within 50 meters,Daylight: Street light present,Fine without high winds,Dry,None,None,1,Yes,E01002728,2005
3579,200501EO41038,532210.0,182640.0,-0.095521,51.527149,1,3,2,1,08/09/2005,5,20:49,3,E09000019,4,502,Single carriageway,30,Giveway or uncontrolled,6,0,None within 50 metres,No physical crossing within 50 meters,Darkness: Street lights present and lit,Fine without high winds,Dry,None,None,1,Yes,E01002702,2005
3580,200501EO41039,531130.0,185240.0,-0.110113,51.550766,1,3,2,1,14/09/2005,4,17:12,3,E09000019,3,1,Dual carriageway,30,Giveway or uncontrolled,4,515,None within 50 metres,No physical crossing within 50 meters,Daylight: Street light present,Fine without high winds,Dry,None,None,1,Yes,E01002795,2005
3581,200501EO41040,525490.0,185480.0,-0.191329,51.554205,1,3,2,1,08/09/2005,5,22:25,2,E09000007,3,41,Single carriageway,30,Giveway or uncontrolled,6,0,None within 50 metres,Pedestrian phase at traffic signal junction,Darkness: Street lights present and lit,Fine without high winds,Dry,None,None,1,Yes,E01000874,2005
3582,200501EO41041,529570.0,181780.0,-0.133872,51.520032,1,3,1,2,23/09/2005,6,17:10,2,E09000007,3,400,Single carriageway,30,Automatic traffic signal,4,506,None within 50 metres,Pedestrian phase at traffic signal junction,Daylight: Street light present,Fine without high winds,Dry,None,None,1,Yes,E01000850,2005
3583,200501EO41042,530170.0,182020.0,-0.125141,51.522051,1,3,1,1,14/09/2005,4,14:12,2,E09000007,3,4200,One way street,30,Automatic traffic signal,4,502,None within 50 metres,Pedestrian phase at traffic signal junction,Daylight: Street light present,Fine without high winds,Dry,None,None,1,Yes,E01000855,2005
3584,200501EO41043,529220.0,182520.0,-0.138643,51.526762,1,3,2,1,05/09/2005,2,13:00,2,E09000007,3,400,Single carriageway,30,None,-1,0,None within 50 metres,No physical crossing within 50 meters,Daylight: Street light present,Fine without high winds,Dry,None,None,1,Yes,E01000946,2005
3585,200501EO41044,532100.0,183630.0,-0.096735,51.536072,1,3,2,1,11/09/2005,1,23:26,3,E09000019,4,144,Single carriageway,20,Giveway or uncontrolled,6,0,None within 50 metres,Zebra crossing,Darkness: Street lights present and lit,Fine without high winds,Dry,None,None,1,Yes,E01002800,2005
3586,200501EO41045,529960.0,182300.0,-0.128063,51.524615,1,3,2,1,14/09/2005,4,13:29,2,E09000007,3,4200,Single carriageway,30,Automatic traffic signal,3,4200,None within 50 metres,No physical crossing within 50 meters,Daylight: Street light present,Fine without high winds,Dry,None,None,1,Yes,E01000852,2005
3587,200501EO41046,529130.0,184640.0,-0.139162,51.545835,1,3,1,1,24/09/2005,7,14:38,2,E09000007,6,0,Single carriageway,30,None,-1,0,None within 50 metres,No physical crossing within 50 meters,Daylight: Street light present,Fine without high winds,Dry,None,None,1,Yes,E01000866,2005
3588,200501EO41047,529440.0,182400.0,-0.135517,51.525633,1,3,1,1,24/09/2005,7,06:45,2,E09000007,3,501,Single carriageway,30,Automatic traffic signal,3,400,None within 50 metres,Pedestrian phase at traffic signal junction,Daylight: Street light present,Fine without high winds,Dry,None,None,1,Yes,E01000852,2005
3589,200501EO41048,529210.0,182730.0,-0.13871,51.528652,1,3,1,1,15/09/2005,5,15:43,2,E09000007,3,400,Single carriageway,30,None,-1,0,None within 50 metres,No physical crossing within 50 meters,Daylight: Street light present,Raining without high winds,Wet/Damp,None,None,1,Yes,E01000950,2005
3590,200501EO41049,529840.0,182470.0,-0.129729,51.526171,1,3,3,1,26/09/2005,2,09:26,2,E09000007,3,4200,Single carriageway,30,None,-1,0,None within 50 metres,No physical crossing within 50 meters,Daylight: Street light present,Fine without high winds,Dry,None,None,1,Yes,E01000852,2005
3591,200501EO41050,529290.0,182240.0,-0.137737,51.52423,1,2,1,1,26/09/2005,2,13:30,2,E09000007,3,400,One way street,30,Giveway or uncontrolled,6,0,None within 50 metres,No physical crossing within 50 meters,Daylight: Street light present,Fine without high winds,Dry,None,None,1,Yes,E01000854,2005
3592,200501EO41051,529000.0,185040.0,-0.14089,51.549459,1,3,2,1,26/09/2005,2,08:40,2,E09000007,3,400,Single carriageway,30,Giveway or uncontrolled,6,0,None within 50 metres,No physical crossing within 50 meters,Daylight: Street light present,Fine without high winds,Dry,None,None,1,Yes,E01000922,2005
3593,200501EO41052,528590.0,185810.0,-0.146518,51.556473,1,3,1,1,26/09/2005,2,08:30,2,E09000007,4,518,Single carriageway,30,Automatic traffic signal,4,518,None within 50 metres,Pedestrian phase at traffic signal junction,Daylight: Street light present,Fine without high winds,Dry,None,None,1,Yes,E01000912,2005
3594,200501EO41053,532140.0,184120.0,-0.095974,51.540466,1,3,2,1,22/09/2005,5,22:55,3,E09000019,3,104,Single carriageway,30,Automatic traffic signal,3,1200,None within 50 metres,Pedestrian phase at traffic signal junction,Darkness: Street lights present and lit,Fine without high winds,Dry,None,None,1,Yes,E01002797,2005
3595,200501EO41054,529060.0,182800.0,-0.140845,51.529315,1,3,2,1,23/09/2005,6,19:10,2,E09000007,6,0,Single carriageway,30,Giveway or uncontrolled,6,0,None within 50 metres,No physical crossing within 50 meters,Daylight: Street light present,Fine without high winds,Wet/Damp,None,None,1,Yes,E01000951,2005
3596,200501EO41055,530350.0,182960.0,-0.1222,51.530457,1,3,1,1,29/09/2005,5,23:55,2,E09000007,3,501,Single carriageway,30,Automatic traffic signal,3,5200,None within 50 metres,Pedestrian phase at traffic signal junction,Darkness: Street lights present and lit,Fine without high winds,Dry,None,None,1,Yes,E01000938,2005
3597,200501EO41056,530940.0,181950.0,-0.114074,51.521244,1,3,1,2,04/10/2005,3,21:44,2,E09000007,3,401,Single carriageway,30,Giveway or uncontrolled,6,0,None within 50 metres,No physical crossing within 50 meters,Darkness: Street lights present and lit,Fine without high winds,Dry,None,None,1,Yes,E01000914,2005
3598,200501EO41057,530560.0,186090.0,-0.118014,51.558537,1,3,2,1,28/09/2005,4,21:30,3,E09000019,3,503,One way street,30,Giveway or uncontrolled,6,0,None within 50 metres,non-junction pedestrian crossing,Darkness: Street lights present and lit,Raining without high winds,Wet/Damp,None,None,1,Yes,E01002731,2005
3599,200501EO41058,529160.0,185850.0,-0.138286,51.556702,1,3,1,1,27/09/2005,3,00:14,3,E09000019,3,5200,Single carriageway,30,Automatic traffic signal,5,0,None within 50 metres,Pedestrian phase at traffic signal junction,Darkness: Street lights present and lit,Fine without high winds,Dry,None,None,1,Yes,E01002789,2005
3600,200501EO41059,531490.0,185540.0,-0.104811,51.553378,1,3,1,1,14/09/2005,4,17:53,3,E09000019,5,0,Single carriageway,30,Giveway or uncontrolled,6,0,None within 50 metres,No physical crossing within 50 meters,Daylight: Street light present,Fine without high winds,Dry,None,None,1,Yes,E01002745,2005
3601,200501EO41060,530520.0,186620.0,-0.118394,51.563309,1,3,1,1,29/09/2005,5,20:02,3,E09000019,3,103,Single carriageway,30,Automatic traffic signal,5,0,None within 50 metres,Pedestrian phase at traffic signal junction,Darkness: Street lights present and lit,Fine without high winds,Dry,None,None,1,Yes,E01002737,2005
3602,200501EO41061,529790.0,181450.0,-0.130824,51.517016,1,3,1,1,29/09/2005,5,18:05,2,E09000007,5,0,Single carriageway,30,Giveway or uncontrolled,3,400,None within 50 metres,No physical crossing within 50 meters,Daylight: Street light present,Fine without high winds,Dry,None,None,1,Yes,E01004763,2005
3603,200501EO41062,529710.0,181910.0,-0.131808,51.521168,1,3,2,2,30/09/2005,6,14:00,2,E09000007,4,506,Single carriageway,30,None,-1,0,None within 50 metres,No physical crossing within 50 meters,Daylight: Street light present,Fine without high winds,Dry,None,None,1,Yes,E01000850,2005
3604,200501EO41063,531090.0,186510.0,-0.110216,51.562188,1,3,1,1,23/09/2005,6,14:20,3,E09000019,3,503,Single carriageway,30,Giveway or uncontrolled,6,0,None within 50 metres,No physical crossing within 50 meters,Daylight: Street light present,Fine without high winds,Dry,None,None,1,Yes,E01002734,2005
3605,200501EO41064,530350.0,182970.0,-0.122196,51.530547,1,3,1,1,01/10/2005,7,20:12,2,E09000007,3,501,Single carriageway,30,Automatic traffic signal,3,5200,None within 50 metres,Pedestrian phase at traffic signal junction,Darkness: Street lights present and lit,Fine without high winds,Dry,None,None,1,Yes,E01000938,2005
3606,200501EO41065,529870.0,184740.0,-0.12846,51.546564,1,3,1,2,26/09/2005,2,12:55,2,E09000007,3,5200,Single carriageway,30,Giveway or uncontrolled,6,0,None within 50 metres,Zebra crossing,Daylight: Street light present,Fine without high winds,Dry,None,None,1,Yes,E01000869,2005
3607,200501EO41066,529020.0,184160.0,-0.140924,51.541546,1,3,2,1,02/10/2005,1,17:10,2,E09000007,3,400,One way street,30,Giveway or uncontrolled,6,0,None within 50 metres,No physical crossing within 50 meters,Daylight: Street light present,Fine without high winds,Dry,None,None,1,Yes,E01000856,2005
3608,200501EO41068,528930.0,183620.0,-0.142418,51.536714,1,3,2,1,19/09/2005,2,17:10,2,E09000007,6,0,Single carriageway,30,Giveway or uncontrolled,3,503,None within 50 metres,No physical crossing within 50 meters,Daylight: Street light present,Fine without high winds,Dry,None,None,1,Yes,E01000948,2005
3609,200501EO41069,532770.0,182350.0,-0.087562,51.524412,1,3,2,1,27/09/2005,3,06:30,3,E09000019,3,501,Single carriageway,30,Giveway or uncontrolled,6,0,None within 50 metres,No physical crossing within 50 meters,Daylight: Street light present,Raining without high winds,Wet/Damp,None,None,1,Yes,E01002704,2005
3610,200501EO41070,530200.0,187120.0,-0.122823,51.567876,1,3,2,1,27/09/2005,3,09:30,3,E09000019,3,103,Single carriageway,30,Giveway or uncontrolled,6,0,None within 50 metres,No physical crossing within 50 meters,Daylight: Street light present,Fine without high winds,Dry,None,None,1,Yes,E01002804,2005
3611,200501EO41071,529400.0,186820.0,-0.134469,51.565364,1,3,2,2,28/09/2005,4,21:31,3,E09000019,3,1,Single carriageway,30,Automatic traffic signal,3,400,None within 50 metres,Pedestrian phase at traffic signal junction,Darkness: Street lights present and lit,Raining without high winds,Wet/Damp,None,None,1,Yes,E01002770,2005
3612,200501EO41072,525520.0,184760.0,-0.191153,51.547727,1,3,1,1,01/10/2005,7,09:20,2,E09000007,4,510,Single carriageway,30,Giveway or uncontrolled,4,520,None within 50 metres,No physical crossing within 50 meters,Daylight: Street light present,Fine without high winds,Dry,None,None,1,Yes,E01000973,2005
3613,200501EO41073,530050.0,185320.0,-0.125651,51.551735,1,3,3,1,25/09/2005,1,01:05,3,E09000019,3,503,Single carriageway,30,None,-1,0,None within 50 metres,Pedestrian phase at traffic signal junction,Darkness: Street lights present and lit,Fine without high winds,Dry,None,None,1,Yes,E01002764,2005
3614,200501EO41074,528980.0,185420.0,-0.141039,51.552879,1,3,2,2,03/10/2005,2,09:00,2,E09000007,3,400,Single carriageway,30,Giveway or uncontrolled,6,0,None within 50 metres,No physical crossing within 50 meters,Daylight: Street light present,Fine without high winds,Dry,None,None,1,Yes,E01000921,2005
3615,200501EO41075,528920.0,185360.0,-0.141926,51.552353,1,3,2,1,04/10/2005,3,13:00,2,E09000007,4,518,Single carriageway,30,Giveway or uncontrolled,6,0,None within 50 metres,No physical crossing within 50 meters,Daylight: Street light present,Fine without high winds,Dry,None,None,1,Yes,E01000928,2005
3616,200501EO41076,532650.0,182450.0,-0.089253,51.525338,1,3,3,1,05/10/2005,4,19:15,3,E09000019,3,5201,Single carriageway,30,None,-1,0,None within 50 metres,No physical crossing within 50 meters,Darkness: Street lights present and lit,Fine without high winds,Dry,None,None,1,Yes,E01002704,2005
3617,200501EO41077,530740.0,185710.0,-0.11556,51.55508,1,2,1,1,06/10/2005,5,09:44,3,E09000019,3,1,Single carriageway,30,Giveway or uncontrolled,6,0,None within 50 metres,Zebra crossing,Daylight: Street light present,Fine without high winds,Dry,None,None,1,Yes,E01002746,2005
3618,200501EO41078,528940.0,183870.0,-0.142183,51.538958,1,2,1,1,05/10/2005,4,13:38,2,E09000007,3,4201,Dual carriageway,30,Giveway or uncontrolled,3,400,None within 50 metres,Zebra crossing,Daylight: Street light present,Fine without high winds,Dry,None,None,1,Yes,E01000863,2005
3619,200501EO41079,530040.0,182780.0,-0.126733,51.528911,1,3,1,1,07/10/2005,6,17:25,2,E09000007,3,501,Dual carriageway,30,None,-1,0,None within 50 metres,No physical crossing within 50 meters,Daylight: Street light present,Fine without high winds,Dry,None,None,1,Yes,E01000956,2005
3620,200501EO41080,530110.0,187330.0,-0.124043,51.569784,1,2,2,1,03/10/2005,2,05:55,3,E09000019,3,103,Single carriageway,30,Giveway or uncontrolled,3,103,None within 50 metres,No physical crossing within 50 meters,Darkness: Street lights present and lit,Fine without high winds,Dry,None,None,1,Yes,E01002758,2005
3621,200501EO41081,531300.0,182210.0,-0.108791,51.523497,1,3,1,1,02/09/2005,6,23:52,3,E09000019,3,201,Single carriageway,30,Giveway or uncontrolled,6,0,None within 50 metres,No physical crossing within 50 meters,Darkness: Street lights present and lit,Fine without high winds,Dry,None,None,1,Yes,E01002724,2005
3622,200501EO41082,525700.0,186380.0,-0.18798,51.562246,1,3,2,1,03/10/2005,2,13:54,2,E09000007,5,0,Single carriageway,30,None,-1,0,None within 50 metres,Central refuge,Daylight: Street light present,Fine without high winds,Dry,None,None,1,Yes,E01000884,2005
3623,200501EO41083,530300.0,183460.0,-0.122735,51.534962,1,3,2,1,03/09/2005,7,04:00,2,E09000007,5,0,Single carriageway,30,Automatic traffic signal,3,5200,None within 50 metres,Pedestrian phase at traffic signal junction,Darkness: Street lights present and lit,Fine without high winds,Dry,None,None,1,Yes,E01000953,2005
3624,200501EO41084,531620.0,184400.0,-0.103364,51.543103,1,3,2,1,16/09/2005,6,13:14,3,E09000019,3,1,Single carriageway,30,Automatic traffic signal,5,0,None within 50 metres,No physical crossing within 50 meters,Daylight: Street light present,Fine without high winds,Dry,None,None,1,Yes,E01002790,2005
3625,200501EO41086,532730.0,184810.0,-0.087212,51.546528,1,3,2,1,22/09/2005,5,21:01,3,E09000019,3,104,Single carriageway,30,Automatic traffic signal,3,105,None within 50 metres,Pedestrian phase at traffic signal junction,Darkness: Street lights present and lit,Fine without high winds,Dry,None,None,1,Yes,E01002716,2005
3626,200501EO41087,525400.0,185210.0,-0.192722,51.551798,1,2,2,2,08/09/2005,5,07:29,2,E09000007,4,510,Single carriageway,30,Giveway or uncontrolled,5,0,None within 50 metres,non-junction pedestrian crossing,Daylight: Street light present,Fine without high winds,Dry,None,None,1,Yes,E01000969,2005
3627,200501EO41088,530590.0,181580.0,-0.119253,51.518,1,3,1,1,23/09/2005,6,19:00,2,E09000007,3,40,Single carriageway,30,None,-1,0,None within 50 metres,No physical crossing within 50 meters,Daylight: Street light present,Fine without high winds,Dry,None,None,1,Yes,E01000914,2005
3628,200501EO41089,530640.0,186160.0,-0.116834,51.559147,1,3,1,1,23/09/2005,6,13:54,3,E09000019,3,503,Single carriageway,30,None,-1,0,None within 50 metres,No physical crossing within 50 meters,Daylight: Street light present,Fine without high winds,Dry,None,None,1,No,E01002730,2005
3629,200501EO41091,526030.0,186960.0,-0.183014,51.567385,1,3,2,1,25/09/2005,1,08:20,2,E09000007,3,502,Single carriageway,30,Giveway or uncontrolled,6,0,None within 50 metres,No physical crossing within 50 meters,Daylight: Street light present,Fine without high winds,Dry,None,None,1,Yes,E01000899,2005
3630,200501EO41092,526800.0,184710.0,-0.172721,51.546992,1,3,3,1,20/06/2005,2,01:25,2,E09000007,5,0,One way street,30,Giveway or uncontrolled,5,0,None within 50 metres,No physical crossing within 50 meters,Darkness: Street lights present and lit,Fine without high winds,Dry,None,None,1,Yes,E01000882,2005
3631,200501EO41093,530660.0,181830.0,-0.118152,51.52023,1,3,2,1,28/06/2005,3,19:20,2,E09000007,3,401,Single carriageway,30,None,-1,0,None within 50 metres,No physical crossing within 50 meters,Daylight: Street light present,Raining without high winds,Wet/Damp,None,None,1,Yes,E01000915,2005
3632,200501EO41094,528110.0,185060.0,-0.153711,51.549842,1,3,2,1,08/06/2005,4,22:30,2,E09000007,4,517,Single carriageway,40,Giveway or uncontrolled,6,0,None within 50 metres,No physical crossing within 50 meters,Darkness: Street lights present and lit,Fine without high winds,Dry,None,None,1,Yes,E01000900,2005
3633,200501EO41095,531570.0,182090.0,-0.104947,51.522356,1,3,1,1,01/10/2005,7,01:42,3,E09000019,3,5201,Single carriageway,30,Giveway or uncontrolled,6,0,None within 50 metres,No physical crossing within 50 meters,Darkness: Street lights present and lit,Fine without high winds,Dry,None,None,1,Yes,E01002724,2005
3634,200501EO41096,531420.0,185760.0,-0.105738,51.555372,1,3,2,1,29/09/2005,5,22:23,3,E09000019,5,0,Roundabout,30,Giveway or uncontrolled,5,0,None within 50 metres,No physical crossing within 50 meters,Darkness: Street lights present and lit,Raining without high winds,Wet/Damp,None,None,1,Yes,E01002746,2005
3635,200501EO41097,529690.0,184830.0,-0.131021,51.547414,1,3,2,1,30/09/2005,6,07:30,2,E09000007,3,503,Single carriageway,30,None,-1,0,None within 50 metres,No physical crossing within 50 meters,Daylight: Street light present,Raining without high winds,Wet/Damp,None,None,1,Yes,E01000869,2005
3636,200501EO41098,529370.0,186950.0,-0.134854,51.566539,1,3,2,2,04/06/2005,7,06:45,3,E09000019,3,1,Dual carriageway,30,Automatic traffic signal,5,0,None within 50 metres,No physical crossing within 50 meters,Daylight: Street light present,Fine without high winds,Dry,None,None,1,No,E01002770,2005
3637,200501EO41099,531830.0,186440.0,-0.099573,51.561387,1,3,2,1,01/10/2005,7,14:50,3,E09000019,3,1201,Single carriageway,30,Automatic traffic signal,3,1201,None within 50 metres,Pedestrian phase at traffic signal junction,Daylight: Street light present,Fine without high winds,Dry,None,None,1,Yes,E01002747,2005
3638,200501EO41100,528920.0,183830.0,-0.142486,51.538604,1,2,3,1,24/06/2005,6,20:43,2,E09000007,3,502,One way street,30,None,-1,0,None within 50 metres,Pedestrian phase at traffic signal junction,Daylight: Street light present,Fine without high winds,Dry,None,None,1,No,E01000863,2005
3639,200501EO41101,532420.0,184360.0,-0.091849,51.542557,1,3,1,1,07/10/2005,6,15:25,3,E09000019,3,104,Single carriageway,30,None,-1,0,None within 50 metres,No physical crossing within 50 meters,Daylight: Street light present,Fine without high winds,Dry,None,None,1,Yes,E01002720,2005
3640,200501EO41102,530290.0,183450.0,-0.122883,51.534874,1,3,2,1,29/09/2005,5,08:10,2,E09000007,5,0,Single carriageway,30,Giveway or uncontrolled,5,0,None within 50 metres,No physical crossing within 50 meters,Daylight: Street light present,Fine without high winds,Dry,None,None,1,Yes,E01000953,2005
3641,200501EO41103,530630.0,185810.0,-0.117109,51.556004,1,3,2,1,04/10/2005,3,18:30,3,E09000019,3,1,Dual carriageway,30,Automatic traffic signal,3,503,None within 50 metres,Pedestrian phase at traffic signal junction,Darkness: Street lights present and lit,Fine without high winds,Dry,None,None,1,Yes,E01002767,2005
3642,200501EO41104,531550.0,181670.0,-0.105391,51.518586,1,3,2,1,16/08/2005,3,06:30,2,E09000007,3,201,Single carriageway,30,Automatic traffic signal,4,500,None within 50 metres,Pedestrian phase at traffic signal junction,Daylight: Street light present,Fine without high winds,Dry,None,None,1,No,E01000916,2005
3643,200501EO41105,531330.0,181580.0,-0.108594,51.517828,48,3,2,1,11/08/2005,5,13:25,570,E09000001,3,40,Single carriageway,30,None,-1,0,None within 50 metres,Pedestrian phase at traffic signal junction,Daylight: Street light present,Fine without high winds,Dry,None,None,1,No,E01000917,2005
3644,200501EO41106,531420.0,182060.0,-0.107119,51.522121,1,3,2,2,03/10/2005,2,01:54,3,E09000019,3,201,Single carriageway,30,Automatic traffic signal,3,5201,None within 50 metres,Pedestrian phase at traffic signal junction,Darkness: Street lights present and lit,Fine without high winds,Dry,None,None,1,Yes,E01002724,2005
3645,200501EO41107,530720.0,185730.0,-0.115841,51.555265,1,3,2,1,01/07/2005,6,16:20,3,E09000019,3,1,Dual carriageway,30,Giveway or uncontrolled,6,0,None within 50 metres,non-junction pedestrian crossing,Daylight: Street light present,Fine without high winds,Dry,None,None,1,Yes,E01002767,2005
3646,200501EO41108,530590.0,184900.0,-0.118023,51.547836,1,2,2,1,07/10/2005,6,20:45,3,E09000019,3,5203,Single carriageway,30,Giveway or uncontrolled,3,5203,None within 50 metres,Zebra crossing,Darkness: Street lights present and lit,Fine without high winds,Dry,None,None,1,Yes,E01002765,2005
3647,200501EO41109,530800.0,182740.0,-0.115798,51.528376,1,3,2,1,14/07/2005,5,12:40,3,E09000019,3,201,Single carriageway,30,Giveway or uncontrolled,6,0,None within 50 metres,Zebra crossing,Daylight: Street light present,Fine without high winds,Dry,None,None,1,Yes,E01000938,2005
3648,200501EO41110,531570.0,183510.0,-0.104417,51.535117,1,3,2,1,05/10/2005,4,15:12,3,E09000019,3,1,Dual carriageway,30,Automatic traffic signal,6,0,None within 50 metres,Pedestrian phase at traffic signal junction,Daylight: Street light present,Fine without high winds,Dry,None,None,1,Yes,E01002794,2005
3649,200501EO41111,531080.0,183300.0,-0.111555,51.533344,1,3,1,1,05/10/2005,4,08:25,3,E09000019,5,0,Single carriageway,30,Giveway or uncontrolled,6,0,Control by school crossing patrol,Zebra crossing,Daylight: Street light present,Fine without high winds,Dry,None,None,1,Yes,E01002697,2005
3650,200501EO41112,530500.0,183190.0,-0.119954,51.532489,1,3,2,1,05/10/2005,4,12:40,3,E09000019,3,5203,Single carriageway,30,Giveway or uncontrolled,6,0,None within 50 metres,Zebra crossing,Daylight: Street light present,Fine without high winds,Dry,None,None,1,Yes,E01002711,2005
3651,200501EO41114,531910.0,184790.0,-0.099038,51.54654,1,3,2,2,05/10/2005,4,17:40,3,E09000019,3,1201,Single carriageway,30,Giveway or uncontrolled,3,1201,None within 50 metres,No physical crossing within 50 meters,Daylight: Street light present,Fine without high winds,Dry,None,None,1,Yes,E01002719,2005
3652,200501EO41115,529670.0,186680.0,-0.130628,51.564044,1,3,2,1,03/10/2005,2,20:30,3,E09000019,3,1,Single carriageway,30,Giveway or uncontrolled,5,0,None within 50 metres,non-junction pedestrian crossing,Darkness: Street lights present and lit,Fine without high winds,Dry,None,None,1,No,E01002774,2005
3653,200501EO41116,527510.0,184340.0,-0.162621,51.543507,1,3,2,1,07/10/2005,6,13:09,2,E09000007,4,509,Single carriageway,30,Automatic traffic signal,5,0,None within 50 metres,Pedestrian phase at traffic signal junction,Daylight: Street light present,Fine without high winds,Dry,None,None,1,Yes,E01000845,2005
3654,200501EO41117,529190.0,184180.0,-0.138466,51.541687,1,3,1,1,07/10/2005,6,20:22,2,E09000007,3,503,Single carriageway,30,Automatic traffic signal,3,5202,None within 50 metres,Pedestrian phase at traffic signal junction,Darkness: Street lights present and lit,Fine without high winds,Dry,None,None,1,Yes,E01000861,2005
3655,200501EO41118,525800.0,183880.0,-0.187431,51.539756,1,2,2,1,09/09/2005,6,17:28,2,E09000007,4,509,Single carriageway,30,Automatic traffic signal,4,507,None within 50 metres,Pedestrian phase at traffic signal junction,Daylight: Street light present,Raining without high winds,Wet/Damp,Auto traffic singal out,None,1,Yes,E01000935,2005
3656,200501EO41120,530880.0,186070.0,-0.113408,51.558283,1,3,2,1,08/10/2005,7,01:38,3,E09000019,3,103,Single carriageway,30,Giveway or uncontrolled,6,0,None within 50 metres,No physical crossing within 50 meters,Darkness: Street lights present and lit,Fine without high winds,Dry,None,None,1,Yes,E01002730,2005
3657,200501EO41121,526450.0,184490.0,-0.177845,51.545093,1,2,1,1,07/10/2005,6,11:25,2,E09000007,5,0,Single carriageway,30,Giveway or uncontrolled,3,41,None within 50 metres,No physical crossing within 50 meters,Daylight: Street light present,Fine without high winds,Dry,None,None,1,Yes,E01000960,2005
3658,200501EO41122,530660.0,186190.0,-0.116535,51.559412,1,3,2,1,09/10/2005,1,10:50,3,E09000019,3,503,Single carriageway,30,Giveway or uncontrolled,6,0,None within 50 metres,No physical crossing within 50 meters,Daylight: Street light present,Fine without high winds,Dry,None,None,1,Yes,E01002730,2005
3659,200501EO41123,529560.0,182470.0,-0.133763,51.526235,1,3,3,2,08/10/2005,7,19:40,2,E09000007,3,501,Single carriageway,30,Automatic traffic signal,5,0,None within 50 metres,Pedestrian phase at traffic signal junction,Darkness: Street lights present and lit,Raining without high winds,Wet/Damp,None,None,1,No,E01000852,2005
3660,200501EO41124,526420.0,184550.0,-0.178256,51.545639,1,3,2,1,08/10/2005,7,18:36,2,E09000007,3,41,Single carriageway,30,Giveway or uncontrolled,6,0,None within 50 metres,No physical crossing within 50 meters,Darkness: Street lights present and lit,Raining without high winds,Wet/Damp,None,None,1,Yes,E01000960,2005
3661,200501EO41125,529790.0,181440.0,-0.130828,51.516926,1,3,2,1,10/10/2005,2,22:19,2,E09000007,3,400,Single carriageway,30,Giveway or uncontrolled,5,0,None within 50 metres,No physical crossing within 50 meters,Darkness: Street lights present and lit,Fine without high winds,Dry,None,None,1,Yes,E01004763,2005
3662,200501EO41126,531330.0,185010.0,-0.107316,51.548653,1,3,1,1,10/10/2005,2,16:50,3,E09000019,3,1,Single carriageway,30,None,-1,0,None within 50 metres,No physical crossing within 50 meters,Daylight: Street light present,Fine without high winds,Dry,None,None,1,Yes,E01002795,2005
3663,200501EO41127,525300.0,186640.0,-0.193655,51.564672,1,3,1,1,12/10/2005,4,17:23,30,E09000003,6,0,Single carriageway,30,None,-1,0,None within 50 metres,No physical crossing within 50 meters,Daylight: Street light present,Raining without high winds,Wet/Damp,None,None,1,Yes,E01000136,2005
3664,200501EO41129,526900.0,184170.0,-0.171474,51.542117,1,3,1,1,11/10/2005,3,16:00,2,E09000007,4,509,Single carriageway,30,Stop Sign,6,0,None within 50 metres,non-junction pedestrian crossing,Daylight: Street light present,Fine without high winds,Dry,None,None,1,Yes,E01000963,2005
3665,200501EO41130,527250.0,185490.0,-0.165953,51.553901,1,2,1,1,11/10/2005,3,09:41,2,E09000007,4,518,Single carriageway,30,None,-1,0,None within 50 metres,Zebra crossing,Daylight: Street light present,Fine without high winds,Dry,None,None,1,Yes,E01000898,2005
3666,200501EO41131,529300.0,185650.0,-0.136341,51.554873,1,3,2,1,12/10/2005,4,16:11,3,E09000019,6,0,Single carriageway,30,Giveway or uncontrolled,3,5200,None within 50 metres,No physical crossing within 50 meters,Daylight: Street light present,Raining without high winds,Wet/Damp,None,None,1,Yes,E01000921,2005
3667,200501EO41132,530520.0,181490.0,-0.120295,51.517207,1,3,2,1,02/09/2005,6,12:50,2,E09000007,3,4200,Single carriageway,30,None,-1,0,None within 50 metres,No physical crossing within 50 meters,Daylight: Street light present,Fine without high winds,Dry,None,None,1,Yes,E01000918,2005
3668,200501EO41133,530150.0,186930.0,-0.123614,51.56618,1,3,2,1,12/07/2005,3,12:30,3,E09000019,6,0,One way street,30,Giveway or uncontrolled,6,0,None within 50 metres,No physical crossing within 50 meters,Daylight: Street light present,Fine without high winds,Dry,None,None,1,No,E01002807,2005
3669,200501EO41134,528920.0,183910.0,-0.142456,51.539322,1,2,1,2,05/06/2005,1,09:38,2,E09000007,3,400,One way street,30,None,-1,0,None within 50 metres,Zebra crossing,Daylight: Street light present,Fine without high winds,Dry,None,None,1,Yes,E01000863,2005
3670,200501EO41135,530120.0,187250.0,-0.123928,51.569063,1,3,1,1,06/10/2005,5,08:30,3,E09000019,3,103,Single carriageway,30,Giveway or uncontrolled,6,0,None within 50 metres,Zebra crossing,Daylight: Street light present,Fine without high winds,Dry,None,None,1,No,E01002758,2005
3671,200501EO41136,530760.0,186270.0,-0.115063,51.560108,1,3,1,1,09/10/2005,1,02:47,3,E09000019,3,503,Single carriageway,30,Automatic traffic signal,3,103,None within 50 metres,Pedestrian phase at traffic signal junction,Darkness: Street lights present and lit,Fine without high winds,Dry,None,None,1,Yes,E01002730,2005
3672,200501EO41137,526020.0,185110.0,-0.183821,51.550761,1,3,2,1,01/10/2005,7,09:25,2,E09000007,3,41,Single carriageway,30,Automatic traffic signal,5,0,None within 50 metres,Pedestrian phase at traffic signal junction,Daylight: Street light present,Fine without high winds,Dry,None,None,1,Yes,E01000972,2005
3673,200501EO41138,531950.0,185870.0,-0.098057,51.556237,1,3,1,1,15/10/2005,7,15:00,3,E09000019,3,1201,Single carriageway,30,Giveway or uncontrolled,6,0,None within 50 metres,Zebra crossing,Daylight: Street light present,Fine without high winds,Dry,None,None,1,Yes,E01002744,2005
3674,200501EO41139,530220.0,186240.0,-0.12286,51.559963,1,3,2,2,13/10/2005,5,08:46,3,E09000019,3,1,Single carriageway,30,Giveway or uncontrolled,6,0,None within 50 metres,Zebra crossing,Daylight: Street light present,Fine without high winds,Dry,None,None,1,Yes,E01002785,2005
3675,200501EO41140,527320.0,185510.0,-0.164936,51.554065,1,3,2,1,13/10/2005,5,22:00,2,E09000007,4,518,Single carriageway,30,Giveway or uncontrolled,4,518,None within 50 metres,Zebra crossing,Darkness: Street lights present and lit,Fine without high winds,Dry,None,None,1,Yes,E01000898,2005
3676,200501EO41141,531020.0,185370.0,-0.11165,51.55196,1,3,2,1,17/10/2005,2,19:05,3,E09000019,3,1,Single carriageway,30,Giveway or uncontrolled,6,0,None within 50 metres,No physical crossing within 50 meters,Daylight: Street light present,Fine without high winds,Dry,None,None,1,No,E01002761,2005
3677,200501EO41142,532320.0,185210.0,-0.092971,51.550219,1,3,2,1,12/10/2005,4,13:10,3,E09000019,6,0,Single carriageway,30,None,-1,0,None within 50 metres,No physical crossing within 50 meters,Daylight: Street light present,Fine without high winds,Dry,None,None,1,Yes,E01002781,2005
3678,200501EO41143,528900.0,183860.0,-0.142763,51.538878,1,3,1,1,14/10/2005,6,14:10,2,E09000007,3,4201,One way street,30,Automatic traffic signal,3,400,None within 50 metres,No physical crossing within 50 meters,Daylight: Street light present,Fine without high winds,Dry,None,None,1,Yes,E01000863,2005
3679,200501EO41144,525680.0,183970.0,-0.189129,51.540592,1,3,2,1,12/10/2005,4,17:00,2,E09000007,4,507,Single carriageway,30,Giveway or uncontrolled,6,0,None within 50 metres,No physical crossing within 50 meters,Daylight: Street light present,Raining without high winds,Wet/Damp,None,None,1,Yes,E01000933,2005
3680,200501EO41145,528240.0,185230.0,-0.151775,51.55134,1,3,1,1,15/10/2005,7,19:20,2,E09000007,6,0,Single carriageway,30,None,-1,0,None within 50 metres,No physical crossing within 50 meters,Darkness: Street lights present and lit,Fine without high winds,Dry,None,None,1,Yes,E01000891,2005
3681,200501EO41146,530410.0,187250.0,-0.119746,51.568996,1,3,1,1,17/10/2005,2,10:00,3,E09000019,6,0,Single carriageway,30,Giveway or uncontrolled,6,0,None within 50 metres,No physical crossing within 50 meters,Daylight: Street light present,Fine without high winds,Dry,None,None,1,Yes,E01002804,2005
3682,200501EO41147,529570.0,182470.0,-0.133619,51.526233,1,2,2,1,18/10/2005,3,19:28,2,E09000007,5,0,Single carriageway,30,Automatic traffic signal,3,501,None within 50 metres,Pedestrian phase at traffic signal junction,Darkness: Street lights present and lit,Raining without high winds,Wet/Damp,None,None,1,Yes,E01000852,2005
3683,200501EO41148,525520.0,184830.0,-0.191128,51.548356,1,3,1,1,22/10/2005,7,01:29,2,E09000007,4,510,Single carriageway,30,None,-1,0,None within 50 metres,No physical crossing within 50 meters,Darkness: Street lights present and lit,Fine without high winds,Dry,None,None,1,Yes,E01000973,2005
3684,200501EO41149,529820.0,184980.0,-0.129092,51.548732,1,3,2,1,15/10/2005,7,10:50,3,E09000019,3,503,Dual carriageway,30,Automatic traffic signal,3,5200,None within 50 metres,No physical crossing within 50 meters,Daylight: Street light present,Fine without high winds,Dry,None,None,1,Yes,E01000869,2005
3685,200501EO41150,526170.0,184950.0,-0.181716,51.54929,1,3,3,1,19/10/2005,4,16:00,2,E09000007,3,41,Dual carriageway,30,Giveway or uncontrolled,6,0,None within 50 metres,non-junction pedestrian crossing,Daylight: Street light present,Fine without high winds,Wet/Damp,None,None,1,Yes,E01000972,2005
3686,200501EO41151,531770.0,182110.0,-0.102058,51.522489,1,3,2,1,20/08/2005,7,08:45,3,E09000019,3,5201,Single carriageway,30,Automatic traffic signal,4,501,None within 50 metres,Pedestrian phase at traffic signal junction,Daylight: Street light present,Fine without high winds,Dry,None,None,1,No,E01002705,2005
3687,200501EO41153,525580.0,183420.0,-0.190766,51.535671,1,2,1,1,22/10/2005,7,05:35,2,E09000007,3,5,Single carriageway,30,None,-1,0,None within 50 metres,No physical crossing within 50 meters,Daylight: Street light present,Fine without high winds,Dry,None,None,1,Yes,E01004710,2005
3688,200501EO41154,531590.0,181830.0,-0.104756,51.520015,1,3,1,1,09/08/2005,3,08:50,3,E09000019,5,0,Single carriageway,30,None,-1,0,None within 50 metres,No physical crossing within 50 meters,Daylight: Street light present,Fine without high winds,Dry,None,None,1,Yes,E01002724,2005
3689,200501EO41155,531890.0,182560.0,-0.100161,51.526505,1,3,1,1,12/09/2005,2,18:00,3,E09000019,3,1,Single carriageway,30,Automatic traffic signal,4,502,None within 50 metres,No physical crossing within 50 meters,Daylight: Street light present,Fine without high winds,Dry,None,None,1,Yes,E01002723,2005
3690,200501EO41156,531630.0,184400.0,-0.103219,51.543101,1,3,2,1,17/10/2005,2,12:36,3,E09000019,3,1,Single carriageway,30,Automatic traffic signal,3,1,None within 50 metres,No physical crossing within 50 meters,Daylight: Street light present,Fine without high winds,Dry,None,None,1,Yes,E01002790,2005
3691,200501EO41157,530080.0,185370.0,-0.1252,51.552177,1,3,2,1,19/10/2005,4,07:52,3,E09000019,3,503,Single carriageway,30,Giveway or uncontrolled,6,0,None within 50 metres,No physical crossing within 50 meters,Daylight: Street light present,Fine without high winds,Dry,None,None,1,Yes,E01002783,2005
3692,200501EO41158,530210.0,185510.0,-0.123274,51.553405,1,3,2,1,17/10/2005,2,06:15,3,E09000019,3,503,Single carriageway,30,Giveway or uncontrolled,3,5203,None within 50 metres,No physical crossing within 50 meters,Darkness: Street lights present and lit,Fog or mist,Wet/Damp,None,None,1,Yes,E01002764,2005
3693,200501EO41159,530740.0,186290.0,-0.115344,51.560293,1,3,2,1,17/10/2005,2,14:59,3,E09000019,3,103,Single carriageway,30,Automatic traffic signal,3,503,None within 50 metres,Pedestrian phase at traffic signal junction,Daylight: Street light present,Fine without high winds,Dry,None,None,1,Yes,E01002731,2005
3694,200501EO41160,529350.0,186850.0,-0.135179,51.565645,1,2,2,1,14/10/2005,6,13:30,3,E09000019,4,519,Single carriageway,30,None,-1,0,None within 50 metres,No physical crossing within 50 meters,Daylight: Street light present,Fine without high winds,Dry,None,None,1,Yes,E01002770,2005
3695,200501EO41161,530020.0,185280.0,-0.126098,51.551382,1,3,2,1,13/10/2005,5,22:34,3,E09000019,3,503,Dual carriageway,40,Automatic traffic signal,6,0,None within 50 metres,No physical crossing within 50 meters,Darkness: Street lights present and lit,Fine without high winds,Dry,None,None,1,Yes,E01002764,2005
3696,200501EO41162,529820.0,181370.0,-0.130422,51.51629,1,3,2,1,19/10/2005,4,16:51,2,E09000007,3,40,Single carriageway,30,Automatic traffic signal,3,400,None within 50 metres,Pedestrian phase at traffic signal junction,Daylight: Street light present,Fine without high winds,Dry,None,None,1,Yes,E01004763,2005
3697,200501EO41163,528880.0,183590.0,-0.14315,51.536456,1,3,1,1,18/08/2005,5,09:40,2,E09000007,3,503,Single carriageway,30,None,-1,0,None within 50 metres,No physical crossing within 50 meters,Daylight: Street light present,Fine without high winds,Dry,None,None,1,Yes,E01000948,2005
3698,200501EO41164,529850.0,186590.0,-0.128065,51.563194,1,3,3,1,18/10/2005,3,22:18,3,E09000019,3,1,Single carriageway,30,Giveway or uncontrolled,6,0,None within 50 metres,No physical crossing within 50 meters,Darkness: Street lights present and lit,Fine without high winds,Dry,None,None,1,Yes,E01002774,2005
3699,200501EO41165,532010.0,182200.0,-0.098567,51.523242,1,2,1,1,09/06/2005,5,00:06,3,E09000019,3,5201,Roundabout,30,Automatic traffic signal,3,5201,None within 50 metres,Pedestrian phase at traffic signal junction,Darkness: Street lights present and lit,Fine without high winds,Dry,None,None,1,Yes,E01002705,2005
3700,200501EO41166,525800.0,183880.0,-0.187431,51.539756,1,3,2,1,18/10/2005,3,16:45,2,E09000007,4,509,Single carriageway,30,Automatic traffic signal,4,507,None within 50 metres,Pedestrian phase at traffic signal junction,Daylight: Street light present,Fine without high winds,Dry,None,None,1,Yes,E01000935,2005
3701,200501EO41167,531620.0,183640.0,-0.103648,51.536273,1,3,2,1,15/10/2005,7,00:30,3,E09000019,3,1,Single carriageway,30,None,-1,0,None within 50 metres,No physical crossing within 50 meters,Darkness: Street lights present and lit,Fine without high winds,Dry,None,None,1,Yes,E01002794,2005
3702,200501EO41168,530920.0,185990.0,-0.112861,51.557555,1,3,2,1,18/10/2005,3,15:08,3,E09000019,3,103,Single carriageway,30,Automatic traffic signal,3,503,None within 50 metres,Pedestrian phase at traffic signal junction,Daylight: Street light present,Fine without high winds,Dry,None,None,1,Yes,E01002751,2005
3703,200501EO41169,531580.0,183100.0,-0.104426,51.53143,1,3,2,1,19/10/2005,4,15:54,3,E09000019,3,501,Single carriageway,30,Automatic traffic signal,6,0,None within 50 metres,Pedestrian phase at traffic signal junction,Daylight: Street light present,Fine without high winds,Dry,None,None,1,Yes,E01002707,2005
3704,200501EO41170,529210.0,182800.0,-0.138684,51.529281,1,3,2,1,19/10/2005,4,18:19,2,E09000007,3,400,Single carriageway,30,Giveway or uncontrolled,3,400,None within 50 metres,No physical crossing within 50 meters,Darkness: Street lights present and lit,Raining without high winds,Wet/Damp,None,None,1,Yes,E01000950,2005
3705,200501EO41171,531660.0,183770.0,-0.103023,51.537432,1,3,2,1,18/10/2005,3,08:58,3,E09000019,3,1,Single carriageway,30,Giveway or uncontrolled,5,0,None within 50 metres,Zebra crossing,Daylight: Street light present,Fine without high winds,Dry,None,None,1,Yes,E01002794,2005
3706,200501EO41172,530670.0,185770.0,-0.116547,51.555636,1,3,2,1,22/10/2005,7,13:30,3,E09000019,3,1,Dual carriageway,30,None,-1,0,None within 50 metres,No physical crossing within 50 meters,Daylight: Street light present,Fine without high winds,Dry,None,None,1,Yes,E01002767,2005
3707,200501EO41173,531420.0,182060.0,-0.107119,51.522121,1,3,2,1,14/10/2005,6,03:08,3,E09000019,3,5201,Single carriageway,30,Automatic traffic signal,3,201,None within 50 metres,Pedestrian phase at traffic signal junction,Darkness: Street lights present and lit,Fine without high winds,Dry,None,None,1,Yes,E01002724,2005
3708,200501EO41174,529810.0,181380.0,-0.130562,51.516382,1,3,1,1,08/10/2005,7,13:30,2,E09000007,3,40,Single carriageway,30,None,-1,0,None within 50 metres,Pedestrian phase at traffic signal junction,Daylight: Street light present,Unknown,Dry,None,None,1,No,E01004763,2005
3709,200501EO41175,531530.0,183360.0,-0.105049,51.533778,1,3,1,1,23/10/2005,1,19:45,3,E09000019,3,1,Single carriageway,30,Giveway or uncontrolled,6,0,None within 50 metres,No physical crossing within 50 meters,Darkness: Street lights present and lit,Fine without high winds,Dry,None,None,1,Yes,E01002803,2005
3710,200501EO41176,529880.0,184870.0,-0.128268,51.54773,1,3,1,1,24/10/2005,2,08:30,2,E09000007,6,0,Single carriageway,30,Giveway or uncontrolled,6,0,None within 50 metres,No physical crossing within 50 meters,Daylight: Street light present,Fine without high winds,Wet/Damp,None,None,1,Yes,E01000869,2005
3711,200501EO41177,525820.0,183850.0,-0.187154,51.539482,1,3,2,1,23/10/2005,1,15:33,2,E09000007,4,507,Single carriageway,30,None,-1,0,None within 50 metres,No physical crossing within 50 meters,Daylight: Street light present,Fine without high winds,Dry,None,None,1,Yes,E01000929,2005
3712,200501EO41178,528040.0,187040.0,-0.154,51.567652,1,3,2,2,21/10/2005,6,23:05,2,E09000007,5,0,Single carriageway,30,None,-1,0,None within 50 metres,No physical crossing within 50 meters,Darkness: Street lights present and lit,Fine without high winds,Dry,None,None,1,Yes,E01000913,2005
3713,200501EO41179,531320.0,184580.0,-0.10762,51.544791,1,3,2,1,24/10/2005,2,20:56,3,E09000019,4,515,Single carriageway,30,Giveway or uncontrolled,4,515,None within 50 metres,No physical crossing within 50 meters,Darkness: Street lights present and lit,Raining without high winds,Wet/Damp,None,None,1,Yes,E01002790,2005
3714,200501EO41180,526250.0,184640.0,-0.180674,51.546486,1,3,1,1,21/10/2005,6,10:05,2,E09000007,5,0,Single carriageway,30,Giveway or uncontrolled,6,0,None within 50 metres,No physical crossing within 50 meters,Daylight: Street light present,Raining without high winds,Wet/Damp,None,None,1,Yes,E01000960,2005
3715,200501EO41181,529080.0,183700.0,-0.140228,51.537399,1,3,2,1,20/10/2005,5,17:30,2,E09000007,3,503,Single carriageway,30,Giveway or uncontrolled,5,0,None within 50 metres,Zebra crossing,Darkness: Street lights present and lit,Raining without high winds,Wet/Damp,None,None,1,Yes,E01000947,2005
3716,200501EO41182,529350.0,183890.0,-0.136267,51.539044,1,3,2,1,12/10/2005,4,14:25,2,E09000007,3,5202,Single carriageway,30,Giveway or uncontrolled,5,0,None within 50 metres,Zebra crossing,Daylight: Street light present,Raining without high winds,Wet/Damp,None,None,1,Yes,E01000958,2005
3717,200501EO41183,529920.0,181400.0,-0.12897,51.516537,1,2,1,1,13/10/2005,5,16:43,2,E09000007,3,40,Dual carriageway,30,Automatic traffic signal,6,0,None within 50 metres,No physical crossing within 50 meters,Daylight: Street light present,Fine without high winds,Dry,None,None,1,Yes,E01000919,2005
3718,200501EO41184,530560.0,181780.0,-0.119611,51.519804,1,3,2,1,21/10/2005,6,16:03,2,E09000007,3,401,Single carriageway,30,Giveway or uncontrolled,6,0,None within 50 metres,Zebra crossing,Daylight: Street light present,Fine without high winds,Dry,None,None,1,Yes,E01000914,2005
3719,200501EO41185,528830.0,182380.0,-0.144313,51.525593,1,3,2,1,22/10/2005,7,20:00,2,E09000007,3,4201,Single carriageway,30,Giveway or uncontrolled,6,0,None within 50 metres,No physical crossing within 50 meters,Darkness: Street lights present and lit,Fine without high winds,Dry,None,None,1,Yes,E01000946,2005
3720,200501EO41186,531690.0,183990.0,-0.102508,51.539402,1,3,2,1,26/10/2005,4,13:10,3,E09000019,3,1,Single carriageway,30,Giveway or uncontrolled,3,1,None within 50 metres,Zebra crossing,Daylight: Street light present,Fine without high winds,Dry,None,None,1,Yes,E01002794,2005
3721,200501EO41187,528290.0,185640.0,-0.150905,51.555013,1,3,3,1,24/10/2005,2,08:15,2,E09000007,4,518,Single carriageway,30,Giveway or uncontrolled,6,0,None within 50 metres,Zebra crossing,Daylight: Street light present,Raining without high winds,Wet/Damp,None,None,1,Yes,E01000889,2005
3722,200501EO41188,528740.0,184250.0,-0.144926,51.542419,1,2,2,1,26/07/2005,3,14:25,2,E09000007,5,0,One way street,30,Giveway or uncontrolled,6,0,None within 50 metres,No physical crossing within 50 meters,Daylight: Street light present,Fine without high winds,Dry,None,None,1,Yes,E01000858,2005
3723,200501EO41189,528880.0,183890.0,-0.14304,51.539152,1,3,1,2,26/10/2005,4,17:40,2,E09000007,3,502,One way street,30,None,-1,0,None within 50 metres,Pedestrian phase at traffic signal junction,Darkness: Street lights present and lit,Fine without high winds,Dry,None,None,1,Yes,E01000863,2005
3724,200501EO41190,529520.0,186760.0,-0.132761,51.564798,1,3,2,1,11/10/2005,3,10:50,3,E09000019,3,1,Single carriageway,30,Giveway or uncontrolled,6,0,None within 50 metres,non-junction pedestrian crossing,Daylight: Street light present,Fine without high winds,Dry,None,None,1,No,E01002772,2005
3725,200501EO41191,530980.0,181970.0,-0.113491,51.521414,1,3,2,1,01/11/2005,3,19:48,2,E09000007,3,401,Single carriageway,30,Automatic traffic signal,3,5200,None within 50 metres,Pedestrian phase at traffic signal junction,Darkness: Street lights present and lit,Fine without high winds,Dry,None,None,1,Yes,E01000920,2005
3726,200501EO41192,530440.0,186020.0,-0.11977,51.557936,1,3,1,1,26/10/2005,4,15:45,3,E09000019,3,1,Dual carriageway,30,None,-1,0,None within 50 metres,Pedestrian phase at traffic signal junction,Daylight: Street light present,Fine without high winds,Dry,None,None,1,Yes,E01002786,2005
3727,200501EO41193,529810.0,184980.0,-0.129236,51.548735,1,3,1,1,28/10/2005,6,19:39,3,E09000019,3,5200,Single carriageway,30,Automatic traffic signal,3,503,None within 50 metres,Pedestrian phase at traffic signal junction,Darkness: Street lights present and lit,Fine without high winds,Dry,None,None,1,Yes,E01000926,2005
3728,200501EO41195,532730.0,184810.0,-0.087212,51.546528,1,3,1,1,27/10/2005,5,16:47,3,E09000019,3,105,Dual carriageway,30,Automatic traffic signal,3,105,None within 50 metres,No physical crossing within 50 meters,Daylight: Street light present,Fine without high winds,Dry,None,None,1,Yes,E01002716,2005
3729,200501EO41196,530340.0,181760.0,-0.122788,51.519675,1,3,1,2,28/10/2005,6,11:50,2,E09000007,5,0,Single carriageway,30,None,-1,0,None within 50 metres,No physical crossing within 50 meters,Daylight: Street light present,Raining without high winds,Wet/Damp,None,None,1,Yes,E01000855,2005
3730,200501EO41197,528900.0,183860.0,-0.142763,51.538878,1,3,1,1,16/10/2005,1,02:10,2,E09000007,3,400,One way street,30,Automatic traffic signal,3,4201,None within 50 metres,Pedestrian phase at traffic signal junction,Darkness: Street lights present and lit,Fine without high winds,Dry,None,None,1,Yes,E01000863,2005
3731,200501EO41198,530220.0,182550.0,-0.124225,51.526802,1,3,2,2,28/10/2005,6,09:00,2,E09000007,4,504,Single carriageway,30,Giveway or uncontrolled,6,0,None within 50 metres,No physical crossing within 50 meters,Daylight: Street light present,Fine without high winds,Dry,None,None,1,Yes,E01000941,2005
3732,200501EO41199,529930.0,181290.0,-0.128867,51.515546,1,3,1,1,27/10/2005,5,08:30,2,E09000007,3,40,Single carriageway,30,Giveway or uncontrolled,6,0,None within 50 metres,No physical crossing within 50 meters,Daylight: Street light present,Fine without high winds,Dry,None,None,1,Yes,E01000919,2005
3733,200501EO41200,529860.0,185050.0,-0.12849,51.549352,1,3,2,1,28/10/2005,6,18:52,3,E09000019,3,503,Single carriageway,30,None,-1,0,None within 50 metres,No physical crossing within 50 meters,Darkness: Street lights present and lit,Fine without high winds,Dry,None,None,1,Yes,E01002783,2005
3734,200501EO41201,530500.0,187530.0,-0.118345,51.571492,1,3,2,1,30/10/2005,1,19:10,3,E09000019,3,1201,Single carriageway,30,Giveway or uncontrolled,6,0,None within 50 metres,No physical crossing within 50 meters,Darkness: Street lights present and lit,Fine without high winds,Dry,None,None,1,Yes,E01002811,2005
3735,200501EO41202,529410.0,182370.0,-0.13596,51.525371,1,2,2,1,20/10/2005,5,17:00,2,E09000007,3,501,Single carriageway,30,Automatic traffic signal,3,400,None within 50 metres,Pedestrian phase at traffic signal junction,Daylight: Street light present,Fine without high winds,Dry,None,None,1,No,E01000852,2005
3736,200501EO41203,532880.0,185310.0,-0.084861,51.550986,1,3,2,1,17/10/2005,2,14:38,3,E09000019,3,105,One way street,30,Giveway or uncontrolled,5,0,None within 50 metres,Zebra crossing,Daylight: Street light present,Fine without high winds,Dry,None,None,1,Yes,E01002782,2005
3737,200501EO41204,530440.0,183110.0,-0.120848,51.531784,1,3,2,1,24/10/2005,2,18:35,3,E09000019,3,5210,Single carriageway,30,Giveway or uncontrolled,3,5210,None within 50 metres,No physical crossing within 50 meters,Darkness: Street lights present and lit,Raining without high winds,Wet/Damp,None,None,1,No,E01002711,2005
3738,200501EO41205,529300.0,182050.0,-0.137663,51.52252,1,3,2,1,20/10/2005,5,18:30,2,E09000007,6,0,Single carriageway,30,Giveway or uncontrolled,6,0,None within 50 metres,No physical crossing within 50 meters,Darkness: Street lights present and lit,Fine without high winds,Dry,None,None,1,No,E01000854,2005
3739,200501EO41206,531310.0,182580.0,-0.10851,51.52682,1,3,2,1,29/10/2005,7,12:11,3,E09000019,5,0,Single carriageway,30,Automatic traffic signal,5,0,None within 50 metres,No physical crossing within 50 meters,Daylight: Street light present,Fine without high winds,Dry,None,None,1,Yes,E01002726,2005
3740,200501EO41207,529420.0,182680.0,-0.135703,51.528154,1,3,2,1,26/10/2005,4,10:30,2,E09000007,5,0,Single carriageway,30,None,-1,0,None within 50 metres,No physical crossing within 50 meters,Daylight: Street light present,Fine without high winds,Dry,None,None,1,No,E01000945,2005
3741,200501EO41208,531260.0,186620.0,-0.107724,51.563137,1,3,1,1,28/10/2005,6,15:06,3,E09000019,3,503,Single carriageway,30,Automatic traffic signal,3,503,None within 50 metres,No physical crossing within 50 meters,Daylight: Street light present,Fine without high winds,Dry,None,None,1,Yes,E01002734,2005
3742,200501EO41209,526630.0,184100.0,-0.17539,51.541548,1,3,2,1,30/10/2005,1,23:42,2,E09000007,3,41,Single carriageway,30,Automatic traffic signal,3,41,None within 50 metres,Pedestrian phase at traffic signal junction,Darkness: Street lights present and lit,Fine without high winds,Dry,None,None,1,Yes,E01000961,2005
3743,200501EO41210,529070.0,184020.0,-0.140254,51.540277,1,3,2,1,29/10/2005,7,19:12,2,E09000007,3,503,Single carriageway,30,None,-1,0,None within 50 metres,No physical crossing within 50 meters,Darkness: Street lights present and lit,Fine without high winds,Dry,None,None,1,Yes,E01000856,2005
3744,200501EO41211,529840.0,182340.0,-0.129777,51.525003,1,3,1,1,30/10/2005,1,02:40,2,E09000007,6,0,Single carriageway,30,None,-1,0,None within 50 metres,No physical crossing within 50 meters,Darkness: Street lights present and lit,Fine without high winds,Dry,None,None,1,Yes,E01000852,2005
3745,200501EO41212,530040.0,181460.0,-0.12722,51.517048,1,3,1,1,21/10/2005,6,12:20,2,E09000007,3,400,One way street,30,None,-1,0,None within 50 metres,No physical crossing within 50 meters,Daylight: Street light present,Fine without high winds,Dry,None,None,1,No,E01000855,2005
3746,200501EO41213,529550.0,182470.0,-0.133907,51.526237,1,3,2,1,07/11/2005,2,13:13,2,E09000007,3,501,Dual carriageway,30,Automatic traffic signal,5,0,None within 50 metres,Pedestrian phase at traffic signal junction,Daylight: Street light present,Fine without high winds,Dry,None,None,1,Yes,E01000852,2005
3747,200501EO41214,531020.0,181990.0,-0.112907,51.521585,1,3,1,1,23/10/2005,1,23:07,2,E09000007,3,5201,Single carriageway,30,Automatic traffic signal,3,401,None within 50 metres,No physical crossing within 50 meters,Darkness: Street lights present and lit,Fine without high winds,Dry,None,None,1,Yes,E01000917,2005
3748,200501EO41215,529890.0,182240.0,-0.129093,51.524092,1,2,1,1,02/11/2005,4,09:05,2,E09000007,5,0,Single carriageway,30,Automatic traffic signal,5,0,None within 50 metres,Pedestrian phase at traffic signal junction,Daylight: Street light present,Fine without high winds,Dry,None,None,1,Yes,E01000855,2005
3749,200501EO41216,530680.0,185850.0,-0.116373,51.556352,1,3,1,1,30/10/2005,1,20:08,3,E09000019,3,503,Single carriageway,30,None,-1,0,None within 50 metres,No physical crossing within 50 meters,Darkness: Street lights present and lit,Fine without high winds,Dry,None,None,1,Yes,E01002746,2005
3750,200501EO41217,528900.0,183750.0,-0.142803,51.537889,1,3,1,1,17/09/2005,7,10:12,2,E09000007,6,0,Single carriageway,30,Giveway or uncontrolled,6,0,None within 50 metres,No physical crossing within 50 meters,Daylight: Street light present,Fine without high winds,Dry,None,None,1,Yes,E01000863,2005
3751,200501EO41218,524310.0,185100.0,-0.208474,51.551051,1,3,2,1,02/11/2005,4,09:50,28,E09000005,3,5,Single carriageway,30,Giveway or uncontrolled,6,0,None within 50 metres,No physical crossing within 50 meters,Daylight: Street light present,Fine without high winds,Dry,None,None,1,Yes,E01000558,2005
3752,200501EO41219,528770.0,184070.0,-0.14456,51.540795,1,2,2,1,29/10/2005,7,16:50,2,E09000007,3,502,One way street,30,Giveway or uncontrolled,3,502,None within 50 metres,No physical crossing within 50 meters,Daylight: Street light present,Fine without high winds,Dry,None,None,1,Yes,E01000863,2005
3753,200501EO41221,532780.0,182440.0,-0.087384,51.525218,1,3,2,1,25/10/2005,3,15:30,3,E09000019,3,501,Single carriageway,30,None,-1,0,None within 50 metres,No physical crossing within 50 meters,Daylight: Street light present,Fine without high winds,Dry,None,None,1,Yes,E01002704,2005
3754,200501EO41222,532540.0,184510.0,-0.090063,51.543877,1,3,2,1,26/10/2005,4,08:20,3,E09000019,3,104,Single carriageway,30,Giveway or uncontrolled,3,104,None within 50 metres,No physical crossing within 50 meters,Daylight: Street light present,Fine without high winds,Dry,None,None,1,No,E01002720,2005
3755,200501EO41223,532220.0,182850.0,-0.095298,51.529034,1,3,2,1,29/09/2005,5,22:25,3,E09000019,3,501,Single carriageway,30,Giveway or uncontrolled,3,501,None within 50 metres,No physical crossing within 50 meters,Darkness: Street lights present and lit,Fine without high winds,Dry,None,None,1,Yes,E01002702,2005
3756,200501EO41224,528760.0,187290.0,-0.143526,51.569735,1,2,1,1,03/11/2005,5,17:48,2,E09000007,4,519,Single carriageway,30,None,-1,0,None within 50 metres,No physical crossing within 50 meters,Darkness: Street lights present and lit,Fine without high winds,Dry,None,None,1,Yes,E01002009,2005
3757,200501EO41227,526900.0,184160.0,-0.171478,51.542027,1,3,2,1,29/10/2005,7,09:00,2,E09000007,4,509,Single carriageway,30,Automatic traffic signal,6,0,None within 50 metres,Pedestrian phase at traffic signal junction,Daylight: Street light present,Fine without high winds,Dry,None,None,1,No,E01000963,2005
3758,200501EO41228,526510.0,185430.0,-0.176642,51.553528,1,3,1,1,02/11/2005,4,19:15,2,E09000007,4,511,Single carriageway,30,Giveway or uncontrolled,5,0,None within 50 metres,Zebra crossing,Darkness: Street lights present and lit,Raining without high winds,Wet/Damp,Road surface defective,None,1,Yes,E01000879,2005
3759,200501EO41229,526430.0,184540.0,-0.178115,51.545547,1,2,2,2,26/10/2005,4,12:15,2,E09000007,3,41,Dual carriageway,30,Giveway or uncontrolled,6,0,None within 50 metres,No physical crossing within 50 meters,Daylight: Street light present,Fine without high winds,Dry,None,None,1,Yes,E01000960,2005
3760,200501EO41230,528900.0,187010.0,-0.141609,51.567186,1,2,2,1,01/11/2005,3,06:50,3,E09000019,5,0,Single carriageway,30,None,-1,0,None within 50 metres,No physical crossing within 50 meters,Darkness: Street lights present and lit,Fine without high winds,Dry,None,None,1,No,E01000913,2005
3761,200501EO41231,531220.0,183120.0,-0.109605,51.531693,1,3,1,1,28/10/2005,6,10:51,3,E09000019,3,501,Single carriageway,30,Giveway or uncontrolled,3,501,None within 50 metres,No physical crossing within 50 meters,Daylight: Street light present,Fine without high winds,Dry,None,None,1,Yes,E01002727,2005
3762,200501EO41232,530580.0,183290.0,-0.118764,51.533369,1,3,2,1,13/10/2005,5,08:10,3,E09000019,3,5203,Single carriageway,30,Automatic traffic signal,5,0,None within 50 metres,Pedestrian phase at traffic signal junction,Daylight: Street light present,Fine without high winds,Dry,None,None,1,Yes,E01002711,2005
3763,200501EO41233,531000.0,183630.0,-0.112586,51.536328,1,3,1,1,23/10/2005,1,19:20,3,E09000019,5,0,Single carriageway,30,Giveway or uncontrolled,6,0,None within 50 metres,Zebra crossing,Darkness: Street lights present and lit,Fine without high winds,Dry,None,None,1,Yes,E01002694,2005
3764,200501EO41234,531570.0,183510.0,-0.104417,51.535117,1,3,1,1,24/10/2005,2,17:21,3,E09000019,3,1,Single carriageway,30,Giveway or uncontrolled,6,0,None within 50 metres,No physical crossing within 50 meters,Daylight: Street light present,Fine without high winds,Dry,None,None,1,Yes,E01002794,2005
3765,200501EO41235,531830.0,186450.0,-0.099569,51.561477,1,3,2,1,25/10/2005,3,08:05,3,E09000019,3,1201,Single carriageway,30,Automatic traffic signal,3,1201,None within 50 metres,Pedestrian phase at traffic signal junction,Daylight: Street light present,Fine without high winds,Wet/Damp,None,None,1,Yes,E01001720,2005
3766,200501EO41236,530690.0,187440.0,-0.115638,51.570639,1,3,2,1,28/10/2005,6,20:15,3,E09000019,3,1201,Single carriageway,30,None,-1,0,None within 50 metres,No physical crossing within 50 meters,Darkness: Street lights present and lit,Fine without high winds,Dry,None,None,1,Yes,E01002805,2005
3767,200501EO41237,531100.0,183570.0,-0.111167,51.535765,1,3,2,1,28/10/2005,6,02:00,3,E09000019,5,0,Single carriageway,30,Automatic traffic signal,5,0,None within 50 metres,Pedestrian phase at traffic signal junction,Darkness: Street lights present and lit,Fine without high winds,Dry,None,None,1,Yes,E01002694,2005
3768,200501EO41238,531670.0,183780.0,-0.102875,51.53752,1,3,2,1,30/10/2005,1,01:30,3,E09000019,3,1,Single carriageway,30,Giveway or uncontrolled,5,0,None within 50 metres,No physical crossing within 50 meters,Darkness: Street lights present and lit,Raining without high winds,Wet/Damp,None,None,1,No,E01002794,2005
3769,200501EO41239,529410.0,182370.0,-0.13596,51.525371,1,3,1,1,31/10/2005,2,15:50,2,E09000007,3,501,Single carriageway,30,Automatic traffic signal,3,400,None within 50 metres,Pedestrian phase at traffic signal junction,Daylight: Street light present,Fine without high winds,Dry,None,None,1,Yes,E01000852,2005
3770,200501EO41240,532930.0,184420.0,-0.084476,51.542976,1,3,2,2,30/01/2005,1,20:00,3,E09000019,4,102,Single carriageway,30,Automatic traffic signal,5,0,None within 50 metres,Pedestrian phase at traffic signal junction,Darkness: Street lights present and lit,Fine without high winds,Dry,None,None,1,No,E01002718,2005
3771,200501EO41241,528920.0,183890.0,-0.142464,51.539143,1,3,2,1,07/11/2005,2,11:00,2,E09000007,3,503,Single carriageway,30,Giveway or uncontrolled,3,400,None within 50 metres,No physical crossing within 50 meters,Daylight: Street light present,Fine without high winds,Dry,None,None,1,Yes,E01000863,2005
3772,200501EO41242,532800.0,181920.0,-0.087292,51.52054,1,3,1,2,08/11/2005,3,12:59,3,E09000019,3,501,Single carriageway,30,Automatic traffic signal,4,100,None within 50 metres,Pedestrian phase at traffic signal junction,Daylight: Street light present,Fine without high winds,Dry,None,None,1,Yes,E01002704,2005
3773,200501EO41243,531610.0,182440.0,-0.10424,51.525492,1,2,1,1,06/11/2005,1,05:26,3,E09000019,4,501,Single carriageway,30,Automatic traffic signal,6,0,None within 50 metres,Pedestrian phase at traffic signal junction,Darkness: Street lights present and lit,Fine without high winds,Dry,None,None,1,Yes,E01002725,2005
3774,200501EO41244,526960.0,185700.0,-0.170057,51.555853,1,3,2,1,01/11/2005,3,12:55,2,E09000007,6,0,Single carriageway,30,None,-1,0,None within 50 metres,No physical crossing within 50 meters,Daylight: Street light present,Fine without high winds,Dry,None,None,1,Yes,E01000896,2005
3775,200501EO41245,530600.0,186550.0,-0.117266,51.562662,1,3,2,2,05/11/2005,7,17:55,3,E09000019,3,103,Single carriageway,30,None,-1,0,None within 50 metres,No physical crossing within 50 meters,Daylight: Street light present,Fine without high winds,Dry,None,None,1,No,E01002737,2005
3776,200501EO41246,529800.0,184970.0,-0.129384,51.548647,1,3,2,1,01/11/2005,3,16:15,3,E09000019,3,503,Single carriageway,30,Automatic traffic signal,3,5200,None within 50 metres,Pedestrian phase at traffic signal junction,Daylight: Street light present,Fine without high winds,Dry,None,None,1,Yes,E01000926,2005
3777,200501EO41248,529390.0,186800.0,-0.134621,51.565187,1,2,1,1,03/11/2005,5,07:55,3,E09000019,3,400,Single carriageway,30,Automatic traffic signal,3,1,None within 50 metres,Pedestrian phase at traffic signal junction,Daylight: Street light present,Fine without high winds,Dry,None,None,1,Yes,E01002770,2005
3778,200501EO41249,528670.0,184160.0,-0.145968,51.541626,1,3,1,1,07/11/2005,2,17:00,2,E09000007,3,502,Single carriageway,30,Giveway or uncontrolled,3,502,None within 50 metres,No physical crossing within 50 meters,Daylight: Street light present,Fine without high winds,Dry,None,None,1,Yes,E01000863,2005
3779,200501EO41250,531260.0,186620.0,-0.107724,51.563137,1,3,1,1,11/11/2005,6,22:30,3,E09000019,3,503,Single carriageway,30,Automatic traffic signal,3,503,None within 50 metres,Pedestrian phase at traffic signal junction,Darkness: Street lights present and lit,Fine without high winds,Dry,None,None,1,Yes,E01002734,2005
3780,200501EO41251,529370.0,182090.0,-0.136639,51.522864,1,3,1,2,14/11/2005,2,08:35,2,E09000007,3,400,Single carriageway,30,Automatic traffic signal,5,0,None within 50 metres,Pedestrian phase at traffic signal junction,Daylight: Street light present,Fine without high winds,Dry,None,None,1,Yes,E01000854,2005
3781,200501EO41252,525540.0,185690.0,-0.190533,51.556081,1,2,2,1,10/11/2005,5,08:00,2,E09000007,6,0,Single carriageway,30,Giveway or uncontrolled,6,0,None within 50 metres,No physical crossing within 50 meters,Daylight: Street light present,Fine without high winds,Dry,None,None,1,Yes,E01000878,2005
3782,200501EO41253,527860.0,185230.0,-0.157253,51.551426,1,3,1,1,12/11/2005,7,13:15,2,E09000007,4,517,Single carriageway,30,None,-1,0,None within 50 metres,No physical crossing within 50 meters,Daylight: Street light present,Fine without high winds,Dry,None,None,1,Yes,E01000892,2005
3783,200501EO41254,524480.0,185060.0,-0.206038,51.550654,1,3,2,1,11/11/2005,6,13:15,2,E09000007,5,0,Single carriageway,30,Giveway or uncontrolled,6,0,None within 50 metres,No physical crossing within 50 meters,Daylight: Street light present,Fine without high winds,Dry,None,None,1,Yes,E01000875,2005
3784,200501EO41255,531290.0,185060.0,-0.107874,51.549111,1,3,4,1,13/07/2005,4,23:50,3,E09000019,3,1,Single carriageway,30,Automatic traffic signal,6,0,None within 50 metres,No physical crossing within 50 meters,Darkness: Street lights present and lit,Fine without high winds,Dry,None,None,1,Yes,E01002795,2005
3785,200501EO41256,529870.0,186690.0,-0.12774,51.564088,1,2,1,1,13/11/2005,1,19:05,3,E09000019,6,0,Single carriageway,30,None,-1,0,None within 50 metres,No physical crossing within 50 meters,Darkness: Street lights present and lit,Fine without high winds,Dry,None,None,1,Yes,E01002809,2005
3786,200501EO41257,526450.0,184510.0,-0.177837,51.545273,1,3,1,1,12/11/2005,7,14:05,2,E09000007,3,41,Single carriageway,30,Automatic traffic signal,5,0,None within 50 metres,Pedestrian phase at traffic signal junction,Daylight: Street light present,Fine without high winds,Dry,None,None,1,Yes,E01000960,2005
3787,200501EO41258,528860.0,183940.0,-0.14331,51.539606,1,2,1,2,08/11/2005,3,20:00,2,E09000007,3,502,Single carriageway,30,Giveway or uncontrolled,6,0,None within 50 metres,No physical crossing within 50 meters,Darkness: Street lights present and lit,Fine without high winds,Dry,None,None,1,Yes,E01000863,2005
3788,200501EO41259,530150.0,187190.0,-0.123518,51.568517,1,3,2,1,05/11/2005,7,16:50,3,E09000019,3,103,Single carriageway,30,Giveway or uncontrolled,6,0,None within 50 metres,No physical crossing within 50 meters,Daylight: Street light present,Fine without high winds,Wet/Damp,None,None,1,Yes,E01002758,2005
3789,200501EO41260,528940.0,184700.0,-0.141879,51.546418,1,3,2,1,13/11/2005,1,12:15,2,E09000007,3,400,Single carriageway,30,Automatic traffic signal,5,0,None within 50 metres,Pedestrian phase at traffic signal junction,Daylight: Street light present,Fine without high winds,Dry,None,None,1,No,E01000927,2005
3790,200501EO41264,531660.0,183750.0,-0.10303,51.537253,1,3,2,1,15/11/2005,3,19:30,3,E09000019,3,1,Single carriageway,30,None,-1,0,None within 50 metres,No physical crossing within 50 meters,Daylight: Street light present,Fine without high winds,Dry,None,None,1,No,E01002794,2005
3791,200501EO41265,530390.0,181390.0,-0.122204,51.516338,1,3,1,1,14/11/2005,2,17:10,2,E09000007,6,0,Single carriageway,30,None,-1,0,None within 50 metres,No physical crossing within 50 meters,Darkness: Street lights present and lit,Fine without high winds,Dry,None,None,1,Yes,E01000918,2005
3792,200501EO41266,530200.0,181930.0,-0.124742,51.521235,1,3,1,1,08/11/2005,3,05:40,2,E09000007,3,4200,Single carriageway,30,None,-1,0,None within 50 metres,No physical crossing within 50 meters,Darkness: Street lights present and lit,Fine without high winds,Dry,None,None,1,Yes,E01000855,2005
3793,200501EO41267,532480.0,182700.0,-0.091608,51.527625,1,2,1,1,21/10/2005,6,09:36,3,E09000019,3,144,Single carriageway,30,Giveway or uncontrolled,4,502,None within 50 metres,No physical crossing within 50 meters,Daylight: Street light present,Fine without high winds,Dry,None,None,1,Yes,E01002701,2005
3794,200501EO41269,528950.0,184750.0,-0.141717,51.546865,1,3,2,1,01/11/2005,3,12:54,2,E09000007,3,400,Single carriageway,30,None,-1,0,None within 50 metres,No physical crossing within 50 meters,Daylight: Street light present,Fine without high winds,Dry,None,None,1,Yes,E01000927,2005
3795,200501EO41270,529430.0,185900.0,-0.134375,51.55709,1,3,2,1,15/11/2005,3,20:39,3,E09000019,5,0,Single carriageway,30,Giveway or uncontrolled,6,0,None within 50 metres,No physical crossing within 50 meters,Darkness: Street lights present and lit,Fine without high winds,Dry,None,None,1,Yes,E01002789,2005
3796,200501EO41271,525990.0,184510.0,-0.184468,51.545376,1,3,2,1,16/11/2005,4,08:00,2,E09000007,6,0,Single carriageway,30,Giveway or uncontrolled,6,0,None within 50 metres,No physical crossing within 50 meters,Daylight: Street light present,Fine without high winds,Dry,None,None,1,Yes,E01000964,2005
3797,200501EO41272,532720.0,184780.0,-0.087367,51.546261,1,3,2,1,23/09/2005,6,18:30,3,E09000019,3,104,Single carriageway,30,Giveway or uncontrolled,6,0,None within 50 metres,No physical crossing within 50 meters,Daylight: Street light present,Fine without high winds,Dry,None,None,1,Yes,E01002716,2005
3798,200501EO41273,530050.0,184380.0,-0.125998,51.543287,1,3,1,1,16/11/2005,4,14:00,2,E09000007,5,0,Single carriageway,30,Automatic traffic signal,3,5200,None within 50 metres,No physical crossing within 50 meters,Daylight: Street light present,Fine without high winds,Dry,Road surface defective,None,1,Yes,E01002708,2005
3799,200501EO41274,531170.0,187390.0,-0.108735,51.570078,1,3,2,1,17/11/2005,5,06:00,31,E09000014,5,0,Single carriageway,30,None,-1,0,None within 50 metres,No physical crossing within 50 meters,Daylight: Street light present,Unknown,Dry,None,None,1,No,E01002065,2005
3800,200501EO41275,525880.0,183920.0,-0.186264,51.540098,1,3,4,1,19/11/2005,7,04:30,2,E09000007,4,509,Single carriageway,30,None,-1,0,None within 50 metres,No physical crossing within 50 meters,Darkness: Street lights present and lit,Fine without high winds,Wet/Damp,None,None,1,Yes,E01000935,2005
3801,200501EO41276,530490.0,181570.0,-0.120697,51.517933,1,3,2,1,31/10/2005,2,06:30,2,E09000007,3,4200,Single carriageway,30,Giveway or uncontrolled,6,0,None within 50 metres,Pedestrian phase at traffic signal junction,Darkness: Street lights present and lit,Raining without high winds,Wet/Damp,None,None,1,Yes,E01000914,2005
3802,200501EO41277,529750.0,182320.0,-0.131081,51.524843,1,3,2,2,28/10/2005,6,14:25,2,E09000007,6,0,Single carriageway,30,Giveway or uncontrolled,6,0,None within 50 metres,No physical crossing within 50 meters,Daylight: Street light present,Fine without high winds,Dry,None,None,1,Yes,E01000855,2005
3803,200501EO41278,528980.0,185370.0,-0.141057,51.55243,1,3,2,1,16/11/2005,4,08:20,2,E09000007,6,0,Single carriageway,30,Giveway or uncontrolled,3,400,None within 50 metres,No physical crossing within 50 meters,Daylight: Street light present,Raining without high winds,Wet/Damp,None,None,1,Yes,E01000921,2005
3804,200501EO41279,528940.0,184700.0,-0.141879,51.546418,1,3,1,1,17/11/2005,5,16:11,2,E09000007,3,400,Single carriageway,30,Automatic traffic signal,5,0,None within 50 metres,Pedestrian phase at traffic signal junction,Darkness: Street lights present and lit,Fine without high winds,Dry,None,None,1,No,E01000927,2005
3805,200501EO41280,527490.0,187590.0,-0.161732,51.572719,1,3,1,1,18/11/2005,6,01:15,31,E09000014,4,519,Single carriageway,30,Giveway or uncontrolled,6,0,None within 50 metres,No physical crossing within 50 meters,Darkness: Street lights present and lit,Fine without high winds,Wet/Damp,None,None,1,Yes,E01002008,2005
3806,200501EO41281,530490.0,186650.0,-0.118815,51.563586,1,3,2,1,18/11/2005,6,09:15,3,E09000019,3,103,Single carriageway,30,Automatic traffic signal,3,103,None within 50 metres,Pedestrian phase at traffic signal junction,Daylight: Street light present,Fine without high winds,Dry,None,None,1,Yes,E01002808,2005
3807,200501EO41283,530700.0,186220.0,-0.115947,51.559673,1,3,1,1,27/10/2005,5,20:48,3,E09000019,3,503,Single carriageway,30,Automatic traffic signal,6,0,None within 50 metres,Pedestrian phase at traffic signal junction,Darkness: Street lights present and lit,Fine without high winds,Wet/Damp,None,None,1,Yes,E01002731,2005
3808,200501EO41285,529110.0,182800.0,-0.140125,51.529304,1,2,1,1,20/11/2005,1,00:30,2,E09000007,6,0,Single carriageway,30,None,-1,0,None within 50 metres,No physical crossing within 50 meters,Darkness: Street lights present and lit,Fine without high winds,Dry,None,None,1,Yes,E01000951,2005
3809,200501EO41286,528430.0,184430.0,-0.149328,51.544107,1,3,2,1,20/11/2005,1,06:30,2,E09000007,4,517,Single carriageway,30,Giveway or uncontrolled,6,0,None within 50 metres,No physical crossing within 50 meters,Darkness: Street lights present and lit,Fine without high winds,Dry,None,None,1,Yes,E01000904,2005
3810,200501EO41287,526600.0,185630.0,-0.175273,51.555305,1,3,2,1,18/11/2005,6,20:45,2,E09000007,3,502,Single carriageway,30,None,-1,0,None within 50 metres,No physical crossing within 50 meters,Darkness: Street lights present and lit,Fine without high winds,Dry,None,None,1,No,E01000894,2005
3811,200501EO41288,531250.0,186500.0,-0.107913,51.562061,1,3,1,1,09/11/2005,4,02:15,3,E09000019,3,503,Single carriageway,30,Giveway or uncontrolled,6,0,None within 50 metres,No physical crossing within 50 meters,Darkness: Street lights present and lit,Raining without high winds,Wet/Damp,None,None,1,Yes,E01002732,2005
3812,200501EO41289,529760.0,182570.0,-0.130844,51.527088,1,3,2,1,19/11/2005,7,19:20,2,E09000007,3,501,Single carriageway,30,Automatic traffic signal,3,4200,None within 50 metres,Pedestrian phase at traffic signal junction,Darkness: Street lights present and lit,Fine without high winds,Dry,None,None,1,Yes,E01000852,2005
3813,200501EO41290,530060.0,184890.0,-0.125666,51.547868,1,3,1,2,17/11/2005,5,08:37,3,E09000019,6,0,Single carriageway,30,Giveway or uncontrolled,6,0,None within 50 metres,No physical crossing within 50 meters,Daylight: Street light present,Fine without high winds,Dry,None,None,1,Yes,E01002766,2005
3814,200501EO41291,525280.0,183810.0,-0.19495,51.539243,1,3,1,1,02/11/2005,4,17:12,2,E09000007,3,5,Single carriageway,30,None,-1,0,None within 50 metres,No physical crossing within 50 meters,Daylight: Street light present,Fine without high winds,Dry,None,None,1,Yes,E01000548,2005
3815,200501EO41292,530970.0,185430.0,-0.112348,51.552511,1,3,1,1,09/11/2005,4,12:15,3,E09000019,3,1,Dual carriageway,30,Automatic traffic signal,3,103,None within 50 metres,Pedestrian phase at traffic signal junction,Daylight: Street light present,Fine without high winds,Dry,None,None,1,No,E01002761,2005
3816,200501EO41293,530570.0,183300.0,-0.118904,51.533462,1,3,2,1,12/11/2005,7,18:40,3,E09000019,3,5203,Single carriageway,30,Giveway or uncontrolled,3,5203,None within 50 metres,No physical crossing within 50 meters,Darkness: Street lights present and lit,Fine without high winds,Dry,None,None,1,Yes,E01002711,2005
3817,200501EO41294,531880.0,183820.0,-0.099834,51.53783,1,3,1,1,18/11/2005,6,19:15,3,E09000019,3,104,Single carriageway,30,None,-1,0,None within 50 metres,No physical crossing within 50 meters,Daylight: Street light present,Fine without high winds,Dry,None,None,1,No,E01002799,2005
3818,200501EO41295,530080.0,182790.0,-0.126153,51.528991,1,3,2,1,08/10/2005,7,04:10,2,E09000007,3,501,Dual carriageway,30,Automatic traffic signal,4,504,None within 50 metres,Pedestrian phase at traffic signal junction,Darkness: Street lights present and lit,Fine without high winds,Dry,None,None,1,Yes,E01000942,2005
3819,200501EO41296,529990.0,182660.0,-0.127498,51.527844,1,3,2,1,18/11/2005,6,18:35,2,E09000007,5,0,Single carriageway,30,Giveway or uncontrolled,6,0,None within 50 metres,No physical crossing within 50 meters,Daylight: Street light present,Fine without high winds,Dry,None,None,1,No,E01000942,2005
3820,200501EO41297,530860.0,183060.0,-0.114815,51.531238,1,3,2,1,17/11/2005,5,09:15,3,E09000019,3,501,Single carriageway,30,None,-1,0,None within 50 metres,No physical crossing within 50 meters,Daylight: Street light present,Fine without high winds,Dry,None,None,1,No,E01002728,2005
3821,200501EO41298,530440.0,182990.0,-0.120892,51.530706,1,3,2,1,07/09/2005,4,08:54,2,E09000007,3,501,Single carriageway,30,Automatic traffic signal,3,5203,None within 50 metres,Pedestrian phase at traffic signal junction,Daylight: Street light present,Fine without high winds,Dry,None,None,1,Yes,E01000938,2005
3822,200501EO41299,530840.0,185580.0,-0.114167,51.553889,1,2,2,1,09/09/2005,6,12:30,3,E09000019,3,1,Single carriageway,30,Giveway or uncontrolled,6,0,None within 50 metres,No physical crossing within 50 meters,Daylight: Street light present,Fine without high winds,Dry,None,None,1,No,E01002767,2005
3823,200501EO41300,530320.0,182970.0,-0.122629,51.530554,1,3,1,1,27/09/2005,3,12:23,2,E09000007,3,501,Single carriageway,30,Automatic traffic signal,3,5200,None within 50 metres,Pedestrian phase at traffic signal junction,Daylight: Street light present,Fine without high winds,Dry,None,None,1,Yes,E01000939,2005
3824,200501EO41301,530560.0,181390.0,-0.119756,51.516299,1,3,2,3,17/10/2005,2,19:40,2,E09000007,3,4200,Single carriageway,30,Automatic traffic signal,4,402,None within 50 metres,No physical crossing within 50 meters,Darkness: Street lights present and lit,Fine without high winds,Dry,None,None,1,Yes,E01000918,2005
3825,200501EO41302,528950.0,182200.0,-0.14265,51.523948,1,3,3,2,02/10/2005,1,01:30,2,E09000007,3,501,Single carriageway,30,None,-1,0,None within 50 metres,No physical crossing within 50 meters,Darkness: Street lights present and lit,Fine without high winds,Dry,None,None,1,No,E01000851,2005
3826,200501EO41303,529790.0,182540.0,-0.130423,51.526811,1,3,2,1,24/11/2005,5,09:40,2,E09000007,3,4200,Single carriageway,30,Giveway or uncontrolled,6,0,None within 50 metres,No physical crossing within 50 meters,Daylight: Street light present,Fine without high winds,Dry,None,None,1,Yes,E01000852,2005
3827,200501EO41304,531030.0,181880.0,-0.112804,51.520594,1,3,2,1,10/09/2005,7,22:45,2,E09000007,3,5200,Single carriageway,30,Giveway or uncontrolled,6,0,None within 50 metres,No physical crossing within 50 meters,Darkness: Street lights present and lit,Raining without high winds,Wet/Damp,None,None,1,Yes,E01000914,2005
3828,200501EO41305,530180.0,182530.0,-0.124808,51.526632,1,3,1,1,02/11/2005,4,09:12,2,E09000007,6,0,Single carriageway,30,Giveway or uncontrolled,6,0,None within 50 metres,No physical crossing within 50 meters,Daylight: Street light present,Fine without high winds,Dry,None,None,1,Yes,E01000943,2005
3829,200501EO41307,530600.0,181550.0,-0.11912,51.517728,1,3,1,1,17/11/2005,5,10:40,2,E09000007,3,40,Single carriageway,30,Automatic traffic signal,3,40,None within 50 metres,Pedestrian phase at traffic signal junction,Daylight: Street light present,Fine without high winds,Dry,None,None,1,Yes,E01000914,2005
3830,200501EO41308,527280.0,185500.0,-0.165516,51.553984,1,3,2,1,22/11/2005,3,23:50,2,E09000007,5,0,Single carriageway,30,Automatic traffic signal,4,518,None within 50 metres,Pedestrian phase at traffic signal junction,Darkness: Street lights present and lit,Fine without high winds,Wet/Damp,None,None,1,Yes,E01000898,2005
3831,200501EO41309,531050.0,186190.0,-0.110912,51.559322,1,3,1,1,20/11/2005,1,13:30,3,E09000019,3,503,Single carriageway,30,Giveway or uncontrolled,6,0,None within 50 metres,Zebra crossing,Daylight: Street light present,Fine without high winds,Dry,None,None,1,Yes,E01002732,2005
3832,200501EO41310,532690.0,182460.0,-0.088673,51.525419,1,3,1,2,16/11/2005,4,11:38,3,E09000019,3,5201,Single carriageway,30,Giveway or uncontrolled,6,0,None within 50 metres,No physical crossing within 50 meters,Daylight: Street light present,Fine without high winds,Dry,None,None,1,Yes,E01002704,2005
3833,200501EO41311,529740.0,182210.0,-0.131265,51.523857,1,3,2,1,17/11/2005,5,07:30,2,E09000007,5,0,Single carriageway,30,None,-1,0,None within 50 metres,No physical crossing within 50 meters,Daylight: Street light present,Fine without high winds,Dry,None,None,1,Yes,E01000854,2005
3834,200501EO41312,531030.0,185370.0,-0.111506,51.551958,1,3,1,1,17/11/2005,5,09:42,3,E09000019,6,0,Single carriageway,30,Giveway or uncontrolled,3,1,None within 50 metres,No physical crossing within 50 meters,Daylight: Street light present,Fine without high winds,Dry,None,None,1,Yes,E01002761,2005
3835,200501EO41313,528940.0,184280.0,-0.142033,51.542643,1,3,2,1,18/11/2005,6,12:00,2,E09000007,3,400,Single carriageway,30,Automatic traffic signal,3,400,None within 50 metres,Pedestrian phase at traffic signal junction,Daylight: Street light present,Fine without high winds,Dry,None,None,1,Yes,E01000856,2005
3836,200501EO41314,524520.0,184830.0,-0.205543,51.548578,1,3,2,1,18/10/2005,3,09:40,28,E09000005,3,5,Dual carriageway,30,Giveway or uncontrolled,6,0,None within 50 metres,No physical crossing within 50 meters,Daylight: Street light present,Fine without high winds,Dry,None,None,1,Yes,E01000561,2005
3837,200501EO41316,525500.0,185480.0,-0.191185,51.554202,1,2,2,2,20/11/2005,1,02:55,2,E09000007,3,41,Single carriageway,30,Automatic traffic signal,6,0,None within 50 metres,Pedestrian phase at traffic signal junction,Darkness: Street lights present and lit,Other,Frost/Ice,None,None,1,Yes,E01000874,2005
3838,200501EO41319,529250.0,184290.0,-0.137561,51.542662,1,3,2,3,15/11/2005,3,09:25,2,E09000007,3,503,Single carriageway,30,Automatic traffic signal,3,5202,None within 50 metres,No physical crossing within 50 meters,Daylight: Street light present,Fine without high winds,Wet/Damp,None,None,1,Yes,E01000867,2005
3839,200501EO41320,529250.0,182340.0,-0.138277,51.525138,1,2,2,1,19/11/2005,7,21:00,2,E09000007,3,501,Single carriageway,30,Giveway or uncontrolled,3,400,None within 50 metres,No physical crossing within 50 meters,Darkness: Street lights present and lit,Fine without high winds,Dry,None,None,1,Yes,E01000946,2005
3840,200501EO41322,530330.0,183450.0,-0.122307,51.534865,1,3,1,1,18/11/2005,6,15:20,2,E09000007,3,5200,Single carriageway,30,Automatic traffic signal,5,0,None within 50 metres,Pedestrian phase at traffic signal junction,Daylight: Street light present,Fine without high winds,Dry,Mud,None,1,Yes,E01002711,2005
3841,200501EO41323,529330.0,186870.0,-0.13546,51.56583,1,2,2,1,21/11/2005,2,20:45,3,E09000019,3,1,Single carriageway,30,Automatic traffic signal,3,1,None within 50 metres,Pedestrian phase at traffic signal junction,Darkness: Street lights present and lit,Fine without high winds,Dry,None,None,1,Yes,E01002770,2005
3842,200501EO41324,529320.0,182170.0,-0.13733,51.523594,1,3,1,1,21/11/2005,2,18:50,2,E09000007,3,400,Single carriageway,30,Automatic traffic signal,5,0,None within 50 metres,Pedestrian phase at traffic signal junction,Darkness: Street lights present and lit,Fine without high winds,Dry,None,None,1,Yes,E01000854,2005
3843,200501EO41325,531740.0,184730.0,-0.101511,51.546041,1,3,2,1,20/09/2005,3,09:10,3,E09000019,3,1201,Single carriageway,30,None,-1,0,None within 50 metres,Zebra crossing,Daylight: Street light present,Fine without high winds,Dry,None,None,1,No,E01002791,2005
3844,200501EO41326,530020.0,185280.0,-0.126098,51.551382,1,3,2,1,12/11/2005,7,00:01,3,E09000019,3,503,Single carriageway,30,Giveway or uncontrolled,6,0,None within 50 metres,Zebra crossing,Darkness: Street lights present and lit,Fine without high winds,Dry,None,None,1,No,E01002764,2005
3845,200501EO41327,530590.0,181540.0,-0.119268,51.51764,1,3,1,1,18/11/2005,6,19:40,2,E09000007,3,40,Single carriageway,30,Automatic traffic signal,3,40,None within 50 metres,Pedestrian phase at traffic signal junction,Darkness: Street lights present and lit,Fine without high winds,Dry,None,None,1,No,E01000914,2005
3846,200501EO41328,531430.0,184890.0,-0.105919,51.547551,1,3,2,1,23/11/2005,4,19:00,3,E09000019,3,1,Single carriageway,30,Giveway or uncontrolled,6,0,None within 50 metres,non-junction pedestrian crossing,Darkness: Street lights present and lit,Fine without high winds,Dry,None,None,1,No,E01002795,2005
3847,200501EO41330,525340.0,183730.0,-0.194114,51.538511,1,3,1,1,22/11/2005,3,18:55,2,E09000007,3,5,Single carriageway,30,Giveway or uncontrolled,4,451,None within 50 metres,non-junction pedestrian crossing,Darkness: Street lights present and lit,Fine without high winds,Dry,None,None,1,Yes,E01000548,2005
3848,200501EO41331,529340.0,182480.0,-0.136929,51.526375,1,3,2,1,21/11/2005,2,15:45,2,E09000007,4,522,Single carriageway,30,Giveway or uncontrolled,6,0,None within 50 metres,No physical crossing within 50 meters,Daylight: Street light present,Fine without high winds,Dry,None,None,1,Yes,E01000945,2005
3849,200501EO41332,531680.0,183810.0,-0.102719,51.537787,1,3,1,1,23/11/2005,4,09:09,3,E09000019,3,1,Single carriageway,30,Giveway or uncontrolled,6,0,None within 50 metres,non-junction pedestrian crossing,Daylight: Street light present,Fine without high winds,Dry,None,None,1,Yes,E01002794,2005
3850,200501EO41333,526330.0,184100.0,-0.179714,51.541615,1,3,2,1,21/11/2005,2,08:55,2,E09000007,4,509,Roundabout,30,Giveway or uncontrolled,5,0,None within 50 metres,Zebra crossing,Daylight: Street light present,Snowing without high winds,Frost/Ice,None,None,1,Yes,E01000934,2005
3851,200501EO41334,529210.0,182620.0,-0.13875,51.527663,1,3,2,1,10/12/2005,7,12:40,2,E09000007,3,400,Single carriageway,30,Giveway or uncontrolled,6,0,None within 50 metres,No physical crossing within 50 meters,Daylight: Street light present,Fine without high winds,Dry,None,None,1,Yes,E01000945,2005
3852,200501EO41335,531950.0,184910.0,-0.098416,51.547609,1,3,2,1,17/11/2005,5,12:15,3,E09000019,3,1201,Single carriageway,30,None,-1,0,None within 50 metres,No physical crossing within 50 meters,Daylight: Street light present,Fine without high winds,Dry,Roadworks,None,1,No,E01002738,2005
3853,200501EO41336,531470.0,181940.0,-0.106443,51.521031,1,3,2,1,21/11/2005,2,09:17,2,E09000007,6,0,Single carriageway,30,Giveway or uncontrolled,3,201,None within 50 metres,No physical crossing within 50 meters,Daylight: Street light present,Fine without high winds,Dry,None,None,1,Yes,E01000916,2005
3854,200501EO41337,531480.0,183330.0,-0.105781,51.53352,1,2,2,4,06/11/2005,1,17:02,3,E09000019,3,1,Dual carriageway,30,None,-1,0,None within 50 metres,Pedestrian phase at traffic signal junction,Darkness: Street lights present and lit,Raining without high winds,Wet/Damp,None,None,1,Yes,E01002794,2005
3855,200501EO41338,530430.0,186550.0,-0.119717,51.562701,1,3,2,1,20/11/2005,1,19:45,3,E09000019,5,0,Single carriageway,30,Giveway or uncontrolled,6,0,None within 50 metres,No physical crossing within 50 meters,Darkness: Street lighting unknown,Unknown,Frost/Ice,None,None,1,Yes,E01002733,2005
3856,200501EO41340,532820.0,185370.0,-0.085703,51.551539,1,3,2,1,23/11/2005,4,07:22,3,E09000019,3,105,Single carriageway,30,None,-1,0,None within 50 metres,No physical crossing within 50 meters,Daylight: Street light present,Fog or mist,Dry,None,None,1,Yes,E01002779,2005
3857,200501EO41341,531680.0,183060.0,-0.103,51.531047,1,3,1,1,24/11/2005,5,20:00,3,E09000019,3,501,Single carriageway,30,None,-1,0,None within 50 metres,No physical crossing within 50 meters,Darkness: Street lights present and lit,Fine without high winds,Dry,None,None,1,Yes,E01002707,2005
3858,200501EO41342,530060.0,184290.0,-0.125887,51.542476,1,3,1,2,25/11/2005,6,21:10,2,E09000007,3,5200,Single carriageway,30,None,-1,0,None within 50 metres,No physical crossing within 50 meters,Darkness: Street lights present and lit,Fine without high winds,Frost/Ice,None,None,1,Yes,E01000868,2005
3859,200501EO41343,529210.0,182770.0,-0.138695,51.529011,1,3,2,2,26/11/2005,7,17:06,2,E09000007,3,400,Single carriageway,30,Automatic traffic signal,5,0,None within 50 metres,Pedestrian phase at traffic signal junction,Darkness: Street lights present and lit,Raining without high winds,Wet/Damp,None,None,1,Yes,E01000950,2005
3860,200501EO41344,531470.0,183320.0,-0.105928,51.533433,1,3,2,3,21/11/2005,2,00:35,3,E09000019,3,1,Single carriageway,30,None,-1,0,None within 50 metres,No physical crossing within 50 meters,Darkness: Street lights present and lit,Fine without high winds,Frost/Ice,None,None,1,Yes,E01002794,2005
3861,200501EO41345,532140.0,184130.0,-0.095971,51.540556,1,3,2,1,22/11/2005,3,19:18,3,E09000019,3,104,Single carriageway,30,Automatic traffic signal,3,1200,None within 50 metres,Pedestrian phase at traffic signal junction,Darkness: Street lights present and lit,Other,Wet/Damp,None,None,1,Yes,E01002793,2005
3862,200501EO41346,532770.0,182290.0,-0.087585,51.523872,1,3,1,1,23/11/2005,4,07:15,3,E09000019,3,501,Dual carriageway,30,Giveway or uncontrolled,6,0,None within 50 metres,No physical crossing within 50 meters,Daylight: Street light present,Other,Dry,None,None,1,Yes,E01002704,2005
3863,200501EO41347,529510.0,183860.0,-0.133972,51.538738,1,3,1,1,24/08/2005,4,06:25,2,E09000007,3,5202,One way street,30,Giveway or uncontrolled,6,0,None within 50 metres,No physical crossing within 50 meters,Daylight: Street light present,Fine without high winds,Dry,None,None,1,Yes,E01000958,2005
3864,200501EO41349,530750.0,181860.0,-0.116845,51.520479,1,2,2,1,13/08/2005,7,21:20,2,E09000007,3,401,Single carriageway,30,Giveway or uncontrolled,6,0,None within 50 metres,Zebra crossing,Darkness: Street lights present and lit,Raining without high winds,Wet/Damp,None,None,1,Yes,E01000914,2005
3865,200501EO41350,530860.0,181910.0,-0.115241,51.520903,1,2,2,1,23/09/2005,6,13:00,2,E09000007,3,401,Single carriageway,30,None,-1,0,None within 50 metres,No physical crossing within 50 meters,Daylight: Street light present,Fine without high winds,Dry,None,None,1,Yes,E01000914,2005
3866,200501EO41351,532370.0,184310.0,-0.092588,51.542119,1,3,2,1,23/11/2005,4,08:06,3,E09000019,3,104,Single carriageway,30,Giveway or uncontrolled,6,0,None within 50 metres,No physical crossing within 50 meters,Darkness: Street lights present but unlit,Fine without high winds,Wet/Damp,None,None,1,Yes,E01002722,2005
3867,200501EO41352,530280.0,182930.0,-0.12322,51.530203,1,3,2,1,05/10/2005,4,17:55,2,E09000007,3,501,Dual carriageway,30,Giveway or uncontrolled,6,0,None within 50 metres,No physical crossing within 50 meters,Darkness: Street lights present and lit,Fine without high winds,Dry,None,None,1,Yes,E01000939,2005
3868,200501EO41353,529830.0,182630.0,-0.129814,51.527611,1,3,2,1,03/09/2005,7,17:20,2,E09000007,6,0,Single carriageway,30,Automatic traffic signal,3,501,None within 50 metres,Pedestrian phase at traffic signal junction,Daylight: Street light present,Fine without high winds,Dry,None,None,1,Yes,E01000942,2005
3869,200501EO41354,530510.0,181500.0,-0.120435,51.517299,1,2,2,1,28/11/2005,2,10:36,2,E09000007,3,4200,Single carriageway,30,None,-1,0,None within 50 metres,Pedestrian phase at traffic signal junction,Daylight: Street light present,Fine without high winds,Dry,None,Involvement with previous accident,1,Yes,E01000918,2005
3870,200501EO41355,530600.0,184650.0,-0.117971,51.545587,1,3,3,4,07/11/2005,2,19:20,3,E09000019,3,5203,Single carriageway,30,Giveway or uncontrolled,6,0,None within 50 metres,No physical crossing within 50 meters,Darkness: Street lights present and lit,Fine without high winds,Dry,None,None,1,Yes,E01002713,2005
3871,200501EO41356,529060.0,183590.0,-0.140556,51.536415,1,3,1,1,06/12/2005,3,10:47,2,E09000007,3,502,Single carriageway,30,None,-1,0,None within 50 metres,No physical crossing within 50 meters,Daylight: Street light present,Fine without high winds,Dry,None,None,1,Yes,E01000947,2005
3872,200501EO41357,532110.0,182680.0,-0.096947,51.527532,1,3,2,1,26/10/2005,4,17:54,3,E09000019,5,0,Single carriageway,30,Giveway or uncontrolled,6,0,None within 50 metres,No physical crossing within 50 meters,Darkness: Street lights present and lit,Fine without high winds,Dry,None,None,1,Yes,E01002702,2005
3873,200501EO41358,531590.0,184760.0,-0.103661,51.546345,1,3,1,1,05/11/2005,7,13:40,3,E09000019,3,1,Single carriageway,30,None,-1,0,None within 50 metres,No physical crossing within 50 meters,Daylight: Street light present,Fine without high winds,Dry,None,None,1,Yes,E01002795,2005
3874,200501EO41359,531290.0,186640.0,-0.107284,51.56331,1,2,1,2,28/08/2005,1,06:15,3,E09000019,3,503,Single carriageway,30,None,-1,0,None within 50 metres,No physical crossing within 50 meters,Daylight: Street light present,Fine without high winds,Dry,None,None,1,Yes,E01002734,2005
3875,200501EO41360,528260.0,184350.0,-0.151808,51.543427,1,3,1,1,02/12/2005,6,17:00,2,E09000007,3,502,Single carriageway,30,None,-1,0,None within 50 metres,Zebra crossing,Darkness: Street lights present and lit,Fine without high winds,Dry,None,None,1,No,E01000858,2005
3876,200501EO41361,531300.0,184320.0,-0.108005,51.542459,1,3,1,1,20/11/2005,1,08:30,3,E09000019,6,0,Single carriageway,30,None,-1,0,None within 50 metres,No physical crossing within 50 meters,Daylight: Street light present,Fine without high winds,Dry,None,None,1,Yes,E01002699,2005
3877,200501EO41362,530850.0,187340.0,-0.113368,51.569703,1,3,2,1,02/12/2005,6,09:35,31,E09000014,3,1201,Single carriageway,30,Giveway or uncontrolled,6,0,None within 50 metres,No physical crossing within 50 meters,Daylight: Street light present,Fine without high winds,Dry,None,None,1,No,E01002805,2005
3878,200501EO41363,529230.0,182000.0,-0.138689,51.522087,1,2,2,1,16/08/2005,3,20:46,2,E09000007,6,0,Single carriageway,30,Automatic traffic signal,6,0,None within 50 metres,Pedestrian phase at traffic signal junction,Darkness: Street lights present and lit,Fine without high winds,Dry,None,None,1,Yes,E01000851,2005
3879,200501EO41364,532460.0,184840.0,-0.091092,51.546861,1,2,2,1,13/11/2005,1,19:34,3,E09000019,3,1199,Dual carriageway,30,Giveway or uncontrolled,6,0,Control by other authorised person,Zebra crossing,Darkness: Street lights present and lit,Fine without high winds,Dry,None,None,1,Yes,E01002717,2005
3880,200501EO41365,528210.0,184380.0,-0.152517,51.543708,1,3,2,1,11/12/2005,1,14:00,2,E09000007,3,502,Single carriageway,30,Automatic traffic signal,6,0,None within 50 metres,No physical crossing within 50 meters,Daylight: Street light present,Fine without high winds,Dry,None,None,1,Yes,E01000858,2005
3881,200501EO41367,532030.0,182170.0,-0.09829,51.522967,1,3,1,1,29/11/2005,3,19:57,3,E09000019,3,1,Single carriageway,30,None,-1,0,None within 50 metres,No physical crossing within 50 meters,Daylight: Street light present,Fine without high winds,Dry,None,None,1,Yes,E01002705,2005
3882,200501EO41370,531910.0,182160.0,-0.100023,51.522906,1,3,2,1,21/12/2005,4,13:30,3,E09000019,3,5201,Single carriageway,30,Giveway or uncontrolled,6,0,None within 50 metres,No physical crossing within 50 meters,Daylight: Street light present,Fine without high winds,Dry,None,None,1,No,E01002705,2005
3883,200501EO41371,529500.0,182440.0,-0.134638,51.525979,1,3,3,5,14/12/2005,4,10:25,2,E09000007,3,501,Dual carriageway,30,None,-1,0,None within 50 metres,No physical crossing within 50 meters,Daylight: Street light present,Fine without high winds,Dry,None,None,1,Yes,E01000852,2005
3884,200501EO41372,531320.0,185120.0,-0.107419,51.549644,1,3,1,1,29/11/2005,3,18:32,3,E09000019,6,0,Single carriageway,30,Giveway or uncontrolled,6,0,None within 50 metres,No physical crossing within 50 meters,Daylight: Street light present,Fine without high winds,Dry,None,None,1,Yes,E01002739,2005
3885,200501EO41373,526310.0,186240.0,-0.179235,51.560852,1,3,2,1,28/11/2005,2,17:50,2,E09000007,3,502,Single carriageway,30,Automatic traffic signal,5,0,None within 50 metres,Pedestrian phase at traffic signal junction,Darkness: Street lights present and lit,Raining without high winds,Wet/Damp,None,None,1,Yes,E01000899,2005
3886,200501EO41374,531420.0,184200.0,-0.106321,51.541353,1,3,2,1,24/11/2005,5,17:08,3,E09000019,4,515,Single carriageway,30,Giveway or uncontrolled,6,0,None within 50 metres,No physical crossing within 50 meters,Daylight: Street light present,Fine without high winds,Dry,None,None,1,Yes,E01002699,2005
3887,200501EO41375,529050.0,182220.0,-0.141202,51.524105,1,3,1,1,28/11/2005,2,09:35,2,E09000007,3,501,Single carriageway,30,None,-1,0,None within 50 metres,No physical crossing within 50 meters,Daylight: Street light present,Fine without high winds,Dry,None,None,1,Yes,E01000851,2005
3888,200501EO41376,528960.0,183930.0,-0.141873,51.539493,1,3,2,1,30/11/2005,4,03:55,2,E09000007,3,503,Single carriageway,30,Giveway or uncontrolled,3,503,None within 50 metres,No physical crossing within 50 meters,Darkness: Street lights present and lit,Fine without high winds,Dry,None,None,1,Yes,E01000861,2005
3889,200501EO41377,530380.0,186820.0,-0.120338,51.565139,1,2,1,1,12/12/2005,2,20:59,3,E09000019,3,103,Single carriageway,30,None,-1,0,None within 50 metres,No physical crossing within 50 meters,Darkness: Street lights present and lit,Fine without high winds,Dry,None,None,1,Yes,E01002807,2005
3890,200501EO41378,529090.0,184030.0,-0.139963,51.540362,1,3,1,1,13/12/2005,3,00:08,2,E09000007,3,503,Slip road,30,Automatic traffic signal,3,400,None within 50 metres,Pedestrian phase at traffic signal junction,Darkness: Street lights present and lit,Fine without high winds,Dry,None,None,1,Yes,E01000856,2005
3891,200501EO41379,529080.0,185390.0,-0.139608,51.552586,1,3,3,1,04/08/2005,5,20:05,2,E09000007,6,0,Single carriageway,30,None,-1,0,None within 50 metres,No physical crossing within 50 meters,Daylight: Street light present,Fine without high winds,Dry,None,None,1,Yes,E01000923,2005
3892,200501EO41380,530320.0,183300.0,-0.122506,51.533519,1,3,1,1,02/08/2005,3,10:25,2,E09000007,3,5200,Single carriageway,30,Giveway or uncontrolled,5,0,None within 50 metres,No physical crossing within 50 meters,Daylight: Street light present,Fine without high winds,Dry,None,None,1,Yes,E01000953,2005
3893,200501EO41382,526770.0,184130.0,-0.173362,51.541786,1,2,2,2,13/08/2005,7,01:40,2,E09000007,4,509,Single carriageway,30,Automatic traffic signal,3,41,None within 50 metres,Pedestrian phase at traffic signal junction,Darkness: Street lights present and lit,Fine without high winds,Dry,None,None,1,Yes,E01000963,2005
3894,200501EO41383,528530.0,185900.0,-0.14735,51.557295,1,3,2,2,15/12/2005,5,08:40,2,E09000007,5,0,Single carriageway,30,Giveway or uncontrolled,6,0,None within 50 metres,Zebra crossing,Daylight: Street light present,Fine without high winds,Dry,None,None,1,Yes,E01000912,2005
3895,200501EO41384,526570.0,185740.0,-0.175666,51.5563,1,3,2,1,15/12/2005,5,17:00,2,E09000007,6,0,Single carriageway,30,None,-1,0,None within 50 metres,No physical crossing within 50 meters,Daylight: Street light present,Fine without high winds,Dry,None,None,1,No,E01000894,2005
3896,200501EO41385,528790.0,185490.0,-0.143752,51.553551,1,3,2,1,30/11/2005,4,21:13,2,E09000007,4,518,Single carriageway,30,Giveway or uncontrolled,6,0,None within 50 metres,No physical crossing within 50 meters,Darkness: Street lights present and lit,Raining without high winds,Wet/Damp,None,None,1,Yes,E01000928,2005
3897,200501EO41386,529960.0,186500.0,-0.126513,51.56236,1,3,2,1,14/12/2005,4,17:19,3,E09000019,3,1,Single carriageway,30,None,-1,0,None within 50 metres,No physical crossing within 50 meters,Darkness: Street lights present and lit,Raining without high winds,Wet/Damp,None,None,1,Yes,E01002774,2005
3898,200501EO41387,531590.0,182090.0,-0.104659,51.522351,1,3,2,1,23/11/2005,4,12:46,3,E09000019,3,5201,Single carriageway,30,None,-1,0,None within 50 metres,No physical crossing within 50 meters,Daylight: Street light present,Fine without high winds,Dry,None,None,1,Yes,E01002724,2005
3899,200501EO41388,525170.0,185850.0,-0.19581,51.557601,1,3,2,2,01/12/2005,5,22:17,2,E09000007,3,41,Single carriageway,30,Automatic traffic signal,4,510,None within 50 metres,Pedestrian phase at traffic signal junction,Darkness: Street lights present and lit,Raining without high winds,Wet/Damp,None,None,1,Yes,E01000871,2005
3900,200501EO41389,530880.0,181920.0,-0.11495,51.520988,1,3,2,2,17/12/2005,7,14:00,2,E09000007,3,401,Single carriageway,30,Giveway or uncontrolled,6,0,None within 50 metres,No physical crossing within 50 meters,Daylight: Street light present,Fine without high winds,Dry,None,None,1,Yes,E01000914,2005
3901,200501EO41390,530040.0,184440.0,-0.12612,51.543829,1,3,1,1,28/11/2005,2,14:31,2,E09000007,3,5200,Single carriageway,30,None,-1,0,None within 50 metres,No physical crossing within 50 meters,Daylight: Street light present,Fine without high winds,Dry,None,None,1,Yes,E01002708,2005
3902,200501EO41391,529790.0,181450.0,-0.130824,51.517016,1,3,2,3,05/12/2005,2,21:54,2,E09000007,3,400,One way street,30,Giveway or uncontrolled,5,0,None within 50 metres,No physical crossing within 50 meters,Darkness: Street lights present and lit,Fine without high winds,Dry,None,None,1,Yes,E01004763,2005
3903,200501EO41392,526750.0,185880.0,-0.17302,51.557518,1,3,2,1,07/12/2005,4,09:56,2,E09000007,6,0,Single carriageway,30,Giveway or uncontrolled,6,0,None within 50 metres,No physical crossing within 50 meters,Daylight: Street light present,Fine without high winds,Wet/Damp,None,None,1,Yes,E01000894,2005
3904,200501EO41393,529510.0,181860.0,-0.134707,51.520765,1,3,1,1,14/12/2005,4,18:24,2,E09000007,3,400,Single carriageway,30,Automatic traffic signal,6,0,None within 50 metres,Pedestrian phase at traffic signal junction,Darkness: Street lights present and lit,Fine without high winds,Wet/Damp,None,None,1,Yes,E01000851,2005
3905,200501EO41394,528950.0,184320.0,-0.141874,51.543,1,3,1,1,14/12/2005,4,14:25,2,E09000007,3,400,Single carriageway,30,None,-1,0,None within 50 metres,No physical crossing within 50 meters,Daylight: Street light present,Fine without high winds,Dry,None,None,1,Yes,E01000856,2005
3906,200501EO41395,528730.0,185560.0,-0.144591,51.554194,1,3,1,1,30/11/2005,4,12:30,2,E09000007,4,518,Single carriageway,30,Giveway or uncontrolled,6,0,None within 50 metres,No physical crossing within 50 meters,Daylight: Street light present,Fine without high winds,Dry,None,None,1,Yes,E01000928,2005
3907,200501EO41396,529120.0,183500.0,-0.139724,51.535592,1,3,1,1,06/12/2005,3,16:52,2,E09000007,3,502,Slip road,30,Giveway or uncontrolled,6,0,None within 50 metres,non-junction pedestrian crossing,Darkness: Street lights present and lit,Raining without high winds,Wet/Damp,None,None,1,Yes,E01000947,2005
3908,200501EO41397,529530.0,182900.0,-0.134037,51.530106,1,3,1,1,13/12/2005,3,21:00,2,E09000007,3,4200,Roundabout,30,Giveway or uncontrolled,5,0,None within 50 metres,Zebra crossing,Darkness: Street lights present and lit,Fine without high winds,Dry,None,None,1,Yes,E01000945,2005
3909,200501EO41398,529760.0,187320.0,-0.129094,51.569775,1,3,1,1,07/12/2005,4,08:55,3,E09000019,5,0,Single carriageway,30,Giveway or uncontrolled,6,0,None within 50 metres,No physical crossing within 50 meters,Daylight: Street light present,Raining without high winds,Wet/Damp,None,None,1,Yes,E01002759,2005
3910,200501EO41399,531140.0,181600.0,-0.111323,51.518052,1,3,2,1,12/12/2005,2,18:30,2,E09000007,3,40,Single carriageway,30,Automatic traffic signal,3,5200,None within 50 metres,Pedestrian phase at traffic signal junction,Darkness: Street lights present and lit,Fine without high winds,Wet/Damp,None,None,1,Yes,E01000004,2005
3911,200501EO41400,530150.0,187170.0,-0.123525,51.568337,1,3,2,1,30/11/2005,4,12:38,3,E09000019,6,0,Single carriageway,30,Giveway or uncontrolled,3,103,None within 50 metres,No physical crossing within 50 meters,Daylight: Street light present,Fine without high winds,Dry,None,None,1,Yes,E01002760,2005
3912,200501EO41401,529870.0,182430.0,-0.129311,51.525804,1,3,1,1,30/11/2005,4,07:45,2,E09000007,3,4200,Single carriageway,30,Giveway or uncontrolled,6,0,None within 50 metres,Zebra crossing,Daylight: Street light present,Fine without high winds,Dry,None,None,1,Yes,E01000852,2005
3913,200501EO41402,530110.0,187310.0,-0.12405,51.569605,1,3,2,1,06/12/2005,3,09:35,3,E09000019,3,103,Dual carriageway,30,Giveway or uncontrolled,5,0,None within 50 metres,No physical crossing within 50 meters,Daylight: Street light present,Fine without high winds,Dry,None,None,1,Yes,E01002758,2005
3914,200501EO41403,532630.0,182700.0,-0.089447,51.52759,1,3,2,1,06/12/2005,3,19:33,3,E09000019,3,501,Single carriageway,30,Giveway or uncontrolled,6,0,None within 50 metres,No physical crossing within 50 meters,Darkness: Street lights present and lit,Fine without high winds,Dry,None,None,1,Yes,E01001778,2005
3915,200501EO41404,530270.0,181910.0,-0.123741,51.521039,1,3,2,1,09/12/2005,6,20:25,2,E09000007,3,4200,Single carriageway,30,None,-1,0,None within 50 metres,No physical crossing within 50 meters,Darkness: Street lights present and lit,Fine without high winds,Dry,None,None,1,Yes,E01000855,2005
3916,200501EO41405,530700.0,183530.0,-0.116946,51.535499,1,3,2,1,03/12/2005,7,16:00,3,E09000019,3,5203,Single carriageway,30,Giveway or uncontrolled,6,0,None within 50 metres,No physical crossing within 50 meters,Darkness: Street lights present and lit,Fine without high winds,Dry,None,None,1,Yes,E01002710,2005
3917,200501EO41406,531670.0,184100.0,-0.102755,51.540396,1,3,2,1,01/12/2005,5,10:24,3,E09000019,3,1,Single carriageway,30,Stop Sign,6,0,None within 50 metres,No physical crossing within 50 meters,Daylight: Street light present,Raining without high winds,Wet/Damp,None,None,1,Yes,E01002792,2005
3918,200501EO41407,531970.0,185150.0,-0.098038,51.549762,1,3,2,1,14/12/2005,4,21:00,3,E09000019,3,1201,Single carriageway,30,Giveway or uncontrolled,6,0,None within 50 metres,No physical crossing within 50 meters,Darkness: Street lights present and lit,Fine without high winds,Dry,None,None,1,Yes,E01002738,2005
3919,200501EO41408,529210.0,182680.0,-0.138728,51.528202,1,2,1,1,15/12/2005,5,12:00,2,E09000007,3,400,Single carriageway,30,None,-1,0,None within 50 metres,Pedestrian phase at traffic signal junction,Daylight: Street light present,Unknown,Dry,None,None,1,No,E01000950,2005
3920,200501EO41409,531280.0,182230.0,-0.109072,51.523681,1,2,2,1,25/11/2005,6,09:30,3,E09000019,3,201,Single carriageway,30,Giveway or uncontrolled,6,0,None within 50 metres,Zebra crossing,Daylight: Street light present,Fine without high winds,Dry,None,None,1,Yes,E01002724,2005
3921,200501EO41410,530100.0,181580.0,-0.126311,51.518113,1,3,2,1,16/12/2005,6,09:25,2,E09000007,5,0,Single carriageway,30,Giveway or uncontrolled,5,0,None within 50 metres,non-junction pedestrian crossing,Daylight: Street light present,Fine without high winds,Dry,None,None,1,Yes,E01000918,2005
3922,200501EO41411,525290.0,185660.0,-0.194148,51.555867,1,3,2,1,04/12/2005,1,17:05,2,E09000007,3,41,Single carriageway,30,None,-1,0,None within 50 metres,No physical crossing within 50 meters,Darkness: Street lights present and lit,Fine without high winds,Wet/Damp,None,None,1,Yes,E01000877,2005
3923,200501EO41412,529720.0,184860.0,-0.130578,51.547677,1,2,2,1,07/12/2005,4,16:53,2,E09000007,3,503,Single carriageway,30,Automatic traffic signal,3,5200,None within 50 metres,Pedestrian phase at traffic signal junction,Darkness: Street lights present and lit,Fine without high winds,Dry,None,None,1,Yes,E01000869,2005
3924,200501EO41413,530050.0,184380.0,-0.125998,51.543287,1,3,1,1,28/11/2005,2,10:09,2,E09000007,3,5200,Single carriageway,30,Automatic traffic signal,5,0,None within 50 metres,Pedestrian phase at traffic signal junction,Daylight: Street light present,Fine without high winds,Wet/Damp,None,None,1,Yes,E01002708,2005
3925,200501EO41414,529990.0,181420.0,-0.127955,51.5167,1,2,1,1,21/12/2005,4,13:00,2,E09000007,3,40,Single carriageway,30,Giveway or uncontrolled,6,0,None within 50 metres,No physical crossing within 50 meters,Daylight: Street light present,Fine without high winds,Dry,None,None,1,Yes,E01000855,2005
3926,200501EO41415,530010.0,181530.0,-0.127626,51.517684,1,2,1,1,10/11/2005,5,16:06,2,E09000007,5,0,Single carriageway,30,Giveway or uncontrolled,3,400,None within 50 metres,No physical crossing within 50 meters,Darkness: Street lights present and lit,Fine without high winds,Dry,None,None,1,Yes,E01000855,2005
3927,200501EO41416,529750.0,182590.0,-0.130981,51.52727,1,3,2,1,04/12/2005,1,18:55,2,E09000007,3,501,Single carriageway,30,Automatic traffic signal,3,4200,None within 50 metres,Pedestrian phase at traffic signal junction,Darkness: Street lights present and lit,Fine without high winds,Wet/Damp,None,None,1,Yes,E01000945,2005
3928,200501EO41417,532830.0,181740.0,-0.086928,51.518916,48,3,2,1,06/12/2005,3,21:25,570,E09000001,5,0,Single carriageway,30,Giveway or uncontrolled,6,0,None within 50 metres,No physical crossing within 50 meters,Darkness: Street lights present and lit,Fine without high winds,Dry,None,None,1,No,E01000004,2005
3929,200501EO41418,529480.0,181650.0,-0.135216,51.518884,1,3,1,1,08/12/2005,5,15:35,2,E09000007,6,0,Single carriageway,30,Giveway or uncontrolled,6,0,None within 50 metres,No physical crossing within 50 meters,Daylight: Street light present,Fine without high winds,Dry,None,None,1,Yes,E01000850,2005
3930,200501EO41419,530550.0,181680.0,-0.119792,51.518908,1,3,1,1,03/11/2005,5,17:55,2,E09000007,3,40,Single carriageway,30,None,-1,0,None within 50 metres,No physical crossing within 50 meters,Darkness: Street lights present and lit,Fine without high winds,Dry,None,None,1,No,E01000914,2005
3931,200501EO41420,525490.0,184470.0,-0.191689,51.545128,1,3,2,1,02/11/2005,4,18:15,2,E09000007,4,510,Single carriageway,30,Giveway or uncontrolled,6,0,None within 50 metres,No physical crossing within 50 meters,Daylight: Street light present,Fine without high winds,Dry,None,None,1,Yes,E01000968,2005
3932,200501EO41421,530520.0,181750.0,-0.120198,51.519544,1,3,1,1,16/12/2005,6,17:03,2,E09000007,3,401,Dual carriageway,30,Giveway or uncontrolled,3,401,None within 50 metres,No physical crossing within 50 meters,Darkness: Street lights present and lit,Fine without high winds,Dry,None,None,1,Yes,E01000914,2005
3933,200501EO41422,528840.0,182230.0,-0.144224,51.524243,1,3,2,1,01/11/2005,3,10:48,2,E09000007,3,4201,Single carriageway,30,None,-1,0,None within 50 metres,No physical crossing within 50 meters,Daylight: Street light present,Fine without high winds,Dry,None,None,1,Yes,E01000946,2005
3934,200501EO41424,532490.0,185840.0,-0.090283,51.555841,1,3,4,1,25/12/2005,1,11:10,4,E09000012,3,105,Dual carriageway,30,Giveway or uncontrolled,3,105,None within 50 metres,No physical crossing within 50 meters,Daylight: Street light present,Fine without high winds,Wet/Damp,None,None,1,Yes,E01001738,2005
3935,200501EO41425,529210.0,182690.0,-0.138725,51.528292,1,3,2,1,26/12/2005,2,13:40,2,E09000007,3,400,Single carriageway,30,None,-1,0,None within 50 metres,Zebra crossing,Daylight: Street light present,Fine without high winds,Dry,None,None,1,No,E01000950,2005
3936,200501EO41426,529970.0,182300.0,-0.127918,51.524613,1,3,2,1,14/12/2005,4,17:45,2,E09000007,5,0,Single carriageway,30,Automatic traffic signal,3,4200,None within 50 metres,No physical crossing within 50 meters,Darkness: Street lights present and lit,Fine without high winds,Dry,None,None,1,No,E01000852,2005
3937,200501EO41427,527350.0,184420.0,-0.164898,51.544262,1,3,2,1,02/12/2005,6,23:15,2,E09000007,6,0,Single carriageway,30,Giveway or uncontrolled,6,0,None within 50 metres,No physical crossing within 50 meters,Darkness: Street lights present and lit,Raining without high winds,Wet/Damp,None,None,1,Yes,E01000846,2005
3938,200501EO41428,532500.0,181950.0,-0.091602,51.52088,1,3,1,1,30/11/2005,4,20:10,3,E09000019,4,100,Single carriageway,30,None,-1,0,None within 50 metres,No physical crossing within 50 meters,Darkness: Street lights present and lit,Fine without high winds,Wet/Damp,None,None,1,No,E01002704,2005
3939,200501EO41429,532790.0,181900.0,-0.087443,51.520363,1,3,2,1,04/12/2005,1,08:40,3,E09000019,4,100,Single carriageway,30,Automatic traffic signal,3,501,None within 50 metres,No physical crossing within 50 meters,Daylight: Street light present,Fine without high winds,Dry,None,None,1,Yes,E01002704,2005
3940,200501EO41430,528950.0,184370.0,-0.141856,51.54345,1,3,1,1,09/12/2005,6,13:00,2,E09000007,3,400,Single carriageway,30,Giveway or uncontrolled,6,0,None within 50 metres,No physical crossing within 50 meters,Daylight: Street light present,Fine without high winds,Dry,None,None,1,Yes,E01000856,2005
3941,200501EO41431,527060.0,187600.0,-0.167929,51.572906,1,3,2,1,02/12/2005,6,17:30,31,E09000014,4,519,Single carriageway,30,Giveway or uncontrolled,6,0,None within 50 metres,No physical crossing within 50 meters,Darkness: Street lights present and lit,Fine with high winds,Wet/Damp,None,None,1,Yes,E01002008,2005
3942,200501EO41432,530750.0,186270.0,-0.115208,51.560111,1,3,1,1,05/12/2005,2,13:20,3,E09000019,3,503,Single carriageway,30,Automatic traffic signal,3,103,None within 50 metres,Pedestrian phase at traffic signal junction,Daylight: Street light present,Fine without high winds,Dry,None,None,1,Yes,E01002731,2005
3943,200501EO41434,529910.0,181390.0,-0.129118,51.516449,1,3,1,1,19/12/2005,2,17:25,2,E09000007,3,40,Single carriageway,30,Automatic traffic signal,3,40,None within 50 metres,Pedestrian phase at traffic signal junction,Darkness: Street lights present and lit,Fine without high winds,Dry,None,None,1,Yes,E01000919,2005
3944,200501EO41435,532960.0,184830.0,-0.083889,51.546654,1,3,3,2,04/12/2005,1,19:51,3,E09000019,5,0,Single carriageway,30,Automatic traffic signal,3,104,None within 50 metres,No physical crossing within 50 meters,Darkness: Street lights present and lit,Fine without high winds,Dry,Roadworks,None,1,Yes,E01002776,2005
3945,200501EO41436,526610.0,184380.0,-0.175578,51.544069,1,3,2,1,12/12/2005,2,19:08,2,E09000007,3,41,Dual carriageway,30,None,-1,0,None within 50 metres,No physical crossing within 50 meters,Darkness: Street lights present and lit,Fine without high winds,Dry,None,None,1,Yes,E01000963,2005
3946,200501EO41438,529450.0,182150.0,-0.135465,51.523384,1,3,2,1,20/12/2005,3,11:43,2,E09000007,5,0,Single carriageway,30,Giveway or uncontrolled,6,0,None within 50 metres,No physical crossing within 50 meters,Daylight: Street light present,Fine without high winds,Dry,None,None,1,Yes,E01000854,2005
3947,200501EO41439,526260.0,184770.0,-0.180483,51.547652,1,3,2,1,29/12/2005,5,23:00,2,E09000007,3,41,Single carriageway,30,None,-1,0,None within 50 metres,No physical crossing within 50 meters,Darkness: Street lights present and lit,Fine without high winds,Wet/Damp,None,None,1,Yes,E01000972,2005
3948,200501EO41440,531520.0,181800.0,-0.105775,51.519761,1,3,2,1,08/12/2005,5,09:20,2,E09000007,3,201,Single carriageway,30,Automatic traffic signal,6,0,None within 50 metres,Pedestrian phase at traffic signal junction,Daylight: Street light present,Raining without high winds,Wet/Damp,None,None,1,Yes,E01000916,2005
3949,200501EO41441,531660.0,183740.0,-0.103034,51.537163,1,2,2,1,14/12/2005,4,17:22,3,E09000019,3,1,Single carriageway,30,None,-1,0,None within 50 metres,No physical crossing within 50 meters,Darkness: Street lights present and lit,Raining without high winds,Wet/Damp,None,None,1,Yes,E01002794,2005
3950,200501EO41442,532220.0,184200.0,-0.094791,51.541166,1,3,3,1,16/12/2005,6,09:32,3,E09000019,3,104,Single carriageway,30,None,-1,0,None within 50 metres,non-junction pedestrian crossing,Daylight: Street light present,Fine without high winds,Dry,None,None,1,Yes,E01002719,2005
3951,200501EO41443,532700.0,185110.0,-0.087531,51.549231,1,3,2,1,10/12/2005,7,09:40,3,E09000019,3,105,Single carriageway,30,Stop Sign,5,0,None within 50 metres,No physical crossing within 50 meters,Daylight: Street light present,Fine without high winds,Dry,None,None,1,Yes,E01002780,2005
3952,200501EO41444,530560.0,185140.0,-0.118366,51.55,1,3,1,1,10/12/2005,7,08:16,3,E09000019,3,5203,Single carriageway,30,Giveway or uncontrolled,3,5203,None within 50 metres,Zebra crossing,Daylight: Street light present,Fine without high winds,Dry,None,None,1,Yes,E01002762,2005
3953,200501EO41445,531430.0,182060.0,-0.106975,51.522119,1,3,2,2,03/12/2005,7,00:20,3,E09000019,3,201,Single carriageway,30,Automatic traffic signal,3,5201,None within 50 metres,Pedestrian phase at traffic signal junction,Darkness: Street lights present and lit,Fine without high winds,Wet/Damp,None,None,1,Yes,E01002724,2005
3954,200501EO41446,528750.0,184090.0,-0.144841,51.540979,1,3,1,1,09/12/2005,6,12:40,2,E09000007,3,502,Single carriageway,30,None,-1,0,None within 50 metres,No physical crossing within 50 meters,Daylight: Street light present,Fine without high winds,Dry,None,None,1,Yes,E01000863,2005
3955,200501EO41447,532630.0,182450.0,-0.089541,51.525343,1,2,1,1,08/12/2005,5,00:04,3,E09000019,3,5201,Single carriageway,30,None,-1,0,None within 50 metres,No physical crossing within 50 meters,Darkness: Street lights present and lit,Raining without high winds,Wet/Damp,None,None,1,Yes,E01002704,2005
3956,200501EO41448,529070.0,184030.0,-0.140251,51.540367,1,2,1,1,14/12/2005,4,13:24,2,E09000007,3,400,Single carriageway,30,Automatic traffic signal,3,503,None within 50 metres,Pedestrian phase at traffic signal junction,Daylight: Street light present,Fine without high winds,Dry,None,None,1,Yes,E01000856,2005
3957,200501EO41449,531630.0,183570.0,-0.10353,51.535642,1,3,1,1,16/12/2005,6,09:56,3,E09000019,3,104,Single carriageway,30,Giveway or uncontrolled,3,1,None within 50 metres,Zebra crossing,Daylight: Street light present,Fine without high winds,Dry,None,None,1,Yes,E01002801,2005
3958,200501EO41450,531430.0,186680.0,-0.105251,51.563637,1,3,2,1,20/12/2005,3,07:30,3,E09000019,5,0,Single carriageway,30,None,-1,0,None within 50 metres,No physical crossing within 50 meters,Darkness: Street lights present and lit,Fine without high winds,Dry,None,None,1,No,E01002748,2005
3959,200501EO41451,531550.0,185460.0,-0.103976,51.552645,1,3,1,1,11/12/2005,1,21:00,3,E09000019,6,0,Single carriageway,30,None,-1,0,None within 50 metres,No physical crossing within 50 meters,Darkness: Street lights present and lit,Fine without high winds,Dry,None,None,1,Yes,E01002739,2005
3960,200501EO41452,530990.0,181970.0,-0.113347,51.521412,1,3,2,1,03/12/2005,7,22:37,2,E09000007,3,401,Single carriageway,30,Automatic traffic signal,3,5200,None within 50 metres,Pedestrian phase at traffic signal junction,Darkness: Street lights present and lit,Fine without high winds,Wet/Damp,None,None,1,Yes,E01000914,2005
3961,200501EO41453,531900.0,183850.0,-0.099534,51.538095,1,2,2,1,08/12/2005,5,19:00,3,E09000019,3,104,Single carriageway,30,Giveway or uncontrolled,6,0,None within 50 metres,No physical crossing within 50 meters,Darkness: Street lights present and lit,Fine without high winds,Wet/Damp,None,None,1,Yes,E01002799,2005
3962,200501EO41455,525510.0,184570.0,-0.191365,51.546022,1,3,1,1,18/12/2005,1,20:25,2,E09000007,4,510,Single carriageway,30,Automatic traffic signal,4,510,None within 50 metres,Pedestrian phase at traffic signal junction,Darkness: Street lights present and lit,Fine without high winds,Wet/Damp,None,None,1,Yes,E01000973,2005
3963,200501EO41456,532740.0,184810.0,-0.087068,51.546526,1,3,2,1,17/12/2005,7,17:28,3,E09000019,3,105,Single carriageway,30,Automatic traffic signal,3,104,None within 50 metres,No physical crossing within 50 meters,Darkness: Street lights present and lit,Fine without high winds,Dry,None,None,1,Yes,E01002716,2005
3964,200501EO41458,525670.0,185340.0,-0.188784,51.552906,1,3,2,1,21/12/2005,4,16:30,2,E09000007,3,41,Single carriageway,30,Automatic traffic signal,3,41,None within 50 metres,Pedestrian phase at traffic signal junction,Darkness: Street lights present and lit,Fine without high winds,Dry,None,None,1,No,E01000874,2005
3965,200501EO41459,529670.0,186690.0,-0.130624,51.564134,1,3,2,1,26/11/2005,7,13:58,3,E09000019,3,1,Single carriageway,30,Giveway or uncontrolled,5,0,None within 50 metres,non-junction pedestrian crossing,Daylight: Street light present,Fine without high winds,Dry,None,None,1,No,E01002774,2005
3966,200501EO41460,530750.0,186280.0,-0.115204,51.5602,1,3,2,1,16/11/2005,4,16:30,3,E09000019,3,103,Single carriageway,30,Automatic traffic signal,3,503,None within 50 metres,Pedestrian phase at traffic signal junction,Daylight: Street light present,Fine without high winds,Dry,None,None,1,Yes,E01002731,2005
3967,200501EO41463,531080.0,186500.0,-0.110364,51.562101,1,3,2,1,26/12/2005,2,20:10,3,E09000019,3,503,Single carriageway,30,Giveway or uncontrolled,6,0,None within 50 metres,No physical crossing within 50 meters,Darkness: Street lights present and lit,Fine without high winds,Wet/Damp,None,None,1,Yes,E01002734,2005
3968,200501EO41464,530730.0,186250.0,-0.115503,51.559935,1,3,1,1,20/12/2005,3,15:49,3,E09000019,3,503,One way street,30,Giveway or uncontrolled,3,103,None within 50 metres,No physical crossing within 50 meters,Daylight: Street light present,Fine without high winds,Dry,None,None,1,Yes,E01002731,2005
3969,200501EO41465,530050.0,185320.0,-0.125651,51.551735,1,3,1,1,19/12/2005,2,15:40,3,E09000019,3,503,Single carriageway,30,None,-1,0,None within 50 metres,No physical crossing within 50 meters,Darkness: Street lights present and lit,Fine without high winds,Dry,None,None,1,Yes,E01002764,2005
3970,200501EO41466,530270.0,182940.0,-0.12336,51.530296,1,3,2,1,24/12/2005,7,18:30,2,E09000007,3,501,Single carriageway,30,None,-1,0,None within 50 metres,No physical crossing within 50 meters,Darkness: Street lights present and lit,Fine without high winds,Dry,None,None,1,Yes,E01000953,2005
3971,200501EO41467,530580.0,181340.0,-0.119486,51.515845,1,3,3,1,21/12/2005,4,09:18,2,E09000007,3,4200,Single carriageway,30,None,-1,0,None within 50 metres,No physical crossing within 50 meters,Daylight: Street light present,Fine without high winds,Dry,None,None,1,Yes,E01000918,2005
3972,200501EO41468,530760.0,186270.0,-0.115063,51.560108,1,3,2,2,21/12/2005,4,00:25,3,E09000019,3,103,Single carriageway,30,Automatic traffic signal,3,503,None within 50 metres,Pedestrian phase at traffic signal junction,Darkness: Street lights present and lit,Fine without high winds,Dry,None,None,1,Yes,E01002730,2005
3973,200501EO41469,530800.0,185640.0,-0.114721,51.554437,1,3,2,1,23/12/2005,6,11:50,3,E09000019,3,1,Single carriageway,30,None,-1,0,None within 50 metres,No physical crossing within 50 meters,Daylight: Street light present,Fine without high winds,Dry,None,None,1,No,E01002767,2005
3974,200501EO41470,525250.0,183860.0,-0.195365,51.539699,1,3,1,1,23/12/2005,6,15:27,2,E09000007,4,510,Single carriageway,30,Automatic traffic signal,3,5,None within 50 metres,No physical crossing within 50 meters,Daylight: Street light present,Fine without high winds,Dry,None,None,1,Yes,E01000933,2005
3975,200501EO41471,531160.0,186780.0,-0.109106,51.564599,1,3,1,1,22/12/2005,5,15:42,3,E09000019,6,0,Single carriageway,30,Giveway or uncontrolled,6,0,None within 50 metres,Zebra crossing,Darkness: Street lights present and lit,Fine without high winds,Dry,Permanent sign or marking defective or obscured,None,1,Yes,E01002735,2005
3976,200501EO41472,529280.0,186470.0,-0.136328,51.562246,1,3,2,1,22/12/2005,5,09:17,3,E09000019,3,400,Single carriageway,30,Giveway or uncontrolled,6,0,None within 50 metres,No physical crossing within 50 meters,Daylight: Street light present,Fine without high winds,Dry,None,None,1,Yes,E01002771,2005
3977,200501EO41474,527090.0,185890.0,-0.168115,51.557531,1,3,1,1,27/12/2005,3,22:55,2,E09000007,5,0,Single carriageway,30,Giveway or uncontrolled,6,0,None within 50 metres,Zebra crossing,Darkness: Street lights present and lit,Fine without high winds,Wet/Damp,None,None,1,Yes,E01000894,2005
3978,200501EO41475,528570.0,184240.0,-0.14738,51.542368,1,2,1,1,24/12/2005,7,15:30,2,E09000007,3,502,Single carriageway,30,Giveway or uncontrolled,6,0,None within 50 metres,No physical crossing within 50 meters,Daylight: Street light present,Fine without high winds,Dry,None,None,1,Yes,E01000858,2005
3979,200501EO41476,529830.0,181380.0,-0.130274,51.516377,1,3,2,3,31/12/2005,7,22:03,2,E09000007,3,40,Dual carriageway,30,Automatic traffic signal,3,400,None within 50 metres,Pedestrian phase at traffic signal junction,Darkness: Street lights present and lit,Fine without high winds,Dry,None,None,1,Yes,E01000855,2005
3980,200501EO41477,530080.0,181560.0,-0.126607,51.517938,1,3,1,1,29/12/2005,5,12:20,2,E09000007,5,0,Single carriageway,30,Giveway or uncontrolled,5,0,None within 50 metres,No physical crossing within 50 meters,Daylight: Street light present,Fine without high winds,Dry,None,None,1,Yes,E01000918,2005
3981,200501EO41478,529880.0,186570.0,-0.12764,51.563007,1,2,2,1,28/11/2005,2,15:20,3,E09000019,3,1,Single carriageway,30,Stop Sign,6,0,None within 50 metres,Pedestrian phase at traffic signal junction,Daylight: Street light present,Fine without high winds,Dry,None,None,1,No,E01002774,2005
3982,200501EO41479,530450.0,181670.0,-0.121236,51.518841,1,3,2,1,28/12/2005,4,17:00,2,E09000007,3,4200,Single carriageway,30,Giveway or uncontrolled,3,401,None within 50 metres,No physical crossing within 50 meters,Darkness: Street lights present and lit,Fine without high winds,Dry,None,None,1,Yes,E01000914,2005
3983,200501EO41481,528290.0,184340.0,-0.151379,51.54333,1,3,2,1,29/12/2005,5,15:00,2,E09000007,3,502,One way street,30,Automatic traffic signal,6,0,None within 50 metres,No physical crossing within 50 meters,Daylight: Street light present,Fine without high winds,Dry,None,None,1,Yes,E01000858,2005
3984,200501EO41482,528940.0,184660.0,-0.141894,51.546058,1,3,1,1,08/12/2005,5,19:33,2,E09000007,3,400,Single carriageway,30,None,-1,0,None within 50 metres,Pedestrian phase at traffic signal junction,Darkness: Street lights present and lit,Fine without high winds,Wet/Damp,None,None,1,Yes,E01000927,2005
3985,200501EO41483,532250.0,185980.0,-0.09369,51.557155,1,3,1,1,20/12/2005,3,10:30,3,E09000019,6,0,Single carriageway,30,None,-1,0,None within 50 metres,No physical crossing within 50 meters,Daylight: Street light present,Fine without high winds,Dry,None,None,1,No,E01002743,2005
3986,200501EO41489,531900.0,186150.0,-0.098672,51.558765,1,3,2,1,09/11/2005,4,18:56,3,E09000019,3,1201,One way street,30,Giveway or uncontrolled,6,0,None within 50 metres,Zebra crossing,Darkness: Street lights present and lit,Fine without high winds,Dry,None,None,1,Yes,E01002749,2005
3987,200501EO41490,526560.0,185150.0,-0.176022,51.551,1,3,2,1,07/11/2005,2,09:15,2,E09000007,4,511,Single carriageway,30,None,-1,0,None within 50 metres,No physical crossing within 50 meters,Daylight: Street light present,Fine without high winds,Wet/Damp,None,None,1,Yes,E01000881,2005
3988,200501EO41494,529080.0,184030.0,-0.140107,51.540364,1,3,1,2,29/12/2005,5,15:55,2,E09000007,3,503,Single carriageway,30,Automatic traffic signal,3,400,None within 50 metres,Pedestrian phase at traffic signal junction,Darkness: Street lights present and lit,Fine without high winds,Wet/Damp,None,None,1,Yes,E01000856,2005
3989,200501EO41500,531450.0,183220.0,-0.106254,51.532539,1,3,2,1,28/12/2005,4,17:00,3,E09000019,3,1,Single carriageway,30,Giveway or uncontrolled,5,0,None within 50 metres,No physical crossing within 50 meters,Darkness: Street lights present and lit,Fine without high winds,Dry,None,None,1,No,E01002696,2005
3990,200501EO41501,530200.0,181650.0,-0.124845,51.518719,1,3,1,1,30/12/2005,6,16:00,2,E09000007,5,0,Single carriageway,30,None,-1,0,None within 50 metres,No physical crossing within 50 meters,Darkness: Street lighting unknown,Fine without high winds,Dry,None,None,1,No,E01000918,2005
3991,200501EO41504,528560.0,185800.0,-0.146954,51.55639,1,3,3,1,21/09/2005,4,16:10,2,E09000007,4,518,Single carriageway,30,None,-1,0,None within 50 metres,No physical crossing within 50 meters,Daylight: Street light present,Fine without high winds,Dry,None,None,1,Yes,E01000912,2005
3992,200501EO41510,530120.0,182410.0,-0.125717,51.525567,1,3,1,1,31/12/2005,7,21:27,2,E09000007,5,0,Single carriageway,30,Automatic traffic signal,6,0,None within 50 metres,Pedestrian phase at traffic signal junction,Darkness: Street lights present and lit,Fine without high winds,Dry,None,None,1,Yes,E01000943,2005
3993,200501EO41517,529460.0,186790.0,-0.133615,51.565081,1,3,2,1,06/12/2005,3,09:00,3,E09000019,3,1,Single carriageway,30,Giveway or uncontrolled,6,0,None within 50 metres,No physical crossing within 50 meters,Daylight: Street light present,Fine without high winds,Dry,None,None,1,No,E01002772,2005
3994,200501EO41521,529870.0,185070.0,-0.128338,51.54953,1,3,1,1,13/12/2005,3,09:00,3,E09000019,3,503,Single carriageway,30,Giveway or uncontrolled,6,0,None within 50 metres,No physical crossing within 50 meters,Daylight: Street light present,Fine without high winds,Dry,None,None,1,Yes,E01002783,2005
3995,200501EO49046,531430.0,182050.0,-0.106978,51.522029,1,3,3,2,07/10/2005,6,08:20,3,E09000019,3,5201,Single carriageway,30,Automatic traffic signal,3,201,None within 50 metres,Pedestrian phase at traffic signal junction,Daylight: Street light present,Fine without high winds,Dry,None,None,1,Yes,E01000916,2005
3996,200501EO49048,530570.0,185400.0,-0.118126,51.552334,1,3,1,2,26/10/2005,4,16:50,3,E09000019,3,5203,One way street,30,None,-1,0,None within 50 metres,No physical crossing within 50 meters,Daylight: Street light present,Fine without high winds,Dry,None,None,1,Yes,E01002762,2005
3997,200501EO49079,525970.0,184260.0,-0.184845,51.543134,1,3,5,2,31/12/2005,7,09:44,2,E09000007,6,0,Single carriageway,30,None,-1,0,None within 50 metres,No physical crossing within 50 meters,Daylight: Street light present,Other,Wet/Damp,None,None,1,Yes,E01000962,2005
3998,200501EO49110,530360.0,181610.0,-0.122555,51.518322,1,3,1,1,16/11/2005,4,00:02,2,E09000007,3,401,Single carriageway,30,Automatic traffic signal,5,0,None within 50 metres,No physical crossing within 50 meters,Darkness: Street lighting unknown,Fine without high winds,Dry,None,None,1,Yes,E01000914,2005
3999,200501EO49111,530110.0,181450.0,-0.126215,51.516942,1,3,3,2,10/11/2005,5,17:15,2,E09000007,3,40,Dual carriageway,30,Automatic traffic signal,3,40,None within 50 metres,No physical crossing within 50 meters,Darkness: Street lights present and lit,Fine without high winds,Dry,None,None,1,Yes,E01000919,2005
4000,200501EO49113,529000.0,185120.0,-0.14086,51.550178,1,3,4,1,26/11/2005,7,12:12,2,E09000007,3,400,Single carriageway,30,None,-1,0,None within 50 metres,No physical crossing within 50 meters,Daylight: Street light present,Fine without high winds,Wet/Damp,None,None,1,Yes,E01000928,2005
4001,200501EO49166,529230.0,183200.0,-0.138249,51.532871,1,3,1,1,11/12/2005,1,01:30,2,E09000007,3,400,Single carriageway,30,None,-1,0,None within 50 metres,No physical crossing within 50 meters,Darkness: Street lights present and lit,Fine without high winds,Wet/Damp,None,None,1,Yes,E01000947,2005
4002,200501EO49196,531420.0,183330.0,-0.106645,51.533534,1,3,1,1,05/08/2005,6,18:24,3,E09000019,4,515,Single carriageway,30,Giveway or uncontrolled,6,0,None within 50 metres,No physical crossing within 50 meters,Daylight: Street light present,Fine without high winds,Dry,None,None,1,Yes,E01002696,2005
4003,200501EO49238,530210.0,182070.0,-0.124546,51.522491,1,3,2,1,12/11/2005,7,11:26,2,E09000007,6,0,Single carriageway,30,Giveway or uncontrolled,4,502,None within 50 metres,No physical crossing within 50 meters,Daylight: Street light present,Fine without high winds,Dry,None,None,1,Yes,E01000855,2005
4004,200501EO49253,531390.0,184940.0,-0.106477,51.54801,1,3,3,1,17/12/2005,7,23:55,3,E09000019,3,1,Single carriageway,30,None,-1,0,None within 50 metres,No physical crossing within 50 meters,Darkness: Street lights present and lit,Fine without high winds,Dry,None,None,1,Yes,E01002795,2005
4005,200501FH00001,522300.0,180080.0,-0.239192,51.506373,1,2,2,1,06/01/2005,5,09:44,11,E09000013,3,4020,Single carriageway,30,Giveway or uncontrolled,6,0,None within 50 metres,No physical crossing within 50 meters,Daylight: Street light present,Fine without high winds,Dry,None,None,1,Yes,E01001860,2005
4006,200501FH00003,522590.0,180970.0,-0.234706,51.514309,1,2,1,1,09/01/2005,1,19:42,11,E09000013,3,40,Single carriageway,50,Automatic traffic signal,6,0,None within 50 metres,Pedestrian phase at traffic signal junction,Darkness: Street lights present and lit,Raining without high winds,Wet/Damp,None,None,1,Yes,E01001958,2005
4007,200501FH00004,522080.0,180100.0,-0.242353,51.5066,1,3,2,1,07/01/2005,6,12:00,11,E09000013,3,4020,Single carriageway,30,Automatic traffic signal,6,0,None within 50 metres,Pedestrian phase at traffic signal junction,Daylight: Street light present,Fine without high winds,Dry,None,None,1,Yes,E01001861,2005
4008,200501FH00005,525090.0,177080.0,-0.200074,51.478801,1,3,1,1,09/01/2005,1,21:45,11,E09000013,3,304,Single carriageway,30,Giveway or uncontrolled,6,0,None within 50 metres,No physical crossing within 50 meters,Darkness: Street lights present and lit,Raining without high winds,Wet/Damp,None,None,1,Yes,E01001947,2005
4009,200501FH00007,522850.0,180060.0,-0.231278,51.506074,1,3,1,1,07/01/2005,6,14:52,11,E09000013,3,4020,Single carriageway,30,Giveway or uncontrolled,6,0,None within 50 metres,No physical crossing within 50 meters,Daylight: Street light present,Fine without high winds,Dry,None,None,1,Yes,E01001942,2005
4010,200501FH00010,523680.0,177710.0,-0.220148,51.484773,1,3,1,1,04/01/2005,3,18:45,11,E09000013,3,219,Single carriageway,30,Automatic traffic signal,5,0,None within 50 metres,Pedestrian phase at traffic signal junction,Darkness: Street lights present and lit,Fine without high winds,Dry,None,None,1,Yes,E01001891,2005
4011,200501FH00012,521490.0,179650.0,-0.251005,51.502683,1,3,1,1,12/01/2005,4,15:30,11,E09000013,6,0,Single carriageway,30,Giveway or uncontrolled,6,0,None within 50 metres,No physical crossing within 50 meters,Darkness: Street lights present and lit,Fine without high winds,Wet/Damp,None,None,1,Yes,E01001859,2005
4012,200501FH00014,523510.0,181070.0,-0.221419,51.515007,1,3,3,1,13/01/2005,5,13:30,11,E09000013,3,3220,Single carriageway,50,Giveway or uncontrolled,3,40,None within 50 metres,No physical crossing within 50 meters,Daylight: Street light present,Fine without high winds,Dry,None,None,1,No,E01002877,2005
4013,200501FH00015,524250.0,175760.0,-0.212628,51.467123,1,3,2,1,17/01/2005,2,15:14,11,E09000013,3,219,Dual carriageway,30,None,-1,0,None within 50 metres,No physical crossing within 50 meters,Daylight: Street light present,Raining without high winds,Wet/Damp,None,None,1,Yes,,2005
4014,200501FH00016,523680.0,179720.0,-0.219444,51.502837,1,3,1,1,20/01/2005,5,18:17,11,E09000013,6,0,Single carriageway,30,None,-1,0,None within 50 metres,No physical crossing within 50 meters,Darkness: Street lights present and lit,Fine without high winds,Dry,None,None,1,Yes,E01001857,2005
4015,200501FH00018,523630.0,177870.0,-0.220811,51.486222,1,3,2,1,22/01/2005,7,12:06,11,E09000013,3,219,Single carriageway,30,Giveway or uncontrolled,6,0,None within 50 metres,non-junction pedestrian crossing,Daylight: Street light present,Fine without high winds,Dry,None,None,1,Yes,E01001890,2005
4016,200501FH00019,525610.0,175600.0,-0.193116,51.465385,1,2,1,1,22/01/2005,7,14:00,11,E09000013,6,0,Single carriageway,30,None,-1,0,None within 50 metres,No physical crossing within 50 meters,Daylight: Street light present,Fine without high winds,Dry,None,None,1,Yes,E01001934,2005
4017,200501FH00021,524400.0,176000.0,-0.210385,51.469247,1,2,2,1,14/01/2005,6,16:30,11,E09000013,3,219,One way street,30,Automatic traffic signal,3,308,None within 50 metres,No physical crossing within 50 meters,Daylight: Street light present,Fine without high winds,Dry,None,None,1,No,E01001915,2005
4018,200501FH00022,525670.0,176900.0,-0.19179,51.477055,1,3,2,1,20/01/2005,5,13:50,11,E09000013,3,308,Single carriageway,30,Automatic traffic signal,4,318,None within 50 metres,Pedestrian phase at traffic signal junction,Daylight: Street light present,Fine without high winds,Wet/Damp,None,None,1,Yes,E01001923,2005
4019,200501FH00023,523810.0,179640.0,-0.2176,51.50209,1,3,2,1,25/01/2005,3,07:56,11,E09000013,6,0,Roundabout,20,Giveway or uncontrolled,6,0,None within 50 metres,No physical crossing within 50 meters,Daylight: Street light present,Fine without high winds,Wet/Damp,None,None,1,Yes,E01001852,2005
4020,200501FH00025,525990.0,177170.0,-0.187089,51.47941,1,3,1,1,06/01/2005,5,16:30,11,E09000013,3,308,Single carriageway,30,Giveway or uncontrolled,6,0,None within 50 metres,No physical crossing within 50 meters,Darkness: Street lights present and lit,Fine without high winds,Dry,None,None,1,No,E01001920,2005
4021,200501FH00026,522540.0,180900.0,-0.235451,51.513691,1,3,1,1,17/01/2005,2,07:45,11,E09000013,5,0,Single carriageway,30,Giveway or uncontrolled,6,0,None within 50 metres,No physical crossing within 50 meters,Daylight: Street light present,Fine without high winds,Dry,None,None,1,Yes,E01001958,2005
4022,200501FH00027,522670.0,178580.0,-0.234384,51.492812,1,3,1,1,18/01/2005,3,17:52,11,E09000013,3,315,One way street,30,Giveway or uncontrolled,3,315,None within 50 metres,Zebra crossing,Darkness: Street lights present and lit,Fine without high winds,Dry,None,None,1,Yes,E01001894,2005
4023,200501FH00028,521630.0,180890.0,-0.248562,51.513797,1,3,1,1,28/01/2005,6,21:25,27,E09000009,3,40,Dual carriageway,40,Automatic traffic signal,5,0,None within 50 metres,Pedestrian phase at traffic signal junction,Darkness: Street lights present and lit,Raining without high winds,Wet/Damp,None,None,1,Yes,E01001959,2005
4024,200501FH00029,523750.0,178900.0,-0.218723,51.495453,1,3,2,1,27/01/2005,5,10:51,11,E09000013,6,0,One way street,30,None,-1,0,None within 50 metres,No physical crossing within 50 meters,Daylight: Street light present,Fine without high winds,Dry,None,None,1,Yes,E01001869,2005
4025,200501FH00030,524670.0,177430.0,-0.205996,51.482039,1,3,1,1,24/01/2005,2,09:12,11,E09000013,6,0,Single carriageway,30,Giveway or uncontrolled,6,0,None within 50 metres,Zebra crossing,Daylight: Street light present,Fine without high winds,Dry,None,None,1,Yes,E01001882,2005
4026,200501FH00032,523300.0,179690.0,-0.224926,51.502651,1,2,1,1,27/01/2005,5,18:00,11,E09000013,6,0,Single carriageway,30,Giveway or uncontrolled,3,402,None within 50 metres,Central refuge,Darkness: Street lights present and lit,Raining without high winds,Wet/Damp,None,None,1,Yes,E01001943,2005
4027,200501FH00033,523390.0,178690.0,-0.22398,51.493644,1,3,3,1,25/01/2005,3,07:00,11,E09000013,3,219,Single carriageway,30,Giveway or uncontrolled,6,0,None within 50 metres,No physical crossing within 50 meters,Darkness: Street lights present and lit,Fine without high winds,Wet/Damp,None,None,1,Yes,E01001898,2005
4028,200501FH00036,525340.0,177230.0,-0.196423,51.480094,1,3,2,1,28/01/2005,6,12:05,11,E09000013,3,304,Single carriageway,30,Giveway or uncontrolled,6,0,None within 50 metres,non-junction pedestrian crossing,Daylight: Street light present,Raining without high winds,Wet/Damp,None,None,1,Yes,E01001880,2005
4029,200501FH00037,524090.0,176640.0,-0.214621,51.475067,1,3,2,1,31/01/2005,2,08:20,11,E09000013,3,219,One way street,30,None,-1,0,None within 50 metres,No physical crossing within 50 meters,Daylight: Street light present,Fine without high winds,Dry,None,None,1,Yes,E01001915,2005
4030,200501FH00038,521840.0,180310.0,-0.245737,51.508539,1,2,4,1,31/01/2005,2,18:06,11,E09000013,5,0,Single carriageway,30,Giveway or uncontrolled,6,0,None within 50 metres,No physical crossing within 50 meters,Darkness: Street lights present and lit,Fine without high winds,Dry,None,None,1,Yes,E01001243,2005
4031,200501FH00039,523300.0,180540.0,-0.224629,51.51029,1,2,3,1,19/01/2005,4,11:34,11,E09000013,3,219,Single carriageway,30,Giveway or uncontrolled,6,0,None within 50 metres,No physical crossing within 50 meters,Daylight: Street light present,Fine without high winds,Dry,None,None,1,Yes,E01001943,2005
4032,200501FH00040,523510.0,178050.0,-0.222476,51.487866,1,3,1,1,18/01/2005,3,16:30,11,E09000013,3,219,Single carriageway,30,None,-1,0,None within 50 metres,No physical crossing within 50 meters,Daylight: Street light present,Fine without high winds,Dry,None,None,1,Yes,E01001891,2005
4033,200501FH00041,522990.0,180260.0,-0.229192,51.507841,1,3,2,1,29/01/2005,7,18:30,11,E09000013,6,0,Single carriageway,30,Giveway or uncontrolled,6,0,None within 50 metres,No physical crossing within 50 meters,Darkness: Street lights present and lit,Fine without high winds,Dry,None,None,1,Yes,E01001946,2005
4034,200501FH00043,522610.0,180460.0,-0.234595,51.509721,1,3,2,1,13/01/2005,5,08:00,11,E09000013,5,0,Roundabout,30,Giveway or uncontrolled,6,0,None within 50 metres,No physical crossing within 50 meters,Daylight: Street light present,Fine without high winds,Dry,None,None,1,No,E01001960,2005
4035,200501FH00044,523380.0,178640.0,-0.224141,51.493197,1,3,2,1,22/01/2005,7,14:50,11,E09000013,3,315,Single carriageway,30,None,-1,0,None within 50 metres,No physical crossing within 50 meters,Daylight: Street light present,Fine without high winds,Dry,None,None,1,Yes,E01001898,2005
4036,200501FH00046,522150.0,180520.0,-0.2412,51.51036,1,3,2,2,02/01/2005,1,18:00,11,E09000013,6,0,Single carriageway,30,None,-1,0,None within 50 metres,No physical crossing within 50 meters,Darkness: Street lights present and lit,Fine without high winds,Dry,None,None,1,No,E01001956,2005
4037,200501FH00048,523440.0,179920.0,-0.22283,51.504687,1,3,2,1,27/01/2005,5,08:47,11,E09000013,3,4020,One way street,30,Giveway or uncontrolled,6,0,None within 50 metres,No physical crossing within 50 meters,Daylight: Street light present,Fine without high winds,Wet/Damp,None,None,1,Yes,E01001943,2005
4038,200501FH00049,523180.0,181060.0,-0.226176,51.51499,1,3,2,1,29/01/2005,7,12:10,11,E09000013,3,40,Dual carriageway,30,Automatic traffic signal,3,219,None within 50 metres,No physical crossing within 50 meters,Daylight: Street light present,Fine without high winds,Dry,None,None,1,Yes,E01001874,2005
4039,200501FH00050,523590.0,177940.0,-0.221363,51.48686,1,3,1,1,28/01/2005,6,17:45,11,E09000013,3,219,Single carriageway,30,Giveway or uncontrolled,6,0,None within 50 metres,non-junction pedestrian crossing,Darkness: Street lights present and lit,Raining without high winds,Wet/Damp,None,None,1,Yes,E01001891,2005
4040,200501FH00051,522310.0,182950.0,-0.238052,51.532165,1,3,1,1,31/01/2005,2,20:54,28,E09000005,3,404,Single carriageway,30,None,-1,0,None within 50 metres,No physical crossing within 50 meters,Darkness: Street lights present and lit,Fine without high winds,Dry,None,None,1,Yes,E01000535,2005
4041,200501FH00052,523950.0,177000.0,-0.21651,51.478333,1,3,2,1,26/01/2005,4,18:45,11,E09000013,6,0,Single carriageway,30,None,-1,0,None within 50 metres,No physical crossing within 50 meters,Darkness: Street lights present and lit,Fine without high winds,Dry,None,None,1,No,E01001904,2005
4042,200501FH00053,523300.0,181090.0,-0.224437,51.515233,1,3,2,1,30/01/2005,1,00:32,11,E09000013,3,40,Dual carriageway,50,None,-1,0,None within 50 metres,No physical crossing within 50 meters,Darkness: Street lights present and lit,Fine without high winds,Dry,None,None,1,Yes,E01001874,2005
4043,200501FH00054,523470.0,179140.0,-0.222671,51.497671,1,3,2,1,27/01/2005,5,15:07,11,E09000013,3,219,Single carriageway,30,None,-1,0,None within 50 metres,No physical crossing within 50 meters,Daylight: Street light present,Fine without high winds,Dry,None,None,1,Yes,E01001856,2005
4044,200501FH00056,524620.0,176190.0,-0.207152,51.470906,1,3,2,1,26/01/2005,4,16:10,11,E09000013,3,308,Single carriageway,30,None,-1,0,None within 50 metres,Zebra crossing,Daylight: Street light present,Fine without high winds,Dry,None,None,1,No,E01001952,2005
4045,200501FH00057,523310.0,179960.0,-0.224688,51.505075,1,3,2,2,18/03/2005,6,22:15,11,E09000013,3,219,Dual carriageway,30,Automatic traffic signal,3,4020,None within 50 metres,Pedestrian phase at traffic signal junction,Darkness: Street lights present and lit,Fine without high winds,Dry,Roadworks,None,1,Yes,E01001941,2005
4046,200501FH10001,524820.0,178030.0,-0.203625,51.487399,1,3,2,1,02/02/2005,4,09:42,11,E09000013,4,317,Single carriageway,30,Giveway or uncontrolled,5,0,None within 50 metres,No physical crossing within 50 meters,Daylight: Street light present,Fine without high winds,Dry,None,None,1,Yes,E01001912,2005
4047,200501FH10002,522320.0,178630.0,-0.239406,51.493337,1,3,2,1,06/02/2005,1,11:04,11,E09000013,3,315,Single carriageway,30,Giveway or uncontrolled,6,0,None within 50 metres,No physical crossing within 50 meters,Daylight: Street light present,Fine without high winds,Dry,None,None,1,Yes,E01001932,2005
4048,200501FH10003,522650.0,178820.0,-0.234589,51.494973,1,2,2,1,05/02/2005,7,10:23,11,E09000013,4,408,Single carriageway,30,Giveway or uncontrolled,6,0,None within 50 metres,No physical crossing within 50 meters,Daylight: Street light present,Fine without high winds,Dry,None,None,1,Yes,E01001932,2005
4049,200501FH10004,523360.0,178620.0,-0.224436,51.493021,1,3,1,1,03/02/2005,5,23:45,11,E09000013,3,219,Roundabout,30,Automatic traffic signal,3,219,None within 50 metres,Pedestrian phase at traffic signal junction,Darkness: Street lights present and lit,Fine without high winds,Dry,None,None,1,Yes,E01001898,2005
4050,200501FH10005,523300.0,180530.0,-0.224633,51.5102,1,3,2,1,01/02/2005,3,18:02,11,E09000013,3,219,Single carriageway,30,None,-1,0,None within 50 metres,No physical crossing within 50 meters,Darkness: Street lights present and lit,Raining without high winds,Wet/Damp,None,None,1,Yes,E01001943,2005
4051,200501FH10006,524870.0,176320.0,-0.203509,51.472019,1,3,2,1,06/02/2005,1,10:30,11,E09000013,3,308,Single carriageway,30,Giveway or uncontrolled,5,0,None within 50 metres,Zebra crossing,Daylight: Street light present,Fine without high winds,Dry,None,None,1,Yes,E01001926,2005
4052,200501FH10011,522800.0,178550.0,-0.232523,51.492514,1,3,1,1,07/02/2005,2,16:09,11,E09000013,3,315,Single carriageway,30,Giveway or uncontrolled,6,0,None within 50 metres,Zebra crossing,Daylight: Street light present,Fine without high winds,Dry,None,None,1,Yes,E01001894,2005
4053,200501FH10012,524140.0,178440.0,-0.21327,51.491233,1,3,1,1,07/02/2005,2,16:00,11,E09000013,6,0,Single carriageway,30,None,-1,0,None within 50 metres,No physical crossing within 50 meters,Daylight: Street light present,Fine without high winds,Dry,None,None,1,Yes,E01001871,2005
4054,200501FH10013,525380.0,176560.0,-0.196085,51.474064,1,3,2,1,07/02/2005,2,09:50,11,E09000013,3,308,Single carriageway,30,Giveway or uncontrolled,6,0,None within 50 metres,Central refuge,Daylight: Street light present,Fine without high winds,Dry,None,None,1,Yes,E01001924,2005
4055,200501FH10014,522570.0,180090.0,-0.2353,51.506404,1,3,1,1,10/02/2005,5,13:55,11,E09000013,3,4020,Single carriageway,30,Giveway or uncontrolled,5,0,None within 50 metres,non-junction pedestrian crossing,Daylight: Street light present,Fine without high winds,Dry,None,None,1,Yes,E01001960,2005
4056,200501FH10015,525110.0,177110.0,-0.199776,51.479066,1,3,1,1,08/02/2005,3,13:10,11,E09000013,3,304,Single carriageway,30,Giveway or uncontrolled,6,0,None within 50 metres,No physical crossing within 50 meters,Daylight: Street light present,Fine without high winds,Dry,None,None,1,Yes,E01001953,2005
4057,200501FH10016,522320.0,178630.0,-0.239406,51.493337,1,3,2,1,08/02/2005,3,18:22,11,E09000013,3,315,Single carriageway,30,Giveway or uncontrolled,6,0,None within 50 metres,No physical crossing within 50 meters,Darkness: Street lights present and lit,Fine without high winds,Dry,None,None,1,Yes,E01001932,2005
4058,200501FH10017,524900.0,177810.0,-0.202551,51.485404,1,3,2,1,10/02/2005,5,17:04,11,E09000013,3,3218,Single carriageway,30,Giveway or uncontrolled,4,317,None within 50 metres,Zebra crossing,Darkness: Street lights present and lit,Raining without high winds,Wet/Damp,None,None,1,Yes,E01001884,2005
4059,200501FH10019,523160.0,181570.0,-0.226286,51.519577,1,3,1,1,11/02/2005,6,20:05,11,E09000013,4,412,Single carriageway,30,Giveway or uncontrolled,4,412,None within 50 metres,Zebra crossing,Darkness: Street lights present and lit,Raining without high winds,Wet/Damp,None,None,1,Yes,E01002876,2005
4060,200501FH10020,525390.0,177210.0,-0.19571,51.479903,1,3,2,1,06/02/2005,1,01:15,11,E09000013,3,304,Single carriageway,30,Automatic traffic signal,4,318,None within 50 metres,Pedestrian phase at traffic signal junction,Darkness: Street lights present and lit,Fine without high winds,Dry,None,None,1,Yes,E01001880,2005
4061,200501FH10021,524650.0,178220.0,-0.206005,51.489144,1,3,2,1,11/02/2005,6,14:10,11,E09000013,4,317,Single carriageway,30,Giveway or uncontrolled,6,0,None within 50 metres,No physical crossing within 50 meters,Daylight: Street light present,Raining without high winds,Wet/Damp,None,None,1,Yes,E01001908,2005
4062,200501FH10022,522850.0,177890.0,-0.232033,51.486571,1,3,2,1,10/02/2005,5,17:55,24,E09000027,3,306,Single carriageway,30,Giveway or uncontrolled,6,0,None within 50 metres,No physical crossing within 50 meters,Darkness: Street lights present and lit,Raining without high winds,Wet/Damp,None,None,1,Yes,E01003801,2005
4063,200501FH10023,523970.0,176860.0,-0.216271,51.47707,1,3,2,1,06/02/2005,1,20:30,11,E09000013,3,219,Single carriageway,30,Giveway or uncontrolled,6,0,None within 50 metres,Pedestrian phase at traffic signal junction,Darkness: Street lights present and lit,Fine without high winds,Dry,None,None,1,No,E01001918,2005
4064,200501FH10024,523390.0,178700.0,-0.223976,51.493734,1,3,1,1,11/02/2005,6,16:00,11,E09000013,3,219,Single carriageway,30,None,-1,0,None within 50 metres,No physical crossing within 50 meters,Darkness: Street lights present and lit,Fine without high winds,Dry,None,None,1,Yes,E01001898,2005
4065,200501FH10026,521750.0,180910.0,-0.246826,51.513951,1,3,2,1,10/02/2005,5,16:00,11,E09000013,3,40,Single carriageway,30,None,-1,0,None within 50 metres,No physical crossing within 50 meters,Darkness: Street lights present and lit,Fine without high winds,Dry,None,None,1,Yes,E01001959,2005
4066,200501FH10027,525730.0,176130.0,-0.191201,51.470121,1,3,2,1,15/02/2005,3,18:09,11,E09000013,3,217,Single carriageway,30,Giveway or uncontrolled,6,0,None within 50 metres,No physical crossing within 50 meters,Darkness: Street lights present and lit,Fine without high winds,Dry,None,None,1,Yes,E01001937,2005
4067,200501FH10028,522490.0,182430.0,-0.235639,51.527452,1,3,3,1,16/02/2005,4,16:30,11,E09000013,3,219,Roundabout,30,Giveway or uncontrolled,6,0,None within 50 metres,non-junction pedestrian crossing,Daylight: Street light present,Fine without high winds,Dry,None,None,1,Yes,E01001877,2005
4068,200501FH10029,523260.0,181100.0,-0.22501,51.515332,1,3,3,1,21/02/2005,2,19:23,11,E09000013,3,40,Dual carriageway,40,None,-1,0,None within 50 metres,No physical crossing within 50 meters,Darkness: Street lights present and lit,Fine without high winds,Wet/Damp,None,None,1,Yes,E01001874,2005
4069,200501FH10030,524510.0,178580.0,-0.207893,51.49241,1,3,1,1,14/02/2005,2,18:45,11,E09000013,4,317,Single carriageway,30,None,-1,0,None within 50 metres,No physical crossing within 50 meters,Darkness: Street lights present and lit,Fine without high winds,Dry,None,None,1,Yes,E01001872,2005
4070,200501FH10032,522150.0,180100.0,-0.241345,51.506585,1,3,2,1,17/02/2005,5,20:15,11,E09000013,3,4020,Dual carriageway,30,None,-1,0,None within 50 metres,No physical crossing within 50 meters,Darkness: Street lights present and lit,Raining without high winds,Wet/Damp,None,None,1,Yes,E01001954,2005
4071,200501FH10034,523440.0,179920.0,-0.22283,51.504687,1,3,3,1,18/02/2005,6,20:55,11,E09000013,3,4020,Single carriageway,30,Giveway or uncontrolled,6,0,None within 50 metres,No physical crossing within 50 meters,Darkness: Street lights present and lit,Fine without high winds,Dry,Roadworks,None,1,Yes,E01001943,2005
4072,200501FH10035,523300.0,179690.0,-0.224926,51.502651,1,3,2,1,19/02/2005,7,07:35,11,E09000013,3,402,Single carriageway,30,Giveway or uncontrolled,6,0,None within 50 metres,No physical crossing within 50 meters,Daylight: Street light present,Fine without high winds,Dry,None,None,1,Yes,E01001943,2005
4073,200501FH10036,522360.0,179350.0,-0.238581,51.499799,1,3,2,1,24/02/2005,5,19:05,11,E09000013,3,402,Roundabout,30,Giveway or uncontrolled,4,408,None within 50 metres,Zebra crossing,Darkness: Street lights present and lit,Snowing with high winds,Wet/Damp,None,None,1,Yes,E01001930,2005
4074,200501FH10037,522500.0,182430.0,-0.235495,51.52745,1,3,2,1,05/02/2005,7,16:00,11,E09000013,3,219,Roundabout,30,Giveway or uncontrolled,6,0,None within 50 metres,Zebra crossing,Daylight: Street light present,Fine without high winds,Dry,None,None,1,Yes,E01001877,2005
4075,200501FH10038,522650.0,178820.0,-0.234589,51.494973,1,2,2,1,22/02/2005,3,08:55,11,E09000013,4,408,Single carriageway,30,Giveway or uncontrolled,6,0,None within 50 metres,No physical crossing within 50 meters,Daylight: Street light present,Fine without high winds,Wet/Damp,None,None,1,Yes,E01001932,2005
4076,200501FH10039,524530.0,177000.0,-0.208162,51.478206,1,3,2,1,22/02/2005,3,14:12,11,E09000013,6,0,Single carriageway,30,Giveway or uncontrolled,6,0,None within 50 metres,No physical crossing within 50 meters,Daylight: Street light present,Fine without high winds,Wet/Damp,None,None,1,Yes,E01001901,2005
4077,200501FH10040,523170.0,179990.0,-0.226694,51.505375,1,3,2,1,23/02/2005,4,08:43,11,E09000013,3,4020,Single carriageway,30,None,-1,0,None within 50 metres,No physical crossing within 50 meters,Daylight: Street light present,Fine without high winds,Wet/Damp,None,None,1,Yes,E01001941,2005
4078,200501FH10041,523220.0,179980.0,-0.225977,51.505275,1,3,1,1,21/02/2005,2,16:40,11,E09000013,3,4020,Single carriageway,30,None,-1,0,None within 50 metres,non-junction pedestrian crossing,Daylight: Street light present,Raining without high winds,Wet/Damp,None,None,1,Yes,E01001941,2005
4079,200501FH10042,522670.0,179460.0,-0.234079,51.500721,1,3,1,1,21/02/2005,2,15:15,11,E09000013,3,402,Single carriageway,30,Giveway or uncontrolled,6,0,None within 50 metres,Zebra crossing,Daylight: Street light present,Fine without high winds,Dry,None,None,1,Yes,E01001858,2005
4080,200501FH10043,524790.0,176790.0,-0.204494,51.476261,1,3,2,1,18/02/2005,6,09:50,11,E09000013,3,304,Single carriageway,30,Giveway or uncontrolled,6,0,None within 50 metres,Zebra crossing,Daylight: Street light present,Fine without high winds,Dry,None,None,1,No,E01001948,2005
4081,200501FH10044,522610.0,180330.0,-0.23464,51.508553,1,3,1,1,23/02/2005,4,18:57,11,E09000013,5,0,Single carriageway,30,Giveway or uncontrolled,6,0,None within 50 metres,Zebra crossing,Darkness: Street lights present and lit,Snowing without high winds,Wet/Damp,None,None,1,Yes,E01001960,2005
4082,200501FH10045,523330.0,178590.0,-0.224879,51.492758,1,3,1,1,02/03/2005,4,09:10,11,E09000013,3,219,One way street,30,Giveway or uncontrolled,3,219,None within 50 metres,Pedestrian phase at traffic signal junction,Daylight: Street light present,Fine without high winds,Dry,None,None,1,Yes,E01001898,2005
4083,200501FH10046,523280.0,180700.0,-0.224862,51.511732,1,3,1,1,28/02/2005,2,08:17,11,E09000013,3,219,Single carriageway,30,None,-1,0,None within 50 metres,Zebra crossing,Daylight: Street light present,Fine without high winds,Dry,None,None,1,Yes,E01001946,2005
4084,200501FH10047,522860.0,178360.0,-0.231725,51.490793,1,3,2,1,02/03/2005,4,07:58,11,E09000013,3,4,Dual carriageway,40,None,-1,0,None within 50 metres,No physical crossing within 50 meters,Daylight: Street light present,Fine without high winds,Dry,None,None,1,Yes,E01001894,2005
4085,200501FH10048,525850.0,175740.0,-0.189613,51.46659,1,3,1,1,07/03/2005,2,15:56,11,E09000013,3,217,Single carriageway,30,Automatic traffic signal,5,0,None within 50 metres,Pedestrian phase at traffic signal junction,Daylight: Street light present,Fine without high winds,Dry,None,None,1,Yes,E01001938,2005
4086,200501FH10049,523350.0,178610.0,-0.224584,51.492934,1,2,2,1,09/03/2005,4,19:55,11,E09000013,3,219,One way street,30,Giveway or uncontrolled,3,219,None within 50 metres,No physical crossing within 50 meters,Darkness: Street lights present and lit,Fine without high winds,Dry,None,None,1,Yes,E01001898,2005
4087,200501FH10050,525390.0,177210.0,-0.19571,51.479903,1,3,1,1,27/02/2005,1,00:10,11,E09000013,3,304,Single carriageway,30,Giveway or uncontrolled,4,318,None within 50 metres,Pedestrian phase at traffic signal junction,Darkness: Street lights present and lit,Snowing without high winds,Wet/Damp,None,None,1,Yes,E01001880,2005
4088,200501FH10051,524600.0,176760.0,-0.207239,51.476033,1,3,1,1,07/03/2005,2,09:00,11,E09000013,6,0,Single carriageway,30,None,-1,0,None within 50 metres,No physical crossing within 50 meters,Daylight: Street light present,Fine without high winds,Dry,None,None,1,Yes,E01001949,2005
4089,200501FH10052,523590.0,177940.0,-0.221363,51.48686,1,3,1,2,10/03/2005,5,09:58,11,E09000013,3,219,Single carriageway,30,None,-1,0,None within 50 metres,non-junction pedestrian crossing,Daylight: Street light present,Fine without high winds,Wet/Damp,None,None,1,Yes,E01001891,2005
4090,200501FH10053,523330.0,178490.0,-0.224913,51.491859,1,3,2,1,02/03/2005,4,07:20,11,E09000013,3,219,One way street,30,Giveway or uncontrolled,3,306,None within 50 metres,No physical crossing within 50 meters,Daylight: Street light present,Fine without high winds,Dry,None,None,1,Yes,E01001898,2005
4091,200501FH10054,523410.0,178420.0,-0.223786,51.491213,1,3,2,1,01/03/2005,3,10:00,11,E09000013,3,219,One way street,30,Automatic traffic signal,3,219,None within 50 metres,No physical crossing within 50 meters,Daylight: Street light present,Fine without high winds,Dry,None,None,1,No,E01001900,2005
4092,200501FH10055,525680.0,175840.0,-0.192023,51.467526,1,3,2,2,03/03/2005,5,08:37,11,E09000013,6,0,Single carriageway,30,Giveway or uncontrolled,6,0,None within 50 metres,No physical crossing within 50 meters,Daylight: Street light present,Fine without high winds,Dry,None,None,1,Yes,E01001937,2005
4093,200501FH10056,524430.0,178960.0,-0.208911,51.495843,1,3,2,1,15/02/2005,3,19:34,11,E09000013,3,315,Single carriageway,30,Giveway or uncontrolled,6,0,None within 50 metres,No physical crossing within 50 meters,Darkness: Street lights present and lit,Fine without high winds,Dry,None,None,1,Yes,E01001866,2005
4094,200501FH10060,522330.0,182950.0,-0.237764,51.53216,1,3,2,1,02/03/2005,4,14:26,28,E09000005,3,404,Single carriageway,30,None,-1,0,None within 50 metres,No physical crossing within 50 meters,Daylight: Street light present,Snowing without high winds,Wet/Damp,None,None,1,Yes,E01000535,2005
4095,200501FH10066,524900.0,177810.0,-0.202551,51.485404,1,3,1,1,13/03/2005,1,12:55,11,E09000013,4,317,Single carriageway,30,Giveway or uncontrolled,3,3218,None within 50 metres,Zebra crossing,Daylight: Street light present,Fine without high winds,Dry,None,None,1,Yes,E01001884,2005
4096,200501FH10067,524160.0,177380.0,-0.213354,51.481702,1,3,1,1,15/03/2005,3,15:31,11,E09000013,3,3219,Single carriageway,30,Giveway or uncontrolled,5,0,None within 50 metres,No physical crossing within 50 meters,Daylight: Street light present,Fine without high winds,Dry,None,None,1,Yes,E01001903,2005
4097,200501FH10068,523670.0,177790.0,-0.220263,51.485494,1,3,2,1,03/03/2005,5,22:44,11,E09000013,3,219,Single carriageway,30,Giveway or uncontrolled,6,0,None within 50 metres,No physical crossing within 50 meters,Darkness: Street lights present and lit,Fine without high winds,Dry,None,None,1,Yes,E01001891,2005
4098,200501FH10069,525130.0,177140.0,-0.199477,51.479332,1,2,1,1,04/03/2005,6,21:15,11,E09000013,6,0,Single carriageway,30,Giveway or uncontrolled,3,304,None within 50 metres,No physical crossing within 50 meters,Darkness: Street lights present and lit,Fine without high winds,Dry,None,None,1,No,E01001953,2005
4099,200501FH10070,523290.0,178400.0,-0.225521,51.491059,1,3,3,1,06/03/2005,1,13:55,11,E09000013,3,4,Dual carriageway,50,None,-1,0,None within 50 metres,No physical crossing within 50 meters,Daylight: Street light present,Fine without high winds,Dry,None,None,1,No,E01001893,2005
4100,200501FH10071,523970.0,176860.0,-0.216271,51.47707,1,3,2,1,15/03/2005,3,14:33,11,E09000013,3,219,Single carriageway,30,Automatic traffic signal,6,0,None within 50 metres,Pedestrian phase at traffic signal junction,Daylight: Street light present,Fine without high winds,Dry,None,None,1,Yes,E01001918,2005
4101,200501FH10072,525590.0,176800.0,-0.192977,51.476174,1,3,3,2,15/03/2005,3,11:10,11,E09000013,3,308,Dual carriageway,30,Automatic traffic signal,3,217,None within 50 metres,Pedestrian phase at traffic signal junction,Daylight: Street light present,Fine without high winds,Dry,None,None,1,Yes,E01001924,2005
4102,200501FH10073,524740.0,176080.0,-0.205464,51.469891,1,3,2,1,08/03/2005,3,19:30,11,E09000013,6,0,Single carriageway,30,Giveway or uncontrolled,6,0,None within 50 metres,No physical crossing within 50 meters,Darkness: Street lights present and lit,Fine without high winds,Dry,None,None,1,No,E01001916,2005
4103,200501FH10074,522600.0,180090.0,-0.234868,51.506398,1,3,2,1,21/03/2005,2,17:10,11,E09000013,3,4020,Single carriageway,30,Automatic traffic signal,6,0,None within 50 metres,No physical crossing within 50 meters,Daylight: Street light present,Fine without high winds,Dry,None,None,1,No,E01001960,2005
4104,200501FH10075,523380.0,178800.0,-0.224085,51.494635,1,2,1,1,03/02/2005,5,16:25,11,E09000013,3,219,Single carriageway,30,None,-1,0,None within 50 metres,No physical crossing within 50 meters,Darkness: Street lights present and lit,Fine without high winds,Dry,None,None,1,No,E01001898,2005
4105,200501FH10076,521640.0,182830.0,-0.247748,51.531231,1,3,2,1,18/03/2005,6,20:28,27,E09000009,3,4000,Single carriageway,30,Giveway or uncontrolled,6,0,None within 50 metres,No physical crossing within 50 meters,Darkness: Street lights present and lit,Fine without high winds,Dry,None,None,1,Yes,E01001246,2005
4106,200501FH10077,523500.0,179410.0,-0.222144,51.500091,1,3,2,1,09/03/2005,4,14:00,11,E09000013,3,219,Single carriageway,30,Giveway or uncontrolled,6,0,None within 50 metres,No physical crossing within 50 meters,Daylight: Street light present,Fine without high winds,Dry,None,None,1,No,E01001854,2005
4107,200501FH10078,523690.0,177700.0,-0.220007,51.484681,1,3,1,1,16/03/2005,4,06:30,11,E09000013,3,219,Dual carriageway,30,Giveway or uncontrolled,5,0,None within 50 metres,Zebra crossing,Daylight: Street light present,Fine without high winds,Dry,None,None,1,No,E01001891,2005
4108,200501FH10079,524110.0,177470.0,-0.214042,51.482522,1,3,2,1,23/03/2005,4,19:03,11,E09000013,3,3218,Roundabout,30,Giveway or uncontrolled,3,3219,None within 50 metres,No physical crossing within 50 meters,Darkness: Street lights present and lit,Fine without high winds,Dry,None,None,1,Yes,E01001886,2005
4109,200501FH10081,522960.0,181040.0,-0.229352,51.514858,1,2,2,2,20/03/2005,1,19:35,11,E09000013,3,40,Dual carriageway,40,None,-1,0,None within 50 metres,No physical crossing within 50 meters,Darkness: Street lights present and lit,Fine without high winds,Dry,None,None,1,Yes,E01001874,2005
4110,200501FH10082,525860.0,175740.0,-0.189469,51.466588,1,3,1,1,22/03/2005,3,14:10,11,E09000013,3,217,Single carriageway,30,Automatic traffic signal,5,0,None within 50 metres,No physical crossing within 50 meters,Daylight: Street light present,Raining without high winds,Wet/Damp,None,None,1,Yes,E01001938,2005
4111,200501FH10083,522600.0,180460.0,-0.234739,51.509723,1,3,2,1,19/03/2005,7,11:06,11,E09000013,5,0,Single carriageway,30,Giveway or uncontrolled,6,0,None within 50 metres,No physical crossing within 50 meters,Daylight: Street light present,Fine without high winds,Dry,None,None,1,Yes,E01001960,2005
4112,200501FH10084,524140.0,178370.0,-0.213294,51.490604,1,3,2,1,19/03/2005,7,15:35,11,E09000013,3,4,Dual carriageway,40,Automatic traffic signal,3,4,None within 50 metres,No physical crossing within 50 meters,Daylight: Street light present,Fine without high winds,Dry,None,None,1,Yes,E01001889,2005
4113,200501FH10085,524410.0,177550.0,-0.209696,51.483175,1,3,3,1,18/03/2005,6,08:55,11,E09000013,3,3218,Single carriageway,30,Giveway or uncontrolled,6,0,None within 50 metres,No physical crossing within 50 meters,Daylight: Street light present,Fine without high winds,Dry,None,None,1,Yes,E01001879,2005
4114,200501FH10086,525220.0,177240.0,-0.198146,51.48021,1,3,1,1,17/03/2005,5,07:47,11,E09000013,3,304,Single carriageway,30,Giveway or uncontrolled,6,0,None within 50 metres,No physical crossing within 50 meters,Daylight: Street light present,Fine without high winds,Dry,None,None,1,Yes,E01001953,2005
4115,200501FH10087,522670.0,178580.0,-0.234384,51.492812,1,3,1,1,09/03/2005,4,22:30,11,E09000013,3,315,Single carriageway,30,Giveway or uncontrolled,3,315,None within 50 metres,Zebra crossing,Darkness: Street lights present and lit,Raining without high winds,Wet/Damp,None,None,1,No,E01001894,2005
4116,200501FH10088,522290.0,180080.0,-0.239336,51.506375,1,2,2,1,20/03/2005,1,23:45,11,E09000013,3,4020,Single carriageway,30,Giveway or uncontrolled,6,0,None within 50 metres,No physical crossing within 50 meters,Darkness: Street lights present and lit,Fine without high winds,Dry,None,None,1,Yes,E01001860,2005
4117,200501FH10089,524990.0,176160.0,-0.201839,51.470555,1,3,2,1,21/03/2005,2,11:00,11,E09000013,6,0,Single carriageway,30,Giveway or uncontrolled,6,0,None within 50 metres,No physical crossing within 50 meters,Daylight: Street light present,Fine without high winds,Dry,None,None,1,No,E01001916,2005
4118,200501FH10090,524260.0,178860.0,-0.211394,51.494981,1,3,1,1,18/03/2005,6,11:55,11,E09000013,3,315,Single carriageway,30,Automatic traffic signal,4,317,None within 50 metres,Pedestrian phase at traffic signal junction,Daylight: Street light present,Fine without high winds,Dry,None,None,1,Yes,E01001866,2005
4119,200501FH10091,525630.0,177240.0,-0.192245,51.480119,1,3,2,1,22/03/2005,3,10:55,11,E09000013,3,304,Single carriageway,30,Giveway or uncontrolled,6,0,None within 50 metres,No physical crossing within 50 meters,Daylight: Street light present,Raining without high winds,Wet/Damp,None,None,1,Yes,E01001920,2005
4120,200501FH10092,523890.0,177010.0,-0.21737,51.478436,1,3,2,1,18/03/2005,6,08:10,11,E09000013,3,219,Single carriageway,30,Giveway or uncontrolled,6,0,None within 50 metres,No physical crossing within 50 meters,Daylight: Street light present,Fine without high winds,Dry,None,None,1,No,E01001918,2005
4121,200501FH10093,524830.0,176310.0,-0.204088,51.471938,1,2,1,1,26/02/2005,7,11:28,11,E09000013,3,308,Single carriageway,30,Giveway or uncontrolled,6,0,None within 50 metres,Zebra crossing,Daylight: Street light present,Fine without high winds,Dry,None,None,1,Yes,E01001926,2005
4122,200501FH10094,523630.0,177870.0,-0.220811,51.486222,1,3,2,1,17/03/2005,5,16:28,11,E09000013,3,219,Single carriageway,30,Giveway or uncontrolled,6,0,None within 50 metres,No physical crossing within 50 meters,Daylight: Street light present,Fine without high winds,Dry,None,None,1,Yes,E01001890,2005
4123,200501FH10096,523270.0,178590.0,-0.225742,51.492771,1,3,1,1,21/03/2005,2,14:15,11,E09000013,3,315,One way street,30,Giveway or uncontrolled,3,315,None within 50 metres,Zebra crossing,Daylight: Street light present,Fine without high winds,Dry,None,None,1,No,E01001898,2005
4124,200501FH10097,523890.0,177550.0,-0.217181,51.483289,1,3,1,1,22/03/2005,3,12:51,11,E09000013,3,3218,Single carriageway,30,Giveway or uncontrolled,6,0,None within 50 metres,No physical crossing within 50 meters,Daylight: Street light present,Fine without high winds,Wet/Damp,None,None,1,Yes,E01001886,2005
4125,200501FH10098,523340.0,178620.0,-0.224724,51.493026,1,3,1,1,26/03/2005,7,02:53,11,E09000013,3,315,One way street,30,Automatic traffic signal,3,219,None within 50 metres,Pedestrian phase at traffic signal junction,Darkness: Street lights present and lit,Fine without high winds,Dry,None,None,1,Yes,E01001898,2005
4126,200501FH10100,525150.0,176400.0,-0.199451,51.472677,1,2,2,1,26/03/2005,7,13:35,11,E09000013,3,308,Single carriageway,30,Giveway or uncontrolled,6,0,None within 50 metres,Zebra crossing,Daylight: Street light present,Fine without high winds,Dry,None,None,1,Yes,E01001925,2005
4127,200501FH10101,524550.0,176110.0,-0.208188,51.470203,1,3,2,1,29/03/2005,3,09:20,11,E09000013,3,308,Single carriageway,30,Giveway or uncontrolled,6,0,None within 50 metres,No physical crossing within 50 meters,Daylight: Street light present,Fine without high winds,Dry,None,None,1,Yes,E01001952,2005
4128,200501FH10102,524140.0,179310.0,-0.212964,51.499052,1,3,1,1,14/03/2005,2,11:20,11,E09000013,6,0,One way street,30,None,-1,0,None within 50 metres,No physical crossing within 50 meters,Daylight: Street light present,Fine without high winds,Dry,None,None,1,No,E01001855,2005
4129,200501FH10104,524010.0,176780.0,-0.215724,51.476343,1,3,1,2,26/03/2005,7,06:18,11,E09000013,3,219,Single carriageway,30,None,-1,0,None within 50 metres,No physical crossing within 50 meters,Daylight: Street light present,Fine without high winds,Dry,None,None,1,Yes,E01001918,2005
4130,200501FH10105,523380.0,178750.0,-0.224103,51.494185,1,3,1,1,02/04/2005,7,03:19,11,E09000013,3,219,Single carriageway,30,None,-1,0,None within 50 metres,No physical crossing within 50 meters,Darkness: Street lights present and lit,Fine without high winds,Dry,None,None,1,Yes,E01001898,2005
4131,200501FH10107,525500.0,177080.0,-0.194173,51.47871,1,3,1,1,02/04/2005,7,11:55,11,E09000013,4,318,Single carriageway,30,Giveway or uncontrolled,6,0,None within 50 metres,non-junction pedestrian crossing,Daylight: Street light present,Fine without high winds,Dry,None,None,1,Yes,E01001921,2005
4132,200501FH10108,522780.0,178380.0,-0.23287,51.49099,1,3,2,1,04/04/2005,2,21:33,11,E09000013,3,4,Dual carriageway,40,None,-1,0,None within 50 metres,No physical crossing within 50 meters,Darkness: Street lights present and lit,Fine without high winds,Wet/Damp,None,None,1,Yes,E01001894,2005
4133,200501FH10109,523700.0,178120.0,-0.219716,51.488453,1,3,1,1,14/03/2005,2,12:00,11,E09000013,6,0,Single carriageway,30,Giveway or uncontrolled,6,0,None within 50 metres,No physical crossing within 50 meters,Daylight: Street light present,Fine without high winds,Dry,None,None,1,No,E01001890,2005
4134,200501FH10110,524280.0,175810.0,-0.212179,51.467566,1,3,2,1,23/03/2005,4,08:35,11,E09000013,3,219,Single carriageway,30,None,-1,0,None within 50 metres,No physical crossing within 50 meters,Daylight: Street light present,Fine without high winds,Dry,None,None,1,Yes,,2005
4135,200501FH10112,524900.0,177800.0,-0.202554,51.485314,1,3,2,1,24/03/2005,5,09:30,11,E09000013,4,317,Single carriageway,30,Giveway or uncontrolled,3,3218,None within 50 metres,Zebra crossing,Daylight: Street light present,Raining without high winds,Wet/Damp,None,None,1,Yes,E01001884,2005
4136,200501FH10114,523650.0,177830.0,-0.220537,51.485858,1,3,3,1,31/03/2005,5,17:10,11,E09000013,3,219,Single carriageway,30,None,-1,0,None within 50 metres,No physical crossing within 50 meters,Daylight: Street light present,Fine without high winds,Dry,None,None,1,Yes,E01001890,2005
4137,200501FH10115,522850.0,180510.0,-0.231121,51.510118,1,3,2,1,05/04/2005,3,13:48,11,E09000013,6,0,Single carriageway,30,None,-1,0,None within 50 metres,Zebra crossing,Daylight: Street light present,Fine without high winds,Dry,None,None,1,Yes,E01001946,2005
4138,200501FH10116,522680.0,178640.0,-0.234219,51.493349,1,3,1,1,25/03/2005,6,20:25,11,E09000013,3,315,One way street,30,None,-1,0,None within 50 metres,No physical crossing within 50 meters,Darkness: Street lights present and lit,Fine without high winds,Dry,None,None,1,Yes,E01001894,2005
4139,200501FH10118,525150.0,177290.0,-0.199136,51.480675,1,3,2,1,30/03/2005,4,20:38,11,E09000013,3,3219,Single carriageway,30,Automatic traffic signal,4,317,None within 50 metres,Pedestrian phase at traffic signal junction,Darkness: Street lights present and lit,Fine without high winds,Dry,None,None,1,Yes,E01001953,2005
4140,200501FH10119,522820.0,178550.0,-0.232235,51.49251,1,3,2,1,29/03/2005,3,20:27,11,E09000013,3,315,One way street,30,None,-1,0,None within 50 metres,No physical crossing within 50 meters,Darkness: Street lights present and lit,Raining without high winds,Wet/Damp,None,None,1,Yes,E01001894,2005
4141,200501FH10120,523350.0,179810.0,-0.224164,51.503718,1,3,2,1,11/04/2005,2,09:40,11,E09000013,3,219,One way street,30,None,-1,0,None within 50 metres,No physical crossing within 50 meters,Daylight: Street light present,Fine without high winds,Dry,None,None,1,Yes,E01001941,2005
4142,200501FH10121,524580.0,178400.0,-0.206949,51.490777,1,3,2,1,10/04/2005,1,23:15,11,E09000013,3,4,Dual carriageway,40,Automatic traffic signal,4,317,None within 50 metres,Pedestrian phase at traffic signal junction,Darkness: Street lights present and lit,Fine without high winds,Dry,None,None,1,Yes,E01001914,2005
4143,200501FH10122,523330.0,178590.0,-0.224879,51.492758,1,3,2,1,28/03/2005,2,13:55,11,E09000013,3,219,Single carriageway,30,Automatic traffic signal,3,315,None within 50 metres,No physical crossing within 50 meters,Daylight: Street light present,Fine without high winds,Dry,None,None,1,Yes,E01001898,2005
4144,200501FH10123,522470.0,178610.0,-0.237253,51.493125,1,3,1,1,29/03/2005,3,09:00,11,E09000013,3,315,Single carriageway,30,Giveway or uncontrolled,6,0,None within 50 metres,non-junction pedestrian crossing,Daylight: Street light present,Fine without high winds,Dry,None,None,1,Yes,E01001932,2005
4145,200501FH10124,525390.0,177170.0,-0.195724,51.479544,1,3,1,2,27/03/2005,1,22:10,11,E09000013,4,318,One way street,30,Automatic traffic signal,6,0,None within 50 metres,Pedestrian phase at traffic signal junction,Darkness: Street lights present and lit,Fine without high winds,Dry,None,None,1,Yes,E01001920,2005
4146,200501FH10125,523170.0,181050.0,-0.226324,51.514902,1,3,2,1,06/04/2005,4,15:16,11,E09000013,3,219,Dual carriageway,30,Automatic traffic signal,3,40,None within 50 metres,Pedestrian phase at traffic signal junction,Daylight: Street light present,Raining without high winds,Wet/Damp,None,None,1,Yes,E01001874,2005
4147,200501FH10126,523330.0,178580.0,-0.224882,51.492668,1,3,1,1,06/04/2005,4,09:42,11,E09000013,3,219,Single carriageway,30,Automatic traffic signal,3,315,None within 50 metres,Pedestrian phase at traffic signal junction,Daylight: Street light present,Fine without high winds,Wet/Damp,None,None,1,Yes,E01001898,2005
4148,200501FH10127,524160.0,178800.0,-0.212855,51.494464,1,3,2,1,06/04/2005,4,18:56,11,E09000013,3,315,Single carriageway,30,Giveway or uncontrolled,6,0,None within 50 metres,No physical crossing within 50 meters,Daylight: Street light present,Fine without high winds,Dry,None,None,1,Yes,E01001871,2005
4149,200501FH10128,525380.0,175990.0,-0.196287,51.468941,1,3,2,1,25/03/2005,6,16:59,11,E09000013,6,0,Single carriageway,30,None,-1,0,None within 50 metres,No physical crossing within 50 meters,Daylight: Street light present,Fine without high winds,Dry,None,None,1,Yes,E01001934,2005
4150,200501FH10130,523490.0,181060.0,-0.221711,51.514922,1,3,2,1,06/04/2005,4,17:59,11,E09000013,3,40,Roundabout,30,Giveway or uncontrolled,3,3220,None within 50 metres,No physical crossing within 50 meters,Daylight: Street light present,Fine without high winds,Dry,None,None,1,Yes,E01002877,2005
4151,200501FH10131,526290.0,176880.0,-0.182875,51.476737,1,3,2,1,08/04/2005,6,12:30,11,E09000013,6,0,Single carriageway,30,Giveway or uncontrolled,6,0,None within 50 metres,No physical crossing within 50 meters,Daylight: Street light present,Fine without high winds,Dry,None,None,1,Yes,E01001939,2005
4152,200501FH10132,524890.0,177820.0,-0.202691,51.485496,1,3,2,1,08/04/2005,6,18:20,11,E09000013,4,317,Single carriageway,30,Giveway or uncontrolled,3,3218,None within 50 metres,No physical crossing within 50 meters,Daylight: Street light present,Fine without high winds,Dry,None,None,1,Yes,E01001909,2005
4153,200501FH10133,523760.0,177120.0,-0.219203,51.479453,1,3,1,1,05/04/2005,3,15:35,11,E09000013,6,0,Single carriageway,30,None,-1,0,None within 50 metres,No physical crossing within 50 meters,Daylight: Street light present,Fine without high winds,Dry,None,None,1,Yes,E01001918,2005
4154,200501FH10134,524420.0,177920.0,-0.209422,51.486498,1,3,2,2,01/04/2005,6,21:47,11,E09000013,5,0,Single carriageway,30,None,-1,0,None within 50 metres,No physical crossing within 50 meters,Darkness: Street lights present and lit,Fine without high winds,Dry,None,None,1,Yes,E01001909,2005
4155,200501FH10135,523840.0,176330.0,-0.218328,51.472335,1,3,2,1,14/03/2005,2,09:20,11,E09000013,6,0,Single carriageway,30,None,-1,0,None within 50 metres,No physical crossing within 50 meters,Daylight: Street light present,Fine without high winds,Dry,None,None,1,No,E01001915,2005
4156,200501FH10136,525030.0,177000.0,-0.200966,51.478095,1,3,2,1,26/03/2005,7,18:08,11,E09000013,3,304,Single carriageway,30,Giveway or uncontrolled,6,0,None within 50 metres,No physical crossing within 50 meters,Daylight: Street light present,Fine without high winds,Wet/Damp,None,None,1,Yes,E01001947,2005
4157,200501FH10137,525870.0,175750.0,-0.189321,51.466675,1,3,1,1,29/03/2005,3,14:15,11,E09000013,5,0,Single carriageway,30,Automatic traffic signal,3,217,None within 50 metres,No physical crossing within 50 meters,Daylight: Street light present,Other,Dry,None,None,1,Yes,E01001938,2005
4158,200501FH10138,523170.0,181050.0,-0.226324,51.514902,1,3,2,3,02/04/2005,7,16:30,11,E09000013,3,40,Dual carriageway,30,Automatic traffic signal,3,219,None within 50 metres,No physical crossing within 50 meters,Daylight: Street light present,Fine without high winds,Dry,None,None,1,Yes,E01001874,2005
4159,200501FH10139,525760.0,176950.0,-0.190477,51.477484,1,2,2,1,09/04/2005,7,12:13,11,E09000013,3,308,Single carriageway,30,Giveway or uncontrolled,6,0,None within 50 metres,No physical crossing within 50 meters,Daylight: Street light present,Fine without high winds,Dry,None,None,1,Yes,E01001923,2005
4160,200501FH10140,523450.0,179920.0,-0.222686,51.504685,1,3,3,1,09/04/2005,7,01:00,11,E09000013,3,4020,One way street,30,Giveway or uncontrolled,6,0,None within 50 metres,No physical crossing within 50 meters,Darkness: Street lights present and lit,Fine without high winds,Dry,None,None,1,Yes,E01001943,2005
4161,200501FH10141,521830.0,180820.0,-0.245705,51.513125,1,3,2,1,09/04/2005,7,19:30,11,E09000013,6,0,Single carriageway,30,Giveway or uncontrolled,6,0,None within 50 metres,No physical crossing within 50 meters,Daylight: Street light present,Fine without high winds,Dry,None,None,1,Yes,E01001959,2005
4162,200501FH10142,524890.0,176330.0,-0.203218,51.472105,1,3,2,1,05/04/2005,3,08:20,11,E09000013,3,308,Single carriageway,30,Giveway or uncontrolled,5,0,None within 50 metres,No physical crossing within 50 meters,Daylight: Street light present,Fine without high winds,Dry,None,None,1,Yes,E01001926,2005
4163,200501FH10143,523350.0,178610.0,-0.224584,51.492934,1,3,2,1,14/04/2005,5,08:17,11,E09000013,3,219,Roundabout,30,Automatic traffic signal,3,315,None within 50 metres,Pedestrian phase at traffic signal junction,Daylight: Street light present,Fine without high winds,Dry,None,None,1,Yes,E01001898,2005
4164,200501FH10144,522250.0,178640.0,-0.24041,51.493442,1,3,2,1,02/04/2005,7,22:48,11,E09000013,3,315,Single carriageway,30,None,-1,0,None within 50 metres,No physical crossing within 50 meters,Darkness: Street lights present and lit,Fine without high winds,Dry,None,None,1,Yes,E01001932,2005
4165,200501FH10145,524590.0,178190.0,-0.206879,51.488887,1,3,4,1,15/04/2005,6,08:21,11,E09000013,6,0,One way street,30,Giveway or uncontrolled,6,0,None within 50 metres,No physical crossing within 50 meters,Daylight: Street light present,Fine without high winds,Dry,None,None,1,Yes,E01001908,2005
4166,200501FH10146,523110.0,179620.0,-0.227687,51.502063,1,2,2,1,11/04/2005,2,16:25,11,E09000013,3,402,Single carriageway,30,Giveway or uncontrolled,6,0,None within 50 metres,No physical crossing within 50 meters,Daylight: Street light present,Fine without high winds,Dry,None,None,1,No,E01001896,2005
4167,200501FH10147,523300.0,179690.0,-0.224926,51.502651,1,3,2,2,16/04/2005,7,10:32,11,E09000013,3,402,Single carriageway,30,Giveway or uncontrolled,6,0,None within 50 metres,No physical crossing within 50 meters,Daylight: Street light present,Fine without high winds,Dry,None,None,1,Yes,E01001943,2005
4168,200501FH10148,524980.0,177630.0,-0.201463,51.483768,1,3,1,1,08/04/2005,6,13:03,11,E09000013,4,317,Single carriageway,30,Giveway or uncontrolled,6,0,None within 50 metres,Pedestrian phase at traffic signal junction,Daylight: Street light present,Fine without high winds,Dry,None,None,1,Yes,E01001881,2005
4169,200501FH10149,523530.0,181180.0,-0.221093,51.515992,1,3,1,1,07/04/2005,5,07:23,11,E09000013,3,40,Roundabout,30,Authorised person,3,3220,None within 50 metres,No physical crossing within 50 meters,Daylight: Street light present,Fine without high winds,Dry,None,Dislodged vehicle load in carriageway,1,Yes,E01002877,2005
4170,200501FH10150,523350.0,179820.0,-0.224161,51.503808,1,3,1,1,11/04/2005,2,11:52,11,E09000013,3,219,Single carriageway,30,None,-1,0,None within 50 metres,No physical crossing within 50 meters,Daylight: Street light present,Fine without high winds,Dry,None,None,1,Yes,E01001941,2005
4171,200501FH10151,525040.0,178640.0,-0.200242,51.492832,1,3,1,1,15/04/2005,6,01:00,12,E09000020,3,4,Single carriageway,30,None,-1,0,None within 50 metres,No physical crossing within 50 meters,Darkness: Street lights present and lit,Fine without high winds,Dry,None,None,1,Yes,E01002814,2005
4172,200501FH10153,522640.0,178400.0,-0.234879,51.491201,1,3,3,1,20/04/2005,4,07:50,11,E09000013,3,4,Dual carriageway,40,None,-1,0,None within 50 metres,No physical crossing within 50 meters,Daylight: Street light present,Fine without high winds,Dry,None,None,1,Yes,E01001932,2005
4173,200501FH10154,522860.0,181020.0,-0.230799,51.5147,1,3,2,1,13/04/2005,4,06:08,11,E09000013,3,40,Dual carriageway,30,None,-1,0,None within 50 metres,No physical crossing within 50 meters,Daylight: Street light present,Raining without high winds,Wet/Damp,None,None,1,Yes,E01001957,2005
4174,200501FH10156,525930.0,177380.0,-0.187878,51.481311,1,2,2,2,03/04/2005,1,04:20,12,E09000020,3,304,Single carriageway,30,None,-1,0,None within 50 metres,No physical crossing within 50 meters,Darkness: Street lights present and lit,Fine without high winds,Dry,None,None,1,Yes,E01002897,2005
4175,200501FH10158,522670.0,180090.0,-0.23386,51.506383,1,3,2,1,21/04/2005,5,18:35,11,E09000013,3,4020,Single carriageway,30,Giveway or uncontrolled,6,0,None within 50 metres,No physical crossing within 50 meters,Daylight: Street light present,Fine without high winds,Dry,None,None,1,Yes,E01001942,2005
4176,200501FH10159,524970.0,177840.0,-0.201533,51.485658,1,3,1,1,22/04/2005,6,08:25,11,E09000013,3,3218,Single carriageway,30,None,-1,0,None within 50 metres,No physical crossing within 50 meters,Daylight: Street light present,Fine without high winds,Dry,None,None,1,Yes,E01001884,2005
4177,200501FH10160,523630.0,177870.0,-0.220811,51.486222,1,3,2,1,09/04/2005,7,23:32,11,E09000013,3,219,Single carriageway,30,None,-1,0,None within 50 metres,No physical crossing within 50 meters,Darkness: Street lights present and lit,Fine without high winds,Dry,None,None,1,Yes,E01001890,2005
4178,200501FH10161,522200.0,178710.0,-0.241106,51.494082,1,3,1,1,04/04/2005,2,19:59,11,E09000013,6,0,One way street,30,None,-1,0,None within 50 metres,No physical crossing within 50 meters,Daylight: Street light present,Fine without high winds,Dry,None,None,1,Yes,E01001931,2005
4179,200501FH10162,525570.0,177240.0,-0.193109,51.480133,1,3,1,1,20/04/2005,4,15:59,11,E09000013,3,304,Single carriageway,30,None,-1,0,None within 50 metres,No physical crossing within 50 meters,Daylight: Street light present,Fine without high winds,Dry,None,None,1,Yes,E01001920,2005
4180,200501FH10163,523490.0,181140.0,-0.221683,51.515641,1,3,2,1,20/04/2005,4,09:15,11,E09000013,3,40,Roundabout,30,Giveway or uncontrolled,3,3220,None within 50 metres,No physical crossing within 50 meters,Daylight: Street light present,Fine without high winds,Dry,None,None,1,Yes,E01002877,2005
4181,200501FH10164,523500.0,178800.0,-0.222358,51.494608,1,3,1,1,17/04/2005,1,19:10,11,E09000013,6,0,One way street,30,None,-1,0,None within 50 metres,No physical crossing within 50 meters,Daylight: Street light present,Raining without high winds,Wet/Damp,None,None,1,Yes,E01001898,2005
4182,200501FH10165,524420.0,176870.0,-0.209791,51.477061,1,3,1,1,22/04/2005,6,09:55,11,E09000013,5,0,Single carriageway,30,Giveway or uncontrolled,6,0,None within 50 metres,No physical crossing within 50 meters,Daylight: Street light present,Fine without high winds,Dry,None,None,1,No,E01001906,2005
4183,200501FH10166,522490.0,181150.0,-0.236084,51.515948,1,3,1,2,16/04/2005,7,18:00,11,E09000013,5,0,Single carriageway,30,None,-1,0,None within 50 metres,No physical crossing within 50 meters,Daylight: Street light present,Fine without high winds,Dry,None,None,1,Yes,E01001876,2005
4184,200501FH10167,523800.0,177390.0,-0.218532,51.481871,1,3,2,1,19/04/2005,3,13:30,11,E09000013,3,219,Single carriageway,30,Giveway or uncontrolled,6,0,None within 50 metres,No physical crossing within 50 meters,Daylight: Street light present,Fine without high winds,Dry,None,None,1,Yes,E01001917,2005
4185,200501FH10168,523790.0,178920.0,-0.21814,51.495624,1,3,1,1,18/04/2005,2,11:08,11,E09000013,6,0,Single carriageway,30,Giveway or uncontrolled,6,0,None within 50 metres,No physical crossing within 50 meters,Daylight: Street light present,Fine without high winds,Wet/Damp,None,None,1,Yes,E01001869,2005
4186,200501FH10169,524620.0,176560.0,-0.207022,51.474231,1,3,2,1,20/04/2005,4,07:45,11,E09000013,3,304,Single carriageway,30,Giveway or uncontrolled,5,0,None within 50 metres,No physical crossing within 50 meters,Daylight: Street light present,Fine without high winds,Dry,None,None,1,Yes,E01001951,2005
4187,200501FH10170,524570.0,178410.0,-0.20709,51.490869,1,3,2,1,18/04/2005,2,09:48,11,E09000013,3,4,Dual carriageway,40,Automatic traffic signal,4,317,None within 50 metres,No physical crossing within 50 meters,Daylight: Street light present,Raining without high winds,Wet/Damp,None,None,1,Yes,E01001870,2005
4188,200501FH10172,522260.0,182960.0,-0.238769,51.532265,1,3,3,2,19/04/2005,3,16:25,28,E09000005,3,404,Single carriageway,30,None,-1,0,None within 50 metres,No physical crossing within 50 meters,Daylight: Street light present,Fine without high winds,Dry,None,None,1,Yes,E01000535,2005
4189,200501FH10173,523480.0,179200.0,-0.222506,51.498208,1,3,2,1,22/04/2005,6,17:25,11,E09000013,3,219,Single carriageway,30,Giveway or uncontrolled,6,0,None within 50 metres,non-junction pedestrian crossing,Daylight: Street light present,Fine without high winds,Dry,None,None,1,No,E01001856,2005
4190,200501FH10175,522880.0,180060.0,-0.230846,51.506067,1,3,2,1,16/04/2005,7,21:40,11,E09000013,3,4020,Dual carriageway,30,Giveway or uncontrolled,6,0,None within 50 metres,No physical crossing within 50 meters,Darkness: Street lights present and lit,Fine without high winds,Dry,None,None,1,Yes,E01001942,2005
4191,200501FH10176,523440.0,179920.0,-0.22283,51.504687,1,3,2,1,21/04/2005,5,18:10,11,E09000013,3,4020,Single carriageway,30,Automatic traffic signal,6,0,None within 50 metres,Pedestrian phase at traffic signal junction,Daylight: Street light present,Fine without high winds,Dry,None,None,1,No,E01001943,2005
4192,200501FH10177,524800.0,176800.0,-0.204347,51.476349,1,2,3,2,27/04/2005,4,08:26,11,E09000013,3,304,Single carriageway,30,Giveway or uncontrolled,6,0,None within 50 metres,No physical crossing within 50 meters,Daylight: Street light present,Fine without high winds,Dry,None,None,1,Yes,E01001948,2005
4193,200501FH10178,524670.0,178000.0,-0.205795,51.487162,1,2,2,1,21/04/2005,5,17:30,11,E09000013,5,0,Single carriageway,30,None,-1,0,None within 50 metres,No physical crossing within 50 meters,Daylight: Street light present,Fine without high winds,Dry,None,None,1,Yes,E01001911,2005
4194,200501FH10179,525630.0,176650.0,-0.192455,51.474817,1,3,2,1,27/04/2005,4,15:55,11,E09000013,3,217,Dual carriageway,30,None,-1,0,None within 50 metres,No physical crossing within 50 meters,Daylight: Street light present,Raining without high winds,Wet/Damp,None,None,1,Yes,E01001924,2005
4195,200501FH10181,525740.0,176070.0,-0.191078,51.46958,1,3,3,2,24/04/2005,1,13:30,11,E09000013,3,217,Single carriageway,30,Giveway or uncontrolled,6,0,None within 50 metres,No physical crossing within 50 meters,Daylight: Street light present,Fine without high winds,Dry,None,None,1,Yes,E01001937,2005
4196,200501FH10182,525900.0,177090.0,-0.188413,51.478711,1,3,1,1,30/04/2005,7,19:50,11,E09000013,6,0,Single carriageway,30,Giveway or uncontrolled,3,308,None within 50 metres,Zebra crossing,Daylight: Street light present,Fine without high winds,Dry,None,None,1,Yes,E01001921,2005
4197,200501FH10183,525010.0,177580.0,-0.201049,51.483312,1,3,2,1,24/04/2005,1,17:08,11,E09000013,4,317,Single carriageway,30,None,-1,0,None within 50 metres,No physical crossing within 50 meters,Daylight: Street light present,Fine without high winds,Dry,None,None,1,Yes,E01001881,2005
4198,200501FH10184,523540.0,178010.0,-0.222058,51.4875,1,3,2,2,28/04/2005,5,21:05,11,E09000013,3,219,Single carriageway,30,Automatic traffic signal,6,0,None within 50 metres,Pedestrian phase at traffic signal junction,Darkness: Street lights present and lit,Fine without high winds,Dry,None,None,1,Yes,E01001891,2005
4199,200501FH10185,524070.0,178750.0,-0.214168,51.494034,1,3,2,1,25/04/2005,2,09:30,11,E09000013,3,315,Single carriageway,30,Automatic traffic signal,6,0,None within 50 metres,No physical crossing within 50 meters,Daylight: Street light present,Raining without high winds,Wet/Damp,None,None,1,Yes,E01001871,2005
4200,200501FH10186,522940.0,178760.0,-0.230434,51.494371,1,3,2,1,02/05/2005,2,14:45,11,E09000013,3,315,One way street,30,Giveway or uncontrolled,6,0,None within 50 metres,No physical crossing within 50 meters,Daylight: Street light present,Fine without high winds,Dry,None,None,1,Yes,E01001899,2005
4201,200501FH10187,523290.0,179690.0,-0.22507,51.502653,1,3,2,1,06/04/2005,4,09:25,11,E09000013,3,402,Single carriageway,30,Giveway or uncontrolled,6,0,None within 50 metres,No physical crossing within 50 meters,Daylight: Street light present,Raining without high winds,Wet/Damp,None,None,1,Yes,E01001943,2005
4202,200501FH10189,523680.0,179850.0,-0.219398,51.504006,1,3,1,1,04/05/2005,4,17:50,11,E09000013,3,402,One way street,30,None,-1,0,None within 50 metres,No physical crossing within 50 meters,Daylight: Street light present,Fine without high winds,Dry,None,None,1,Yes,E01001857,2005
4203,200501FH10190,522740.0,180080.0,-0.232855,51.506278,1,3,2,1,30/04/2005,7,23:25,11,E09000013,3,4020,Single carriageway,30,Giveway or uncontrolled,6,0,None within 50 metres,No physical crossing within 50 meters,Darkness: Street lights present and lit,Fine without high winds,Dry,None,None,1,Yes,E01001942,2005
4204,200501FH10191,523630.0,179630.0,-0.220195,51.50204,1,2,1,1,25/04/2005,2,11:55,11,E09000013,6,0,Single carriageway,30,None,-1,0,None within 50 metres,No physical crossing within 50 meters,Daylight: Street light present,Raining without high winds,Wet/Damp,None,None,1,Yes,E01001854,2005
4205,200501FH10192,526040.0,175900.0,-0.186822,51.467986,1,2,2,1,27/04/2005,4,19:10,11,E09000013,5,0,Single carriageway,30,Giveway or uncontrolled,6,0,None within 50 metres,Zebra crossing,Daylight: Street light present,Fine without high winds,Dry,None,None,1,No,E01001936,2005
4206,200501FH10193,521500.0,181310.0,-0.250289,51.5176,1,3,1,1,29/04/2005,6,04:03,27,E09000009,5,0,Single carriageway,30,Giveway or uncontrolled,6,0,None within 50 metres,No physical crossing within 50 meters,Darkness: Street lights present and lit,Fine without high winds,Wet/Damp,None,None,1,Yes,E01001878,2005
4207,200501FH10194,523680.0,179160.0,-0.21964,51.497805,1,3,2,4,28/04/2005,5,15:20,11,E09000013,6,0,Single carriageway,30,Giveway or uncontrolled,6,0,None within 50 metres,No physical crossing within 50 meters,Daylight: Street light present,Fine without high winds,Dry,None,None,1,Yes,E01001856,2005
4208,200501FH10195,524970.0,178560.0,-0.201278,51.492129,1,3,2,1,10/02/2005,5,15:45,12,E09000020,3,4,Single carriageway,40,None,-1,0,None within 50 metres,No physical crossing within 50 meters,Darkness: Street lights present and lit,Raining without high winds,Wet/Damp,None,None,1,No,E01002848,2005
4209,200501FH10196,523330.0,178570.0,-0.224885,51.492578,1,3,2,1,11/03/2005,6,18:12,11,E09000013,3,219,One way street,30,Automatic traffic signal,6,0,None within 50 metres,No physical crossing within 50 meters,Darkness: Street lights present and lit,Raining without high winds,Wet/Damp,None,None,1,Yes,E01001898,2005
4210,200501FH10197,523620.0,179840.0,-0.220266,51.503929,1,3,1,1,26/04/2005,3,17:35,11,E09000013,3,402,Single carriageway,30,Automatic traffic signal,6,0,None within 50 metres,Pedestrian phase at traffic signal junction,Daylight: Street light present,Fine without high winds,Dry,None,None,1,No,E01001943,2005
4211,200501FH10198,524720.0,177690.0,-0.205184,51.484365,1,3,2,1,01/05/2005,1,18:10,11,E09000013,3,3218,Single carriageway,30,Giveway or uncontrolled,6,0,None within 50 metres,Zebra crossing,Daylight: Street light present,Fine without high winds,Dry,None,None,1,Yes,E01001913,2005
4212,200501FH10199,524340.0,175890.0,-0.211287,51.468271,1,3,2,1,04/05/2005,4,13:08,11,E09000013,6,0,Single carriageway,30,Giveway or uncontrolled,3,219,None within 50 metres,No physical crossing within 50 meters,Daylight: Street light present,Raining without high winds,Wet/Damp,None,None,1,Yes,E01001915,2005
4213,200501FH10200,523520.0,179780.0,-0.221727,51.503412,1,3,4,1,01/05/2005,1,14:34,11,E09000013,3,402,Single carriageway,30,None,-1,0,None within 50 metres,No physical crossing within 50 meters,Daylight: Street light present,Fine without high winds,Dry,None,None,1,Yes,E01001857,2005
4214,200501FH10201,523500.0,179320.0,-0.222176,51.499282,1,2,2,1,05/05/2005,5,17:46,11,E09000013,3,219,Single carriageway,30,Giveway or uncontrolled,6,0,None within 50 metres,No physical crossing within 50 meters,Daylight: Street light present,Fine without high winds,Dry,None,None,1,Yes,E01001856,2005
4215,200501FH10202,525470.0,176660.0,-0.194754,51.474942,1,3,1,1,10/05/2005,3,15:54,11,E09000013,3,308,Single carriageway,30,None,-1,0,None within 50 metres,No physical crossing within 50 meters,Daylight: Street light present,Fine without high winds,Dry,None,None,1,Yes,E01001922,2005
4216,200501FH10203,522100.0,179130.0,-0.242401,51.497878,1,2,1,1,03/05/2005,3,00:19,11,E09000013,6,0,Single carriageway,30,None,-1,0,None within 50 metres,No physical crossing within 50 meters,Darkness: Street lights present and lit,Fine without high winds,Dry,None,None,1,Yes,E01001930,2005
4217,200501FH10204,524080.0,176660.0,-0.214758,51.475249,1,3,3,1,05/05/2005,5,09:25,11,E09000013,3,219,Single carriageway,30,Giveway or uncontrolled,6,0,None within 50 metres,No physical crossing within 50 meters,Daylight: Street light present,Fine without high winds,Dry,None,None,1,Yes,E01001915,2005
4218,200501FH10205,522570.0,180400.0,-0.235192,51.50919,1,3,3,1,07/05/2005,7,23:39,11,E09000013,6,0,Single carriageway,30,None,-1,0,None within 50 metres,No physical crossing within 50 meters,Darkness: Street lights present and lit,Fine without high winds,Dry,None,None,1,Yes,E01001960,2005
4219,200501FH10206,526320.0,176680.0,-0.182514,51.474933,1,3,2,1,11/05/2005,4,18:54,11,E09000013,6,0,Single carriageway,30,Giveway or uncontrolled,6,0,None within 50 metres,No physical crossing within 50 meters,Daylight: Street light present,Fine without high winds,Dry,None,None,1,Yes,E01001939,2005
4220,200501FH10207,525800.0,176990.0,-0.189887,51.477835,1,3,2,1,05/05/2005,5,08:45,11,E09000013,3,308,Single carriageway,30,Giveway or uncontrolled,6,0,None within 50 metres,No physical crossing within 50 meters,Daylight: Street light present,Fine without high winds,Dry,None,None,1,Yes,E01001923,2005
4221,200501FH10208,523600.0,181080.0,-0.220119,51.515078,1,3,2,1,06/05/2005,6,07:40,11,E09000013,3,3220,Roundabout,30,Giveway or uncontrolled,3,40,None within 50 metres,No physical crossing within 50 meters,Daylight: Street light present,Fine without high winds,Dry,None,None,1,Yes,E01002877,2005
4222,200501FH10209,524330.0,178770.0,-0.210418,51.494157,1,3,2,1,12/05/2005,5,07:45,11,E09000013,4,317,Single carriageway,30,Giveway or uncontrolled,6,0,None within 50 metres,Zebra crossing,Daylight: Street light present,Fine without high winds,Dry,None,None,1,Yes,E01001866,2005
4223,200501FH10210,522520.0,179090.0,-0.236367,51.497428,1,3,2,1,06/05/2005,6,23:04,11,E09000013,4,408,Single carriageway,30,Giveway or uncontrolled,6,0,None within 50 metres,No physical crossing within 50 meters,Darkness: Street lights present and lit,Raining without high winds,Wet/Damp,None,None,1,Yes,E01001928,2005
4224,200501FH10211,522710.0,180090.0,-0.233284,51.506374,1,3,2,1,08/05/2005,1,14:17,11,E09000013,3,4020,Single carriageway,30,Giveway or uncontrolled,6,0,None within 50 metres,No physical crossing within 50 meters,Daylight: Street light present,Fine without high winds,Dry,None,None,1,Yes,E01001942,2005
4225,200501FH10212,523560.0,177980.0,-0.22178,51.487226,1,3,2,1,04/05/2005,4,08:07,11,E09000013,3,219,Single carriageway,30,Giveway or uncontrolled,6,0,None within 50 metres,No physical crossing within 50 meters,Daylight: Street light present,Fine without high winds,Dry,None,None,1,Yes,E01001891,2005
4226,200501FH10213,524170.0,176530.0,-0.213509,51.474061,1,3,2,1,16/05/2005,2,08:52,11,E09000013,3,219,Dual carriageway,30,Giveway or uncontrolled,6,0,None within 50 metres,No physical crossing within 50 meters,Daylight: Street light present,Fine without high winds,Dry,None,None,1,Yes,E01001915,2005
4227,200501FH10214,522810.0,179600.0,-0.232014,51.501949,1,3,1,1,14/05/2005,7,11:50,11,E09000013,6,0,Single carriageway,30,None,-1,0,None within 50 metres,No physical crossing within 50 meters,Daylight: Street light present,Fine without high winds,Dry,None,Any animal (except a ridden horse),1,Yes,E01001940,2005
4228,200501FH10215,523330.0,178580.0,-0.224882,51.492668,1,3,2,1,15/05/2005,1,05:13,11,E09000013,3,219,One way street,30,Automatic traffic signal,3,219,None within 50 metres,Pedestrian phase at traffic signal junction,Daylight: Street light present,Fine without high winds,Dry,None,None,1,Yes,E01001898,2005
4229,200501FH10216,524040.0,176710.0,-0.215316,51.475707,1,3,3,1,12/05/2005,5,15:10,11,E09000013,3,219,Single carriageway,30,Giveway or uncontrolled,6,0,None within 50 metres,No physical crossing within 50 meters,Daylight: Street light present,Fine without high winds,Dry,None,None,1,Yes,E01001915,2005
4230,200501FH10217,524280.0,177110.0,-0.211722,51.479249,1,3,2,1,15/05/2005,1,23:41,11,E09000013,5,0,Single carriageway,30,Giveway or uncontrolled,6,0,None within 50 metres,No physical crossing within 50 meters,Darkness: Street lights present and lit,Fine without high winds,Dry,None,None,1,Yes,E01001902,2005
4231,200501FH10218,524330.0,176240.0,-0.211308,51.471419,1,3,2,1,12/05/2005,5,16:47,11,E09000013,3,219,Roundabout,30,Giveway or uncontrolled,3,304,None within 50 metres,No physical crossing within 50 meters,Daylight: Street light present,Fine without high winds,Dry,None,None,1,Yes,E01001915,2005
4232,200501FH10220,523570.0,178620.0,-0.221413,51.492975,1,2,2,1,16/05/2005,2,13:55,11,E09000013,3,315,Single carriageway,30,Giveway or uncontrolled,6,0,None within 50 metres,Pedestrian phase at traffic signal junction,Daylight: Street light present,Fine without high winds,Dry,None,None,1,Yes,E01001898,2005
4233,200501FH10221,524840.0,177980.0,-0.203354,51.486945,1,3,2,1,19/05/2005,5,14:50,11,E09000013,4,317,Single carriageway,30,Giveway or uncontrolled,6,0,None within 50 metres,No physical crossing within 50 meters,Daylight: Street light present,Raining without high winds,Wet/Damp,None,None,1,Yes,E01001912,2005
4234,200501FH10222,524370.0,178090.0,-0.210081,51.488037,1,3,2,1,19/05/2005,5,08:10,11,E09000013,6,0,Single carriageway,30,Giveway or uncontrolled,6,0,None within 50 metres,No physical crossing within 50 meters,Daylight: Street light present,Fine without high winds,Dry,None,None,1,No,E01001913,2005
4235,200501FH10223,522300.0,179360.0,-0.239441,51.499902,1,3,1,1,13/05/2005,6,00:37,11,E09000013,4,408,Single carriageway,30,Giveway or uncontrolled,3,402,None within 50 metres,Zebra crossing,Darkness: Street lights present and lit,Fine without high winds,Dry,None,None,1,Yes,E01001858,2005
4236,200501FH10225,521920.0,178640.0,-0.245162,51.493513,1,3,2,1,19/05/2005,5,09:50,11,E09000013,3,402,Single carriageway,30,Automatic traffic signal,3,315,None within 50 metres,Pedestrian phase at traffic signal junction,Daylight: Street light present,Fine without high winds,Wet/Damp,None,None,1,Yes,E01001933,2005
4237,200501FH10226,523290.0,179960.0,-0.224976,51.50508,1,3,1,1,19/05/2005,5,23:09,11,E09000013,3,219,Single carriageway,30,Automatic traffic signal,3,4020,None within 50 metres,Pedestrian phase at traffic signal junction,Darkness: Street lights present and lit,Raining without high winds,Wet/Damp,None,None,1,Yes,E01001941,2005
4238,200501FH10227,525100.0,177410.0,-0.199813,51.481765,1,3,1,1,24/03/2005,5,13:23,11,E09000013,4,317,Single carriageway,30,None,-1,0,None within 50 metres,Zebra crossing,Daylight: Street light present,Fine without high winds,Dry,None,Other object in carriageway,1,Yes,E01001881,2005
4239,200501FH10228,522830.0,180070.0,-0.231562,51.506168,1,3,2,1,23/05/2005,2,17:50,11,E09000013,3,4020,Single carriageway,30,None,-1,0,None within 50 metres,non-junction pedestrian crossing,Daylight: Street light present,Fine without high winds,Dry,None,None,1,Yes,E01001942,2005
4240,200501FH10229,523890.0,179850.0,-0.216374,51.50396,1,3,1,1,21/05/2005,7,12:50,11,E09000013,3,3220,Dual carriageway,30,Automatic traffic signal,3,402,None within 50 metres,Pedestrian phase at traffic signal junction,Daylight: Street light present,Raining without high winds,Wet/Damp,None,None,1,Yes,E01002869,2005
4241,200501FH10230,523090.0,180020.0,-0.227835,51.505662,1,2,1,1,02/06/2005,5,10:00,11,E09000013,3,4020,Dual carriageway,30,None,-1,0,None within 50 metres,non-junction pedestrian crossing,Daylight: Street light present,Fine without high winds,Dry,None,None,1,Yes,E01001941,2005
4242,200501FH10231,522910.0,180060.0,-0.230414,51.506061,1,2,2,3,14/05/2005,7,03:57,11,E09000013,3,4020,Single carriageway,30,Giveway or uncontrolled,6,0,None within 50 metres,No physical crossing within 50 meters,Darkness: Street lights present and lit,Fine without high winds,Dry,None,None,1,Yes,E01001942,2005
4243,200501FH10232,522320.0,178630.0,-0.239406,51.493337,1,3,2,1,26/05/2005,5,07:05,11,E09000013,3,315,Single carriageway,30,Giveway or uncontrolled,6,0,None within 50 metres,No physical crossing within 50 meters,Daylight: Street light present,Fine without high winds,Dry,None,None,1,Yes,E01001932,2005
4244,200501FH10233,521900.0,180100.0,-0.244945,51.506639,1,3,2,1,26/05/2005,5,19:59,11,E09000013,3,4020,Single carriageway,30,Automatic traffic signal,4,408,None within 50 metres,No physical crossing within 50 meters,Daylight: Street light present,Fine without high winds,Dry,None,None,1,Yes,E01001861,2005
4245,200501FH10234,523920.0,178380.0,-0.216458,51.490742,1,3,1,1,20/05/2005,6,05:15,11,E09000013,3,4,Dual carriageway,30,Giveway or uncontrolled,6,0,None within 50 metres,No physical crossing within 50 meters,Darkness: Street lights present and lit,Raining without high winds,Wet/Damp,None,None,1,Yes,E01001889,2005
4246,200501FH10235,521570.0,181030.0,-0.249378,51.515068,1,2,1,1,29/05/2005,1,10:55,27,E09000009,5,0,Single carriageway,30,Giveway or uncontrolled,5,0,None within 50 metres,Zebra crossing,Daylight: Street light present,Fine without high winds,Dry,None,None,1,Yes,E01001875,2005
4247,200501FH10236,522420.0,178410.0,-0.238042,51.491338,1,3,2,1,14/05/2005,7,18:50,11,E09000013,3,4,Dual carriageway,40,Giveway or uncontrolled,6,0,None within 50 metres,No physical crossing within 50 meters,Daylight: Street light present,Fine without high winds,Dry,None,None,1,Yes,E01001932,2005
4248,200501FH10237,521940.0,178800.0,-0.244818,51.494947,1,3,2,1,17/05/2005,3,19:29,11,E09000013,3,402,Single carriageway,30,None,-1,0,None within 50 metres,No physical crossing within 50 meters,Daylight: Street light present,Fine without high winds,Dry,None,None,1,Yes,E01001933,2005
4249,200501FH10238,522410.0,178630.0,-0.23811,51.493317,1,3,2,1,01/06/2005,4,09:50,11,E09000013,3,315,Single carriageway,30,Giveway or uncontrolled,6,0,None within 50 metres,No physical crossing within 50 meters,Daylight: Street light present,Fine without high winds,Dry,None,None,1,Yes,E01001932,2005
4250,200501FH10239,523170.0,181070.0,-0.226317,51.515082,1,3,2,2,18/05/2005,4,09:35,11,E09000013,3,219,Single carriageway,30,Giveway or uncontrolled,3,40,None within 50 metres,No physical crossing within 50 meters,Daylight: Street light present,Fine without high winds,Dry,None,None,1,Yes,E01001874,2005
4251,200501FH10240,522390.0,182650.0,-0.237004,51.529451,1,3,2,1,31/05/2005,3,08:30,11,E09000013,3,219,Single carriageway,30,None,-1,0,None within 50 metres,No physical crossing within 50 meters,Daylight: Street light present,Fine without high winds,Dry,None,None,1,Yes,E01001877,2005
4252,200501FH10241,522850.0,178550.0,-0.231803,51.492503,1,3,2,1,02/06/2005,5,19:25,11,E09000013,3,315,One way street,30,Giveway or uncontrolled,6,0,None within 50 metres,Zebra crossing,Daylight: Street light present,Fine without high winds,Dry,None,None,1,Yes,E01001894,2005
4253,200501FH10242,521690.0,181390.0,-0.247525,51.518278,1,2,1,1,25/05/2005,4,02:45,11,E09000013,6,0,Single carriageway,30,Giveway or uncontrolled,6,0,None within 50 metres,No physical crossing within 50 meters,Darkness: Street lights present and lit,Fine without high winds,Dry,None,None,1,Yes,E01001878,2005
4254,200501FH10243,523700.0,177650.0,-0.219881,51.484229,1,2,2,1,31/05/2005,3,14:30,11,E09000013,3,219,Dual carriageway,30,Giveway or uncontrolled,6,0,None within 50 metres,Pedestrian phase at traffic signal junction,Daylight: Street light present,Fine without high winds,Dry,None,None,1,Yes,E01001891,2005
4255,200501FH10244,525050.0,176710.0,-0.200781,51.475485,1,3,2,1,21/05/2005,7,15:00,11,E09000013,5,0,Single carriageway,30,Giveway or uncontrolled,6,0,None within 50 metres,No physical crossing within 50 meters,Daylight: Street light present,Fine without high winds,Dry,None,None,1,No,E01001948,2005
4256,200501FH10245,523060.0,181410.0,-0.227783,51.518161,1,3,1,1,20/05/2005,6,20:59,11,E09000013,3,219,Single carriageway,30,Giveway or uncontrolled,6,0,None within 50 metres,No physical crossing within 50 meters,Darkness: Street lights present and lit,Fine without high winds,Dry,None,None,1,Yes,E01001874,2005
4257,200501FH10246,524050.0,176700.0,-0.215176,51.475615,1,3,3,2,24/05/2005,3,19:50,11,E09000013,3,219,Single carriageway,30,None,-1,0,None within 50 metres,No physical crossing within 50 meters,Daylight: Street light present,Fine without high winds,Dry,None,None,1,Yes,E01001915,2005
4258,200501FH10247,524220.0,178840.0,-0.211977,51.49481,1,3,1,1,26/05/2005,5,17:50,11,E09000013,3,315,Single carriageway,30,Automatic traffic signal,6,0,None within 50 metres,Pedestrian phase at traffic signal junction,Daylight: Street light present,Fine without high winds,Dry,None,None,1,Yes,E01001866,2005
4259,200501FH10249,523430.0,178330.0,-0.22353,51.4904,1,3,1,1,07/06/2005,3,23:55,11,E09000013,3,219,Dual carriageway,30,None,-1,0,None within 50 metres,non-junction pedestrian crossing,Darkness: Street lights present and lit,Fine without high winds,Dry,None,None,1,Yes,E01001900,2005
4260,200501FH10250,521830.0,181330.0,-0.245529,51.517709,1,3,2,1,04/06/2005,7,22:15,11,E09000013,6,0,Single carriageway,30,None,-1,0,None within 50 metres,No physical crossing within 50 meters,Darkness: Street lights present and lit,Fine without high winds,Dry,None,None,1,Yes,E01001878,2005
4261,200501FH10251,525190.0,177930.0,-0.198334,51.486418,1,3,3,1,01/06/2005,4,18:51,11,E09000013,3,3218,Single carriageway,30,Giveway or uncontrolled,6,0,None within 50 metres,No physical crossing within 50 meters,Daylight: Street light present,Raining without high winds,Wet/Damp,None,None,1,Yes,E01001883,2005
4262,200501FH10252,523660.0,178640.0,-0.22011,51.493136,1,3,2,1,03/06/2005,6,12:24,11,E09000013,3,315,Single carriageway,30,Giveway or uncontrolled,6,0,None within 50 metres,No physical crossing within 50 meters,Daylight: Street light present,Fine without high winds,Dry,None,None,1,Yes,E01001898,2005
4263,200501FH10254,523310.0,179960.0,-0.224688,51.505075,1,3,1,1,04/06/2005,7,18:30,11,E09000013,3,219,Single carriageway,30,Automatic traffic signal,3,4020,None within 50 metres,Pedestrian phase at traffic signal junction,Daylight: Street light present,Fine without high winds,Dry,None,None,1,Yes,E01001941,2005
4264,200501FH10255,522730.0,179480.0,-0.233208,51.500887,1,3,2,1,31/05/2005,3,23:37,11,E09000013,3,402,Single carriageway,30,Automatic traffic signal,5,0,None within 50 metres,No physical crossing within 50 meters,Darkness: Street lights present and lit,Fine without high winds,Dry,None,None,1,Yes,E01001858,2005
4265,200501FH10256,522570.0,182290.0,-0.234535,51.526177,1,3,2,1,06/06/2005,2,07:41,11,E09000013,3,219,Single carriageway,30,None,-1,0,None within 50 metres,No physical crossing within 50 meters,Daylight: Street light present,Fine without high winds,Wet/Damp,Ol or diesel,None,1,Yes,E01001877,2005
4266,200501FH10257,522540.0,180980.0,-0.235423,51.51441,1,2,1,1,09/06/2005,5,10:00,11,E09000013,3,40,Dual carriageway,40,Automatic traffic signal,5,0,None within 50 metres,Pedestrian phase at traffic signal junction,Daylight: Street light present,Fine without high winds,Dry,None,None,1,Yes,E01001876,2005
4267,200501FH10258,523310.0,180120.0,-0.224632,51.506513,1,3,2,1,27/05/2005,6,21:40,11,E09000013,3,219,Single carriageway,30,Giveway or uncontrolled,6,0,None within 50 metres,No physical crossing within 50 meters,Darkness: Street lights present and lit,Fine without high winds,Dry,None,Dislodged vehicle load in carriageway,1,Yes,E01001943,2005
4268,200501FH10259,522490.0,182430.0,-0.235639,51.527452,1,3,1,1,08/06/2005,4,14:00,11,E09000013,3,219,Roundabout,30,Giveway or uncontrolled,6,0,None within 50 metres,No physical crossing within 50 meters,Daylight: Street light present,Fine without high winds,Dry,None,None,1,Yes,E01001877,2005
4269,200501FH10260,522170.0,178640.0,-0.241562,51.493459,1,3,2,1,16/05/2005,2,15:10,11,E09000013,3,315,Single carriageway,30,Giveway or uncontrolled,6,0,None within 50 metres,No physical crossing within 50 meters,Daylight: Street light present,Raining without high winds,Wet/Damp,None,None,1,Yes,E01001932,2005
4270,200501FH10261,522680.0,181000.0,-0.233399,51.514559,1,3,2,1,04/06/2005,7,19:00,11,E09000013,3,40,Dual carriageway,30,Automatic traffic signal,6,0,None within 50 metres,No physical crossing within 50 meters,Daylight: Street light present,Fine without high winds,Dry,None,None,1,Yes,E01001876,2005
4271,200501FH10262,523590.0,179820.0,-0.220705,51.503756,1,3,2,1,04/06/2005,7,00:10,11,E09000013,3,402,One way street,30,Automatic traffic signal,6,0,None within 50 metres,No physical crossing within 50 meters,Darkness: Street lights present and lit,Fine without high winds,Dry,None,None,1,No,E01001857,2005
4272,200501FH10263,523440.0,179920.0,-0.22283,51.504687,1,3,3,1,06/06/2005,2,17:17,11,E09000013,3,4020,One way street,30,Giveway or uncontrolled,6,0,None within 50 metres,No physical crossing within 50 meters,Daylight: Street light present,Fine without high winds,Dry,None,None,1,Yes,E01001943,2005
4273,200501FH10264,522000.0,180530.0,-0.243357,51.510482,1,3,3,1,05/06/2005,1,14:16,11,E09000013,6,0,Single carriageway,30,Giveway or uncontrolled,6,0,None within 50 metres,No physical crossing within 50 meters,Daylight: Street light present,Fine without high winds,Dry,None,None,1,Yes,E01001956,2005
4274,200501FH10265,524270.0,178740.0,-0.211292,51.493901,1,3,2,1,31/05/2005,3,17:40,11,E09000013,6,0,Single carriageway,20,Giveway or uncontrolled,6,0,None within 50 metres,No physical crossing within 50 meters,Daylight: Street light present,Fine without high winds,Dry,None,None,1,Yes,E01001871,2005
4275,200501FH10266,523410.0,179740.0,-0.223325,51.503076,1,3,2,1,08/06/2005,4,06:45,11,E09000013,3,219,Single carriageway,30,Automatic traffic signal,3,402,None within 50 metres,Pedestrian phase at traffic signal junction,Darkness: Street lights present and lit,Fine without high winds,Dry,None,None,1,No,E01001943,2005
4276,200501FH10267,523140.0,181180.0,-0.22671,51.516077,1,3,2,1,31/05/2005,3,07:40,11,E09000013,3,219,Single carriageway,30,None,-1,0,None within 50 metres,No physical crossing within 50 meters,Daylight: Street light present,Fine without high winds,Dry,None,None,1,Yes,E01001874,2005
4277,200501FH10268,524460.0,178480.0,-0.208648,51.491522,1,3,1,1,11/06/2005,7,00:35,11,E09000013,6,0,One way street,30,None,-1,0,None within 50 metres,No physical crossing within 50 meters,Darkness: Street lights present and lit,Fine without high winds,Dry,None,None,1,Yes,E01001870,2005
4278,200501FH10269,524410.0,178350.0,-0.209414,51.490365,1,2,1,1,05/06/2005,1,18:18,11,E09000013,3,4,Dual carriageway,30,None,-1,0,None within 50 metres,No physical crossing within 50 meters,Daylight: Street light present,Fine without high winds,Dry,None,None,1,Yes,E01001914,2005
4279,200501FH10270,525240.0,177960.0,-0.197603,51.486677,1,3,2,1,03/06/2005,6,19:25,11,E09000013,3,3218,Single carriageway,30,Giveway or uncontrolled,6,0,None within 50 metres,No physical crossing within 50 meters,Daylight: Street light present,Fine without high winds,Dry,None,None,1,Yes,E01001883,2005
4280,200501FH10271,523400.0,179750.0,-0.223465,51.503168,1,3,2,1,01/06/2005,4,19:12,11,E09000013,3,402,Single carriageway,30,Automatic traffic signal,3,402,None within 50 metres,Pedestrian phase at traffic signal junction,Daylight: Street light present,Fine without high winds,Wet/Damp,None,None,1,Yes,E01001943,2005
4281,200501FH10273,523170.0,181070.0,-0.226317,51.515082,1,3,2,1,10/06/2005,6,13:24,11,E09000013,3,219,Single carriageway,30,Automatic traffic signal,3,40,None within 50 metres,No physical crossing within 50 meters,Daylight: Street light present,Fine without high winds,Dry,None,None,1,Yes,E01001874,2005
4282,200501FH10274,523440.0,179920.0,-0.22283,51.504687,1,3,1,1,08/06/2005,4,12:30,11,E09000013,3,4020,Single carriageway,30,Giveway or uncontrolled,6,0,None within 50 metres,No physical crossing within 50 meters,Daylight: Street light present,Fine without high winds,Dry,None,None,1,No,E01001943,2005
4283,200501FH10275,521800.0,180500.0,-0.246248,51.510256,1,3,2,2,28/05/2005,7,16:10,11,E09000013,5,0,Single carriageway,30,Giveway or uncontrolled,6,0,None within 50 metres,Zebra crossing,Daylight: Street light present,Fine without high winds,Dry,None,None,1,Yes,E01001959,2005
4284,200501FH10276,521920.0,178630.0,-0.245165,51.493423,1,3,2,1,01/06/2005,4,18:50,11,E09000013,3,402,Single carriageway,30,Automatic traffic signal,3,315,None within 50 metres,Pedestrian phase at traffic signal junction,Daylight: Street light present,Fine without high winds,Dry,None,None,1,Yes,E01001933,2005
4285,200501FH10277,523670.0,177790.0,-0.220263,51.485494,1,3,2,1,10/06/2005,6,12:04,11,E09000013,3,219,Single carriageway,30,Giveway or uncontrolled,6,0,None within 50 metres,No physical crossing within 50 meters,Daylight: Street light present,Fine without high winds,Dry,None,None,1,Yes,E01001891,2005
4286,200501FH10278,522850.0,180510.0,-0.231121,51.510118,1,3,2,1,14/05/2005,7,13:00,11,E09000013,6,0,Single carriageway,30,None,-1,0,None within 50 metres,Zebra crossing,Daylight: Street light present,Fine without high winds,Dry,None,None,1,No,E01001946,2005
4287,200501FH10279,521570.0,181030.0,-0.249378,51.515068,1,3,2,1,17/06/2005,6,16:15,27,E09000009,5,0,Single carriageway,30,Giveway or uncontrolled,5,0,None within 50 metres,Zebra crossing,Daylight: Street light present,Fine without high winds,Dry,None,None,1,Yes,E01001875,2005
4288,200501FH10281,523680.0,179850.0,-0.219398,51.504006,1,3,1,1,19/06/2005,1,17:14,11,E09000013,3,402,Dual carriageway,30,None,-1,0,None within 50 metres,No physical crossing within 50 meters,Daylight: Street light present,Fine without high winds,Dry,None,None,1,Yes,E01001857,2005
4289,200501FH10282,522610.0,180460.0,-0.234595,51.509721,1,3,1,1,20/06/2005,2,19:40,11,E09000013,5,0,Single carriageway,30,Giveway or uncontrolled,6,0,None within 50 metres,No physical crossing within 50 meters,Daylight: Street light present,Fine without high winds,Dry,None,None,1,Yes,E01001960,2005
4290,200501FH10284,523390.0,178740.0,-0.223962,51.494093,1,3,1,1,17/06/2005,6,09:48,11,E09000013,3,219,Single carriageway,30,None,-1,0,None within 50 metres,No physical crossing within 50 meters,Daylight: Street light present,Fine without high winds,Dry,None,None,1,Yes,E01001898,2005
4291,200501FH10285,523330.0,178580.0,-0.224882,51.492668,1,3,2,1,14/06/2005,3,22:40,11,E09000013,3,315,One way street,30,Automatic traffic signal,3,219,None within 50 metres,No physical crossing within 50 meters,Darkness: Street lights present and lit,Fine without high winds,Dry,Roadworks,None,1,Yes,E01001898,2005
4292,200501FH10286,523330.0,178550.0,-0.224892,51.492399,1,3,1,1,16/06/2005,5,11:07,11,E09000013,3,219,Roundabout,30,Automatic traffic signal,6,0,None within 50 metres,Pedestrian phase at traffic signal junction,Daylight: Street light present,Raining without high winds,Wet/Damp,Roadworks,None,1,Yes,E01001898,2005
4293,200501FH10287,523070.0,178380.0,-0.228695,51.490927,1,3,2,1,15/06/2005,4,10:20,11,E09000013,3,4,Single carriageway,30,None,-1,0,None within 50 metres,No physical crossing within 50 meters,Daylight: Street light present,Raining without high winds,Wet/Damp,None,None,1,Yes,E01001894,2005
4294,200501FH10288,523420.0,178420.0,-0.223642,51.491211,1,3,2,1,26/06/2005,1,05:29,11,E09000013,3,219,Roundabout,30,Automatic traffic signal,3,219,None within 50 metres,No physical crossing within 50 meters,Daylight: Street light present,Fine without high winds,Dry,None,None,1,Yes,E01001900,2005
4295,200501FH10289,522260.0,180540.0,-0.239608,51.510516,1,3,2,1,27/05/2005,6,16:30,11,E09000013,6,0,Single carriageway,30,None,-1,0,None within 50 metres,No physical crossing within 50 meters,Daylight: Street light present,Fine without high winds,Dry,None,None,1,No,E01001955,2005
4296,200501FH10290,522860.0,178550.0,-0.231659,51.492501,1,3,2,1,22/06/2005,4,13:28,11,E09000013,3,315,Single carriageway,30,Giveway or uncontrolled,6,0,None within 50 metres,Zebra crossing,Daylight: Street light present,Fine without high winds,Dry,None,None,1,Yes,E01001894,2005
4297,200501FH10292,522670.0,178570.0,-0.234388,51.492722,1,3,2,1,25/06/2005,7,13:10,11,E09000013,3,315,One way street,30,Giveway or uncontrolled,3,315,None within 50 metres,Zebra crossing,Daylight: Street light present,Fine without high winds,Dry,None,None,1,Yes,E01001932,2005
4298,200501FH10293,522560.0,180090.0,-0.235444,51.506407,1,3,2,1,14/06/2005,3,15:11,11,E09000013,3,4020,Single carriageway,30,Giveway or uncontrolled,5,0,None within 50 metres,non-junction pedestrian crossing,Daylight: Street light present,Fine without high winds,Dry,None,None,1,Yes,E01001960,2005
4299,200501FH10294,522340.0,179920.0,-0.238671,51.504926,1,3,2,1,21/06/2005,3,17:50,11,E09000013,6,0,Single carriageway,30,Giveway or uncontrolled,6,0,None within 50 metres,No physical crossing within 50 meters,Daylight: Street light present,Fine without high winds,Dry,None,None,1,Yes,E01001860,2005
4300,200501FH10296,521970.0,178620.0,-0.244449,51.493323,1,3,2,1,17/06/2005,6,09:30,11,E09000013,3,315,Single carriageway,30,None,-1,0,None within 50 metres,No physical crossing within 50 meters,Daylight: Street light present,Fine without high winds,Dry,None,None,1,Yes,E01001933,2005
4301,200501FH10297,523420.0,178420.0,-0.223642,51.491211,1,2,1,1,28/06/2005,3,17:05,11,E09000013,3,219,Dual carriageway,30,None,-1,0,None within 50 metres,Pedestrian phase at traffic signal junction,Daylight: Street light present,Fine without high winds,Dry,None,None,1,Yes,E01001900,2005
4302,200501FH10298,524250.0,178850.0,-0.211542,51.494894,1,3,2,2,25/06/2005,7,12:38,11,E09000013,3,315,Dual carriageway,30,Automatic traffic signal,4,317,None within 50 metres,Pedestrian phase at traffic signal junction,Daylight: Street light present,Fine without high winds,Dry,None,None,1,Yes,E01001866,2005
4303,200501FH10299,522540.0,180930.0,-0.23544,51.51396,1,3,2,1,11/02/2005,6,00:30,11,E09000013,5,0,Single carriageway,30,Giveway or uncontrolled,6,0,None within 50 metres,No physical crossing within 50 meters,Darkness: Street lights present and lit,Raining without high winds,Wet/Damp,None,None,1,Yes,E01001958,2005
4304,200501FH10300,523140.0,178420.0,-0.227673,51.491272,1,3,2,1,03/05/2005,3,07:55,11,E09000013,3,306,Roundabout,30,Giveway or uncontrolled,3,306,None within 50 metres,No physical crossing within 50 meters,Daylight: Street light present,Fine without high winds,Dry,None,None,1,No,E01001899,2005
4305,200501FH10301,525700.0,177230.0,-0.191241,51.480014,1,3,2,1,26/06/2005,1,21:43,11,E09000013,3,304,Single carriageway,30,None,-1,0,None within 50 metres,No physical crossing within 50 meters,Daylight: Street light present,Fine without high winds,Dry,None,None,1,Yes,E01001920,2005
4306,200501FH10302,522840.0,179530.0,-0.231606,51.501313,1,3,2,1,28/06/2005,3,08:20,11,E09000013,3,402,Single carriageway,30,Giveway or uncontrolled,6,0,None within 50 metres,No physical crossing within 50 meters,Daylight: Street light present,Fine without high winds,Dry,None,None,1,Yes,E01001895,2005
4307,200501FH10303,521560.0,181040.0,-0.249518,51.51516,1,3,2,3,23/06/2005,5,11:43,27,E09000009,5,0,Single carriageway,30,Automatic traffic signal,5,0,None within 50 metres,Pedestrian phase at traffic signal junction,Daylight: Street light present,Fine without high winds,Dry,None,None,1,Yes,E01001240,2005
4308,200501FH10304,523920.0,177950.0,-0.216609,51.486877,1,3,2,1,15/06/2005,4,12:20,11,E09000013,6,0,Single carriageway,30,None,-1,0,None within 50 metres,No physical crossing within 50 meters,Daylight: Street light present,Fine without high winds,Wet/Damp,None,None,1,No,E01001889,2005
4309,200501FH10305,522960.0,181700.0,-0.229122,51.520789,1,3,2,1,15/06/2005,4,20:45,11,E09000013,3,219,Single carriageway,30,Giveway or uncontrolled,6,0,None within 50 metres,Zebra crossing,Darkness: Street lights present and lit,Fine without high winds,Dry,None,None,1,Yes,E01001874,2005
4310,200501FH10306,523470.0,179630.0,-0.222499,51.502074,1,3,2,1,24/06/2005,6,18:25,11,E09000013,3,219,Single carriageway,30,Giveway or uncontrolled,6,0,None within 50 metres,Zebra crossing,Daylight: Street light present,Fine without high winds,Dry,None,None,1,No,E01001857,2005
4311,200501FH10307,524740.0,175800.0,-0.205563,51.467375,1,3,1,1,03/07/2005,1,19:38,11,E09000013,6,0,Single carriageway,30,None,-1,0,None within 50 metres,No physical crossing within 50 meters,Daylight: Street light present,Fine without high winds,Dry,None,None,1,Yes,E01001916,2005
4312,200501FH10308,524270.0,177520.0,-0.211722,51.482936,1,2,2,1,24/06/2005,6,09:01,11,E09000013,3,3218,Single carriageway,30,Giveway or uncontrolled,6,0,None within 50 metres,No physical crossing within 50 meters,Daylight: Street light present,Fine without high winds,Dry,None,None,1,Yes,E01001886,2005
4313,200501FH10310,525050.0,177530.0,-0.200491,51.482854,1,3,1,1,02/07/2005,7,12:27,11,E09000013,4,317,Single carriageway,30,Giveway or uncontrolled,6,0,None within 50 metres,Zebra crossing,Daylight: Street light present,Fine without high winds,Dry,None,None,1,Yes,E01001884,2005
4314,200501FH10311,522420.0,179690.0,-0.237599,51.502842,1,3,2,1,25/06/2005,7,18:21,11,E09000013,6,0,Single carriageway,30,Giveway or uncontrolled,6,0,None within 50 metres,No physical crossing within 50 meters,Daylight: Street light present,Fine without high winds,Dry,None,None,1,Yes,E01001858,2005
4315,200501FH10312,523490.0,179280.0,-0.222334,51.498925,1,3,2,1,28/06/2005,3,19:40,11,E09000013,3,219,Single carriageway,30,Giveway or uncontrolled,6,0,None within 50 metres,No physical crossing within 50 meters,Darkness: Street lights present and lit,Raining without high winds,Wet/Damp,None,None,1,Yes,E01001856,2005
4316,200501FH10313,524850.0,177900.0,-0.203239,51.486224,1,3,5,1,27/06/2005,2,13:34,11,E09000013,4,317,Single carriageway,30,Giveway or uncontrolled,6,0,None within 50 metres,No physical crossing within 50 meters,Daylight: Street light present,Fine without high winds,Dry,None,None,1,Yes,E01001912,2005
4317,200501FH10314,523930.0,176930.0,-0.216822,51.477708,1,3,2,1,26/06/2005,1,11:00,11,E09000013,3,219,Single carriageway,30,Giveway or uncontrolled,6,0,None within 50 metres,No physical crossing within 50 meters,Daylight: Street light present,Fine without high winds,Dry,None,None,1,Yes,E01001918,2005
4318,200501FH10315,523660.0,178640.0,-0.22011,51.493136,1,3,3,1,30/06/2005,5,11:39,11,E09000013,3,315,Single carriageway,30,Giveway or uncontrolled,6,0,None within 50 metres,non-junction pedestrian crossing,Daylight: Street light present,Raining without high winds,Wet/Damp,None,None,1,Yes,E01001898,2005
4319,200501FH10316,524340.0,175890.0,-0.211287,51.468271,1,3,1,1,07/07/2005,5,14:00,11,E09000013,3,219,Single carriageway,30,Giveway or uncontrolled,6,0,None within 50 metres,non-junction pedestrian crossing,Daylight: Street light present,Raining without high winds,Wet/Damp,None,None,1,Yes,E01001915,2005
4320,200501FH10317,523340.0,178620.0,-0.224724,51.493026,1,2,1,1,25/06/2005,7,10:00,11,E09000013,3,315,Single carriageway,30,Giveway or uncontrolled,3,219,None within 50 metres,Zebra crossing,Daylight: Street light present,Fine without high winds,Dry,None,None,1,No,E01001898,2005
4321,200501FH10318,522150.0,179260.0,-0.241636,51.499036,1,2,2,1,14/06/2005,3,07:20,11,E09000013,3,402,Single carriageway,30,Giveway or uncontrolled,6,0,None within 50 metres,Zebra crossing,Daylight: Street light present,Fine without high winds,Dry,None,None,1,No,E01001930,2005
4322,200501FH10319,523150.0,181140.0,-0.22658,51.515715,1,3,2,1,21/06/2005,3,12:40,11,E09000013,3,219,Single carriageway,30,None,-1,0,None within 50 metres,No physical crossing within 50 meters,Daylight: Street light present,Fine without high winds,Dry,None,None,1,Yes,E01001874,2005
4323,200501FH10320,523410.0,179740.0,-0.223325,51.503076,1,3,2,1,10/07/2005,1,19:10,11,E09000013,3,402,Dual carriageway,30,Automatic traffic signal,3,219,None within 50 metres,Pedestrian phase at traffic signal junction,Daylight: Street light present,Fine without high winds,Dry,None,None,1,Yes,E01001943,2005
4324,200501FH10321,525320.0,177880.0,-0.19648,51.48594,1,2,2,2,07/07/2005,5,08:48,11,E09000013,6,0,Single carriageway,30,Giveway or uncontrolled,6,0,None within 50 metres,No physical crossing within 50 meters,Daylight: Street light present,Raining without high winds,Wet/Damp,None,None,1,Yes,E01001883,2005
4325,200501FH10322,522220.0,179530.0,-0.240534,51.501447,1,3,2,2,05/07/2005,3,23:15,11,E09000013,4,408,Single carriageway,30,Giveway or uncontrolled,6,0,None within 50 metres,No physical crossing within 50 meters,Darkness: Street lights present and lit,Raining without high winds,Wet/Damp,None,None,1,No,E01001858,2005
4326,200501FH10323,523510.0,181060.0,-0.221423,51.514918,1,3,2,1,08/07/2005,6,09:09,11,E09000013,3,3220,Dual carriageway,50,Giveway or uncontrolled,3,40,None within 50 metres,No physical crossing within 50 meters,Daylight: Street light present,Fine without high winds,Dry,None,None,1,Yes,E01002877,2005
4327,200501FH10324,524070.0,178750.0,-0.214168,51.494034,1,3,2,1,21/06/2005,3,14:44,11,E09000013,3,315,Single carriageway,30,Automatic traffic signal,6,0,None within 50 metres,Pedestrian phase at traffic signal junction,Daylight: Street light present,Fine without high winds,Dry,None,None,1,Yes,E01001871,2005
4328,200501FH10325,523080.0,181510.0,-0.22746,51.519056,1,3,2,1,06/07/2005,4,15:45,11,E09000013,4,412,Single carriageway,30,Giveway or uncontrolled,6,0,None within 50 metres,No physical crossing within 50 meters,Daylight: Street light present,Fine without high winds,Dry,None,None,1,Yes,E01001874,2005
4329,200501FH10326,522410.0,179300.0,-0.237878,51.499339,1,3,2,1,05/07/2005,3,09:40,11,E09000013,4,408,Single carriageway,30,None,-1,0,None within 50 metres,No physical crossing within 50 meters,Daylight: Street light present,Fine without high winds,Dry,None,None,1,Yes,E01001928,2005
4330,200501FH10328,525860.0,175930.0,-0.189401,51.468295,1,3,1,1,06/07/2005,4,08:45,11,E09000013,6,0,Single carriageway,30,None,-1,0,None within 50 metres,No physical crossing within 50 meters,Daylight: Street light present,Fine without high winds,Dry,None,None,1,Yes,E01001938,2005
4331,200501FH10329,522650.0,178400.0,-0.234735,51.491198,1,3,2,1,13/07/2005,4,08:25,11,E09000013,3,4,Dual carriageway,40,None,-1,0,None within 50 metres,No physical crossing within 50 meters,Daylight: Street light present,Fine without high winds,Dry,None,None,1,Yes,E01001932,2005
4332,200501FH10330,522080.0,180100.0,-0.242353,51.5066,1,3,2,1,15/07/2005,6,15:10,11,E09000013,3,4020,Single carriageway,30,Giveway or uncontrolled,6,0,None within 50 metres,No physical crossing within 50 meters,Daylight: Street light present,Fine without high winds,Dry,None,None,1,Yes,E01001861,2005
4333,200501FH10331,524090.0,178380.0,-0.21401,51.490705,1,3,2,1,12/07/2005,3,16:45,11,E09000013,3,4,Dual carriageway,30,None,-1,0,None within 50 metres,No physical crossing within 50 meters,Daylight: Street light present,Fine without high winds,Dry,None,None,1,Yes,E01001889,2005
4334,200501FH10332,524890.0,177810.0,-0.202695,51.485406,1,3,2,1,11/07/2005,2,07:05,11,E09000013,3,3218,Single carriageway,30,Giveway or uncontrolled,4,317,None within 50 metres,No physical crossing within 50 meters,Daylight: Street light present,Fine without high winds,Dry,None,None,1,No,E01001909,2005
4335,200501FH10333,523880.0,177550.0,-0.217325,51.483291,1,3,2,1,17/07/2005,1,18:02,11,E09000013,3,3218,Single carriageway,30,Giveway or uncontrolled,6,0,None within 50 metres,No physical crossing within 50 meters,Daylight: Street light present,Fine without high winds,Dry,None,None,1,Yes,E01001886,2005
4336,200501FH10334,523430.0,179030.0,-0.223285,51.496691,1,3,1,1,16/07/2005,7,17:30,11,E09000013,3,219,Single carriageway,30,Automatic traffic signal,6,0,None within 50 metres,Pedestrian phase at traffic signal junction,Daylight: Street light present,Fine without high winds,Dry,None,None,1,Yes,E01001869,2005
4337,200501FH10336,524620.0,176190.0,-0.207152,51.470906,1,3,1,1,10/07/2005,1,00:43,11,E09000013,3,308,Single carriageway,30,None,-1,0,None within 50 metres,No physical crossing within 50 meters,Darkness: Street lights present and lit,Fine without high winds,Dry,None,None,1,Yes,E01001952,2005
4338,200501FH10338,525670.0,175620.0,-0.192245,51.465551,1,2,2,1,15/07/2005,6,17:50,11,E09000013,6,0,Single carriageway,30,Giveway or uncontrolled,6,0,None within 50 metres,No physical crossing within 50 meters,Daylight: Street light present,Fine without high winds,Dry,None,None,1,Yes,E01001934,2005
4339,200501FH10339,524780.0,178130.0,-0.204165,51.488306,1,3,1,1,13/07/2005,4,17:57,11,E09000013,4,317,Single carriageway,30,Giveway or uncontrolled,6,0,None within 50 metres,No physical crossing within 50 meters,Daylight: Street light present,Fine without high winds,Dry,None,None,1,Yes,E01001908,2005
4340,200501FH10340,524340.0,176210.0,-0.211175,51.471147,1,2,2,1,13/07/2005,4,06:05,11,E09000013,3,219,Single carriageway,30,None,-1,0,None within 50 metres,No physical crossing within 50 meters,Daylight: Street light present,Fine without high winds,Dry,None,None,1,Yes,E01001915,2005
4341,200501FH10342,524610.0,176980.0,-0.207018,51.478008,1,3,2,1,05/07/2005,3,16:52,11,E09000013,6,0,Roundabout,30,Giveway or uncontrolled,6,0,None within 50 metres,No physical crossing within 50 meters,Daylight: Street light present,Fine without high winds,Dry,None,None,1,Yes,E01001901,2005
4342,200501FH10343,523800.0,178170.0,-0.218259,51.488881,1,3,3,1,11/07/2005,2,07:15,11,E09000013,6,0,Single carriageway,30,None,-1,0,None within 50 metres,No physical crossing within 50 meters,Daylight: Street light present,Fine without high winds,Dry,None,None,1,Yes,E01001889,2005
4343,200501FH10344,522000.0,179120.0,-0.243844,51.49781,1,3,2,2,14/07/2005,5,19:10,11,E09000013,3,402,Single carriageway,30,None,-1,0,None within 50 metres,No physical crossing within 50 meters,Daylight: Street light present,Fine without high winds,Dry,None,None,1,Yes,E01001930,2005
4344,200501FH10345,523470.0,178190.0,-0.223003,51.489133,1,3,2,2,10/07/2005,1,14:04,11,E09000013,3,219,Single carriageway,30,Giveway or uncontrolled,6,0,None within 50 metres,Zebra crossing,Daylight: Street light present,Fine without high winds,Dry,None,None,1,Yes,E01001900,2005
4345,200501FH10346,525890.0,175770.0,-0.189026,51.466851,1,3,1,2,04/07/2005,2,12:51,11,E09000013,5,0,Single carriageway,30,None,-1,0,None within 50 metres,No physical crossing within 50 meters,Daylight: Street light present,Fine without high winds,Dry,None,None,1,Yes,E01001938,2005
4346,200501FH10347,525850.0,175740.0,-0.189613,51.46659,1,2,2,1,13/07/2005,4,22:29,11,E09000013,3,217,Single carriageway,30,Automatic traffic signal,5,0,None within 50 metres,No physical crossing within 50 meters,Darkness: Street lights present and lit,Fine without high winds,Dry,None,None,1,Yes,E01001938,2005
4347,200501FH10348,522980.0,178760.0,-0.229858,51.494362,1,3,1,1,14/07/2005,5,12:51,11,E09000013,3,315,One way street,30,None,-1,0,None within 50 metres,No physical crossing within 50 meters,Daylight: Street light present,Fine without high winds,Dry,None,None,1,Yes,E01001899,2005
4348,200501FH10349,525220.0,177240.0,-0.198146,51.48021,1,3,1,1,15/07/2005,6,00:30,11,E09000013,3,304,Single carriageway,30,Automatic traffic signal,6,0,None within 50 metres,Pedestrian phase at traffic signal junction,Darkness: Street lights present and lit,Fine without high winds,Dry,None,None,1,Yes,E01001953,2005
4349,200501FH10350,522380.0,182780.0,-0.237103,51.530622,1,3,2,1,22/07/2005,6,17:25,11,E09000013,3,219,Single carriageway,30,Giveway or uncontrolled,6,0,None within 50 metres,No physical crossing within 50 meters,Daylight: Street light present,Fine without high winds,Dry,None,None,1,Yes,E01001877,2005
4350,200501FH10352,523310.0,180000.0,-0.224674,51.505435,1,3,2,1,19/07/2005,3,09:22,11,E09000013,3,219,Single carriageway,30,Giveway or uncontrolled,6,0,None within 50 metres,No physical crossing within 50 meters,Daylight: Street light present,Fine without high winds,Dry,None,None,1,Yes,E01001943,2005
4351,200501FH10353,524400.0,175980.0,-0.210392,51.469067,1,2,2,1,27/07/2005,4,17:03,11,E09000013,3,308,Single carriageway,30,Automatic traffic signal,3,219,None within 50 metres,No physical crossing within 50 meters,Daylight: Street light present,Raining without high winds,Wet/Damp,None,None,1,Yes,E01001915,2005
4352,200501FH10354,524140.0,178320.0,-0.213312,51.490154,1,3,2,1,19/07/2005,3,16:20,11,E09000013,6,0,Single carriageway,30,Giveway or uncontrolled,6,0,None within 50 metres,No physical crossing within 50 meters,Daylight: Street light present,Fine without high winds,Dry,None,None,1,No,E01001910,2005
4353,200501FH10356,522470.0,179920.0,-0.236799,51.504898,1,3,2,1,21/07/2005,5,08:50,11,E09000013,6,0,Roundabout,30,Giveway or uncontrolled,6,0,None within 50 metres,No physical crossing within 50 meters,Daylight: Street light present,Fine without high winds,Dry,None,None,1,No,E01001863,2005
4354,200501FH10357,524340.0,177530.0,-0.21071,51.483011,1,3,1,1,22/07/2005,6,22:44,11,E09000013,3,3218,Single carriageway,30,Giveway or uncontrolled,6,0,None within 50 metres,No physical crossing within 50 meters,Darkness: Street lights present and lit,Fine without high winds,Dry,None,None,1,Yes,E01001903,2005
4355,200501FH10358,524770.0,176280.0,-0.204962,51.471682,1,3,2,1,07/07/2005,5,12:45,11,E09000013,3,308,Single carriageway,30,Giveway or uncontrolled,6,0,None within 50 metres,Zebra crossing,Daylight: Street light present,Fine without high winds,Dry,None,None,1,Yes,E01001926,2005
4356,200501FH10360,523520.0,178030.0,-0.222339,51.487684,1,3,2,1,19/07/2005,3,17:40,11,E09000013,3,219,Single carriageway,30,Automatic traffic signal,6,0,None within 50 metres,Pedestrian phase at traffic signal junction,Daylight: Street light present,Fine without high winds,Dry,None,None,1,No,E01001891,2005
4357,200501FH10361,523010.0,178760.0,-0.229426,51.494356,1,3,2,1,12/07/2005,3,18:40,11,E09000013,3,315,Single carriageway,30,Giveway or uncontrolled,6,0,None within 50 metres,No physical crossing within 50 meters,Daylight: Street light present,Fine without high winds,Dry,None,None,1,Yes,E01001898,2005
4358,200501FH10363,525480.0,177100.0,-0.194454,51.478895,1,3,2,1,06/07/2005,4,10:34,11,E09000013,4,318,Single carriageway,30,Giveway or uncontrolled,6,0,None within 50 metres,non-junction pedestrian crossing,Daylight: Street light present,Fine without high winds,Dry,None,None,1,Yes,E01001920,2005
4359,200501FH10364,524130.0,178370.0,-0.213438,51.490606,1,2,1,1,28/07/2005,5,21:27,11,E09000013,3,4,Dual carriageway,30,Automatic traffic signal,3,4,None within 50 metres,Pedestrian phase at traffic signal junction,Darkness: Street lights present and lit,Fine without high winds,Dry,None,None,1,Yes,E01001889,2005
4360,200501FH10365,523940.0,177540.0,-0.216465,51.483188,1,3,2,1,22/07/2005,6,18:30,11,E09000013,3,3218,Single carriageway,30,Giveway or uncontrolled,6,0,None within 50 metres,No physical crossing within 50 meters,Daylight: Street light present,Fine without high winds,Dry,None,None,1,No,E01001886,2005
4361,200501FH10366,523600.0,179830.0,-0.220557,51.503844,1,3,2,1,19/07/2005,3,17:30,11,E09000013,3,402,Single carriageway,30,Automatic traffic signal,6,0,None within 50 metres,Pedestrian phase at traffic signal junction,Daylight: Street light present,Fine without high winds,Dry,None,None,1,No,E01001943,2005
4362,200501FH10367,523730.0,178640.0,-0.219102,51.49312,1,2,1,2,03/08/2005,4,22:40,11,E09000013,3,315,Single carriageway,30,Giveway or uncontrolled,6,0,None within 50 metres,Central refuge,Darkness: Street lights present and lit,Fine without high winds,Dry,None,None,1,Yes,E01001867,2005
4363,200501FH10368,525760.0,176950.0,-0.190477,51.477484,1,3,2,1,01/08/2005,2,08:04,11,E09000013,3,308,Single carriageway,30,Giveway or uncontrolled,6,0,None within 50 metres,No physical crossing within 50 meters,Daylight: Street light present,Fine without high winds,Dry,None,None,1,Yes,E01001923,2005
4364,200501FH10369,523500.0,179280.0,-0.22219,51.498922,1,3,2,1,26/07/2005,3,19:40,11,E09000013,3,219,Single carriageway,30,Giveway or uncontrolled,6,0,None within 50 metres,No physical crossing within 50 meters,Darkness: Street lights present and lit,Fine without high winds,Dry,None,None,1,Yes,E01001856,2005
4365,200501FH10370,524010.0,179070.0,-0.21492,51.496923,1,3,2,1,25/04/2005,2,16:25,11,E09000013,6,0,Single carriageway,30,Giveway or uncontrolled,6,0,None within 50 metres,No physical crossing within 50 meters,Daylight: Street light present,Fine without high winds,Wet/Damp,None,None,1,Yes,E01001873,2005
4366,200501FH10371,522310.0,179770.0,-0.239155,51.503585,1,3,2,1,03/08/2005,4,11:39,11,E09000013,6,0,Single carriageway,30,None,-1,0,None within 50 metres,No physical crossing within 50 meters,Daylight: Street light present,Fine without high winds,Dry,None,None,1,Yes,E01001863,2005
4367,200501FH10373,522590.0,180740.0,-0.234786,51.512242,1,3,3,3,30/07/2005,7,18:52,11,E09000013,5,0,Single carriageway,30,Giveway or uncontrolled,6,0,None within 50 metres,No physical crossing within 50 meters,Daylight: Street light present,Raining without high winds,Wet/Damp,None,None,1,Yes,E01001955,2005
4368,200501FH10374,521960.0,178890.0,-0.244499,51.495751,1,3,2,1,12/07/2005,3,20:02,11,E09000013,3,402,Single carriageway,30,Giveway or uncontrolled,6,0,None within 50 metres,No physical crossing within 50 meters,Daylight: Street light present,Fine without high winds,Dry,None,None,1,Yes,E01001930,2005
4369,200501FH10375,522720.0,180090.0,-0.23314,51.506372,1,2,2,1,04/08/2005,5,17:36,11,E09000013,3,4020,Single carriageway,30,Giveway or uncontrolled,6,0,None within 50 metres,No physical crossing within 50 meters,Daylight: Street light present,Fine without high winds,Dry,None,None,1,Yes,E01001942,2005
4370,200501FH10376,522710.0,178390.0,-0.233874,51.491095,1,2,3,1,29/07/2005,6,07:25,11,E09000013,3,4,Dual carriageway,40,None,-1,0,None within 50 metres,No physical crossing within 50 meters,Daylight: Street light present,Fine without high winds,Dry,None,None,1,Yes,E01001894,2005
4371,200501FH10377,523310.0,180130.0,-0.224629,51.506603,1,3,2,1,09/08/2005,3,20:48,11,E09000013,3,219,Single carriageway,30,Giveway or uncontrolled,6,0,None within 50 metres,No physical crossing within 50 meters,Darkness: Street lights present and lit,Fine without high winds,Dry,None,None,1,Yes,E01001943,2005
4372,200501FH10378,522620.0,179820.0,-0.234673,51.503967,1,3,2,1,19/07/2005,3,17:50,11,E09000013,5,0,Single carriageway,30,Giveway or uncontrolled,6,0,None within 50 metres,No physical crossing within 50 meters,Daylight: Street light present,Fine without high winds,Dry,None,None,1,Yes,E01001862,2005
4373,200501FH10380,524880.0,177840.0,-0.202828,51.485678,1,3,2,1,04/08/2005,5,11:00,11,E09000013,4,317,Single carriageway,30,Giveway or uncontrolled,6,0,None within 50 metres,Zebra crossing,Daylight: Street light present,Fine without high winds,Dry,None,None,1,Yes,E01001912,2005
4374,200501FH10381,522480.0,182480.0,-0.235766,51.527904,1,3,2,1,04/08/2005,5,09:27,11,E09000013,3,219,Single carriageway,30,None,-1,0,None within 50 metres,No physical crossing within 50 meters,Daylight: Street light present,Fine without high winds,Dry,None,None,1,Yes,E01001877,2005
4375,200501FH10382,523050.0,181490.0,-0.227899,51.518882,1,3,1,1,18/07/2005,2,15:40,11,E09000013,3,219,Single carriageway,30,Automatic traffic signal,4,412,None within 50 metres,No physical crossing within 50 meters,Daylight: Street light present,Fine without high winds,Dry,None,None,1,Yes,E01001874,2005
4376,200501FH10383,524900.0,177800.0,-0.202554,51.485314,1,3,1,2,05/08/2005,6,21:30,11,E09000013,4,317,Roundabout,30,Giveway or uncontrolled,3,3218,None within 50 metres,No physical crossing within 50 meters,Darkness: Street lights present and lit,Fine without high winds,Dry,None,None,1,No,E01001884,2005
4377,200501FH10384,523130.0,179160.0,-0.227559,51.497925,1,3,2,1,23/07/2005,7,14:10,11,E09000013,5,0,Single carriageway,30,Giveway or uncontrolled,6,0,None within 50 metres,Zebra crossing,Daylight: Street light present,Fine without high winds,Dry,None,None,1,Yes,E01001898,2005
4378,200501FH10385,524030.0,176730.0,-0.215453,51.475889,1,2,2,1,05/08/2005,6,14:41,11,E09000013,3,219,Single carriageway,30,Giveway or uncontrolled,6,0,None within 50 metres,No physical crossing within 50 meters,Daylight: Street light present,Fine without high winds,Dry,None,None,1,Yes,E01001915,2005
4379,200501FH10386,523840.0,180600.0,-0.216831,51.510711,1,3,2,1,05/08/2005,6,11:15,12,E09000020,5,0,Single carriageway,30,Giveway or uncontrolled,6,0,None within 50 metres,No physical crossing within 50 meters,Daylight: Street light present,Fine without high winds,Dry,None,None,1,No,E01002870,2005
4380,200501FH10387,522680.0,178570.0,-0.234244,51.49272,1,3,1,2,09/08/2005,3,12:29,11,E09000013,3,315,Single carriageway,30,Giveway or uncontrolled,3,315,None within 50 metres,Zebra crossing,Daylight: Street light present,Fine without high winds,Dry,None,None,1,Yes,E01001894,2005
4381,200501FH10388,522710.0,182020.0,-0.232612,51.52372,1,3,2,1,13/08/2005,7,01:56,11,E09000013,3,219,Single carriageway,30,None,-1,0,None within 50 metres,No physical crossing within 50 meters,Darkness: Street lights present and lit,Fine without high winds,Dry,None,None,1,Yes,E01001874,2005
4382,200501FH10389,522650.0,178810.0,-0.234592,51.494883,1,2,1,1,13/08/2005,7,20:00,11,E09000013,4,408,Single carriageway,30,Giveway or uncontrolled,6,0,None within 50 metres,No physical crossing within 50 meters,Darkness: Street lights present and lit,Raining without high winds,Wet/Damp,None,None,1,Yes,E01001932,2005
4383,200501FH10390,523280.0,180710.0,-0.224858,51.511822,1,3,2,1,10/08/2005,4,18:52,11,E09000013,3,219,Single carriageway,30,None,-1,0,None within 50 metres,non-junction pedestrian crossing,Daylight: Street light present,Fine without high winds,Dry,None,None,1,Yes,E01001874,2005
4384,200501FH10391,524220.0,178360.0,-0.212146,51.490496,1,3,2,1,01/08/2005,2,23:32,11,E09000013,3,4,Dual carriageway,30,None,-1,0,None within 50 metres,No physical crossing within 50 meters,Darkness: Street lights present and lit,Fog or mist,Wet/Damp,None,None,1,Yes,E01001910,2005
4385,200501FH10392,522210.0,180090.0,-0.240484,51.506482,1,3,2,1,12/07/2005,3,09:30,11,E09000013,3,4020,Single carriageway,30,Giveway or uncontrolled,6,0,None within 50 metres,non-junction pedestrian crossing,Daylight: Street light present,Fine without high winds,Dry,None,None,1,No,E01001860,2005
4386,200501FH10393,523390.0,179220.0,-0.223795,51.498407,1,3,2,1,15/08/2005,2,08:52,11,E09000013,6,0,Single carriageway,30,Giveway or uncontrolled,6,0,None within 50 metres,No physical crossing within 50 meters,Daylight: Street light present,Fine without high winds,Dry,None,None,1,Yes,E01001856,2005
4387,200501FH10395,524120.0,177460.0,-0.213902,51.48243,1,3,1,1,03/08/2005,4,23:55,11,E09000013,3,3219,Single carriageway,30,Giveway or uncontrolled,3,3218,None within 50 metres,Zebra crossing,Darkness: Street lights present and lit,Fine without high winds,Dry,None,None,1,Yes,E01001886,2005
4388,200501FH10396,522180.0,179270.0,-0.2412,51.499119,1,3,1,1,03/08/2005,4,16:45,11,E09000013,3,402,Single carriageway,30,None,-1,0,None within 50 metres,Zebra crossing,Daylight: Street light present,Fine without high winds,Dry,None,None,1,No,E01001930,2005
4389,200501FH10397,523480.0,179200.0,-0.222506,51.498208,1,3,2,1,16/08/2005,3,16:08,11,E09000013,3,219,Single carriageway,30,Giveway or uncontrolled,6,0,None within 50 metres,No physical crossing within 50 meters,Daylight: Street light present,Raining without high winds,Wet/Damp,None,None,1,Yes,E01001856,2005
4390,200501FH10398,522930.0,178380.0,-0.230711,51.490958,1,2,2,1,09/08/2005,3,15:00,11,E09000013,3,4,Dual carriageway,40,None,-1,0,None within 50 metres,No physical crossing within 50 meters,Daylight: Street light present,Fine without high winds,Dry,None,None,1,Yes,E01001894,2005
4391,200501FH10400,523820.0,177560.0,-0.218185,51.483394,1,3,2,1,07/08/2005,1,13:10,11,E09000013,3,3218,Single carriageway,30,Giveway or uncontrolled,6,0,None within 50 metres,No physical crossing within 50 meters,Daylight: Street light present,Fine without high winds,Dry,None,None,1,Yes,E01001886,2005
4392,200501FH10401,525850.0,175750.0,-0.189609,51.46668,1,3,1,1,27/07/2005,4,10:00,11,E09000013,3,217,Single carriageway,30,Automatic traffic signal,5,0,None within 50 metres,No physical crossing within 50 meters,Daylight: Street light present,Raining without high winds,Wet/Damp,None,None,1,Yes,E01001938,2005
4393,200501FH10402,523480.0,181140.0,-0.221827,51.515643,1,3,2,1,08/08/2005,2,08:25,11,E09000013,3,40,Roundabout,50,Giveway or uncontrolled,3,3220,None within 50 metres,No physical crossing within 50 meters,Daylight: Street light present,Fine without high winds,Dry,None,None,1,Yes,E01002877,2005
4394,200501FH10403,521650.0,180890.0,-0.248274,51.513793,1,3,2,1,12/08/2005,6,16:15,11,E09000013,3,40,Dual carriageway,40,None,-1,0,None within 50 metres,No physical crossing within 50 meters,Daylight: Street light present,Fine without high winds,Dry,None,None,1,No,E01001959,2005
4395,200501FH10404,523470.0,179630.0,-0.222499,51.502074,1,3,2,1,23/07/2005,7,13:20,11,E09000013,3,219,Single carriageway,30,Giveway or uncontrolled,6,0,None within 50 metres,Zebra crossing,Daylight: Street light present,Fine without high winds,Dry,None,None,1,Yes,E01001857,2005
4396,200501FH10405,522650.0,178570.0,-0.234676,51.492726,1,3,1,1,13/08/2005,7,20:30,11,E09000013,3,315,One way street,30,Giveway or uncontrolled,3,315,None within 50 metres,Zebra crossing,Darkness: Street lights present and lit,Fine without high winds,Dry,None,None,1,Yes,E01001932,2005
4397,200501FH10406,522680.0,178400.0,-0.234303,51.491192,1,3,3,3,19/08/2005,6,14:30,11,E09000013,3,4,Dual carriageway,40,None,-1,0,None within 50 metres,No physical crossing within 50 meters,Daylight: Street light present,Raining without high winds,Wet/Damp,None,None,1,Yes,E01001894,2005
4398,200501FH10407,524400.0,176050.0,-0.210368,51.469696,1,3,2,1,29/07/2005,6,14:01,11,E09000013,3,219,Single carriageway,30,None,-1,0,None within 50 metres,No physical crossing within 50 meters,Daylight: Street light present,Fine without high winds,Dry,None,None,1,Yes,E01001915,2005
4399,200501FH10408,522130.0,178240.0,-0.242276,51.489873,1,2,1,1,17/08/2005,4,11:41,11,E09000013,6,0,Single carriageway,30,None,-1,0,None within 50 metres,No physical crossing within 50 meters,Daylight: Street light present,Fine without high winds,Dry,None,None,1,Yes,E01001933,2005
4400,200501FH10409,523890.0,177780.0,-0.2171,51.485356,1,3,2,1,15/08/2005,2,11:50,11,E09000013,5,0,Single carriageway,30,Giveway or uncontrolled,6,0,None within 50 metres,No physical crossing within 50 meters,Daylight: Street light present,Fine without high winds,Dry,None,None,1,No,E01001890,2005
4401,200501FH10410,525920.0,175790.0,-0.188588,51.467024,1,3,3,1,19/08/2005,6,17:15,11,E09000013,5,0,Single carriageway,30,None,-1,0,None within 50 metres,No physical crossing within 50 meters,Daylight: Street light present,Raining without high winds,Wet/Damp,None,None,1,Yes,E01001938,2005
4402,200501FH10411,524270.0,182390.0,-0.210007,51.526704,1,3,2,1,21/08/2005,1,14:04,1,E09000033,3,404,Single carriageway,30,None,-1,0,None within 50 metres,No physical crossing within 50 meters,Daylight: Street light present,Fine without high winds,Dry,None,None,1,Yes,E01004721,2005
4403,200501FH10412,523630.0,179660.0,-0.220185,51.502309,1,3,2,1,14/08/2005,1,13:30,11,E09000013,6,0,Single carriageway,30,Giveway or uncontrolled,6,0,None within 50 metres,No physical crossing within 50 meters,Daylight: Street light present,Fine without high winds,Dry,None,None,1,No,E01001854,2005
4404,200501FH10413,524330.0,175880.0,-0.211435,51.468184,1,2,1,1,17/08/2005,4,13:47,11,E09000013,3,219,Single carriageway,30,Automatic traffic signal,6,0,None within 50 metres,Pedestrian phase at traffic signal junction,Daylight: Street light present,Fine without high winds,Dry,None,None,1,Yes,E01001915,2005
4405,200501FH10414,523760.0,179870.0,-0.218239,51.504168,1,3,1,1,22/08/2005,2,00:37,11,E09000013,3,402,Single carriageway,30,None,-1,0,None within 50 metres,No physical crossing within 50 meters,Darkness: Street lights present and lit,Fine without high winds,Dry,None,None,1,Yes,E01001857,2005
4406,200501FH10415,524290.0,178810.0,-0.21098,51.494525,1,3,3,1,19/08/2005,6,20:30,11,E09000013,4,317,Single carriageway,30,Giveway or uncontrolled,6,0,None within 50 metres,No physical crossing within 50 meters,Darkness: Street lights present and lit,Fine without high winds,Dry,None,None,1,Yes,E01001866,2005
4407,200501FH10417,522280.0,178850.0,-0.239906,51.495323,1,3,1,2,02/08/2005,3,17:45,11,E09000013,6,0,Single carriageway,30,Giveway or uncontrolled,6,0,None within 50 metres,No physical crossing within 50 meters,Daylight: Street light present,Fine without high winds,Dry,None,None,1,Yes,E01001930,2005
4408,200501FH10418,522310.0,180080.0,-0.239048,51.506371,1,3,2,1,14/08/2005,1,20:39,11,E09000013,3,4020,Single carriageway,30,Giveway or uncontrolled,6,0,None within 50 metres,No physical crossing within 50 meters,Darkness: Street lights present and lit,Fine without high winds,Dry,None,None,1,Yes,E01001860,2005
4409,200501FH10419,521760.0,180600.0,-0.246789,51.511163,1,3,2,1,22/08/2005,2,20:10,11,E09000013,5,0,Single carriageway,30,Giveway or uncontrolled,6,0,None within 50 metres,No physical crossing within 50 meters,Darkness: Street lights present and lit,Raining without high winds,Wet/Damp,None,None,1,Yes,E01001243,2005
4410,200501FH10420,523100.0,179700.0,-0.227803,51.502784,1,3,2,1,25/08/2005,5,13:04,11,E09000013,6,0,One way street,30,None,-1,0,None within 50 metres,No physical crossing within 50 meters,Daylight: Street light present,Fine without high winds,Dry,None,None,1,Yes,E01001940,2005
4411,200501FH10422,522610.0,180460.0,-0.234595,51.509721,1,3,2,1,06/05/2005,6,17:15,11,E09000013,5,0,Single carriageway,30,Giveway or uncontrolled,6,0,None within 50 metres,No physical crossing within 50 meters,Daylight: Street light present,Fine without high winds,Dry,None,None,1,Yes,E01001960,2005
4412,200501FH10423,523480.0,179180.0,-0.222513,51.498028,1,2,1,1,24/08/2005,4,13:18,11,E09000013,3,219,Single carriageway,30,Giveway or uncontrolled,6,0,None within 50 metres,non-junction pedestrian crossing,Daylight: Street light present,Fine without high winds,Dry,None,None,1,Yes,E01001856,2005
4413,200501FH10424,521630.0,180900.0,-0.248558,51.513887,1,3,1,1,03/08/2005,4,09:00,27,E09000009,3,40,Dual carriageway,50,Automatic traffic signal,5,0,None within 50 metres,Pedestrian phase at traffic signal junction,Daylight: Street light present,Fine without high winds,Dry,None,None,1,No,E01001875,2005
4414,200501FH10426,525320.0,177260.0,-0.1967,51.480368,1,3,1,1,25/08/2005,5,14:01,11,E09000013,6,0,One way street,30,None,-1,0,None within 50 metres,No physical crossing within 50 meters,Daylight: Street light present,Fine without high winds,Dry,None,None,1,Yes,E01001880,2005
4415,200501FH10427,522540.0,178400.0,-0.236318,51.491222,1,2,2,1,26/08/2005,6,17:00,11,E09000013,3,4,Dual carriageway,30,Giveway or uncontrolled,6,0,None within 50 metres,No physical crossing within 50 meters,Daylight: Street light present,Fine without high winds,Dry,None,None,1,Yes,E01001932,2005
4416,200501FH10428,522670.0,178570.0,-0.234388,51.492722,1,3,2,2,30/08/2005,3,12:58,11,E09000013,3,315,Single carriageway,30,Giveway or uncontrolled,3,315,None within 50 metres,Zebra crossing,Daylight: Street light present,Fine without high winds,Dry,None,None,1,Yes,E01001932,2005
4417,200501FH10429,525010.0,176360.0,-0.20148,51.472348,1,2,2,3,03/09/2005,7,19:26,11,E09000013,3,308,Single carriageway,30,Giveway or uncontrolled,6,0,None within 50 metres,No physical crossing within 50 meters,Darkness: Street lights present and lit,Fine without high winds,Dry,None,None,1,Yes,E01001926,2005
4418,200501FH10430,523380.0,178800.0,-0.224085,51.494635,1,3,1,1,02/09/2005,6,11:40,11,E09000013,3,219,Single carriageway,30,None,-1,0,None within 50 metres,No physical crossing within 50 meters,Daylight: Street light present,Fine without high winds,Dry,None,None,1,Yes,E01001898,2005
4419,200501FH10431,526020.0,176670.0,-0.186835,51.47491,1,3,2,1,04/08/2005,5,19:05,11,E09000013,6,0,Single carriageway,30,None,-1,0,None within 50 metres,No physical crossing within 50 meters,Daylight: Street light present,Fine without high winds,Dry,None,None,1,Yes,E01001923,2005
4420,200501FH10432,524570.0,178400.0,-0.207093,51.490779,1,3,2,1,06/06/2005,2,00:30,11,E09000013,3,4,Single carriageway,30,Automatic traffic signal,4,317,None within 50 metres,Pedestrian phase at traffic signal junction,Darkness: Street lights present and lit,Fine without high winds,Dry,None,None,1,No,E01001914,2005
4421,200501FH10433,523410.0,178420.0,-0.223786,51.491213,1,3,2,1,06/06/2005,2,08:30,11,E09000013,3,219,One way street,30,Automatic traffic signal,3,219,None within 50 metres,No physical crossing within 50 meters,Daylight: Street light present,Fine without high winds,Dry,None,None,1,Yes,E01001900,2005
4422,200501FH10434,523590.0,181070.0,-0.220267,51.51499,1,3,2,1,31/08/2005,4,08:03,11,E09000013,3,40,Roundabout,30,Giveway or uncontrolled,3,3220,None within 50 metres,No physical crossing within 50 meters,Daylight: Street light present,Fine without high winds,Dry,None,None,1,Yes,E01002877,2005
4423,200501FH10435,522440.0,178620.0,-0.237682,51.493221,1,3,2,1,02/09/2005,6,10:30,11,E09000013,3,315,Single carriageway,30,Giveway or uncontrolled,6,0,None within 50 metres,No physical crossing within 50 meters,Daylight: Street light present,Fine without high winds,Dry,None,None,1,Yes,E01001932,2005
4424,200501FH10436,522580.0,179210.0,-0.235461,51.498493,1,3,1,1,28/08/2005,1,16:30,11,E09000013,6,0,Single carriageway,30,Giveway or uncontrolled,6,0,None within 50 metres,No physical crossing within 50 meters,Daylight: Street light present,Fine without high winds,Dry,None,None,1,Yes,E01001928,2005
4425,200501FH10437,525870.0,175720.0,-0.189332,51.466406,1,3,2,1,31/08/2005,4,13:48,11,E09000013,3,217,Dual carriageway,30,Giveway or uncontrolled,6,0,None within 50 metres,Pedestrian phase at traffic signal junction,Daylight: Street light present,Fine without high winds,Dry,None,None,1,Yes,E01001938,2005
4426,200501FH10438,523380.0,178920.0,-0.224043,51.495713,1,3,1,1,31/08/2005,4,09:20,11,E09000013,3,219,Single carriageway,30,None,-1,0,None within 50 metres,No physical crossing within 50 meters,Daylight: Street light present,Fine without high winds,Dry,None,None,1,No,E01001869,2005
4427,200501FH10439,524210.0,178830.0,-0.212125,51.494723,1,3,2,1,08/08/2005,2,23:30,11,E09000013,3,315,Single carriageway,30,Giveway or uncontrolled,6,0,None within 50 metres,No physical crossing within 50 meters,Darkness: Street lights present and lit,Fine without high winds,Dry,None,None,1,No,E01001866,2005
4428,200501FH10440,522110.0,179570.0,-0.242104,51.50183,1,3,2,1,28/08/2005,1,16:05,11,E09000013,4,408,Dual carriageway,30,Giveway or uncontrolled,6,0,None within 50 metres,No physical crossing within 50 meters,Daylight: Street light present,Fine without high winds,Dry,None,None,1,Yes,E01001930,2005
4429,200501FH10441,524570.0,178400.0,-0.207093,51.490779,1,3,3,1,02/09/2005,6,08:05,11,E09000013,3,4,Dual carriageway,30,Automatic traffic signal,4,317,None within 50 metres,Pedestrian phase at traffic signal junction,Daylight: Street light present,Fine without high winds,Dry,None,None,1,Yes,E01001914,2005
4430,200501FH10442,524160.0,178250.0,-0.213048,51.489521,1,3,1,1,30/08/2005,3,17:25,11,E09000013,6,0,Single carriageway,30,None,-1,0,None within 50 metres,No physical crossing within 50 meters,Daylight: Street light present,Fine without high winds,Dry,None,None,1,Yes,E01001910,2005
4431,200501FH10443,525720.0,177230.0,-0.190953,51.48001,1,3,2,1,05/09/2005,2,18:47,11,E09000013,3,304,Single carriageway,30,Giveway or uncontrolled,6,0,None within 50 metres,No physical crossing within 50 meters,Daylight: Street light present,Fine without high winds,Dry,None,None,1,Yes,E01001920,2005
4432,200501FH10444,524840.0,177990.0,-0.203351,51.487035,1,3,2,1,31/08/2005,4,15:00,11,E09000013,4,317,Single carriageway,30,Giveway or uncontrolled,6,0,None within 50 metres,No physical crossing within 50 meters,Daylight: Street light present,Fine without high winds,Dry,None,None,1,No,E01001912,2005
4433,200501FH10445,522600.0,180460.0,-0.234739,51.509723,1,3,2,1,06/09/2005,3,20:20,11,E09000013,5,0,Roundabout,30,Giveway or uncontrolled,6,0,None within 50 metres,No physical crossing within 50 meters,Darkness: Street lights present and lit,Fine without high winds,Dry,None,None,1,Yes,E01001960,2005
4434,200501FH10447,525400.0,177190.0,-0.195573,51.479721,1,3,1,2,30/08/2005,3,11:30,11,E09000013,4,318,Single carriageway,30,Automatic traffic signal,3,304,None within 50 metres,Pedestrian phase at traffic signal junction,Daylight: Street light present,Fine without high winds,Dry,None,None,1,No,E01001920,2005
4435,200501FH10448,526200.0,176570.0,-0.18428,51.473971,1,2,2,1,04/09/2005,1,18:22,11,E09000013,6,0,Single carriageway,30,None,-1,0,None within 50 metres,No physical crossing within 50 meters,Daylight: Street light present,Fine without high winds,Dry,None,None,1,No,E01001939,2005
4436,200501FH10450,524440.0,176350.0,-0.209686,51.472384,1,3,1,1,06/09/2005,3,16:30,11,E09000013,3,304,Single carriageway,30,None,-1,0,None within 50 metres,No physical crossing within 50 meters,Daylight: Street light present,Fine without high winds,Dry,None,None,1,Yes,E01001952,2005
4437,200501FH10452,523610.0,179820.0,-0.220417,51.503751,1,3,2,1,09/09/2005,6,20:55,11,E09000013,3,402,Single carriageway,30,Automatic traffic signal,6,0,None within 50 metres,Pedestrian phase at traffic signal junction,Darkness: Street lights present and lit,Fine without high winds,Wet/Damp,None,None,1,Yes,E01001857,2005
4438,200501FH10453,522960.0,182760.0,-0.228752,51.530316,1,3,2,1,12/09/2005,2,20:30,28,E09000005,3,404,Single carriageway,30,Giveway or uncontrolled,3,404,None within 50 metres,No physical crossing within 50 meters,Darkness: Street lights present and lit,Fine without high winds,Dry,Roadworks,None,1,Yes,E01001877,2005
4439,200501FH10454,523590.0,179820.0,-0.220705,51.503756,1,3,1,1,06/09/2005,3,15:05,11,E09000013,3,402,Single carriageway,30,Automatic traffic signal,6,0,None within 50 metres,Pedestrian phase at traffic signal junction,Daylight: Street light present,Fine without high winds,Dry,None,None,1,Yes,E01001857,2005
4440,200501FH10455,522190.0,178640.0,-0.241274,51.493455,1,3,1,1,12/09/2005,2,11:30,11,E09000013,3,315,Single carriageway,30,Giveway or uncontrolled,6,0,None within 50 metres,No physical crossing within 50 meters,Daylight: Street light present,Fine without high winds,Dry,None,None,1,Yes,E01001932,2005
4441,200501FH10456,525150.0,176400.0,-0.199451,51.472677,1,3,2,1,18/08/2005,5,19:53,11,E09000013,3,308,Single carriageway,30,Giveway or uncontrolled,6,0,None within 50 metres,Zebra crossing,Daylight: Street light present,Fine without high winds,Dry,None,None,1,Yes,E01001925,2005
4442,200501FH10457,525260.0,177270.0,-0.19756,51.480471,1,3,1,1,09/09/2005,6,14:35,11,E09000013,3,304,Single carriageway,30,Giveway or uncontrolled,3,304,None within 50 metres,non-junction pedestrian crossing,Daylight: Street light present,Fine without high winds,Dry,None,None,1,Yes,E01001880,2005
4443,200501FH10458,526060.0,176520.0,-0.186313,51.473553,1,3,1,1,05/09/2005,2,11:00,11,E09000013,5,0,Single carriageway,30,Giveway or uncontrolled,6,0,None within 50 metres,No physical crossing within 50 meters,Daylight: Street light present,Fine without high winds,Dry,None,None,1,Yes,E01001939,2005
4444,200501FH10459,523610.0,179820.0,-0.220417,51.503751,1,3,2,1,03/08/2005,4,16:29,11,E09000013,3,402,Single carriageway,30,Automatic traffic signal,6,0,None within 50 metres,Pedestrian phase at traffic signal junction,Daylight: Street light present,Fine without high winds,Dry,None,None,1,Yes,E01001857,2005
4445,200501FH10461,522920.0,178360.0,-0.230861,51.49078,1,2,2,1,01/09/2005,5,18:00,11,E09000013,3,4,Dual carriageway,40,Giveway or uncontrolled,3,4,None within 50 metres,No physical crossing within 50 meters,Daylight: Street light present,Fine without high winds,Dry,None,None,1,No,E01001894,2005
4446,200501FH10462,524980.0,176360.0,-0.201912,51.472355,1,3,1,1,07/09/2005,4,16:58,11,E09000013,3,308,Single carriageway,30,Giveway or uncontrolled,6,0,None within 50 metres,No physical crossing within 50 meters,Daylight: Street light present,Fine without high winds,Dry,None,None,1,Yes,E01001926,2005
4447,200501FH10463,523250.0,179970.0,-0.225549,51.505178,1,3,2,1,02/09/2005,6,23:20,11,E09000013,3,4020,Single carriageway,30,Giveway or uncontrolled,6,0,None within 50 metres,non-junction pedestrian crossing,Darkness: Street lights present and lit,Fine without high winds,Dry,None,None,1,Yes,E01001941,2005
4448,200501FH10464,522190.0,180090.0,-0.240772,51.506487,1,3,2,1,06/09/2005,3,18:01,11,E09000013,3,4020,Single carriageway,30,Giveway or uncontrolled,6,0,None within 50 metres,non-junction pedestrian crossing,Daylight: Street light present,Fine without high winds,Dry,None,None,1,Yes,E01001860,2005
4449,200501FH10465,524670.0,176230.0,-0.206419,51.471255,1,3,2,1,16/09/2005,6,13:11,11,E09000013,3,308,Single carriageway,30,None,-1,0,None within 50 metres,No physical crossing within 50 meters,Daylight: Street light present,Fine without high winds,Dry,None,None,1,Yes,E01001952,2005
4450,200501FH10467,524110.0,176610.0,-0.214344,51.474793,1,3,1,1,05/09/2005,2,11:00,11,E09000013,3,219,Single carriageway,30,Giveway or uncontrolled,6,0,None within 50 metres,No physical crossing within 50 meters,Daylight: Street light present,Fine without high winds,Dry,None,None,1,Yes,E01001915,2005
4451,200501FH10469,522860.0,178540.0,-0.231663,51.492411,1,3,2,1,11/09/2005,1,00:15,11,E09000013,3,315,Single carriageway,30,Giveway or uncontrolled,6,0,None within 50 metres,Zebra crossing,Darkness: Street lights present and lit,Fine without high winds,Dry,None,None,1,Yes,E01001894,2005
4452,200501FH10470,523600.0,179820.0,-0.220561,51.503754,1,3,1,1,08/09/2005,5,17:50,11,E09000013,3,402,Single carriageway,30,Automatic traffic signal,6,0,None within 50 metres,Pedestrian phase at traffic signal junction,Daylight: Street light present,Fine without high winds,Dry,None,None,1,Yes,E01001857,2005
4453,200501FH10471,525230.0,176430.0,-0.198289,51.472928,1,3,2,1,15/09/2005,5,09:41,11,E09000013,3,308,Single carriageway,30,Giveway or uncontrolled,3,308,None within 50 metres,Zebra crossing,Daylight: Street light present,Raining without high winds,Wet/Damp,None,None,1,Yes,E01001925,2005
4454,200501FH10472,524480.0,178090.0,-0.208498,51.488013,1,3,1,1,15/09/2005,5,09:09,11,E09000013,6,0,Single carriageway,30,Giveway or uncontrolled,6,0,None within 50 metres,No physical crossing within 50 meters,Daylight: Street light present,Raining without high winds,Wet/Damp,None,None,1,Yes,E01001908,2005
4455,200501FH10473,524230.0,178580.0,-0.211925,51.492471,1,3,2,2,14/09/2005,4,21:08,11,E09000013,6,0,One way street,30,Giveway or uncontrolled,6,0,None within 50 metres,No physical crossing within 50 meters,Darkness: Street lights present and lit,Fine without high winds,Dry,None,None,1,Yes,E01001872,2005
4456,200501FH10475,524160.0,177380.0,-0.213354,51.481702,1,3,2,1,19/09/2005,2,22:27,11,E09000013,3,3219,Roundabout,30,Giveway or uncontrolled,3,3219,None within 50 metres,No physical crossing within 50 meters,Darkness: Street lights present and lit,Fine without high winds,Dry,None,None,1,Yes,E01001903,2005
4457,200501FH10476,524270.0,177520.0,-0.211722,51.482936,1,3,2,1,10/06/2005,6,08:19,11,E09000013,3,3218,Single carriageway,30,Giveway or uncontrolled,6,0,None within 50 metres,No physical crossing within 50 meters,Daylight: Street light present,Fine without high winds,Dry,None,None,1,Yes,E01001886,2005
4458,200501FH10477,524110.0,177470.0,-0.214042,51.482522,1,3,2,1,22/09/2005,5,15:53,11,E09000013,3,3218,Roundabout,30,Giveway or uncontrolled,3,3219,None within 50 metres,No physical crossing within 50 meters,Daylight: Street light present,Fine without high winds,Dry,None,None,1,Yes,E01001886,2005
4459,200501FH10478,524590.0,178360.0,-0.206819,51.490415,1,2,1,1,28/09/2005,4,00:30,11,E09000013,4,317,Single carriageway,30,None,-1,0,None within 50 metres,non-junction pedestrian crossing,Darkness: Street lights present and lit,Fine without high winds,Dry,None,None,1,Yes,E01001914,2005
4460,200501FH10479,524720.0,178160.0,-0.205018,51.488589,1,3,1,1,16/09/2005,6,15:37,11,E09000013,4,317,Single carriageway,30,Giveway or uncontrolled,6,0,None within 50 metres,No physical crossing within 50 meters,Daylight: Street light present,Fine without high winds,Dry,None,None,1,Yes,E01001908,2005
4461,200501FH10480,522450.0,182970.0,-0.236028,51.532314,1,3,1,1,17/09/2005,7,13:30,28,E09000005,3,404,Single carriageway,30,None,-1,0,None within 50 metres,No physical crossing within 50 meters,Daylight: Street light present,Fine without high winds,Dry,None,None,1,Yes,E01000535,2005
4462,200501FH10481,522340.0,180080.0,-0.238616,51.506364,1,3,2,1,14/09/2005,4,18:05,11,E09000013,3,4020,Single carriageway,30,Giveway or uncontrolled,6,0,None within 50 metres,No physical crossing within 50 meters,Daylight: Street light present,Fine without high winds,Dry,None,None,1,Yes,E01001860,2005
4463,200501FH10482,523670.0,179850.0,-0.219542,51.504008,1,3,1,1,14/09/2005,4,17:43,11,E09000013,3,402,Single carriageway,30,None,-1,0,None within 50 metres,non-junction pedestrian crossing,Daylight: Street light present,Fine without high winds,Dry,Ol or diesel,None,1,Yes,E01001857,2005
4464,200501FH10483,524900.0,178000.0,-0.202484,51.487111,1,3,2,1,19/08/2005,6,19:40,11,E09000013,6,0,Single carriageway,30,Giveway or uncontrolled,6,0,None within 50 metres,No physical crossing within 50 meters,Daylight: Street light present,Fine without high winds,Dry,None,None,1,Yes,E01001912,2005
4465,200501FH10484,524860.0,177920.0,-0.203088,51.486401,1,3,1,1,28/09/2005,4,18:23,11,E09000013,4,317,Single carriageway,30,Giveway or uncontrolled,6,0,None within 50 metres,Zebra crossing,Daylight: Street light present,Fine without high winds,Dry,None,None,1,Yes,E01001912,2005
4466,200501FH10485,523310.0,180110.0,-0.224636,51.506423,1,3,1,1,28/09/2005,4,15:39,11,E09000013,3,219,Single carriageway,30,None,-1,0,None within 50 metres,No physical crossing within 50 meters,Daylight: Street light present,Fine without high winds,Dry,None,None,1,Yes,E01001943,2005
4467,200501FH10486,523600.0,178620.0,-0.220981,51.492969,1,3,1,1,05/07/2005,3,11:10,11,E09000013,3,315,Single carriageway,30,Giveway or uncontrolled,6,0,None within 50 metres,No physical crossing within 50 meters,Daylight: Street light present,Fine without high winds,Dry,None,None,1,Yes,E01001898,2005
4468,200501FH10487,523070.0,181260.0,-0.227691,51.516811,1,3,2,1,01/10/2005,7,14:30,11,E09000013,5,0,Single carriageway,30,None,-1,0,None within 50 metres,No physical crossing within 50 meters,Daylight: Street light present,Fine without high winds,Dry,None,None,1,Yes,E01001874,2005
4469,200501FH10488,525840.0,177020.0,-0.189301,51.478096,1,3,2,1,09/09/2005,6,17:39,11,E09000013,3,308,Single carriageway,30,Giveway or uncontrolled,6,0,None within 50 metres,No physical crossing within 50 meters,Daylight: Street light present,Raining without high winds,Wet/Damp,None,None,1,Yes,E01001921,2005
4470,200501FH10489,522680.0,179460.0,-0.233935,51.500718,1,3,2,1,15/09/2005,5,09:00,11,E09000013,3,402,Single carriageway,30,Giveway or uncontrolled,6,0,None within 50 metres,Zebra crossing,Daylight: Street light present,Raining without high winds,Wet/Damp,None,None,1,Yes,E01001858,2005
4471,200501FH10490,522150.0,179260.0,-0.241636,51.499036,1,3,2,1,20/09/2005,3,08:18,11,E09000013,3,402,Single carriageway,30,Giveway or uncontrolled,6,0,None within 50 metres,Zebra crossing,Daylight: Street light present,Fine without high winds,Dry,None,None,1,Yes,E01001930,2005
4472,200501FH10491,523380.0,179940.0,-0.223687,51.50488,1,3,2,1,12/09/2005,2,20:20,11,E09000013,3,4020,Single carriageway,30,None,-1,0,None within 50 metres,No physical crossing within 50 meters,Darkness: Street lights present and lit,Fine without high winds,Dry,None,None,1,No,E01001943,2005
4473,200501FH10493,525040.0,177530.0,-0.200635,51.482856,1,3,2,1,21/09/2005,4,19:10,11,E09000013,4,317,Single carriageway,30,Giveway or uncontrolled,6,0,None within 50 metres,Zebra crossing,Darkness: Street lights present and lit,Fine without high winds,Dry,None,None,1,Yes,E01001881,2005
4474,200501FH10494,524250.0,175770.0,-0.212624,51.467213,1,3,2,1,26/08/2005,6,17:10,11,E09000013,3,219,Single carriageway,30,None,-1,0,None within 50 metres,No physical crossing within 50 meters,Daylight: Street light present,Fine without high winds,Dry,None,None,1,Yes,,2005
4475,200501FH10496,521550.0,181120.0,-0.249635,51.515882,1,3,2,1,23/09/2005,6,16:00,27,E09000009,5,0,Single carriageway,30,Giveway or uncontrolled,6,0,None within 50 metres,No physical crossing within 50 meters,Daylight: Street light present,Fine without high winds,Wet/Damp,None,None,1,Yes,E01001878,2005
4476,200501FH10497,524950.0,176340.0,-0.202351,51.472181,1,3,2,1,27/09/2005,3,08:25,11,E09000013,3,308,Single carriageway,30,Giveway or uncontrolled,6,0,None within 50 metres,No physical crossing within 50 meters,Daylight: Street light present,Fine without high winds,Dry,None,None,1,Yes,E01001926,2005
4477,200501FH10498,522410.0,179350.0,-0.237861,51.499788,1,3,2,1,23/09/2005,6,12:00,11,E09000013,3,402,Roundabout,30,Giveway or uncontrolled,4,408,None within 50 metres,Zebra crossing,Daylight: Street light present,Fine without high winds,Dry,None,None,1,No,E01001928,2005
4478,200501FH10499,524690.0,177800.0,-0.205577,51.48536,1,3,2,1,01/10/2005,7,19:46,11,E09000013,6,0,Roundabout,30,Giveway or uncontrolled,6,0,None within 50 metres,No physical crossing within 50 meters,Darkness: Street lights present and lit,Fine without high winds,Dry,None,None,1,Yes,E01001913,2005
4479,200501FH10500,522960.0,181690.0,-0.229125,51.520699,1,3,2,1,27/08/2005,7,17:30,11,E09000013,3,219,Single carriageway,30,Giveway or uncontrolled,6,0,None within 50 metres,Zebra crossing,Daylight: Street light present,Fine without high winds,Dry,None,None,1,Yes,E01001874,2005
4480,200501FH10502,523480.0,179790.0,-0.222299,51.50351,1,3,1,1,27/08/2005,7,14:15,11,E09000013,3,402,Single carriageway,30,None,-1,0,None within 50 metres,No physical crossing within 50 meters,Daylight: Street light present,Fine without high winds,Dry,None,None,1,Yes,E01001943,2005
4481,200501FH10503,522650.0,178760.0,-0.23461,51.494434,1,3,2,1,25/09/2005,1,14:15,11,E09000013,3,315,Single carriageway,30,Giveway or uncontrolled,4,408,None within 50 metres,Zebra crossing,Daylight: Street light present,Fine without high winds,Dry,None,None,1,No,E01001932,2005
4482,200501FH10505,524500.0,177600.0,-0.208383,51.483605,1,3,2,2,26/09/2005,2,19:05,11,E09000013,3,3218,Single carriageway,30,Giveway or uncontrolled,6,0,None within 50 metres,No physical crossing within 50 meters,Daylight: Street light present,Fine without high winds,Dry,None,None,1,Yes,E01001879,2005
4483,200501FH10506,525630.0,176940.0,-0.192352,51.477423,1,3,2,1,01/10/2005,7,08:05,11,E09000013,4,318,Single carriageway,30,Giveway or uncontrolled,6,0,None within 50 metres,No physical crossing within 50 meters,Daylight: Street light present,Fine without high winds,Dry,None,None,1,Yes,E01001921,2005
4484,200501FH10507,524340.0,177530.0,-0.21071,51.483011,1,2,2,1,04/10/2005,3,10:30,11,E09000013,3,3218,Single carriageway,30,Giveway or uncontrolled,6,0,None within 50 metres,No physical crossing within 50 meters,Daylight: Street light present,Fine without high winds,Dry,None,None,1,Yes,E01001903,2005
4485,200501FH10508,523390.0,178690.0,-0.22398,51.493644,1,2,1,1,28/09/2005,4,12:05,11,E09000013,3,219,Single carriageway,30,None,-1,0,None within 50 metres,No physical crossing within 50 meters,Daylight: Street light present,Fine without high winds,Dry,None,None,1,Yes,E01001898,2005
4486,200501FH10509,523860.0,177770.0,-0.217535,51.485273,1,3,2,1,30/09/2005,6,12:52,11,E09000013,5,0,Roundabout,30,Giveway or uncontrolled,6,0,None within 50 metres,No physical crossing within 50 meters,Daylight: Street light present,Raining without high winds,Wet/Damp,None,None,1,Yes,E01001890,2005
4487,200501FH10510,523480.0,179200.0,-0.222506,51.498208,1,2,2,1,04/09/2005,1,15:15,11,E09000013,3,219,Single carriageway,30,Giveway or uncontrolled,6,0,None within 50 metres,No physical crossing within 50 meters,Daylight: Street light present,Fine without high winds,Dry,None,None,1,No,E01001856,2005
4488,200501FH10511,523250.0,180820.0,-0.225252,51.512817,1,3,2,1,02/10/2005,1,12:32,11,E09000013,3,219,Single carriageway,30,Automatic traffic signal,6,0,None within 50 metres,Pedestrian phase at traffic signal junction,Daylight: Street light present,Fine without high winds,Dry,None,None,1,Yes,E01001874,2005
4489,200501FH10512,525000.0,176860.0,-0.201447,51.476844,1,3,2,1,02/10/2005,1,13:52,11,E09000013,5,0,Single carriageway,30,Giveway or uncontrolled,6,0,None within 50 metres,No physical crossing within 50 meters,Daylight: Street light present,Fine without high winds,Dry,None,None,1,Yes,E01001950,2005
4490,200501FH10513,522470.0,180080.0,-0.236743,51.506336,1,3,2,1,04/10/2005,3,16:25,11,E09000013,3,4020,Single carriageway,30,Giveway or uncontrolled,6,0,None within 50 metres,No physical crossing within 50 meters,Daylight: Street light present,Fine without high winds,Dry,None,None,1,Yes,E01001860,2005
4491,200501FH10514,524310.0,175850.0,-0.211733,51.467919,1,3,2,1,09/10/2005,1,18:29,11,E09000013,3,219,Single carriageway,30,None,-1,0,None within 50 metres,No physical crossing within 50 meters,Darkness: Street lights present and lit,Fine without high winds,Dry,None,None,1,Yes,E01001915,2005
4492,200501FH10515,525520.0,177230.0,-0.193832,51.480054,1,3,1,1,07/10/2005,6,02:53,11,E09000013,3,304,Single carriageway,30,None,-1,0,None within 50 metres,No physical crossing within 50 meters,Darkness: Street lights present and lit,Fine without high winds,Dry,None,None,1,Yes,E01001920,2005
4493,200501FH10517,523170.0,181060.0,-0.22632,51.514992,1,3,2,1,08/10/2005,7,19:30,11,E09000013,3,40,Dual carriageway,30,Automatic traffic signal,3,219,None within 50 metres,No physical crossing within 50 meters,Darkness: Street lights present and lit,Raining without high winds,Wet/Damp,None,None,1,Yes,E01001874,2005
4494,200501FH10518,522120.0,179570.0,-0.24196,51.501828,1,3,1,2,08/10/2005,7,20:46,11,E09000013,4,408,Single carriageway,30,Giveway or uncontrolled,6,0,None within 50 metres,Zebra crossing,Darkness: Street lights present and lit,Raining without high winds,Wet/Damp,Roadworks,None,1,Yes,E01001930,2005
4495,200501FH10519,525830.0,177030.0,-0.189441,51.478188,1,3,1,1,04/10/2005,3,12:30,11,E09000013,3,308,Single carriageway,30,Giveway or uncontrolled,6,0,None within 50 metres,No physical crossing within 50 meters,Daylight: Street light present,Fine without high winds,Dry,Roadworks,None,1,No,E01001923,2005
4496,200501FH10520,522180.0,180970.0,-0.240612,51.514398,1,3,2,1,06/10/2005,5,11:38,11,E09000013,3,40,Dual carriageway,50,Giveway or uncontrolled,6,0,None within 50 metres,No physical crossing within 50 meters,Daylight: Street light present,Fine without high winds,Dry,None,None,1,Yes,E01001875,2005
4497,200501FH10522,524900.0,176850.0,-0.20289,51.476776,1,3,2,2,03/10/2005,2,18:55,11,E09000013,3,304,Single carriageway,30,Giveway or uncontrolled,6,0,None within 50 metres,Zebra crossing,Darkness: Street lights present and lit,Fine without high winds,Dry,None,None,1,Yes,E01001948,2005
4498,200501FH10524,524890.0,177810.0,-0.202695,51.485406,1,3,2,1,05/10/2005,4,08:29,11,E09000013,3,3218,Single carriageway,30,Giveway or uncontrolled,4,317,None within 50 metres,No physical crossing within 50 meters,Daylight: Street light present,Fine without high winds,Dry,None,None,1,Yes,E01001909,2005
4499,200501FH10526,525720.0,176200.0,-0.19132,51.470753,1,3,2,2,08/10/2005,7,20:15,11,E09000013,3,217,Single carriageway,30,Giveway or uncontrolled,6,0,None within 50 metres,No physical crossing within 50 meters,Darkness: Street lights present and lit,Fine without high winds,Wet/Damp,None,None,1,Yes,E01001937,2005
4500,200501FH10527,523470.0,179110.0,-0.222681,51.497401,1,3,1,1,12/10/2005,4,16:15,11,E09000013,3,219,Single carriageway,30,Automatic traffic signal,3,219,None within 50 metres,No physical crossing within 50 meters,Daylight: Street light present,Fine without high winds,Dry,None,None,1,Yes,E01001856,2005
4501,200501FH10528,525470.0,176930.0,-0.194658,51.477369,1,3,1,1,05/10/2005,4,09:20,11,E09000013,6,0,Single carriageway,30,Giveway or uncontrolled,6,0,None within 50 metres,No physical crossing within 50 meters,Daylight: Street light present,Fine without high winds,Dry,Roadworks,Other object in carriageway,1,Yes,E01001922,2005
4502,200501FH10529,525180.0,177200.0,-0.198736,51.47986,1,3,2,1,04/10/2005,3,08:20,11,E09000013,3,304,Roundabout,30,Giveway or uncontrolled,4,317,None within 50 metres,No physical crossing within 50 meters,Daylight: Street light present,Fine without high winds,Dry,None,None,1,No,E01001953,2005
4503,200501FH10530,524780.0,177130.0,-0.204518,51.479319,1,2,2,1,17/06/2005,6,23:50,11,E09000013,5,0,Single carriageway,30,Giveway or uncontrolled,6,0,None within 50 metres,No physical crossing within 50 meters,Darkness: Street lights present and lit,Fine without high winds,Dry,None,None,1,Yes,E01001901,2005
4504,200501FH10532,521940.0,178620.0,-0.24488,51.493329,1,3,2,1,10/10/2005,2,22:30,11,E09000013,3,315,Single carriageway,30,Automatic traffic signal,6,0,None within 50 metres,Pedestrian phase at traffic signal junction,Darkness: Street lights present and lit,Fine without high winds,Dry,None,None,1,Yes,E01001933,2005
4505,200501FH10533,525270.0,177970.0,-0.197168,51.48676,1,3,1,1,15/09/2005,5,13:08,11,E09000013,6,0,Single carriageway,30,Automatic traffic signal,3,3218,None within 50 metres,Pedestrian phase at traffic signal junction,Daylight: Street light present,Raining without high winds,Wet/Damp,None,None,1,Yes,E01001883,2005
4506,200501FH10534,523060.0,179600.0,-0.228414,51.501894,1,3,2,1,21/09/2005,4,15:39,11,E09000013,3,402,Single carriageway,30,None,-1,0,None within 50 metres,No physical crossing within 50 meters,Daylight: Street light present,Fine without high winds,Dry,None,None,1,Yes,E01001896,2005
4507,200501FH10535,523470.0,179630.0,-0.222499,51.502074,1,3,3,1,10/10/2005,2,20:10,11,E09000013,3,219,Single carriageway,30,Giveway or uncontrolled,6,0,None within 50 metres,No physical crossing within 50 meters,Darkness: Street lights present and lit,Fine without high winds,Dry,None,None,1,Yes,E01001857,2005
4508,200501FH10536,525670.0,176900.0,-0.19179,51.477055,1,3,1,1,13/10/2005,5,12:00,11,E09000013,4,318,Single carriageway,30,Automatic traffic signal,3,308,None within 50 metres,No physical crossing within 50 meters,Daylight: Street light present,Fine without high winds,Wet/Damp,None,None,1,Yes,E01001923,2005
4509,200501FH10537,523220.0,178480.0,-0.226501,51.491794,1,3,2,2,04/10/2005,3,12:20,11,E09000013,3,306,Dual carriageway,30,None,-1,0,None within 50 metres,No physical crossing within 50 meters,Daylight: Street light present,Fine without high winds,Dry,None,None,1,Yes,E01001899,2005
4510,200501FH10539,522480.0,179920.0,-0.236655,51.504896,1,3,2,1,08/10/2005,7,17:20,11,E09000013,6,0,Single carriageway,30,Giveway or uncontrolled,6,0,None within 50 metres,No physical crossing within 50 meters,Daylight: Street light present,Fine without high winds,Dry,None,None,1,No,E01001863,2005
4511,200501FH10540,524580.0,178400.0,-0.206949,51.490777,1,3,2,1,10/10/2005,2,03:50,11,E09000013,3,4,Single carriageway,40,Automatic traffic signal,4,317,None within 50 metres,Pedestrian phase at traffic signal junction,Darkness: Street lights present and lit,Fine without high winds,Dry,None,None,1,Yes,E01001914,2005
4512,200501FH10541,523090.0,178360.0,-0.228414,51.490743,1,3,2,1,16/08/2005,3,02:30,11,E09000013,3,306,Roundabout,30,Automatic traffic signal,3,306,None within 50 metres,Pedestrian phase at traffic signal junction,Darkness: Street lights present and lit,Fine without high winds,Dry,None,None,1,No,E01001894,2005
4513,200501FH10542,521950.0,178880.0,-0.244647,51.495664,1,3,2,1,11/10/2005,3,13:05,11,E09000013,3,402,Single carriageway,30,None,-1,0,None within 50 metres,No physical crossing within 50 meters,Daylight: Street light present,Fine without high winds,Dry,None,None,1,No,E01002574,2005
4514,200501FH10543,523370.0,179770.0,-0.22389,51.503355,1,3,2,1,13/10/2005,5,06:55,11,E09000013,3,402,One way street,30,Automatic traffic signal,3,219,None within 50 metres,No physical crossing within 50 meters,Darkness: Street lights present and lit,Raining without high winds,Wet/Damp,None,None,1,Yes,E01001941,2005
4515,200501FH10544,522670.0,179460.0,-0.234079,51.500721,1,3,2,2,12/10/2005,4,19:40,11,E09000013,3,402,Dual carriageway,30,Giveway or uncontrolled,6,0,None within 50 metres,No physical crossing within 50 meters,Darkness: Street lights present and lit,Raining without high winds,Wet/Damp,None,None,1,Yes,E01001858,2005
4516,200501FH10545,525330.0,177230.0,-0.196567,51.480096,1,3,1,1,12/10/2005,4,08:02,11,E09000013,3,304,Single carriageway,30,Giveway or uncontrolled,6,0,None within 50 metres,non-junction pedestrian crossing,Daylight: Street light present,Fine without high winds,Dry,None,None,1,Yes,E01001953,2005
4517,200501FH10546,524080.0,176660.0,-0.214758,51.475249,1,2,2,1,13/10/2005,5,08:25,11,E09000013,3,219,Single carriageway,30,Giveway or uncontrolled,6,0,None within 50 metres,non-junction pedestrian crossing,Daylight: Street light present,Raining without high winds,Wet/Damp,None,None,1,Yes,E01001915,2005
4518,200501FH10547,525230.0,177710.0,-0.197836,51.484432,1,3,2,1,14/10/2005,6,10:57,11,E09000013,6,0,Single carriageway,30,Giveway or uncontrolled,6,0,None within 50 metres,No physical crossing within 50 meters,Daylight: Street light present,Other,Dry,None,None,1,Yes,E01001883,2005
4519,200501FH10548,522290.0,180080.0,-0.239336,51.506375,1,3,2,1,28/07/2005,5,14:18,11,E09000013,3,4020,Single carriageway,30,Giveway or uncontrolled,6,0,None within 50 metres,No physical crossing within 50 meters,Daylight: Street light present,Fine without high winds,Dry,None,None,1,Yes,E01001860,2005
4520,200501FH10549,525050.0,176620.0,-0.200813,51.474676,1,3,1,1,13/10/2005,5,08:40,11,E09000013,5,0,Single carriageway,30,None,-1,0,Control by other authorised person,non-junction pedestrian crossing,Daylight: Street light present,Raining without high winds,Wet/Damp,None,None,1,Yes,E01001948,2005
4521,200501FH10551,524980.0,177650.0,-0.201456,51.483948,1,2,1,1,14/10/2005,6,21:40,11,E09000013,4,317,Single carriageway,30,None,-1,0,None within 50 metres,No physical crossing within 50 meters,Darkness: Street lights present and lit,Fine without high winds,Dry,None,None,1,No,E01001881,2005
4522,200501FH10552,523780.0,179890.0,-0.217944,51.504343,1,3,2,1,13/10/2005,5,22:10,11,E09000013,3,402,Dual carriageway,30,None,-1,0,None within 50 metres,No physical crossing within 50 meters,Darkness: Street lights present and lit,Fine without high winds,Dry,None,None,1,Yes,E01001943,2005
4523,200501FH10553,523710.0,179860.0,-0.218963,51.504089,1,3,1,1,07/10/2005,6,16:30,11,E09000013,3,402,Single carriageway,30,Automatic traffic signal,3,4020,None within 50 metres,No physical crossing within 50 meters,Daylight: Street light present,Fine without high winds,Dry,None,None,1,No,E01001857,2005
4524,200501FH10554,521950.0,178620.0,-0.244737,51.493327,1,3,2,1,08/10/2005,7,00:02,11,E09000013,3,315,Single carriageway,30,Giveway or uncontrolled,6,0,None within 50 metres,No physical crossing within 50 meters,Darkness: Street lighting unknown,Unknown,Dry,None,None,1,Yes,E01001933,2005
4525,200501FH10555,523870.0,179860.0,-0.216658,51.504054,1,3,2,1,19/10/2005,4,15:45,11,E09000013,3,3220,Roundabout,30,Automatic traffic signal,3,402,None within 50 metres,Pedestrian phase at traffic signal junction,Daylight: Street light present,Fine without high winds,Dry,None,None,1,No,E01002869,2005
4526,200501FH10556,522300.0,179370.0,-0.239438,51.499992,1,3,1,1,22/10/2005,7,17:45,11,E09000013,3,402,Single carriageway,30,Giveway or uncontrolled,4,408,None within 50 metres,Zebra crossing,Darkness: Street lights present and lit,Fine without high winds,Dry,None,None,1,Yes,E01001858,2005
4527,200501FH10557,522530.0,179780.0,-0.235983,51.503627,1,3,2,1,23/10/2005,1,15:05,11,E09000013,6,0,Single carriageway,30,Giveway or uncontrolled,6,0,None within 50 metres,No physical crossing within 50 meters,Daylight: Street light present,Fine without high winds,Dry,None,None,1,No,E01001858,2005
4528,200501FH10558,524990.0,177450.0,-0.201383,51.482148,1,3,2,1,20/10/2005,5,09:20,11,E09000013,6,0,Single carriageway,30,None,-1,0,None within 50 metres,No physical crossing within 50 meters,Daylight: Street light present,Fine without high winds,Wet/Damp,None,None,1,Yes,E01001881,2005
4529,200501FH10559,523330.0,178540.0,-0.224896,51.492309,1,2,2,1,25/10/2005,3,07:45,11,E09000013,3,219,Single carriageway,30,Automatic traffic signal,3,306,None within 50 metres,Pedestrian phase at traffic signal junction,Darkness: Street lights present and lit,Raining without high winds,Wet/Damp,None,None,1,No,E01001898,2005
4530,200501FH10562,523240.0,178720.0,-0.226129,51.493946,1,3,1,1,25/10/2005,3,12:55,11,E09000013,5,0,Single carriageway,30,None,-1,0,None within 50 metres,No physical crossing within 50 meters,Daylight: Street light present,Fine without high winds,Dry,None,None,1,Yes,E01001898,2005
4531,200501FH10563,523250.0,179970.0,-0.225549,51.505178,1,3,2,1,26/10/2005,4,07:25,11,E09000013,3,4020,Single carriageway,30,Giveway or uncontrolled,6,0,None within 50 metres,non-junction pedestrian crossing,Daylight: Street light present,Fine without high winds,Dry,None,None,1,Yes,E01001941,2005
4532,200501FH10564,524370.0,175940.0,-0.210838,51.468714,1,3,1,1,25/10/2005,3,18:47,11,E09000013,3,219,Dual carriageway,30,None,-1,0,None within 50 metres,non-junction pedestrian crossing,Darkness: Street lights present and lit,Fine without high winds,Dry,None,None,1,Yes,E01001915,2005
4533,200501FH10565,524560.0,178440.0,-0.207223,51.491141,1,3,2,2,23/10/2005,1,23:17,11,E09000013,4,317,Single carriageway,30,Giveway or uncontrolled,3,4,None within 50 metres,No physical crossing within 50 meters,Darkness: Street lights present and lit,Fine without high winds,Dry,None,None,1,Yes,E01001870,2005
4534,200501FH10567,523430.0,178620.0,-0.223428,51.493006,1,2,1,1,05/10/2005,4,20:25,11,E09000013,3,219,Roundabout,30,Automatic traffic signal,3,315,None within 50 metres,Pedestrian phase at traffic signal junction,Darkness: Street lights present and lit,Fine without high winds,Dry,None,None,1,Yes,E01001898,2005
4535,200501FH10568,523650.0,176650.0,-0.22095,51.475253,1,3,2,2,22/10/2005,7,11:45,11,E09000013,6,0,Single carriageway,30,Giveway or uncontrolled,6,0,None within 50 metres,No physical crossing within 50 meters,Daylight: Street light present,Fine without high winds,Dry,None,None,1,Yes,E01001915,2005
4536,200501FH10569,523590.0,179820.0,-0.220705,51.503756,1,3,1,1,27/10/2005,5,10:00,11,E09000013,3,402,Single carriageway,30,Automatic traffic signal,6,0,None within 50 metres,Pedestrian phase at traffic signal junction,Daylight: Street light present,Fine without high winds,Dry,None,None,1,Yes,E01001857,2005
4537,200501FH10570,523150.0,178420.0,-0.227529,51.49127,1,2,2,1,21/10/2005,6,09:20,11,E09000013,3,306,Roundabout,30,Automatic traffic signal,3,4,None within 50 metres,Pedestrian phase at traffic signal junction,Daylight: Street light present,Raining without high winds,Wet/Damp,None,None,1,No,E01001899,2005
4538,200501FH10571,525860.0,175980.0,-0.189383,51.468745,1,3,2,1,19/10/2005,4,15:41,11,E09000013,6,0,Single carriageway,30,None,-1,0,None within 50 metres,No physical crossing within 50 meters,Daylight: Street light present,Fine without high winds,Dry,None,None,1,Yes,E01001938,2005
4539,200501FH10572,523460.0,179090.0,-0.222832,51.497223,1,3,2,1,08/10/2005,7,20:16,11,E09000013,3,219,Single carriageway,30,Giveway or uncontrolled,3,219,None within 50 metres,Zebra crossing,Darkness: Street lights present and lit,Raining without high winds,Wet/Damp,None,None,1,Yes,E01001856,2005
4540,200501FH10573,524360.0,176270.0,-0.210866,51.471682,1,3,1,1,02/11/2005,4,07:39,11,E09000013,3,304,Single carriageway,30,Giveway or uncontrolled,3,219,None within 50 metres,Zebra crossing,Daylight: Street light present,Fine without high winds,Dry,None,None,1,Yes,E01001952,2005
4541,200501FH10574,523480.0,181140.0,-0.221827,51.515643,1,3,2,1,05/11/2005,7,19:08,11,E09000013,3,40,Dual carriageway,30,Giveway or uncontrolled,3,3220,None within 50 metres,No physical crossing within 50 meters,Darkness: Street lights present and lit,Fine without high winds,Dry,None,None,1,Yes,E01002877,2005
4542,200501FH10575,523020.0,178760.0,-0.229282,51.494354,1,3,2,1,30/10/2005,1,14:30,11,E09000013,3,315,One way street,30,Giveway or uncontrolled,6,0,None within 50 metres,non-junction pedestrian crossing,Daylight: Street light present,Fine without high winds,Dry,None,None,1,Yes,E01001898,2005
4543,200501FH10578,523380.0,178620.0,-0.224148,51.493017,1,3,2,1,28/10/2005,6,10:00,11,E09000013,3,315,Roundabout,30,Automatic traffic signal,3,219,None within 50 metres,No physical crossing within 50 meters,Daylight: Street light present,Unknown,Dry,None,None,1,No,E01001898,2005
4544,200501FH10579,523440.0,179920.0,-0.22283,51.504687,1,3,1,1,30/10/2005,1,19:41,11,E09000013,3,4020,One way street,30,Giveway or uncontrolled,6,0,None within 50 metres,No physical crossing within 50 meters,Darkness: Street lights present and lit,Fine without high winds,Dry,None,None,1,Yes,E01001943,2005
4545,200501FH10580,521590.0,180900.0,-0.249134,51.513896,1,3,2,1,27/10/2005,5,16:11,27,E09000009,3,40,Dual carriageway,40,Automatic traffic signal,5,0,None within 50 metres,Pedestrian phase at traffic signal junction,Daylight: Street light present,Fine without high winds,Dry,None,None,1,Yes,E01001243,2005
4546,200501FH10581,523440.0,179050.0,-0.223134,51.496868,1,3,2,1,30/10/2005,1,01:00,11,E09000013,3,219,Single carriageway,30,Giveway or uncontrolled,6,0,None within 50 metres,Zebra crossing,Darkness: Street lights present and lit,Fine without high winds,Wet/Damp,None,None,1,Yes,E01001869,2005
4547,200501FH10582,525110.0,179310.0,-0.198997,51.498838,1,3,1,3,21/10/2005,6,20:20,12,E09000020,3,315,Single carriageway,30,Automatic traffic signal,4,316,None within 50 metres,Pedestrian phase at traffic signal junction,Darkness: Street lights present and lit,Fine without high winds,Dry,None,None,1,No,E01002817,2005
4548,200501FH10583,526220.0,176560.0,-0.183996,51.473877,1,3,2,1,27/10/2005,5,14:50,11,E09000013,6,0,Single carriageway,30,Giveway or uncontrolled,6,0,None within 50 metres,No physical crossing within 50 meters,Daylight: Street light present,Fine without high winds,Dry,None,None,1,No,E01001939,2005
4549,200501FH10584,525190.0,177200.0,-0.198592,51.479857,1,3,1,1,03/11/2005,5,20:00,11,E09000013,3,304,Single carriageway,30,Giveway or uncontrolled,4,317,None within 50 metres,No physical crossing within 50 meters,Darkness: Street lights present and lit,Fine without high winds,Dry,None,None,1,No,E01001953,2005
4550,200501FH10585,524990.0,176360.0,-0.201768,51.472352,1,3,2,1,02/11/2005,4,17:00,11,E09000013,3,308,Single carriageway,30,Giveway or uncontrolled,6,0,None within 50 metres,No physical crossing within 50 meters,Darkness: Street lights present and lit,Raining without high winds,Wet/Damp,None,None,1,Yes,E01001926,2005
4551,200501FH10586,524930.0,176340.0,-0.202638,51.472186,1,2,2,1,04/11/2005,6,23:30,11,E09000013,3,308,Single carriageway,30,Giveway or uncontrolled,6,0,None within 50 metres,No physical crossing within 50 meters,Darkness: Street lights present and lit,Fine without high winds,Dry,None,None,1,Yes,E01001926,2005
4552,200501FH10587,525360.0,177800.0,-0.195933,51.485212,1,3,2,1,03/11/2005,5,09:30,11,E09000013,6,0,Single carriageway,30,Giveway or uncontrolled,6,0,None within 50 metres,No physical crossing within 50 meters,Daylight: Street light present,Fine without high winds,Wet/Damp,None,None,1,Yes,E01001883,2005
4553,200501FH10590,525000.0,177460.0,-0.201235,51.482236,1,2,2,1,09/11/2005,4,19:01,11,E09000013,6,0,Single carriageway,30,None,-1,0,None within 50 metres,No physical crossing within 50 meters,Darkness: Street lights present and lit,Fine without high winds,Dry,None,None,1,Yes,E01001881,2005
4554,200501FH10591,524560.0,178510.0,-0.207198,51.49177,1,3,1,1,28/10/2005,6,15:50,11,E09000013,4,317,Single carriageway,30,Giveway or uncontrolled,6,0,None within 50 metres,No physical crossing within 50 meters,Daylight: Street light present,Fine without high winds,Dry,None,None,1,Yes,E01001870,2005
4555,200501FH10592,523080.0,181340.0,-0.227519,51.517528,1,3,2,1,09/11/2005,4,09:15,11,E09000013,3,219,Single carriageway,30,Giveway or uncontrolled,6,0,None within 50 metres,No physical crossing within 50 meters,Daylight: Street light present,Fine without high winds,Dry,None,None,1,No,E01001874,2005
4556,200501FH10593,525190.0,177200.0,-0.198592,51.479857,1,3,2,1,03/11/2005,5,19:30,11,E09000013,3,304,Single carriageway,30,Giveway or uncontrolled,4,317,None within 50 metres,No physical crossing within 50 meters,Darkness: Street lights present and lit,Raining without high winds,Wet/Damp,None,None,1,No,E01001953,2005
4557,200501FH10595,523910.0,179880.0,-0.216075,51.504225,1,2,2,1,01/11/2005,3,20:15,11,E09000013,3,3220,Roundabout,30,Automatic traffic signal,3,3220,None within 50 metres,Pedestrian phase at traffic signal junction,Darkness: Street lights present and lit,Fine without high winds,Dry,None,None,1,Yes,E01002869,2005
4558,200501FH10596,525810.0,175710.0,-0.190199,51.466329,1,3,2,1,02/11/2005,4,13:28,11,E09000013,6,0,Single carriageway,30,Giveway or uncontrolled,6,0,None within 50 metres,No physical crossing within 50 meters,Daylight: Street light present,Fine without high winds,Dry,None,None,1,No,E01001938,2005
4559,200501FH10597,523080.0,178270.0,-0.228589,51.489937,1,3,1,1,16/10/2005,1,21:15,11,E09000013,3,306,Single carriageway,30,None,-1,0,None within 50 metres,No physical crossing within 50 meters,Darkness: Street lights present and lit,Raining without high winds,Wet/Damp,None,None,1,Yes,E01001894,2005
4560,200501FH10598,523090.0,180020.0,-0.227835,51.505662,1,3,2,1,10/11/2005,5,23:15,11,E09000013,6,0,Single carriageway,30,Giveway or uncontrolled,3,4020,None within 50 metres,No physical crossing within 50 meters,Darkness: Street lights present and lit,Fine without high winds,Dry,None,None,1,Yes,E01001941,2005
4561,200501FH10599,523420.0,179760.0,-0.223174,51.503254,1,3,1,2,09/11/2005,4,18:30,11,E09000013,3,402,Single carriageway,30,Automatic traffic signal,3,219,None within 50 metres,Pedestrian phase at traffic signal junction,Darkness: Street lights present and lit,Fine without high winds,Dry,None,None,1,Yes,E01001857,2005
4562,200501FH10600,523180.0,181050.0,-0.22618,51.5149,1,3,2,1,08/11/2005,3,08:17,11,E09000013,3,219,Dual carriageway,30,Automatic traffic signal,3,40,None within 50 metres,Pedestrian phase at traffic signal junction,Daylight: Street light present,Fine without high winds,Dry,None,None,1,Yes,E01001874,2005
4563,200501FH10601,525660.0,176910.0,-0.191931,51.477147,1,3,1,1,11/11/2005,6,10:35,11,E09000013,4,318,Single carriageway,30,Automatic traffic signal,3,308,None within 50 metres,Pedestrian phase at traffic signal junction,Daylight: Street light present,Fine without high winds,Dry,None,None,1,No,E01001923,2005
4564,200501FH10603,524160.0,177370.0,-0.213358,51.481612,1,3,1,1,27/10/2005,5,13:00,11,E09000013,3,3219,Single carriageway,30,Giveway or uncontrolled,3,3219,None within 50 metres,No physical crossing within 50 meters,Daylight: Street light present,Fine without high winds,Dry,None,None,1,Yes,E01001903,2005
4565,200501FH10604,522390.0,179350.0,-0.238149,51.499793,1,2,1,1,01/11/2005,3,15:10,11,E09000013,3,402,Single carriageway,30,Giveway or uncontrolled,4,408,None within 50 metres,Zebra crossing,Daylight: Street light present,Fine without high winds,Dry,None,None,1,Yes,E01001930,2005
4566,200501FH10605,523810.0,178400.0,-0.218034,51.490946,1,3,2,1,12/08/2005,6,17:38,11,E09000013,3,4,Single carriageway,30,None,-1,0,None within 50 metres,No physical crossing within 50 meters,Daylight: Street light present,Unknown,Dry,None,None,1,No,E01001900,2005
4567,200501FH10606,523190.0,179650.0,-0.226524,51.502315,1,3,1,1,11/11/2005,6,11:41,11,E09000013,3,402,Single carriageway,30,Giveway or uncontrolled,6,0,None within 50 metres,non-junction pedestrian crossing,Daylight: Street light present,Fine without high winds,Dry,None,None,1,Yes,E01001941,2005
4568,200501FH10607,522700.0,178750.0,-0.233893,51.494333,1,3,1,1,31/10/2005,2,18:12,11,E09000013,3,315,One way street,30,Giveway or uncontrolled,3,315,None within 50 metres,Zebra crossing,Darkness: Street lights present and lit,Fine without high winds,Dry,None,None,1,Yes,E01001894,2005
4569,200501FH10608,523660.0,179460.0,-0.219823,51.500505,1,3,1,1,10/11/2005,5,18:02,11,E09000013,6,0,Single carriageway,30,Giveway or uncontrolled,6,0,None within 50 metres,No physical crossing within 50 meters,Darkness: Street lights present and lit,Fine without high winds,Dry,None,None,1,Yes,E01001854,2005
4570,200501FH10610,525130.0,177380.0,-0.199392,51.481488,1,3,2,1,10/11/2005,5,17:15,11,E09000013,4,317,Single carriageway,30,Giveway or uncontrolled,6,0,None within 50 metres,Zebra crossing,Daylight: Street light present,Fine without high winds,Dry,None,Other object in carriageway,1,Yes,E01001881,2005
4571,200501FH10612,523500.0,179390.0,-0.222151,51.499911,1,3,1,2,09/11/2005,4,19:00,11,E09000013,3,219,Single carriageway,30,Giveway or uncontrolled,6,0,None within 50 metres,non-junction pedestrian crossing,Darkness: Street lights present and lit,Fine without high winds,Dry,None,None,1,Yes,E01001854,2005
4572,200501FH10614,523170.0,181050.0,-0.226324,51.514902,1,3,2,1,14/11/2005,2,18:18,11,E09000013,3,40,Dual carriageway,30,Automatic traffic signal,3,219,None within 50 metres,No physical crossing within 50 meters,Darkness: Street lights present and lit,Fine without high winds,Dry,None,None,1,Yes,E01001874,2005
4573,200501FH10615,523000.0,178550.0,-0.229644,51.492471,1,2,1,1,07/11/2005,2,16:05,11,E09000013,3,315,Single carriageway,30,Giveway or uncontrolled,6,0,None within 50 metres,non-junction pedestrian crossing,Daylight: Street light present,Fine without high winds,Dry,None,None,1,Yes,E01001894,2005
4574,200501FH10616,525710.0,176260.0,-0.191442,51.471294,1,3,2,1,02/11/2005,4,13:49,11,E09000013,3,217,Single carriageway,30,Giveway or uncontrolled,6,0,None within 50 metres,No physical crossing within 50 meters,Daylight: Street light present,Raining without high winds,Wet/Damp,None,None,1,Yes,E01001937,2005
4575,200501FH10617,524330.0,179140.0,-0.210288,51.497482,1,3,2,1,06/09/2005,3,08:50,11,E09000013,6,0,Single carriageway,30,None,-1,0,None within 50 metres,No physical crossing within 50 meters,Daylight: Street light present,Fine without high winds,Dry,None,None,1,Yes,E01001866,2005
4576,200501FH10618,523300.0,180550.0,-0.224626,51.51038,1,3,1,1,04/11/2005,6,00:01,11,E09000013,3,219,Single carriageway,30,None,-1,0,None within 50 metres,Zebra crossing,Darkness: Street lights present and lit,Fine without high winds,Dry,None,None,1,Yes,E01001874,2005
4577,200501FH10619,524290.0,177070.0,-0.211592,51.478887,1,3,2,1,05/11/2005,7,15:46,11,E09000013,5,0,Single carriageway,30,Giveway or uncontrolled,6,0,None within 50 metres,No physical crossing within 50 meters,Daylight: Street light present,Fine without high winds,Dry,None,None,1,Yes,E01001902,2005
4578,200501FH10620,525180.0,177360.0,-0.19868,51.481298,1,3,1,1,04/11/2005,6,17:15,11,E09000013,6,0,Single carriageway,30,None,-1,0,None within 50 metres,No physical crossing within 50 meters,Darkness: Street lights present and lit,Fine without high winds,Dry,None,None,1,No,E01001881,2005
4579,200501FH10621,523490.0,181140.0,-0.221683,51.515641,1,3,2,2,10/11/2005,5,20:40,11,E09000013,3,40,Roundabout,50,Giveway or uncontrolled,3,3220,None within 50 metres,No physical crossing within 50 meters,Darkness: Street lights present and lit,Fine without high winds,Dry,None,None,1,Yes,E01002877,2005
4580,200501FH10622,522540.0,178590.0,-0.236252,51.49293,1,3,3,1,11/11/2005,6,19:56,11,E09000013,3,315,Single carriageway,30,Giveway or uncontrolled,6,0,None within 50 metres,No physical crossing within 50 meters,Darkness: Street lights present and lit,Raining without high winds,Wet/Damp,None,None,1,Yes,E01001932,2005
4581,200501FH10624,524350.0,178930.0,-0.210074,51.495591,1,3,2,1,09/11/2005,4,19:15,11,E09000013,3,315,Single carriageway,30,None,-1,0,None within 50 metres,non-junction pedestrian crossing,Darkness: Street lights present and lit,Fine without high winds,Dry,None,None,1,Yes,E01001866,2005
4582,200501FH10626,525160.0,176480.0,-0.199279,51.473393,1,3,2,1,18/11/2005,6,13:05,11,E09000013,6,0,Single carriageway,30,Giveway or uncontrolled,6,0,None within 50 metres,No physical crossing within 50 meters,Daylight: Street light present,Fine without high winds,Dry,None,None,1,Yes,E01001925,2005
4583,200501FH10627,522170.0,178640.0,-0.241562,51.493459,1,2,1,1,15/11/2005,3,16:25,11,E09000013,3,315,Single carriageway,30,Giveway or uncontrolled,6,0,None within 50 metres,No physical crossing within 50 meters,Daylight: Street light present,Fine without high winds,Wet/Damp,None,None,1,Yes,E01001932,2005
4584,200501FH10628,523300.0,181090.0,-0.224437,51.515233,1,3,2,1,14/11/2005,2,23:50,11,E09000013,3,40,Dual carriageway,50,None,-1,0,None within 50 metres,No physical crossing within 50 meters,Darkness: Street lights present and lit,Fine without high winds,Dry,None,None,1,Yes,E01001874,2005
4585,200501FH10629,525430.0,175750.0,-0.195652,51.466773,1,3,2,1,23/11/2005,4,14:12,11,E09000013,6,0,Single carriageway,30,None,-1,0,None within 50 metres,No physical crossing within 50 meters,Daylight: Street light present,Fine without high winds,Wet/Damp,None,None,1,Yes,E01001934,2005
4586,200501FH10630,523940.0,178800.0,-0.216023,51.494512,1,3,2,1,16/11/2005,4,09:05,11,E09000013,6,0,Single carriageway,30,Giveway or uncontrolled,6,0,None within 50 metres,No physical crossing within 50 meters,Daylight: Street light present,Fine without high winds,Dry,None,None,1,No,E01001869,2005
4587,200501FH10631,524810.0,177090.0,-0.204101,51.478953,1,3,1,1,16/11/2005,4,20:11,11,E09000013,5,0,Single carriageway,30,Giveway or uncontrolled,6,0,None within 50 metres,No physical crossing within 50 meters,Darkness: Street lights present and lit,Fine without high winds,Dry,None,None,1,Yes,E01001950,2005
4588,200501FH10632,523070.0,181380.0,-0.227649,51.517889,1,2,2,1,10/11/2005,5,22:00,11,E09000013,3,219,Single carriageway,30,None,-1,0,None within 50 metres,No physical crossing within 50 meters,Darkness: Street lights present and lit,Raining without high winds,Wet/Damp,None,None,1,Yes,E01001874,2005
4589,200501FH10633,522610.0,180460.0,-0.234595,51.509721,1,3,2,1,22/11/2005,3,05:29,11,E09000013,5,0,Roundabout,30,Giveway or uncontrolled,6,0,None within 50 metres,No physical crossing within 50 meters,Darkness: Street lights present and lit,Fine without high winds,Wet/Damp,None,None,1,Yes,E01001960,2005
4590,200501FH10635,522850.0,180070.0,-0.231274,51.506164,1,3,1,1,17/11/2005,5,08:24,11,E09000013,3,4020,Single carriageway,30,Giveway or uncontrolled,6,0,None within 50 metres,No physical crossing within 50 meters,Daylight: Street light present,Fine without high winds,Dry,None,None,1,Yes,E01001942,2005
4591,200501FH10636,522090.0,179790.0,-0.242316,51.503812,1,3,2,1,11/11/2005,6,10:08,11,E09000013,6,0,Single carriageway,30,Giveway or uncontrolled,6,0,None within 50 metres,No physical crossing within 50 meters,Daylight: Street light present,Fine without high winds,Dry,None,None,1,Yes,E01001864,2005
4592,200501FH10637,523480.0,179210.0,-0.222502,51.498298,1,3,2,1,22/11/2005,3,09:00,11,E09000013,3,219,Single carriageway,30,Giveway or uncontrolled,6,0,None within 50 metres,No physical crossing within 50 meters,Daylight: Street light present,Fine without high winds,Wet/Damp,None,None,1,Yes,E01001856,2005
4593,200501FH10638,525000.0,176870.0,-0.201444,51.476934,1,3,2,1,23/11/2005,4,17:28,11,E09000013,5,0,Single carriageway,30,Giveway or uncontrolled,6,0,None within 50 metres,No physical crossing within 50 meters,Darkness: Street lights present but unlit,Fine without high winds,Dry,None,None,1,Yes,E01001950,2005
4594,200501FH10639,523570.0,179810.0,-0.220996,51.50367,1,3,2,1,24/11/2005,5,19:54,11,E09000013,3,402,Dual carriageway,30,Automatic traffic signal,6,0,None within 50 metres,Pedestrian phase at traffic signal junction,Darkness: Street lights present and lit,Fine without high winds,Dry,None,None,1,Yes,E01001857,2005
4595,200501FH10640,525860.0,177040.0,-0.189006,51.478271,1,3,1,1,06/11/2005,1,00:30,11,E09000013,3,308,Single carriageway,30,None,-1,0,None within 50 metres,No physical crossing within 50 meters,Darkness: Street lights present and lit,Fine without high winds,Dry,None,None,1,No,E01001921,2005
4596,200501FH10642,525450.0,177130.0,-0.194875,51.479171,1,3,1,1,16/11/2005,4,08:06,11,E09000013,4,318,Single carriageway,30,None,-1,0,None within 50 metres,No physical crossing within 50 meters,Daylight: Street light present,Fine without high winds,Dry,None,None,1,Yes,E01001920,2005
4597,200501FH10644,525390.0,175970.0,-0.19615,51.468759,1,3,2,1,16/11/2005,4,12:45,11,E09000013,6,0,Single carriageway,30,Giveway or uncontrolled,6,0,None within 50 metres,No physical crossing within 50 meters,Daylight: Street light present,Fine without high winds,Dry,None,None,1,Yes,E01001934,2005
4598,200501FH10645,523100.0,181270.0,-0.227255,51.516894,1,3,2,1,24/11/2005,5,05:25,11,E09000013,3,219,Single carriageway,30,Automatic traffic signal,5,0,None within 50 metres,No physical crossing within 50 meters,Darkness: Street lights present and lit,Fine without high winds,Wet/Damp,None,None,1,Yes,E01001874,2005
4599,200501FH10646,523350.0,178610.0,-0.224584,51.492934,1,2,1,1,01/12/2005,5,19:14,11,E09000013,3,219,Roundabout,30,Automatic traffic signal,3,315,None within 50 metres,Pedestrian phase at traffic signal junction,Darkness: Street lights present and lit,Raining without high winds,Wet/Damp,None,None,1,Yes,E01001898,2005
4600,200501FH10647,525390.0,175970.0,-0.19615,51.468759,1,3,2,1,13/11/2005,1,14:15,11,E09000013,6,0,Single carriageway,30,Giveway or uncontrolled,6,0,None within 50 metres,No physical crossing within 50 meters,Daylight: Street light present,Fine without high winds,Dry,None,None,1,No,E01001934,2005
4601,200501FH10648,522510.0,182400.0,-0.235362,51.527178,1,3,3,1,17/10/2005,2,16:15,11,E09000013,3,219,Single carriageway,30,None,-1,0,None within 50 metres,No physical crossing within 50 meters,Daylight: Street light present,Fine without high winds,Dry,None,None,1,No,E01001877,2005
4602,200501FH10649,525950.0,177130.0,-0.187679,51.47906,1,3,2,1,30/11/2005,4,14:00,11,E09000013,3,308,Single carriageway,30,Giveway or uncontrolled,6,0,None within 50 metres,No physical crossing within 50 meters,Daylight: Street light present,Fine without high winds,Dry,None,None,1,Yes,E01001920,2005
4603,200501FH10651,524400.0,178710.0,-0.209431,51.493602,1,2,1,1,30/11/2005,4,11:20,11,E09000013,4,317,Single carriageway,30,Giveway or uncontrolled,6,0,None within 50 metres,No physical crossing within 50 meters,Daylight: Street light present,Fine without high winds,Dry,None,None,1,Yes,E01001866,2005
4604,200501FH10652,522010.0,179190.0,-0.243676,51.498437,1,3,2,1,26/11/2005,7,15:25,11,E09000013,3,402,Single carriageway,30,Giveway or uncontrolled,4,409,None within 50 metres,No physical crossing within 50 meters,Daylight: Street light present,Fine without high winds,Dry,None,None,1,No,E01001930,2005
4605,200501FH10653,523000.0,178140.0,-0.229786,51.488786,1,2,1,1,28/11/2005,2,18:25,11,E09000013,3,306,Dual carriageway,30,None,-1,0,None within 50 metres,No physical crossing within 50 meters,Darkness: Street lights present and lit,Fine without high winds,Dry,None,None,1,Yes,,2005
4606,200501FH10654,523380.0,179750.0,-0.223753,51.503173,1,3,2,1,23/11/2005,4,08:47,11,E09000013,3,219,Single carriageway,30,Automatic traffic signal,3,402,None within 50 metres,Pedestrian phase at traffic signal junction,Daylight: Street light present,Fog or mist,Wet/Damp,None,None,1,Yes,E01001943,2005
4607,200501FH10655,523710.0,178640.0,-0.21939,51.493125,1,3,2,1,28/11/2005,2,15:25,11,E09000013,3,315,Single carriageway,30,Giveway or uncontrolled,6,0,None within 50 metres,non-junction pedestrian crossing,Daylight: Street light present,Fine without high winds,Dry,None,None,1,No,E01001898,2005
4608,200501FH10656,525280.0,176470.0,-0.197556,51.473277,1,3,2,1,19/10/2005,4,06:19,11,E09000013,3,308,Single carriageway,30,Giveway or uncontrolled,6,0,None within 50 metres,No physical crossing within 50 meters,Darkness: Street lights present and lit,Raining without high winds,Wet/Damp,None,None,1,Yes,E01001922,2005
4609,200501FH10657,522380.0,181130.0,-0.237675,51.515792,1,3,2,1,14/11/2005,2,02:00,11,E09000013,5,0,Single carriageway,30,Giveway or uncontrolled,6,0,None within 50 metres,No physical crossing within 50 meters,Darkness: Street lights present and lit,Fine without high winds,Dry,None,None,1,No,E01001876,2005
4610,200501FH10658,523390.0,178700.0,-0.223976,51.493734,1,2,1,1,02/12/2005,6,11:40,11,E09000013,3,219,Single carriageway,30,None,-1,0,None within 50 metres,No physical crossing within 50 meters,Daylight: Street light present,Fine without high winds,Wet/Damp,None,None,1,Yes,E01001898,2005
4611,200501FH10659,512350.0,179250.0,-0.382761,51.500977,1,3,2,1,22/11/2005,3,17:00,27,E09000009,5,0,Single carriageway,30,Giveway or uncontrolled,5,0,None within 50 metres,No physical crossing within 50 meters,Darkness: Street lights present and lit,Fine without high winds,Dry,None,None,1,No,E01001367,2005
4612,200501FH10660,522840.0,178370.0,-0.23201,51.490888,1,3,2,1,26/11/2005,7,18:20,11,E09000013,3,4,Dual carriageway,30,Giveway or uncontrolled,6,0,None within 50 metres,No physical crossing within 50 meters,Darkness: Street lights present and lit,Fine without high winds,Dry,None,None,1,No,E01001894,2005
4613,200501FH10661,523100.0,181270.0,-0.227255,51.516894,1,3,2,2,04/12/2005,1,22:00,11,E09000013,3,219,Single carriageway,30,Automatic traffic signal,5,0,None within 50 metres,Pedestrian phase at traffic signal junction,Darkness: Street lights present and lit,Fine without high winds,Dry,None,None,1,Yes,E01001874,2005
4614,200501FH10662,524370.0,175940.0,-0.210838,51.468714,1,3,2,2,10/12/2005,7,13:00,11,E09000013,3,219,Single carriageway,30,Giveway or uncontrolled,3,219,None within 50 metres,non-junction pedestrian crossing,Daylight: Street light present,Fine without high winds,Dry,None,None,1,Yes,E01001915,2005
4615,200501FH10663,523500.0,178070.0,-0.222613,51.488048,1,3,2,1,21/11/2005,2,09:30,11,E09000013,3,219,Single carriageway,30,Giveway or uncontrolled,6,0,None within 50 metres,No physical crossing within 50 meters,Daylight: Street light present,Fine without high winds,Dry,None,None,1,No,E01001891,2005
4616,200501FH10664,521640.0,180890.0,-0.248418,51.513795,1,3,2,2,05/11/2005,7,16:35,11,E09000013,3,40,Dual carriageway,30,None,-1,0,None within 50 metres,non-junction pedestrian crossing,Darkness: Street lights present and lit,Fine without high winds,Dry,None,None,1,No,E01001959,2005
4617,200501FH10665,523850.0,177240.0,-0.217865,51.480512,1,3,1,1,29/11/2005,3,09:15,11,E09000013,3,219,Single carriageway,30,Giveway or uncontrolled,6,0,None within 50 metres,No physical crossing within 50 meters,Daylight: Street light present,Fine without high winds,Dry,None,None,1,No,E01001917,2005
4618,200501FH10666,523720.0,177610.0,-0.219607,51.483865,1,3,2,1,24/11/2005,5,06:15,11,E09000013,3,219,Single carriageway,30,Giveway or uncontrolled,6,0,None within 50 metres,Pedestrian phase at traffic signal junction,Darkness: Street lights present and lit,Fine without high winds,Dry,None,None,1,Yes,E01001891,2005
4619,200501FH10667,522210.0,179530.0,-0.240678,51.501449,1,3,1,1,29/11/2005,3,17:00,11,E09000013,4,408,Single carriageway,30,Giveway or uncontrolled,6,0,None within 50 metres,No physical crossing within 50 meters,Darkness: Street lights present and lit,Fine without high winds,Dry,None,None,1,Yes,E01001858,2005
4620,200501FH10668,523430.0,180430.0,-0.222796,51.509273,1,2,2,1,06/12/2005,3,21:40,11,E09000013,6,0,Single carriageway,30,Giveway or uncontrolled,6,0,None within 50 metres,No physical crossing within 50 meters,Darkness: Street lights present and lit,Fine without high winds,Dry,None,None,1,No,E01001943,2005
4621,200501FH10669,524140.0,178410.0,-0.21328,51.490963,1,3,2,1,06/12/2005,3,10:30,11,E09000013,6,0,Single carriageway,30,None,-1,0,None within 50 metres,No physical crossing within 50 meters,Daylight: Street light present,Fine without high winds,Dry,None,None,1,Yes,E01001871,2005
4622,200501FH10670,522320.0,178630.0,-0.239406,51.493337,1,3,1,1,28/11/2005,2,16:14,11,E09000013,3,315,Single carriageway,30,Automatic traffic signal,6,0,None within 50 metres,Pedestrian phase at traffic signal junction,Darkness: Street lights present and lit,Fine without high winds,Dry,None,None,1,Yes,E01001932,2005
4623,200501FH10671,523380.0,180420.0,-0.223519,51.509194,1,3,1,1,06/12/2005,3,11:18,11,E09000013,6,0,Single carriageway,30,None,-1,0,None within 50 metres,No physical crossing within 50 meters,Daylight: Street light present,Fine without high winds,Dry,None,None,1,Yes,E01001943,2005
4624,200501FH10672,523420.0,178390.0,-0.223653,51.490941,1,3,2,1,28/11/2005,2,13:16,11,E09000013,3,219,Single carriageway,30,Automatic traffic signal,3,219,None within 50 metres,Pedestrian phase at traffic signal junction,Daylight: Street light present,Fine without high winds,Dry,None,None,1,Yes,E01001900,2005
4625,200501FH10674,521840.0,180310.0,-0.245737,51.508539,1,3,2,1,30/11/2005,4,18:10,11,E09000013,5,0,Single carriageway,30,Giveway or uncontrolled,6,0,None within 50 metres,No physical crossing within 50 meters,Daylight: Street light present,Fine without high winds,Dry,None,None,1,No,E01001243,2005
4626,200501FH10675,525050.0,177500.0,-0.200501,51.482585,1,3,1,1,01/12/2005,5,17:05,11,E09000013,4,317,Single carriageway,30,Giveway or uncontrolled,6,0,None within 50 metres,Zebra crossing,Darkness: Street lights present and lit,Raining without high winds,Wet/Damp,None,None,1,Yes,E01001881,2005
4627,200501FH10676,522680.0,178620.0,-0.234226,51.493169,1,2,2,1,30/11/2005,4,11:15,11,E09000013,3,315,One way street,30,Giveway or uncontrolled,6,0,None within 50 metres,No physical crossing within 50 meters,Daylight: Street light present,Fine without high winds,Dry,None,None,1,Yes,E01001894,2005
4628,200501FH10678,523100.0,178560.0,-0.2282,51.492539,1,2,1,1,02/12/2005,6,10:20,11,E09000013,3,315,Single carriageway,30,Giveway or uncontrolled,6,0,None within 50 metres,No physical crossing within 50 meters,Daylight: Street light present,Raining without high winds,Wet/Damp,None,None,1,Yes,E01001899,2005
4629,200501FH10680,523490.0,181140.0,-0.221683,51.515641,1,3,2,2,11/12/2005,1,09:51,11,E09000013,3,40,Roundabout,50,Giveway or uncontrolled,3,3220,None within 50 metres,No physical crossing within 50 meters,Daylight: Street light present,Fine without high winds,Wet/Damp,None,None,1,Yes,E01002877,2005
4630,200501FH10682,522370.0,182870.0,-0.237216,51.531433,1,3,2,1,09/12/2005,6,11:00,11,E09000013,3,219,Single carriageway,30,Giveway or uncontrolled,6,0,None within 50 metres,No physical crossing within 50 meters,Daylight: Street light present,Fine without high winds,Dry,None,None,1,Yes,E01001877,2005
4631,200501FH10683,523300.0,180410.0,-0.224675,51.509122,1,3,1,1,08/12/2005,5,08:20,11,E09000013,3,219,Single carriageway,30,Giveway or uncontrolled,6,0,None within 50 metres,Zebra crossing,Daylight: Street light present,Raining without high winds,Wet/Damp,None,None,1,Yes,E01001943,2005
4632,200501FH10684,523200.0,178870.0,-0.226652,51.495303,1,3,1,1,07/12/2005,4,13:25,11,E09000013,5,0,Single carriageway,30,None,-1,0,None within 50 metres,No physical crossing within 50 meters,Daylight: Street light present,Fine without high winds,Dry,None,None,1,Yes,E01001898,2005
4633,200501FH10685,523920.0,176940.0,-0.216963,51.4778,1,3,2,1,16/12/2005,6,23:40,11,E09000013,3,219,Single carriageway,30,Giveway or uncontrolled,6,0,None within 50 metres,No physical crossing within 50 meters,Darkness: Street lights present and lit,Fine without high winds,Dry,None,None,1,Yes,E01001918,2005
4634,200501FH10686,525650.0,176930.0,-0.192068,51.477329,1,3,2,1,10/12/2005,7,20:00,11,E09000013,4,318,Single carriageway,30,None,-1,0,None within 50 metres,non-junction pedestrian crossing,Darkness: Street lights present and lit,Fine without high winds,Dry,None,None,1,Yes,E01001921,2005
4635,200501FH10688,523480.0,179160.0,-0.22252,51.497848,1,3,2,1,08/12/2005,5,23:46,11,E09000013,3,219,Single carriageway,30,Giveway or uncontrolled,6,0,None within 50 metres,non-junction pedestrian crossing,Darkness: Street lights present and lit,Fine without high winds,Dry,None,None,1,Yes,E01001856,2005
4636,200501FH10689,524720.0,177730.0,-0.20517,51.484724,1,3,1,1,14/12/2005,4,08:46,11,E09000013,6,0,Single carriageway,30,None,-1,0,None within 50 metres,No physical crossing within 50 meters,Daylight: Street light present,Fine without high winds,Dry,None,None,1,Yes,E01001909,2005
4637,200501FH10690,521490.0,181330.0,-0.250427,51.517782,1,3,2,1,14/12/2005,4,06:23,27,E09000009,5,0,Single carriageway,30,Giveway or uncontrolled,6,0,None within 50 metres,No physical crossing within 50 meters,Darkness: Street lights present and lit,Fine without high winds,Wet/Damp,None,None,1,Yes,E01001240,2005
4638,200501FH10691,525070.0,177470.0,-0.200224,51.482311,1,3,1,2,15/12/2005,5,18:20,11,E09000013,4,317,Single carriageway,30,Giveway or uncontrolled,6,0,None within 50 metres,Zebra crossing,Darkness: Street lights present and lit,Fine without high winds,Dry,None,None,1,Yes,E01001881,2005
4639,200501FH10693,525050.0,177510.0,-0.200498,51.482674,1,3,2,2,12/12/2005,2,00:20,11,E09000013,4,317,Single carriageway,30,Giveway or uncontrolled,6,0,None within 50 metres,Zebra crossing,Darkness: Street lights present and lit,Fine without high winds,Dry,None,None,1,No,E01001881,2005
4640,200501FH10694,523380.0,178620.0,-0.224148,51.493017,1,3,1,1,11/12/2005,1,14:50,11,E09000013,3,315,One way street,30,None,-1,0,None within 50 metres,Pedestrian phase at traffic signal junction,Daylight: Street light present,Fine without high winds,Dry,None,None,1,Yes,E01001898,2005
4641,200501FH10696,522430.0,182590.0,-0.236448,51.528903,1,3,2,1,15/12/2005,5,15:46,11,E09000013,3,219,Single carriageway,30,None,-1,0,None within 50 metres,No physical crossing within 50 meters,Daylight: Street light present,Fine without high winds,Dry,None,None,1,Yes,E01001877,2005
4642,200501FH10697,524400.0,175980.0,-0.210392,51.469067,1,3,2,1,20/12/2005,3,09:20,11,E09000013,3,219,Dual carriageway,30,Automatic traffic signal,3,308,None within 50 metres,Pedestrian phase at traffic signal junction,Daylight: Street light present,Fine without high winds,Dry,Auto traffic singal out,None,1,Yes,E01001915,2005
4643,200501FH10698,524750.0,178460.0,-0.204481,51.491279,1,3,2,1,12/12/2005,2,19:50,11,E09000013,3,4,Dual carriageway,30,None,-1,0,None within 50 metres,No physical crossing within 50 meters,Darkness: Street lights present and lit,Fine without high winds,Dry,None,None,1,Yes,E01001911,2005
4644,200501FH10699,522910.0,179380.0,-0.23065,51.49995,1,3,2,1,10/12/2005,7,13:50,11,E09000013,6,0,Single carriageway,30,None,-1,0,None within 50 metres,No physical crossing within 50 meters,Daylight: Street light present,Fine without high winds,Dry,None,None,1,Yes,E01001895,2005
4645,200501FH10700,524270.0,177190.0,-0.211838,51.47997,1,3,1,1,14/12/2005,4,12:15,11,E09000013,5,0,Unknown,30,Giveway or uncontrolled,6,0,None within 50 metres,No physical crossing within 50 meters,Daylight: Street light present,Fine without high winds,Dry,None,None,1,No,E01001904,2005
4646,200501FH10701,524460.0,178130.0,-0.208772,51.488377,1,3,2,1,08/12/2005,5,19:20,11,E09000013,6,0,Roundabout,30,Giveway or uncontrolled,6,0,None within 50 metres,No physical crossing within 50 meters,Darkness: Street lights present and lit,Fine without high winds,Dry,None,None,1,No,E01001908,2005
4647,200501FH10703,522900.0,181030.0,-0.23022,51.514781,1,3,1,1,14/12/2005,4,08:08,11,E09000013,3,40,Dual carriageway,50,None,-1,0,None within 50 metres,No physical crossing within 50 meters,Daylight: Street light present,Fine without high winds,Dry,None,None,1,Yes,E01001957,2005
4648,200501FH10705,523570.0,181120.0,-0.220538,51.515444,1,3,2,3,11/12/2005,1,17:22,11,E09000013,3,40,Dual carriageway,50,None,-1,0,None within 50 metres,No physical crossing within 50 meters,Darkness: Street lights present and lit,Fog or mist,Wet/Damp,None,None,1,Yes,E01002877,2005
4649,200501FH10707,525030.0,176990.0,-0.20097,51.478006,1,3,2,1,06/12/2005,3,19:14,11,E09000013,3,304,Single carriageway,30,Giveway or uncontrolled,6,0,None within 50 metres,Zebra crossing,Darkness: Street lights present and lit,Fine without high winds,Wet/Damp,None,None,1,Yes,E01001947,2005
4650,200501FH10708,523800.0,177740.0,-0.21841,51.485016,1,2,1,1,23/11/2005,4,16:52,11,E09000013,5,0,Single carriageway,30,None,-1,0,None within 50 metres,No physical crossing within 50 meters,Darkness: Street lights present and lit,Fine without high winds,Dry,None,None,1,Yes,E01001891,2005
4651,200501FH10709,523590.0,179820.0,-0.220705,51.503756,1,3,2,1,20/12/2005,3,10:43,11,E09000013,3,402,Single carriageway,30,Automatic traffic signal,6,0,None within 50 metres,No physical crossing within 50 meters,Daylight: Street light present,Fine without high winds,Dry,None,None,1,Yes,E01001857,2005
4652,200501FH10710,522850.0,178760.0,-0.23173,51.49439,1,2,1,1,30/12/2005,6,09:21,11,E09000013,3,315,One way street,30,None,-1,0,None within 50 metres,No physical crossing within 50 meters,Daylight: Street light present,Raining without high winds,Wet/Damp,None,None,1,Yes,E01001899,2005
4653,200501FH10712,523840.0,179980.0,-0.217048,51.505139,1,3,2,3,22/12/2005,5,09:20,11,E09000013,3,3220,Dual carriageway,40,Automatic traffic signal,3,3220,None within 50 metres,No physical crossing within 50 meters,Daylight: Street light present,Fine without high winds,Dry,None,None,1,Yes,E01002873,2005
4654,200501FH10713,525950.0,177130.0,-0.187679,51.47906,1,3,2,1,12/12/2005,2,19:30,11,E09000013,3,308,Single carriageway,30,Giveway or uncontrolled,6,0,None within 50 metres,No physical crossing within 50 meters,Darkness: Street lights present and lit,Fine without high winds,Dry,None,None,1,No,E01001920,2005
4655,200501FH10714,524700.0,177260.0,-0.205624,51.480505,1,3,2,1,04/11/2005,6,10:15,11,E09000013,3,3219,Single carriageway,30,Giveway or uncontrolled,5,0,None within 50 metres,No physical crossing within 50 meters,Daylight: Street light present,Fine without high winds,Dry,None,None,1,Yes,E01001901,2005
4656,200501FH10715,523400.0,181090.0,-0.222997,51.515211,1,3,2,1,17/12/2005,7,08:39,11,E09000013,3,40,Dual carriageway,50,None,-1,0,None within 50 metres,No physical crossing within 50 meters,Daylight: Street light present,Fine without high winds,Dry,None,None,1,Yes,E01001874,2005
4657,200501FH10716,523590.0,178620.0,-0.221125,51.492971,1,3,3,1,05/12/2005,2,18:12,11,E09000013,3,315,Single carriageway,30,Giveway or uncontrolled,6,0,None within 50 metres,non-junction pedestrian crossing,Darkness: Street lights present and lit,Fine without high winds,Wet/Damp,None,Other object in carriageway,1,Yes,E01001898,2005
4658,200501FH10717,523420.0,178380.0,-0.223656,51.490851,1,3,1,1,24/12/2005,7,07:50,11,E09000013,3,219,Single carriageway,30,Giveway or uncontrolled,3,219,None within 50 metres,Pedestrian phase at traffic signal junction,Daylight: Street light present,Fine without high winds,Dry,None,None,1,Yes,E01001900,2005
4659,200501FH10719,525150.0,176400.0,-0.199451,51.472677,1,3,2,1,19/12/2005,2,12:40,11,E09000013,3,308,Single carriageway,30,Giveway or uncontrolled,6,0,None within 50 metres,Zebra crossing,Daylight: Street light present,Fine without high winds,Dry,None,None,1,Yes,E01001925,2005
4660,200501FH10720,522410.0,182610.0,-0.236729,51.529087,1,3,3,1,21/12/2005,4,17:03,11,E09000013,3,219,Single carriageway,30,None,-1,0,None within 50 metres,No physical crossing within 50 meters,Darkness: Street lights present and lit,Fine without high winds,Dry,None,None,1,Yes,E01001877,2005
4661,200501FH10721,524610.0,178330.0,-0.206542,51.490141,1,3,1,1,20/12/2005,3,10:05,11,E09000013,4,317,Single carriageway,30,Giveway or uncontrolled,6,0,None within 50 metres,No physical crossing within 50 meters,Daylight: Street light present,Fine without high winds,Dry,None,None,1,Yes,E01001914,2005
4662,200501FH10724,523460.0,178220.0,-0.223136,51.489405,1,2,2,1,04/12/2005,1,13:00,11,E09000013,3,219,Single carriageway,30,None,-1,0,None within 50 metres,non-junction pedestrian crossing,Daylight: Street light present,Fine without high winds,Dry,None,None,1,No,E01001900,2005
4663,200501FH10727,526140.0,179640.0,-0.184048,51.501575,1,3,2,1,21/12/2005,4,17:00,1,E09000033,3,315,Single carriageway,30,Giveway or uncontrolled,4,325,None within 50 metres,Pedestrian phase at traffic signal junction,Darkness: Street lighting unknown,Fine without high winds,Dry,None,None,1,No,E01002891,2005
4664,200501FH10730,523160.0,179650.0,-0.226956,51.502322,1,2,1,1,31/12/2005,7,21:00,11,E09000013,3,402,Single carriageway,30,Giveway or uncontrolled,6,0,None within 50 metres,No physical crossing within 50 meters,Darkness: Street lights present and lit,Fine without high winds,Wet/Damp,None,None,1,No,E01001940,2005
4665,200501FH10736,523520.0,181060.0,-0.221279,51.514915,1,3,2,2,20/12/2005,3,08:15,11,E09000013,3,3220,Roundabout,30,Giveway or uncontrolled,3,40,None within 50 metres,No physical crossing within 50 meters,Daylight: Street light present,Fine without high winds,Dry,None,None,1,No,E01002877,2005
4666,200501FH10741,524400.0,175990.0,-0.210389,51.469157,1,3,2,1,05/11/2005,7,13:16,11,E09000013,3,219,Single carriageway,30,Automatic traffic signal,3,219,None within 50 metres,No physical crossing within 50 meters,Daylight: Street light present,Fine without high winds,Dry,None,None,1,Yes,E01001915,2005
4667,200501FH10744,522140.0,180100.0,-0.241489,51.506587,1,3,2,1,20/12/2005,3,14:20,11,E09000013,3,4020,Single carriageway,30,None,-1,0,None within 50 metres,No physical crossing within 50 meters,Daylight: Street light present,Fine without high winds,Wet/Damp,None,None,1,Yes,E01001954,2005
4668,200501FH10745,522870.0,178360.0,-0.231581,51.490791,1,3,2,2,31/12/2005,7,11:00,11,E09000013,3,4,Dual carriageway,40,None,-1,0,None within 50 metres,No physical crossing within 50 meters,Daylight: Street light present,Fine without high winds,Dry,None,None,1,Yes,E01001894,2005
4669,200501FH19015,523390.0,179740.0,-0.223613,51.503081,1,3,2,1,13/08/2005,7,05:45,11,E09000013,3,402,Single carriageway,30,None,-1,0,None within 50 metres,No physical crossing within 50 meters,Daylight: Street light present,Fine without high winds,Dry,None,None,1,No,E01001943,2005
4670,200501FH19016,525820.0,177000.0,-0.189596,51.47792,1,3,2,1,03/10/2005,2,16:30,11,E09000013,3,308,Single carriageway,30,Giveway or uncontrolled,6,0,None within 50 metres,No physical crossing within 50 meters,Darkness: Street lights present and lit,Fine without high winds,Dry,None,None,1,Yes,E01001921,2005
4671,200501FH19020,521940.0,178840.0,-0.244805,51.495306,1,3,2,1,18/06/2005,7,16:00,11,E09000013,3,402,Single carriageway,30,Giveway or uncontrolled,6,0,None within 50 metres,No physical crossing within 50 meters,Daylight: Street light present,Fine without high winds,Dry,None,None,1,No,E01002574,2005
4672,200501FH19050,524780.0,178110.0,-0.204172,51.488126,1,3,2,1,20/12/2005,3,12:00,11,E09000013,4,317,Single carriageway,30,Giveway or uncontrolled,6,0,None within 50 metres,No physical crossing within 50 meters,Daylight: Street light present,Fine without high winds,Wet/Damp,None,None,1,No,E01001911,2005
4673,200501FH19054,523530.0,178020.0,-0.222198,51.487592,1,3,2,1,11/10/2005,3,20:30,11,E09000013,3,219,Single carriageway,30,Automatic traffic signal,6,0,None within 50 metres,No physical crossing within 50 meters,Darkness: Street lights present and lit,Fine without high winds,Dry,None,None,1,No,E01001891,2005
4674,200501FH19083,525620.0,176100.0,-0.192794,51.469876,1,3,3,1,27/09/2005,3,17:30,11,E09000013,6,0,Single carriageway,30,Giveway or uncontrolled,6,0,None within 50 metres,No physical crossing within 50 meters,Daylight: Street light present,Fine without high winds,Dry,None,None,1,Yes,E01001937,2005
4675,200501GD10015,533640.0,184790.0,-0.074103,51.546134,1,2,1,1,06/01/2005,5,14:15,4,E09000012,3,104,Single carriageway,30,Giveway or uncontrolled,6,0,None within 50 metres,No physical crossing within 50 meters,Daylight: Street light present,Fine without high winds,Dry,None,None,1,Yes,E01001743,2005
4676,200501GD10021,532810.0,182070.0,-0.087091,51.521886,1,3,2,1,11/01/2005,3,14:29,3,E09000019,3,501,Single carriageway,30,None,-1,0,None within 50 metres,No physical crossing within 50 meters,Daylight: Street light present,Raining without high winds,Wet/Damp,None,None,1,Yes,E01002704,2005
4677,200501GD10022,534510.0,186510.0,-0.060907,51.561384,1,3,2,1,06/01/2005,5,15:00,4,E09000012,6,0,Single carriageway,30,None,-1,0,None within 50 metres,No physical crossing within 50 meters,Daylight: Street light present,Fine without high winds,Dry,None,None,1,Yes,E01001768,2005
4678,200501GD10023,533690.0,183010.0,-0.074058,51.530126,1,3,1,1,04/01/2005,3,19:00,4,E09000012,5,0,Single carriageway,30,Giveway or uncontrolled,3,1208,None within 50 metres,No physical crossing within 50 meters,Darkness: Street lights present and lit,Fine without high winds,Wet/Damp,None,None,1,Yes,E01001777,2005
4679,200501GD10046,534940.0,184530.0,-0.055467,51.543488,1,3,1,1,06/01/2005,5,19:10,4,E09000012,3,107,Single carriageway,30,None,-1,0,None within 50 metres,No physical crossing within 50 meters,Daylight: Street light present,Fine without high winds,Dry,None,None,1,Yes,E01001818,2005
4680,200501GD10051,533010.0,186450.0,-0.082556,51.5612,1,3,1,1,14/01/2005,6,09:25,4,E09000012,6,0,Single carriageway,30,Giveway or uncontrolled,4,104,None within 50 metres,Zebra crossing,Daylight: Street light present,Fine without high winds,Dry,None,None,1,Yes,E01001741,2005
4681,200501GD10053,533220.0,183470.0,-0.080656,51.534371,1,3,2,1,12/01/2005,4,11:47,4,E09000012,5,0,Single carriageway,30,Giveway or uncontrolled,5,0,None within 50 metres,No physical crossing within 50 meters,Daylight: Street light present,Fine without high winds,Dry,None,None,1,Yes,E01001755,2005
4682,200501GD10059,533010.0,184810.0,-0.083176,51.546462,1,3,1,1,05/01/2005,4,07:30,3,E09000019,3,104,Slip road,30,Automatic traffic signal,5,0,None within 50 metres,No physical crossing within 50 meters,Daylight: Street light present,Fine with high winds,Dry,None,None,1,Yes,E01001756,2005
4683,200501GD10060,531560.0,186880.0,-0.103301,51.565404,1,3,1,1,09/01/2005,1,19:25,4,E09000012,3,503,Single carriageway,30,Giveway or uncontrolled,6,0,None within 50 metres,No physical crossing within 50 meters,Darkness: Street lights present and lit,Raining without high winds,Wet/Damp,None,None,1,Yes,E01002002,2005
4684,200501GD10064,533580.0,186200.0,-0.074433,51.558819,1,3,2,1,14/01/2005,6,11:30,4,E09000012,3,10,Single carriageway,30,None,-1,0,None within 50 metres,No physical crossing within 50 meters,Daylight: Street light present,Fine without high winds,Dry,None,None,1,No,E01001830,2005
4685,200501GD10067,533460.0,182190.0,-0.077683,51.522811,1,2,2,1,21/01/2005,6,22:45,4,E09000012,3,10,Single carriageway,30,Automatic traffic signal,3,1202,None within 50 metres,Pedestrian phase at traffic signal junction,Darkness: Street lights present and lit,Fine without high winds,Dry,None,None,1,Yes,E01001771,2005
4686,200501GD10068,532480.0,185680.0,-0.090488,51.554405,1,3,1,1,21/01/2005,6,09:00,3,E09000019,6,0,Single carriageway,30,None,-1,0,None within 50 metres,No physical crossing within 50 meters,Daylight: Street light present,Fine without high winds,Dry,None,None,1,Yes,E01002743,2005
4687,200501GD10069,534750.0,186560.0,-0.057428,51.561776,1,3,2,1,02/01/2005,1,09:31,4,E09000012,3,107,Single carriageway,30,Giveway or uncontrolled,6,0,None within 50 metres,No physical crossing within 50 meters,Daylight: Street light present,Fine without high winds,Dry,None,None,1,Yes,E01001767,2005
4688,200501GD10070,534380.0,184720.0,-0.063465,51.545329,1,3,2,2,21/01/2005,6,09:01,4,E09000012,6,0,Single carriageway,30,Giveway or uncontrolled,6,0,None within 50 metres,No physical crossing within 50 meters,Daylight: Street light present,Fine without high winds,Dry,None,None,1,Yes,E01001763,2005
4689,200501GD10073,533450.0,182960.0,-0.077535,51.529733,1,3,2,2,31/01/2005,2,14:30,4,E09000012,3,10,Single carriageway,20,Giveway or uncontrolled,6,0,None within 50 metres,No physical crossing within 50 meters,Daylight: Street light present,Fine without high winds,Dry,None,None,1,Yes,E01001777,2005
4690,200501GD10080,533890.0,186210.0,-0.06996,51.558835,1,2,3,2,14/01/2005,6,20:10,4,E09000012,3,10,One way street,30,None,-1,0,None within 50 metres,No physical crossing within 50 meters,Darkness: Street lights present and lit,Fine without high winds,Dry,None,None,1,Yes,E01001832,2005
4691,200501GD10084,531570.0,186700.0,-0.103224,51.563784,1,3,1,1,13/01/2005,5,23:20,3,E09000019,3,1201,Single carriageway,30,None,-1,0,None within 50 metres,No physical crossing within 50 meters,Darkness: Street lights present and lit,Fine without high winds,Wet/Damp,None,None,1,Yes,E01002747,2005
4692,200501GD10087,533550.0,185280.0,-0.075215,51.550558,1,2,1,1,18/01/2005,3,11:25,4,E09000012,3,10,Single carriageway,30,Automatic traffic signal,3,10,None within 50 metres,Pedestrian phase at traffic signal junction,Daylight: Street light present,Fine without high winds,Dry,None,None,1,Yes,E01001747,2005
4693,200501GD10089,534510.0,183750.0,-0.061961,51.536581,1,2,2,1,26/01/2005,4,09:05,4,E09000012,5,0,Single carriageway,30,Giveway or uncontrolled,6,0,None within 50 metres,No physical crossing within 50 meters,Daylight: Street light present,Fine without high winds,Dry,None,None,1,Yes,E01001818,2005
4694,200501GD10090,534670.0,185180.0,-0.059109,51.549394,1,3,1,3,15/01/2005,7,15:59,4,E09000012,3,107,Single carriageway,30,Automatic traffic signal,3,107,None within 50 metres,Pedestrian phase at traffic signal junction,Daylight: Street light present,Fine without high winds,Dry,None,None,1,Yes,E01001760,2005
4695,200501GD10092,533050.0,182530.0,-0.083461,51.525963,1,3,3,1,07/02/2005,2,12:25,4,E09000012,3,1202,Single carriageway,30,Automatic traffic signal,6,0,None within 50 metres,Pedestrian phase at traffic signal junction,Daylight: Street light present,Fine without high winds,Dry,None,None,1,Yes,E01001771,2005
4696,200501GD10093,534630.0,185190.0,-0.059682,51.549493,1,3,1,1,02/02/2005,4,14:40,4,E09000012,3,104,Single carriageway,30,Automatic traffic signal,3,107,None within 50 metres,Pedestrian phase at traffic signal junction,Daylight: Street light present,Fine without high winds,Dry,None,None,1,Yes,E01001760,2005
4697,200501GD10094,531640.0,186970.0,-0.102114,51.566194,1,3,2,1,10/02/2005,5,11:19,4,E09000012,3,503,Single carriageway,30,Giveway or uncontrolled,5,0,None within 50 metres,No physical crossing within 50 meters,Daylight: Street light present,Fine without high winds,Dry,None,None,1,Yes,E01002002,2005
4698,200501GD10095,534870.0,184020.0,-0.056671,51.538922,1,3,2,1,10/02/2005,5,07:30,4,E09000012,3,107,Single carriageway,30,None,-1,0,None within 50 metres,No physical crossing within 50 meters,Daylight: Street light present,Fine without high winds,Dry,None,None,1,Yes,E01001818,2005
4699,200501GD10096,535640.0,183920.0,-0.045613,51.537839,1,3,3,1,05/02/2005,7,10:45,4,E09000012,3,106,One way street,30,None,-1,0,None within 50 metres,No physical crossing within 50 meters,Daylight: Street light present,Fine without high winds,Dry,None,None,1,Yes,E01001836,2005
4700,200501GD10097,537290.0,185440.0,-0.021244,51.551099,1,3,6,1,09/02/2005,4,17:20,4,E09000012,3,12,Dual carriageway,50,None,-1,0,None within 50 metres,No physical crossing within 50 meters,Darkness: Street lights present and lit,Fine without high winds,Dry,None,None,1,Yes,E01001846,2005
4701,200501GD10099,533930.0,184290.0,-0.070114,51.541572,1,3,1,1,15/02/2005,3,00:25,4,E09000012,4,108,Single carriageway,30,Giveway or uncontrolled,6,0,None within 50 metres,Zebra crossing,Darkness: Street lights present and lit,Fine without high winds,Dry,None,None,1,Yes,E01001817,2005
4702,200501GD10101,533600.0,187850.0,-0.073518,51.573642,1,3,1,1,10/02/2005,5,23:59,4,E09000012,3,107,Single carriageway,30,None,-1,0,None within 50 metres,No physical crossing within 50 meters,Darkness: Street lights present and lit,Raining without high winds,Wet/Damp,None,None,1,Yes,E01001808,2005
4703,200501GD10102,533940.0,183550.0,-0.070251,51.534919,1,3,2,1,12/02/2005,7,16:45,4,E09000012,4,108,Single carriageway,30,Automatic traffic signal,5,0,None within 50 metres,No physical crossing within 50 meters,Darkness: Street lights present and lit,Fine without high winds,Dry,None,None,1,Yes,E01001774,2005
4704,200501GD10103,532900.0,187940.0,-0.083579,51.574616,1,3,3,1,13/02/2005,1,17:10,4,E09000012,3,107,Single carriageway,30,Giveway or uncontrolled,5,0,None within 50 metres,Zebra crossing,Daylight: Street light present,Raining without high winds,Wet/Damp,None,None,1,Yes,E01001807,2005
4705,200501GD10106,533390.0,184780.0,-0.07771,51.546103,1,3,1,1,24/01/2005,2,18:46,4,E09000012,3,104,Single carriageway,30,Giveway or uncontrolled,6,0,None within 50 metres,No physical crossing within 50 meters,Darkness: Street lights present and lit,Fine without high winds,Dry,None,None,1,Yes,E01001756,2005
4706,200501GD10107,532310.0,186720.0,-0.092547,51.563791,1,3,2,1,24/01/2005,2,19:40,4,E09000012,3,105,Single carriageway,30,Automatic traffic signal,4,105,None within 50 metres,No physical crossing within 50 meters,Darkness: Street lights present and lit,Fine without high winds,Wet/Damp,None,None,1,Yes,E01001719,2005
4707,200501GD10108,535200.0,186350.0,-0.05102,51.559781,1,3,1,1,19/02/2005,7,15:36,4,E09000012,3,104,Single carriageway,30,Giveway or uncontrolled,6,0,None within 50 metres,No physical crossing within 50 meters,Daylight: Street light present,Fine without high winds,Dry,None,None,1,Yes,E01001793,2005
4708,200501GD10109,532840.0,186940.0,-0.084822,51.565644,1,3,1,1,17/02/2005,5,12:47,4,E09000012,5,0,Single carriageway,30,Automatic traffic signal,4,105,None within 50 metres,No physical crossing within 50 meters,Daylight: Street light present,Fine without high winds,Dry,None,None,1,Yes,E01001801,2005
4709,200501GD10110,533090.0,186980.0,-0.081202,51.565944,1,3,2,1,17/02/2005,5,10:15,4,E09000012,6,0,Single carriageway,30,None,-1,0,None within 50 metres,No physical crossing within 50 meters,Daylight: Street light present,Fine without high winds,Dry,None,None,1,Yes,E01001801,2005
4710,200501GD10111,534800.0,186400.0,-0.056768,51.560326,1,3,1,1,13/02/2005,1,06:40,4,E09000012,6,0,Single carriageway,30,Giveway or uncontrolled,3,107,None within 50 metres,non-junction pedestrian crossing,Darkness: Street lights present and lit,Raining without high winds,Wet/Damp,None,None,1,Yes,E01001767,2005
4711,200501GD10112,535590.0,184710.0,-0.04603,51.54495,1,3,1,1,29/01/2005,7,19:38,4,E09000012,4,113,One way street,30,Automatic traffic signal,4,113,None within 50 metres,Pedestrian phase at traffic signal junction,Darkness: Street lights present and lit,Fine without high winds,Wet/Damp,None,None,1,Yes,E01001730,2005
4712,200501GD10113,533420.0,182750.0,-0.078047,51.527853,1,3,2,1,20/01/2005,5,00:55,4,E09000012,3,10,Single carriageway,30,Giveway or uncontrolled,6,0,None within 50 metres,No physical crossing within 50 meters,Darkness: Street lights present and lit,Fine without high winds,Wet/Damp,None,None,1,Yes,E01001771,2005
4713,200501GD10114,534850.0,186140.0,-0.056147,51.557978,1,3,2,1,20/01/2005,5,10:17,4,E09000012,3,107,Roundabout,30,Automatic traffic signal,3,107,None within 50 metres,No physical crossing within 50 meters,Daylight: Street light present,Fine without high winds,Dry,None,None,1,Yes,E01001770,2005
4714,200501GD10115,533480.0,182310.0,-0.077349,51.523885,1,3,2,1,20/01/2005,5,08:00,4,E09000012,3,10,Single carriageway,30,None,-1,0,None within 50 metres,No physical crossing within 50 meters,Daylight: Street light present,Fine without high winds,Dry,None,None,1,Yes,E01001771,2005
4715,200501GD10116,532790.0,186350.0,-0.085766,51.560353,1,3,1,1,23/01/2005,1,18:21,4,E09000012,5,0,Single carriageway,30,Giveway or uncontrolled,6,0,None within 50 metres,No physical crossing within 50 meters,Darkness: Street lights present and lit,Fine without high winds,Dry,None,None,1,Yes,E01001806,2005
4716,200501GD10117,532210.0,182860.0,-0.095438,51.529126,1,3,2,3,24/01/2005,2,16:39,3,E09000019,3,501,Single carriageway,30,Giveway or uncontrolled,3,501,None within 50 metres,No physical crossing within 50 meters,Darkness: Street lights present and lit,Fine without high winds,Dry,None,None,1,Yes,E01002702,2005
4717,200501GD10118,534730.0,186620.0,-0.057693,51.56232,1,3,1,1,01/02/2005,3,18:07,4,E09000012,6,0,Single carriageway,30,Giveway or uncontrolled,3,107,None within 50 metres,No physical crossing within 50 meters,Daylight: Street light present,Raining without high winds,Wet/Damp,None,None,1,Yes,E01001767,2005
4718,200501GD10119,533830.0,183540.0,-0.07184,51.534856,1,3,2,1,21/01/2005,6,20:45,4,E09000012,5,0,Single carriageway,30,Giveway or uncontrolled,6,0,None within 50 metres,No physical crossing within 50 meters,Darkness: Street lights present and lit,Fine without high winds,Wet/Damp,None,None,1,Yes,E01001773,2005
4719,200501GD10121,532850.0,184030.0,-0.085776,51.53949,1,3,2,1,09/02/2005,4,21:44,4,E09000012,5,0,Single carriageway,30,Automatic traffic signal,4,102,None within 50 metres,No physical crossing within 50 meters,Darkness: Street lights present and lit,Fine without high winds,Wet/Damp,Roadworks,None,1,Yes,E01002721,2005
4720,200501GD10122,533950.0,183550.0,-0.070107,51.534917,1,3,2,1,06/02/2005,1,03:00,4,E09000012,5,0,Single carriageway,30,Automatic traffic signal,4,108,None within 50 metres,No physical crossing within 50 meters,Darkness: Street lights present and lit,Fine without high winds,Wet/Damp,None,None,1,Yes,E01001774,2005
4721,200501GD10123,533950.0,185800.0,-0.069251,51.555137,1,3,1,1,15/02/2005,3,16:29,4,E09000012,5,0,Single carriageway,30,Giveway or uncontrolled,6,0,None within 50 metres,No physical crossing within 50 meters,Daylight: Street light present,Fine without high winds,Dry,None,None,1,Yes,E01001833,2005
4722,200501GD10124,532800.0,187930.0,-0.085025,51.57455,1,3,2,2,09/02/2005,4,20:18,4,E09000012,3,107,Dual carriageway,30,None,-1,0,None within 50 metres,No physical crossing within 50 meters,Darkness: Street lights present and lit,Fine without high winds,Dry,None,None,1,Yes,E01001811,2005
4723,200501GD10125,532040.0,187470.0,-0.096159,51.570594,1,3,1,1,04/02/2005,6,11:10,4,E09000012,3,503,Dual carriageway,40,Automatic traffic signal,3,105,None within 50 metres,Pedestrian phase at traffic signal junction,Daylight: Street light present,Fine without high winds,Dry,None,None,1,Yes,E01002002,2005
4724,200501GD10126,535580.0,185040.0,-0.046047,51.547918,1,3,2,1,21/02/2005,2,20:05,4,E09000012,3,102,Single carriageway,30,Giveway or uncontrolled,6,0,None within 50 metres,No physical crossing within 50 meters,Darkness: Street lights present and lit,Snowing without high winds,Wet/Damp,None,None,1,Yes,E01001730,2005
4725,200501GD10127,533820.0,184800.0,-0.071505,51.546181,1,3,2,1,10/02/2005,5,14:30,4,E09000012,3,104,Single carriageway,30,Giveway or uncontrolled,6,0,None within 50 metres,No physical crossing within 50 meters,Daylight: Street light present,Raining without high winds,Wet/Damp,None,None,1,Yes,E01001748,2005
4726,200501GD10128,533760.0,185330.0,-0.072169,51.550958,1,2,3,1,20/02/2005,1,06:23,4,E09000012,5,0,Single carriageway,30,Giveway or uncontrolled,5,0,None within 50 metres,No physical crossing within 50 meters,Darkness: Street lights present and lit,Fine without high winds,Frost/Ice,None,None,1,Yes,E01001743,2005
4727,200501GD10129,533560.0,185540.0,-0.074972,51.552893,1,3,2,1,22/02/2005,3,08:48,4,E09000012,3,10,Dual carriageway,30,Giveway or uncontrolled,6,0,None within 50 metres,No physical crossing within 50 meters,Daylight: Street light present,Fine without high winds,Dry,None,None,1,Yes,E01001835,2005
4728,200501GD10131,533470.0,184360.0,-0.076717,51.54231,1,3,2,1,16/02/2005,4,19:47,4,E09000012,5,0,Single carriageway,30,Automatic traffic signal,3,10,None within 50 metres,No physical crossing within 50 meters,Darkness: Street lights present and lit,Fine without high winds,Dry,None,None,1,Yes,E01001750,2005
4729,200501GD10132,534580.0,183880.0,-0.060903,51.537733,1,3,2,1,28/01/2005,6,19:01,4,E09000012,5,0,Single carriageway,30,Automatic traffic signal,5,0,None within 50 metres,Pedestrian phase at traffic signal junction,Darkness: Street lights present and lit,Other,Wet/Damp,None,None,1,Yes,E01001818,2005
4730,200501GD10133,532440.0,182780.0,-0.092155,51.528353,1,3,2,1,21/02/2005,2,09:01,3,E09000019,3,501,Single carriageway,30,Giveway or uncontrolled,4,144,None within 50 metres,No physical crossing within 50 meters,Daylight: Street light present,Fine without high winds,Dry,None,None,1,Yes,E01001779,2005
4731,200501GD10134,531630.0,186940.0,-0.10227,51.565927,1,3,1,2,05/02/2005,7,14:37,4,E09000012,3,503,Single carriageway,30,None,-1,0,None within 50 metres,No physical crossing within 50 meters,Daylight: Street light present,Fine without high winds,Dry,None,None,1,Yes,E01001716,2005
4732,200501GD10135,533920.0,184150.0,-0.070311,51.540316,1,3,2,1,19/02/2005,7,12:00,4,E09000012,5,0,Single carriageway,30,Giveway or uncontrolled,4,108,None within 50 metres,No physical crossing within 50 meters,Daylight: Street light present,Fine without high winds,Dry,None,None,1,Yes,E01001819,2005
4733,200501GD10136,534740.0,185540.0,-0.057962,51.552612,1,3,2,1,20/02/2005,1,00:34,4,E09000012,5,0,Dual carriageway,30,Giveway or uncontrolled,3,104,None within 50 metres,No physical crossing within 50 meters,Darkness: Street lights present and lit,Fine without high winds,Dry,None,None,1,Yes,E01001757,2005
4734,200501GD10137,532250.0,187500.0,-0.093119,51.570815,1,3,2,1,17/02/2005,5,18:30,4,E09000012,6,0,Single carriageway,30,Giveway or uncontrolled,6,0,None within 50 metres,No physical crossing within 50 meters,Daylight: Street light present,Raining without high winds,Wet/Damp,None,None,1,Yes,E01001721,2005
4735,200501GD10138,533540.0,185050.0,-0.075446,51.548494,1,3,1,1,14/02/2005,2,18:35,4,E09000012,6,0,Single carriageway,30,Giveway or uncontrolled,3,10,None within 50 metres,No physical crossing within 50 meters,Darkness: Street lights present and lit,Fine without high winds,Dry,None,None,1,Yes,E01001743,2005
4736,200501GD10139,535850.0,185120.0,-0.042124,51.548572,1,2,2,1,30/01/2005,1,14:15,4,E09000012,3,102,Single carriageway,30,Giveway or uncontrolled,3,102,None within 50 metres,No physical crossing within 50 meters,Daylight: Street light present,Fine without high winds,Dry,None,None,1,No,E01001733,2005
4737,200501GD10140,533110.0,182470.0,-0.082619,51.52541,1,2,1,2,18/02/2005,6,08:32,4,E09000012,3,1202,One way street,30,None,-1,0,None within 50 metres,No physical crossing within 50 meters,Daylight: Street light present,Fine without high winds,Wet/Damp,None,None,1,Yes,E01001771,2005
4738,200501GD10141,533010.0,182590.0,-0.084014,51.526512,1,3,3,2,21/02/2005,2,14:20,4,E09000012,3,5201,Single carriageway,30,Automatic traffic signal,4,101,None within 50 metres,Pedestrian phase at traffic signal junction,Daylight: Street light present,Fine without high winds,Dry,None,None,1,Yes,E01001780,2005
4739,200501GD10143,535850.0,185120.0,-0.042124,51.548572,1,3,3,1,20/02/2005,1,20:40,4,E09000012,3,102,Single carriageway,30,Giveway or uncontrolled,5,0,None within 50 metres,non-junction pedestrian crossing,Darkness: Street lights present and lit,Fine without high winds,Dry,None,None,1,Yes,E01001733,2005
4740,200501GD10144,533030.0,182590.0,-0.083726,51.526507,1,3,2,2,12/02/2005,7,15:56,4,E09000012,3,5201,Single carriageway,30,Automatic traffic signal,4,101,None within 50 metres,Pedestrian phase at traffic signal junction,Daylight: Street light present,Raining without high winds,Wet/Damp,None,None,1,Yes,E01001780,2005
4741,200501GD10145,534390.0,186650.0,-0.062584,51.56267,1,2,1,1,28/02/2005,2,13:30,4,E09000012,4,111,Single carriageway,30,None,-1,0,None within 50 metres,No physical crossing within 50 meters,Daylight: Street light present,Fine without high winds,Dry,None,None,1,Yes,E01001722,2005
4742,200501GD10146,536640.0,185440.0,-0.030613,51.551257,1,3,2,1,19/02/2005,7,23:36,4,E09000012,4,112,Single carriageway,30,None,-1,0,None within 50 metres,No physical crossing within 50 meters,Darkness: Street lights present and lit,Fine without high winds,Dry,None,None,1,Yes,E01001786,2005
4743,200501GD10148,533690.0,183520.0,-0.073865,51.534709,1,3,1,1,24/01/2005,2,08:48,4,E09000012,5,0,Single carriageway,30,None,-1,0,None within 50 metres,No physical crossing within 50 meters,Daylight: Street light present,Fine without high winds,Dry,None,None,1,Yes,E01001776,2005
4744,200501GD10150,532050.0,187480.0,-0.096011,51.570682,1,3,2,1,27/02/2005,1,16:19,4,E09000012,3,105,Dual carriageway,30,Automatic traffic signal,3,503,None within 50 metres,Pedestrian phase at traffic signal junction,Daylight: Street light present,Fine without high winds,Dry,None,None,1,Yes,E01002002,2005
4745,200501GD10151,533510.0,184660.0,-0.076026,51.544996,1,3,2,1,25/02/2005,6,17:32,4,E09000012,5,0,Single carriageway,30,Automatic traffic signal,3,10,None within 50 metres,Pedestrian phase at traffic signal junction,Darkness: Street lights present and lit,Fine without high winds,Dry,None,None,1,Yes,E01001756,2005
4746,200501GD10152,534870.0,184990.0,-0.056299,51.547639,1,3,2,1,22/02/2005,3,09:00,4,E09000012,6,0,Single carriageway,30,Giveway or uncontrolled,3,107,None within 50 metres,Zebra crossing,Daylight: Street light present,Fine without high winds,Dry,None,None,1,Yes,E01001760,2005
4747,200501GD10155,534500.0,185200.0,-0.061552,51.549614,1,3,3,1,15/02/2005,3,05:45,4,E09000012,5,0,Single carriageway,30,Giveway or uncontrolled,6,0,None within 50 metres,No physical crossing within 50 meters,Darkness: Street lights present and lit,Fine without high winds,Wet/Damp,None,None,1,No,E01001761,2005
4748,200501GD10156,533590.0,186220.0,-0.074281,51.558996,1,3,2,3,03/01/2005,2,22:00,4,E09000012,3,10,Single carriageway,30,None,-1,0,None within 50 metres,No physical crossing within 50 meters,Darkness: Street lights present and lit,Fine without high winds,Dry,None,None,1,No,E01001830,2005
4749,200501GD10157,534400.0,184150.0,-0.063394,51.540202,1,3,1,1,08/02/2005,3,18:45,4,E09000012,5,0,Dual carriageway,30,Giveway or uncontrolled,5,0,None within 50 metres,No physical crossing within 50 meters,Darkness: Street lights present and lit,Fine without high winds,Dry,None,None,1,Yes,E01001815,2005
4750,200501GD10159,533680.0,183980.0,-0.073834,51.538845,1,3,2,1,24/02/2005,5,22:30,4,E09000012,6,0,Single carriageway,30,Giveway or uncontrolled,6,0,None within 50 metres,No physical crossing within 50 meters,Darkness: Street lights present and lit,Fine without high winds,Dry,None,None,1,Yes,E01001817,2005
4751,200501GD10160,532620.0,183550.0,-0.089272,51.535231,1,3,2,1,21/02/2005,2,08:36,4,E09000012,3,1200,Single carriageway,30,Giveway or uncontrolled,3,1200,None within 50 metres,Zebra crossing,Daylight: Street light present,Raining without high winds,Wet/Damp,None,None,1,Yes,E01001782,2005
4752,200501GD10161,532050.0,187490.0,-0.096007,51.570772,1,3,2,1,14/02/2005,2,18:49,4,E09000012,3,503,Single carriageway,30,Giveway or uncontrolled,3,105,None within 50 metres,No physical crossing within 50 meters,Darkness: Street lights present and lit,Fine without high winds,Dry,None,None,1,Yes,E01001813,2005
4753,200501GD10162,533930.0,183870.0,-0.070274,51.537797,1,2,2,1,24/02/2005,5,17:50,4,E09000012,4,108,Single carriageway,30,Giveway or uncontrolled,6,0,None within 50 metres,No physical crossing within 50 meters,Darkness: Street lights present but unlit,Snowing without high winds,Wet/Damp,None,None,1,Yes,E01001820,2005
4754,200501GD10163,532480.0,185950.0,-0.090386,51.556831,1,3,1,1,20/02/2005,1,23:55,4,E09000012,3,105,Single carriageway,30,None,-1,0,None within 50 metres,No physical crossing within 50 meters,Darkness: Street lights present and lit,Raining without high winds,Wet/Damp,None,None,1,Yes,E01002743,2005
4755,200501GD10165,534910.0,185350.0,-0.055585,51.550864,1,3,1,1,28/02/2005,2,07:27,4,E09000012,6,0,Single carriageway,30,Giveway or uncontrolled,6,0,None within 50 metres,No physical crossing within 50 meters,Daylight: Street light present,Fine without high winds,Dry,None,None,1,Yes,E01001757,2005
4756,200501GD10168,534800.0,184260.0,-0.057588,51.541095,1,3,2,1,03/01/2005,2,18:00,4,E09000012,6,0,Single carriageway,30,None,-1,0,None within 50 metres,No physical crossing within 50 meters,Darkness: Street lights present and lit,Fine without high winds,Dry,None,None,1,No,E01001818,2005
4757,200501GD10169,533460.0,183040.0,-0.077361,51.53045,1,3,2,1,01/03/2005,3,07:15,4,E09000012,3,10,Single carriageway,30,Automatic traffic signal,5,0,None within 50 metres,No physical crossing within 50 meters,Daylight: Street light present,Fine without high winds,Dry,None,None,1,Yes,E01001771,2005
4758,200501GD10170,534550.0,186970.0,-0.060154,51.565508,1,3,1,1,01/03/2005,3,11:49,4,E09000012,3,107,Single carriageway,30,None,-1,0,None within 50 metres,non-junction pedestrian crossing,Daylight: Street light present,Fine without high winds,Dry,None,None,1,Yes,E01001728,2005
4759,200501GD10171,534950.0,184770.0,-0.05523,51.545642,1,3,1,1,02/03/2005,4,22:30,4,E09000012,3,107,Dual carriageway,30,Automatic traffic signal,4,113,None within 50 metres,Pedestrian phase at traffic signal junction,Darkness: Street lights present and lit,Raining without high winds,Wet/Damp,None,None,1,Yes,E01001731,2005
4760,200501GD10173,535040.0,185660.0,-0.053592,51.553619,1,3,1,1,06/03/2005,1,15:15,4,E09000012,3,107,Single carriageway,30,None,-1,0,None within 50 metres,No physical crossing within 50 meters,Daylight: Street light present,Fine without high winds,Dry,None,None,1,Yes,E01001795,2005
4761,200501GD10174,532590.0,185660.0,-0.088909,51.5542,1,3,1,1,08/03/2005,3,15:55,4,E09000012,3,105,Single carriageway,30,Giveway or uncontrolled,6,0,None within 50 metres,Zebra crossing,Daylight: Street light present,Fine without high winds,Dry,None,None,1,Yes,E01001738,2005
4762,200501GD10176,533500.0,184360.0,-0.076284,51.542303,1,3,2,1,05/01/2005,4,10:10,4,E09000012,3,10,Single carriageway,30,Automatic traffic signal,5,0,None within 50 metres,Pedestrian phase at traffic signal junction,Daylight: Street light present,Fine without high winds,Dry,None,None,1,No,E01001817,2005
4763,200501GD10177,533350.0,182670.0,-0.079086,51.527151,1,3,2,1,15/01/2005,7,00:55,4,E09000012,3,5201,Single carriageway,30,None,-1,0,None within 50 metres,No physical crossing within 50 meters,Darkness: Street lights present and lit,Fine without high winds,Dry,None,None,1,Yes,E01001771,2005
4764,200501GD10178,533730.0,184790.0,-0.072806,51.546112,1,3,1,1,04/03/2005,6,19:20,4,E09000012,3,104,Single carriageway,30,None,-1,0,None within 50 metres,Zebra crossing,Darkness: Street lights present and lit,Fine without high winds,Dry,None,None,1,Yes,E01001743,2005
4765,200501GD10179,535350.0,184930.0,-0.049404,51.546985,1,3,2,1,24/01/2005,2,18:20,4,E09000012,4,113,Single carriageway,30,Giveway or uncontrolled,6,0,None within 50 metres,No physical crossing within 50 meters,Darkness: Street lights present and lit,Fine without high winds,Dry,None,None,1,No,E01001731,2005
4766,200501GD10180,534560.0,186810.0,-0.060071,51.564068,1,3,2,1,02/02/2005,4,13:15,4,E09000012,6,0,Single carriageway,30,None,-1,0,None within 50 metres,No physical crossing within 50 meters,Daylight: Street light present,Fine without high winds,Dry,None,None,1,No,E01001722,2005
4767,200501GD10182,534830.0,186300.0,-0.056374,51.55942,1,3,2,1,15/02/2005,3,20:40,4,E09000012,3,107,Single carriageway,30,None,-1,0,None within 50 metres,No physical crossing within 50 meters,Darkness: Street lights present and lit,Fine without high winds,Dry,None,None,1,No,E01001770,2005
4768,200501GD10183,533350.0,187920.0,-0.077097,51.57433,1,3,1,1,01/03/2005,3,18:53,4,E09000012,3,107,Single carriageway,30,Giveway or uncontrolled,6,0,None within 50 metres,No physical crossing within 50 meters,Darkness: Street lights present and lit,Raining without high winds,Wet/Damp,None,None,1,Yes,E01001807,2005
4769,200501GD10192,533480.0,183770.0,-0.076796,51.537005,1,3,2,1,13/02/2005,1,15:30,4,E09000012,3,10,Single carriageway,30,Giveway or uncontrolled,6,0,None within 50 metres,No physical crossing within 50 meters,Daylight: Street light present,Fine without high winds,Dry,None,None,1,Yes,E01001773,2005
4770,200501GD10196,536810.0,184340.0,-0.02859,51.541331,1,3,1,1,11/01/2005,3,08:45,5,E09000030,3,102,Single carriageway,30,None,-1,0,Control by school crossing patrol,No physical crossing within 50 meters,Daylight: Street light present,Fine without high winds,Dry,None,None,1,No,E01004223,2005
4771,200501GD10197,533990.0,187740.0,-0.067936,51.572561,1,3,1,1,05/03/2005,7,11:56,4,E09000012,6,0,Single carriageway,30,None,-1,0,None within 50 metres,No physical crossing within 50 meters,Daylight: Street light present,Fine without high winds,Dry,None,None,1,Yes,E01001826,2005
4772,200501GD10198,532770.0,182860.0,-0.08737,51.528995,1,3,2,1,04/03/2005,6,17:13,4,E09000012,6,0,Single carriageway,30,Giveway or uncontrolled,3,1200,None within 50 metres,No physical crossing within 50 meters,Darkness: Street lights present and lit,Fine without high winds,Dry,None,None,1,No,E01001778,2005
4773,200501GD10201,532250.0,182840.0,-0.09487,51.528937,1,3,2,1,27/02/2005,1,19:09,3,E09000019,3,501,Single carriageway,30,Giveway or uncontrolled,3,501,None within 50 metres,No physical crossing within 50 meters,Darkness: Street lights present and lit,Fine without high winds,Dry,None,None,1,Yes,E01002702,2005
4774,200501GD10202,533140.0,182610.0,-0.082134,51.526661,1,3,2,1,25/02/2005,6,19:50,4,E09000012,6,0,Single carriageway,30,Giveway or uncontrolled,3,5201,None within 50 metres,non-junction pedestrian crossing,Darkness: Street lights present and lit,Fine without high winds,Wet/Damp,None,None,1,Yes,E01001771,2005
4775,200501GD10203,536360.0,184560.0,-0.03499,51.543417,1,3,2,1,26/02/2005,7,17:18,4,E09000012,3,106,Single carriageway,30,Giveway or uncontrolled,4,114,None within 50 metres,Zebra crossing,Darkness: Street lights present but unlit,Raining without high winds,Wet/Damp,None,None,1,Yes,E01004223,2005
4776,200501GD10204,534930.0,184650.0,-0.055565,51.544569,1,3,1,1,04/03/2005,6,12:30,4,E09000012,3,107,Single carriageway,30,Giveway or uncontrolled,3,107,None within 50 metres,No physical crossing within 50 meters,Daylight: Street light present,Raining without high winds,Wet/Damp,None,None,1,Yes,E01001762,2005
4777,200501GD10205,535120.0,185340.0,-0.052562,51.550724,1,3,2,1,05/03/2005,7,14:15,4,E09000012,3,107,Single carriageway,30,None,-1,0,None within 50 metres,Zebra crossing,Daylight: Street light present,Fine without high winds,Dry,None,None,1,Yes,E01001734,2005
4778,200501GD10207,534010.0,185750.0,-0.068405,51.554673,1,3,2,1,08/02/2005,3,09:33,4,E09000012,5,0,Single carriageway,30,Giveway or uncontrolled,5,0,None within 50 metres,No physical crossing within 50 meters,Daylight: Street light present,Fine without high winds,Dry,None,None,1,Yes,E01001833,2005
4779,200501GD10209,532080.0,187410.0,-0.095604,51.570046,1,3,2,1,02/03/2005,4,08:40,4,E09000012,3,105,Single carriageway,30,None,-1,0,None within 50 metres,No physical crossing within 50 meters,Daylight: Street light present,Raining without high winds,Wet/Damp,None,None,1,Yes,E01001714,2005
4780,200501GD10210,535460.0,185030.0,-0.04778,51.547857,1,3,2,1,06/03/2005,1,19:00,4,E09000012,5,0,Single carriageway,30,Automatic traffic signal,3,102,None within 50 metres,No physical crossing within 50 meters,Darkness: Street lights present and lit,Fine without high winds,Dry,None,None,1,Yes,E01001730,2005
4781,200501GD10212,532230.0,182850.0,-0.095154,51.529032,1,3,2,1,08/03/2005,3,18:50,3,E09000019,3,501,Dual carriageway,30,None,-1,0,None within 50 metres,No physical crossing within 50 meters,Darkness: Street lights present and lit,Fine without high winds,Dry,None,None,1,Yes,E01002702,2005
4782,200501GD10213,533430.0,182120.0,-0.078141,51.522189,1,3,1,1,02/03/2005,4,21:56,4,E09000012,3,10,Dual carriageway,30,None,-1,0,None within 50 metres,No physical crossing within 50 meters,Darkness: Street lights present and lit,Fine without high winds,Dry,None,None,1,Yes,E01001771,2005
4783,200501GD10214,532600.0,182710.0,-0.089876,51.527687,1,3,2,1,09/03/2005,4,08:10,3,E09000019,3,501,Single carriageway,30,Giveway or uncontrolled,6,0,None within 50 metres,Zebra crossing,Daylight: Street light present,Fine without high winds,Dry,None,None,1,Yes,E01002701,2005
4784,200501GD10215,533030.0,186460.0,-0.082264,51.561285,1,3,1,1,09/03/2005,4,15:46,4,E09000012,4,104,Single carriageway,30,Giveway or uncontrolled,6,0,None within 50 metres,Zebra crossing,Daylight: Street light present,Fine without high winds,Dry,None,None,1,Yes,E01001741,2005
4785,200501GD10216,534960.0,185200.0,-0.054921,51.549504,1,3,1,1,09/03/2005,4,18:30,4,E09000012,3,107,Single carriageway,30,Giveway or uncontrolled,3,107,None within 50 metres,Zebra crossing,Darkness: Street lights present and lit,Fine without high winds,Dry,None,None,1,Yes,E01001760,2005
4786,200501GD10217,534920.0,186800.0,-0.054885,51.563892,1,3,1,1,10/03/2005,5,09:20,4,E09000012,6,0,Single carriageway,30,Giveway or uncontrolled,6,0,None within 50 metres,No physical crossing within 50 meters,Daylight: Street light present,Raining without high winds,Wet/Damp,None,None,1,Yes,E01001828,2005
4787,200501GD10218,532050.0,187460.0,-0.096018,51.570502,1,3,2,1,11/03/2005,6,01:02,4,E09000012,3,503,Single carriageway,30,Automatic traffic signal,3,105,None within 50 metres,Pedestrian phase at traffic signal junction,Darkness: Street lights present and lit,Fine without high winds,Dry,None,None,1,Yes,E01001714,2005
4788,200501GD10219,534370.0,184760.0,-0.063594,51.545691,1,3,1,1,12/03/2005,7,17:15,4,E09000012,3,1207,Single carriageway,30,Giveway or uncontrolled,3,1207,None within 50 metres,No physical crossing within 50 meters,Daylight: Street light present,Fine without high winds,Dry,None,None,1,Yes,E01001763,2005
4789,200501GD10220,532720.0,187950.0,-0.086171,51.574748,1,2,2,1,14/03/2005,2,20:15,4,E09000012,5,0,Single carriageway,30,Giveway or uncontrolled,3,503,None within 50 metres,No physical crossing within 50 meters,Daylight: Street light present,Fine without high winds,Dry,None,None,1,Yes,E01001811,2005
4790,200501GD10221,532620.0,183560.0,-0.089268,51.535321,1,3,2,1,14/03/2005,2,09:40,4,E09000012,3,1200,Single carriageway,30,Giveway or uncontrolled,5,0,None within 50 metres,No physical crossing within 50 meters,Daylight: Street light present,Fine without high winds,Dry,None,None,1,Yes,E01001782,2005
4791,200501GD10222,533550.0,185240.0,-0.07523,51.550199,1,3,3,1,15/03/2005,3,22:47,4,E09000012,3,10,Single carriageway,30,None,-1,0,None within 50 metres,No physical crossing within 50 meters,Darkness: Street lights present and lit,Fine without high winds,Dry,None,None,1,Yes,E01001743,2005
4792,200501GD10224,534040.0,185020.0,-0.068251,51.548106,1,3,1,1,15/03/2005,3,18:18,4,E09000012,5,0,Single carriageway,30,Giveway or uncontrolled,3,104,None within 50 metres,Zebra crossing,Darkness: Street lights present and lit,Fine without high winds,Dry,None,None,1,Yes,E01001761,2005
4793,200501GD10225,532780.0,186730.0,-0.085767,51.56377,1,3,2,1,15/03/2005,3,19:39,4,E09000012,6,0,Single carriageway,30,None,-1,0,None within 50 metres,No physical crossing within 50 meters,Darkness: Street lights present and lit,Fine without high winds,Dry,None,None,1,Yes,E01001803,2005
4794,200501GD10226,534370.0,184760.0,-0.063594,51.545691,1,3,1,1,16/03/2005,4,21:35,4,E09000012,3,1207,Single carriageway,30,Giveway or uncontrolled,3,1207,None within 50 metres,non-junction pedestrian crossing,Darkness: Street lights present and lit,Fine without high winds,Dry,None,None,1,Yes,E01001763,2005
4795,200501GD10227,533230.0,186550.0,-0.079347,51.562047,1,3,2,1,06/01/2005,5,17:30,4,E09000012,4,104,Single carriageway,30,Giveway or uncontrolled,4,104,None within 50 metres,No physical crossing within 50 meters,Darkness: Street lights present and lit,Fine without high winds,Dry,None,None,1,No,E01001741,2005
4796,200501GD10228,532050.0,187460.0,-0.096018,51.570502,1,3,2,1,17/03/2005,5,04:32,4,E09000012,3,105,Dual carriageway,30,Automatic traffic signal,3,503,None within 50 metres,Pedestrian phase at traffic signal junction,Darkness: Street lights present and lit,Fine without high winds,Dry,None,None,1,Yes,E01001714,2005
4797,200501GD10229,533550.0,185110.0,-0.075279,51.549031,1,3,1,1,17/03/2005,5,11:00,4,E09000012,3,10,Dual carriageway,30,None,-1,0,None within 50 metres,non-junction pedestrian crossing,Daylight: Street light present,Fine without high winds,Dry,None,None,1,Yes,E01001743,2005
4798,200501GD10230,533220.0,184390.0,-0.080308,51.542638,1,3,2,1,18/03/2005,6,06:05,4,E09000012,5,0,Roundabout,30,Giveway or uncontrolled,5,0,None within 50 metres,Zebra crossing,Daylight: Street light present,Fine without high winds,Dry,None,None,1,Yes,E01001750,2005
4799,200501GD10231,534760.0,186560.0,-0.057283,51.561773,1,3,2,1,19/03/2005,7,19:21,4,E09000012,3,107,Single carriageway,30,Giveway or uncontrolled,6,0,None within 50 metres,No physical crossing within 50 meters,Darkness: Street lights present and lit,Fine without high winds,Dry,None,None,1,Yes,E01001798,2005
4800,200501GD10232,534230.0,186980.0,-0.064765,51.565674,1,3,2,3,10/03/2005,5,19:34,4,E09000012,5,0,Single carriageway,30,Giveway or uncontrolled,6,0,None within 50 metres,Central refuge,Darkness: Street lights present and lit,Fine without high winds,Dry,None,None,1,Yes,E01001728,2005
4801,200501GD10233,533660.0,187200.0,-0.0729,51.567786,1,3,2,2,10/03/2005,5,10:14,4,E09000012,3,10,Dual carriageway,30,Giveway or uncontrolled,6,0,None within 50 metres,No physical crossing within 50 meters,Daylight: Street light present,Fine without high winds,Wet/Damp,None,None,1,Yes,E01001724,2005
4802,200501GD10234,533440.0,182160.0,-0.077982,51.522546,1,3,2,1,17/03/2005,5,19:00,4,E09000012,3,1202,Single carriageway,30,Giveway or uncontrolled,3,10,None within 50 metres,Pedestrian phase at traffic signal junction,Darkness: Street lights present and lit,Fine without high winds,Dry,None,None,1,Yes,E01001771,2005
4803,200501GD10236,532730.0,187940.0,-0.086031,51.574656,1,3,2,1,22/03/2005,3,19:20,4,E09000012,3,503,Dual carriageway,30,None,-1,0,None within 50 metres,No physical crossing within 50 meters,Darkness: Street lights present and lit,Fine without high winds,Dry,None,None,1,Yes,E01001811,2005
4804,200501GD10237,534790.0,184150.0,-0.057774,51.540109,1,3,2,1,22/03/2005,3,09:05,4,E09000012,6,0,Single carriageway,30,Giveway or uncontrolled,6,0,None within 50 metres,No physical crossing within 50 meters,Daylight: Street light present,Raining without high winds,Wet/Damp,None,None,1,Yes,E01001818,2005
4805,200501GD10238,534890.0,184080.0,-0.056359,51.539456,1,3,2,3,23/03/2005,4,20:58,4,E09000012,6,0,Single carriageway,30,Giveway or uncontrolled,3,107,None within 50 metres,No physical crossing within 50 meters,Darkness: Street lights present and lit,Fine without high winds,Dry,None,None,1,Yes,E01001818,2005
4806,200501GD10239,533760.0,185420.0,-0.072135,51.551767,1,3,2,1,23/03/2005,4,11:55,4,E09000012,5,0,Single carriageway,30,Giveway or uncontrolled,6,0,None within 50 metres,No physical crossing within 50 meters,Daylight: Street light present,Fine without high winds,Dry,None,None,1,Yes,E01001747,2005
4807,200501GD10240,533570.0,182800.0,-0.075867,51.528267,1,3,2,1,23/03/2005,4,08:20,4,E09000012,3,1208,Single carriageway,30,Giveway or uncontrolled,6,0,None within 50 metres,Zebra crossing,Daylight: Street light present,Fine without high winds,Dry,None,None,1,Yes,E01001771,2005
4808,200501GD10241,535850.0,185120.0,-0.042124,51.548572,1,3,2,1,23/03/2005,4,17:05,4,E09000012,3,102,Single carriageway,30,Giveway or uncontrolled,5,0,None within 50 metres,non-junction pedestrian crossing,Daylight: Street light present,Fine without high winds,Dry,None,None,1,Yes,E01001733,2005
4809,200501GD10242,534490.0,187240.0,-0.060916,51.567949,1,3,2,1,09/03/2005,4,21:00,4,E09000012,3,107,Single carriageway,30,None,-1,0,None within 50 metres,No physical crossing within 50 meters,Darkness: Street lights present and lit,Raining without high winds,Wet/Damp,None,None,1,Yes,E01001827,2005
4810,200501GD10243,534840.0,183890.0,-0.057153,51.537761,1,3,2,1,24/03/2005,5,22:05,4,E09000012,3,107,Dual carriageway,30,Automatic traffic signal,5,0,None within 50 metres,No physical crossing within 50 meters,Darkness: Street lights present and lit,Fine without high winds,Dry,None,None,1,Yes,E01001818,2005
4811,200501GD10245,532050.0,187460.0,-0.096018,51.570502,1,3,2,1,26/03/2005,7,13:13,4,E09000012,3,105,Single carriageway,30,Automatic traffic signal,3,503,None within 50 metres,Pedestrian phase at traffic signal junction,Daylight: Street light present,Fine without high winds,Dry,None,None,1,Yes,E01001714,2005
4812,200501GD10246,532050.0,187480.0,-0.096011,51.570682,1,3,2,1,28/03/2005,2,22:30,4,E09000012,3,105,Dual carriageway,30,Automatic traffic signal,3,503,None within 50 metres,Pedestrian phase at traffic signal junction,Darkness: Street lights present and lit,Fine without high winds,Dry,None,None,1,Yes,E01002002,2005
4813,200501GD10247,532840.0,186410.0,-0.085022,51.560881,1,2,1,1,28/03/2005,2,12:35,4,E09000012,5,0,Single carriageway,30,None,-1,0,None within 50 metres,No physical crossing within 50 meters,Daylight: Street light present,Raining without high winds,Wet/Damp,None,None,1,Yes,E01001806,2005
4814,200501GD10248,535240.0,183980.0,-0.051354,51.538474,1,3,2,1,30/03/2005,4,18:26,4,E09000012,5,0,Single carriageway,30,Giveway or uncontrolled,6,0,None within 50 metres,No physical crossing within 50 meters,Darkness: Street lights present and lit,Fine without high winds,Dry,None,None,1,Yes,E01001843,2005
4815,200501GD10249,532090.0,187510.0,-0.095423,51.570942,1,3,1,1,11/03/2005,6,20:06,4,E09000012,3,503,Single carriageway,30,None,-1,0,None within 50 metres,No physical crossing within 50 meters,Darkness: Street lights present and lit,Raining without high winds,Wet/Damp,None,None,1,No,E01001813,2005
4816,200501GD10250,534850.0,183810.0,-0.057039,51.537039,1,3,1,1,11/03/2005,6,08:35,4,E09000012,3,107,Single carriageway,30,None,-1,0,None within 50 metres,No physical crossing within 50 meters,Daylight: Street light present,Fine without high winds,Dry,None,None,1,Yes,E01001818,2005
4817,200501GD10251,533720.0,187790.0,-0.07181,51.573074,1,3,1,1,01/04/2005,6,18:52,4,E09000012,3,107,Single carriageway,30,Giveway or uncontrolled,6,0,None within 50 metres,No physical crossing within 50 meters,Daylight: Street light present,Fine without high winds,Dry,None,None,1,Yes,E01001808,2005
4818,200501GD10252,532980.0,185430.0,-0.083374,51.552041,1,3,2,1,01/04/2005,6,16:36,3,E09000019,5,0,Single carriageway,30,Giveway or uncontrolled,6,0,None within 50 metres,No physical crossing within 50 meters,Daylight: Street light present,Fine without high winds,Dry,None,None,1,Yes,E01001740,2005
4819,200501GD10253,533600.0,186350.0,-0.074088,51.560162,1,3,3,1,01/04/2005,6,20:30,4,E09000012,3,10,Single carriageway,30,None,-1,0,None within 50 metres,No physical crossing within 50 meters,Darkness: Street lights present and lit,Fine without high winds,Dry,None,None,1,Yes,E01001830,2005
4820,200501GD10254,534500.0,187150.0,-0.060806,51.567137,1,3,1,1,02/04/2005,7,14:00,4,E09000012,3,107,Single carriageway,30,None,-1,0,None within 50 metres,No physical crossing within 50 meters,Daylight: Street light present,Fine without high winds,Dry,Roadworks,None,1,Yes,E01001728,2005
4821,200501GD10255,534950.0,184540.0,-0.055319,51.543576,1,3,2,1,02/04/2005,7,21:32,4,E09000012,5,0,Single carriageway,30,Automatic traffic signal,3,107,None within 50 metres,Pedestrian phase at traffic signal junction,Darkness: Street lights present and lit,Fine without high winds,Dry,None,None,1,Yes,E01001731,2005
4822,200501GD10256,533550.0,185270.0,-0.075219,51.550469,1,3,2,1,03/04/2005,1,14:59,4,E09000012,5,0,Single carriageway,30,Automatic traffic signal,3,10,None within 50 metres,Pedestrian phase at traffic signal junction,Daylight: Street light present,Fine without high winds,Dry,None,None,1,Yes,E01001743,2005
4823,200501GD10257,534010.0,185340.0,-0.068561,51.550989,1,3,1,1,03/04/2005,1,18:10,4,E09000012,5,0,Single carriageway,30,Giveway or uncontrolled,5,0,None within 50 metres,No physical crossing within 50 meters,Daylight: Street light present,Fine without high winds,Dry,None,None,1,Yes,E01001748,2005
4824,200501GD10258,533930.0,184790.0,-0.069924,51.546065,1,3,4,1,03/04/2005,1,19:13,4,E09000012,3,104,Single carriageway,30,Automatic traffic signal,4,108,None within 50 metres,Pedestrian phase at traffic signal junction,Daylight: Street light present,Fine without high winds,Dry,None,None,1,Yes,E01001744,2005
4825,200501GD10259,532540.0,182730.0,-0.090733,51.527881,1,3,5,2,03/04/2005,1,14:35,3,E09000019,3,501,Single carriageway,30,Giveway or uncontrolled,6,0,None within 50 metres,No physical crossing within 50 meters,Daylight: Street light present,Fine without high winds,Dry,None,None,1,Yes,E01002701,2005
4826,200501GD10262,533760.0,187140.0,-0.071481,51.567223,1,3,3,1,06/04/2005,4,11:15,4,E09000012,6,0,Single carriageway,30,Giveway or uncontrolled,6,0,None within 50 metres,No physical crossing within 50 meters,Daylight: Street light present,Fine without high winds,Dry,None,None,1,Yes,E01001724,2005
4827,200501GD10263,532060.0,187470.0,-0.09587,51.570589,1,3,2,1,07/04/2005,5,00:01,4,E09000012,3,105,Dual carriageway,50,Automatic traffic signal,3,503,None within 50 metres,Pedestrian phase at traffic signal junction,Darkness: Street lights present and lit,Raining without high winds,Wet/Damp,None,None,1,Yes,E01001721,2005
4828,200501GD10264,535530.0,185040.0,-0.046767,51.54793,1,3,4,2,10/04/2005,1,16:30,4,E09000012,3,102,Single carriageway,30,Giveway or uncontrolled,6,0,None within 50 metres,No physical crossing within 50 meters,Daylight: Street light present,Fine without high winds,Dry,None,None,1,Yes,E01001730,2005
4829,200501GD10265,533370.0,187910.0,-0.076812,51.574235,1,3,1,1,12/04/2005,3,20:40,4,E09000012,3,107,Single carriageway,30,None,-1,0,None within 50 metres,No physical crossing within 50 meters,Darkness: Street lights present and lit,Fine without high winds,Dry,None,None,1,Yes,E01001807,2005
4830,200501GD10266,534540.0,187000.0,-0.060287,51.56578,1,2,1,2,10/04/2005,1,20:10,4,E09000012,3,107,Single carriageway,30,Automatic traffic signal,3,107,None within 50 metres,Pedestrian phase at traffic signal junction,Darkness: Street lights present and lit,Fine without high winds,Dry,None,None,1,Yes,E01001728,2005
4831,200501GD10267,535450.0,184910.0,-0.04797,51.546781,1,3,1,1,22/03/2005,3,08:51,4,E09000012,4,113,Single carriageway,30,Automatic traffic signal,5,0,None within 50 metres,No physical crossing within 50 meters,Daylight: Street light present,Raining without high winds,Wet/Damp,None,None,1,Yes,E01001731,2005
4832,200501GD10268,532850.0,186920.0,-0.084686,51.565461,1,3,1,1,26/03/2005,7,21:40,4,E09000012,5,0,Single carriageway,30,None,-1,0,None within 50 metres,No physical crossing within 50 meters,Darkness: Street lights present and lit,Raining without high winds,Wet/Damp,None,None,1,Yes,E01001801,2005
4833,200501GD10269,533590.0,186220.0,-0.074281,51.558996,1,3,1,1,08/04/2005,6,16:45,4,E09000012,3,10,Single carriageway,30,None,-1,0,None within 50 metres,No physical crossing within 50 meters,Daylight: Street light present,Fine without high winds,Dry,None,None,1,Yes,E01001830,2005
4834,200501GD10270,532070.0,187460.0,-0.09573,51.570497,1,3,1,1,11/04/2005,2,16:15,4,E09000012,3,105,Dual carriageway,30,Automatic traffic signal,3,503,None within 50 metres,No physical crossing within 50 meters,Daylight: Street light present,Fine without high winds,Dry,None,None,1,Yes,E01001721,2005
4835,200501GD10271,533470.0,185940.0,-0.076118,51.556508,1,3,1,1,12/04/2005,3,10:24,4,E09000012,6,0,Single carriageway,30,Giveway or uncontrolled,6,0,None within 50 metres,No physical crossing within 50 meters,Daylight: Street light present,Fine without high winds,Dry,None,None,1,Yes,E01001830,2005
4836,200501GD10272,531820.0,187180.0,-0.09944,51.568039,1,3,2,1,13/04/2005,4,12:40,4,E09000012,6,0,Single carriageway,30,Giveway or uncontrolled,3,503,None within 50 metres,No physical crossing within 50 meters,Daylight: Street light present,Fine without high winds,Dry,None,None,1,Yes,E01001716,2005
4837,200501GD10273,533650.0,186920.0,-0.07315,51.565273,1,3,1,1,14/04/2005,5,09:30,4,E09000012,3,10,Single carriageway,30,Giveway or uncontrolled,4,105,None within 50 metres,non-junction pedestrian crossing,Daylight: Street light present,Fine without high winds,Dry,None,None,1,Yes,E01001805,2005
4838,200501GD10275,534690.0,186680.0,-0.058247,51.562869,1,3,2,2,10/03/2005,5,14:15,4,E09000012,3,107,Single carriageway,30,Automatic traffic signal,4,111,None within 50 metres,Pedestrian phase at traffic signal junction,Daylight: Street light present,Fine without high winds,Dry,None,None,1,Yes,E01001767,2005
4839,200501GD10276,534970.0,184770.0,-0.054942,51.545638,1,3,1,1,17/04/2005,1,21:15,4,E09000012,5,0,Single carriageway,30,Giveway or uncontrolled,4,113,None within 50 metres,No physical crossing within 50 meters,Darkness: Street lights present and lit,Raining without high winds,Wet/Damp,None,None,1,Yes,E01001731,2005
4840,200501GD10277,534220.0,183140.0,-0.066373,51.531168,1,3,2,1,02/04/2005,7,13:30,5,E09000030,3,1208,Single carriageway,30,Giveway or uncontrolled,5,0,None within 50 metres,Zebra crossing,Daylight: Street light present,Fine without high winds,Dry,None,None,1,No,E01001774,2005
4841,200501GD10278,533560.0,185440.0,-0.07501,51.551994,1,3,2,1,08/04/2005,6,16:45,4,E09000012,6,0,Single carriageway,30,Giveway or uncontrolled,3,10,None within 50 metres,No physical crossing within 50 meters,Daylight: Street light present,Fine without high winds,Dry,None,None,1,No,E01001747,2005
4842,200501GD10279,533660.0,187140.0,-0.072923,51.567247,1,3,2,1,08/04/2005,6,08:55,4,E09000012,6,0,Single carriageway,30,Giveway or uncontrolled,3,10,None within 50 metres,No physical crossing within 50 meters,Daylight: Street light present,Raining without high winds,Wet/Damp,None,None,1,No,E01001724,2005
4843,200501GD10281,533630.0,182920.0,-0.074957,51.529331,1,3,2,1,22/03/2005,3,07:25,4,E09000012,6,0,Single carriageway,30,Giveway or uncontrolled,3,1208,None within 50 metres,No physical crossing within 50 meters,Daylight: Street light present,Raining without high winds,Wet/Damp,None,None,1,No,E01001777,2005
4844,200501GD10282,534750.0,186580.0,-0.05742,51.561956,1,3,2,1,13/03/2005,1,11:10,4,E09000012,6,0,Single carriageway,30,Giveway or uncontrolled,3,107,None within 50 metres,No physical crossing within 50 meters,Daylight: Street light present,Fine without high winds,Dry,None,None,1,No,E01001798,2005
4845,200501GD10284,536280.0,185240.0,-0.03588,51.549547,1,3,2,3,14/03/2005,2,05:00,4,E09000012,6,0,Single carriageway,30,Giveway or uncontrolled,4,112,None within 50 metres,No physical crossing within 50 meters,Darkness: Street lights present and lit,Fine without high winds,Dry,None,None,1,No,E01001847,2005
4846,200501GD10285,535540.0,183900.0,-0.047062,51.537683,1,3,2,1,21/03/2005,2,20:25,4,E09000012,3,106,Single carriageway,30,Giveway or uncontrolled,6,0,None within 50 metres,No physical crossing within 50 meters,Darkness: Street lights present and lit,Fine without high winds,Dry,None,None,1,No,E01001836,2005
4847,200501GD10286,534840.0,186150.0,-0.056287,51.55807,1,3,2,1,22/03/2005,3,19:17,4,E09000012,3,107,Roundabout,30,Giveway or uncontrolled,5,0,None within 50 metres,No physical crossing within 50 meters,Darkness: Street lights present and lit,Fine without high winds,Dry,None,None,1,No,E01001770,2005
4848,200501GD10287,532600.0,182700.0,-0.08988,51.527597,1,3,2,1,14/03/2005,2,17:45,3,E09000019,6,0,Single carriageway,30,Giveway or uncontrolled,3,501,None within 50 metres,No physical crossing within 50 meters,Darkness: Street lights present and lit,Fine without high winds,Dry,None,None,1,No,E01002701,2005
4849,200501GD10289,537190.0,183530.0,-0.02343,51.53396,1,3,2,1,02/04/2005,7,11:49,5,E09000030,3,12,Dual carriageway,40,None,-1,0,None within 50 metres,No physical crossing within 50 meters,Daylight: Street light present,Fine without high winds,Dry,None,None,1,Yes,E01004227,2005
4850,200501GD10290,535460.0,185030.0,-0.04778,51.547857,1,3,2,1,07/04/2005,5,14:10,4,E09000012,3,102,Single carriageway,30,Automatic traffic signal,5,0,None within 50 metres,No physical crossing within 50 meters,Daylight: Street light present,Fine without high winds,Dry,None,None,1,No,E01001730,2005
4851,200501GD10291,532960.0,184810.0,-0.083897,51.546474,1,3,2,1,01/04/2005,6,09:15,3,E09000019,3,104,Single carriageway,30,Automatic traffic signal,4,102,None within 50 metres,No physical crossing within 50 meters,Daylight: Street light present,Unknown,Dry,None,None,1,No,E01002716,2005
4852,200501GD10292,533930.0,184280.0,-0.070118,51.541482,1,3,2,1,24/03/2005,5,20:40,4,E09000012,4,108,Single carriageway,30,Giveway or uncontrolled,6,0,None within 50 metres,No physical crossing within 50 meters,Darkness: Street lights present and lit,Fine without high winds,Dry,None,None,1,Yes,E01001817,2005
4853,200501GD10293,533250.0,183280.0,-0.080296,51.532656,1,3,2,1,31/03/2005,5,15:55,4,E09000012,6,0,Dual carriageway,30,Giveway or uncontrolled,6,0,None within 50 metres,No physical crossing within 50 meters,Daylight: Street light present,Fine without high winds,Dry,None,None,1,Yes,E01001784,2005
4854,200501GD10294,534850.0,184000.0,-0.056966,51.538747,1,3,2,1,04/04/2005,2,14:04,4,E09000012,6,0,Single carriageway,30,Giveway or uncontrolled,3,107,None within 50 metres,No physical crossing within 50 meters,Daylight: Street light present,Raining without high winds,Wet/Damp,None,None,1,Yes,E01001818,2005
4855,200501GD10295,533070.0,183050.0,-0.082976,51.530632,1,3,1,1,05/04/2005,3,08:36,4,E09000012,5,0,Single carriageway,30,None,-1,0,None within 50 metres,No physical crossing within 50 meters,Daylight: Street light present,Fine without high winds,Dry,None,None,1,Yes,E01001778,2005
4856,200501GD10297,532370.0,186360.0,-0.091817,51.560542,1,3,1,1,14/04/2005,5,05:21,4,E09000012,3,105,Single carriageway,30,Giveway or uncontrolled,5,0,None within 50 metres,No physical crossing within 50 meters,Darkness: Street lights present and lit,Fine without high winds,Dry,None,None,1,Yes,E01001719,2005
4857,200501GD10298,533350.0,186570.0,-0.077609,51.562198,1,3,1,1,16/03/2005,4,17:30,4,E09000012,4,104,Single carriageway,30,None,-1,0,None within 50 metres,No physical crossing within 50 meters,Darkness: Street lights present and lit,Raining without high winds,Wet/Damp,None,None,1,Yes,E01001805,2005
4858,200501GD10300,533020.0,182560.0,-0.083881,51.52624,1,3,1,1,17/04/2005,1,02:50,4,E09000012,3,5201,Dual carriageway,40,None,-1,0,None within 50 metres,No physical crossing within 50 meters,Darkness: Street lights present and lit,Fine without high winds,Dry,None,None,1,Yes,E01001771,2005
4859,200501GD10301,533160.0,184200.0,-0.081245,51.540945,1,3,2,1,22/04/2005,6,09:27,4,E09000012,6,0,Dual carriageway,30,None,-1,0,None within 50 metres,No physical crossing within 50 meters,Daylight: Street light present,Fine without high winds,Dry,None,None,1,Yes,E01001751,2005
4860,200501GD10302,534110.0,185400.0,-0.067097,51.551504,1,3,2,1,20/04/2005,4,10:31,4,E09000012,5,0,Single carriageway,30,Giveway or uncontrolled,6,0,None within 50 metres,No physical crossing within 50 meters,Daylight: Street light present,Fine without high winds,Dry,None,None,1,Yes,E01001745,2005
4861,200501GD10303,533140.0,182610.0,-0.082134,51.526661,1,3,2,1,14/03/2005,2,14:20,4,E09000012,3,5201,Dual carriageway,30,Giveway or uncontrolled,6,0,None within 50 metres,No physical crossing within 50 meters,Daylight: Street light present,Fine without high winds,Dry,None,None,1,Yes,E01001771,2005
4862,200501GD10304,533620.0,186540.0,-0.073727,51.561865,1,3,1,1,18/04/2005,2,16:30,4,E09000012,3,10,Single carriageway,30,Automatic traffic signal,4,104,None within 50 metres,Pedestrian phase at traffic signal junction,Daylight: Street light present,Fine without high winds,Dry,None,None,1,Yes,E01001829,2005
4863,200501GD10305,534310.0,184480.0,-0.064565,51.543189,1,3,1,1,18/04/2005,2,15:59,4,E09000012,5,0,Single carriageway,30,Giveway or uncontrolled,5,0,None within 50 metres,No physical crossing within 50 meters,Daylight: Street light present,Fine without high winds,Dry,None,None,1,Yes,E01001816,2005
4864,200501GD10306,532360.0,186570.0,-0.091883,51.562431,1,3,2,1,20/04/2005,4,10:41,4,E09000012,3,105,Single carriageway,30,None,-1,0,None within 50 metres,Zebra crossing,Daylight: Street light present,Fine without high winds,Dry,None,None,1,Yes,E01001806,2005
4865,200501GD10308,536450.0,185310.0,-0.033403,51.550135,1,3,2,1,15/04/2005,6,13:13,4,E09000012,4,112,Single carriageway,30,Giveway or uncontrolled,6,0,None within 50 metres,No physical crossing within 50 meters,Daylight: Street light present,Raining without high winds,Wet/Damp,None,None,1,Yes,E01001847,2005
4866,200501GD10309,532760.0,183270.0,-0.08736,51.532682,1,3,1,1,19/04/2005,3,12:24,4,E09000012,3,1200,Single carriageway,30,Giveway or uncontrolled,4,102,None within 50 metres,No physical crossing within 50 meters,Daylight: Street light present,Fine without high winds,Dry,None,None,1,Yes,E01001783,2005
4867,200501GD10310,535420.0,186510.0,-0.047787,51.561166,1,3,2,1,23/04/2005,7,12:53,4,E09000012,3,104,Single carriageway,30,None,-1,0,None within 50 metres,No physical crossing within 50 meters,Daylight: Street light present,Fine without high winds,Dry,None,None,1,Yes,E01001797,2005
4868,200501GD10311,533840.0,186420.0,-0.070601,51.560734,1,3,1,1,25/04/2005,2,01:08,4,E09000012,5,0,One way street,30,Giveway or uncontrolled,3,10,None within 50 metres,No physical crossing within 50 meters,Darkness: Street lights present and lit,Raining without high winds,Wet/Damp,None,None,1,Yes,E01001831,2005
4869,200501GD10312,533470.0,183980.0,-0.076861,51.538895,1,3,2,1,16/04/2005,7,12:40,4,E09000012,5,0,Dual carriageway,30,Giveway or uncontrolled,3,10,None within 50 metres,No physical crossing within 50 meters,Daylight: Street light present,Fine without high winds,Dry,None,None,1,Yes,E01001754,2005
4870,200501GD10313,535050.0,183910.0,-0.054119,51.53789,1,3,2,1,19/04/2005,3,18:10,4,E09000012,5,0,Single carriageway,30,Giveway or uncontrolled,5,0,None within 50 metres,No physical crossing within 50 meters,Daylight: Street light present,Fine without high winds,Dry,None,None,1,Yes,E01001842,2005
4871,200501GD10314,534850.0,183770.0,-0.057055,51.53668,1,3,2,1,14/03/2005,2,14:45,4,E09000012,3,107,Dual carriageway,30,Giveway or uncontrolled,6,0,None within 50 metres,No physical crossing within 50 meters,Daylight: Street light present,Fine without high winds,Dry,None,None,1,No,E01001818,2005
4872,200501GD10315,534950.0,184790.0,-0.055223,51.545822,1,3,2,1,14/04/2005,5,13:00,4,E09000012,3,107,Single carriageway,30,Giveway or uncontrolled,4,113,None within 50 metres,No physical crossing within 50 meters,Daylight: Street light present,Fine without high winds,Dry,None,None,1,No,E01001762,2005
4873,200501GD10317,533590.0,186250.0,-0.07427,51.559266,1,3,2,1,18/04/2005,2,14:15,4,E09000012,6,0,Single carriageway,30,Giveway or uncontrolled,3,10,None within 50 metres,No physical crossing within 50 meters,Daylight: Street light present,Fine without high winds,Dry,None,None,1,No,E01001830,2005
4874,200501GD10318,534810.0,186340.0,-0.056647,51.559785,1,3,2,1,22/04/2005,6,19:00,4,E09000012,6,0,Single carriageway,30,Giveway or uncontrolled,3,107,None within 50 metres,No physical crossing within 50 meters,Daylight: Street light present,Fine without high winds,Dry,None,None,1,No,E01001767,2005
4875,200501GD10320,534020.0,187490.0,-0.067598,51.570307,1,3,1,1,19/04/2005,3,15:45,4,E09000012,6,0,Single carriageway,30,Giveway or uncontrolled,6,0,None within 50 metres,No physical crossing within 50 meters,Daylight: Street light present,Fine without high winds,Dry,None,None,1,Yes,E01001826,2005
4876,200501GD10321,532720.0,187920.0,-0.086183,51.574479,1,3,1,1,20/04/2005,4,18:00,4,E09000012,3,107,Single carriageway,30,Giveway or uncontrolled,3,503,None within 50 metres,No physical crossing within 50 meters,Daylight: Street light present,Fine without high winds,Dry,None,None,1,No,E01001811,2005
4877,200501GD10322,535300.0,185090.0,-0.050063,51.548434,1,3,1,1,20/04/2005,4,22:04,4,E09000012,6,0,Single carriageway,30,Giveway or uncontrolled,3,102,None within 50 metres,No physical crossing within 50 meters,Darkness: Street lights present and lit,Fine without high winds,Dry,None,None,1,Yes,E01001735,2005
4878,200501GD10323,532030.0,187450.0,-0.09631,51.570417,1,3,2,1,21/04/2005,5,16:03,4,E09000012,3,503,Dual carriageway,30,Automatic traffic signal,3,105,None within 50 metres,No physical crossing within 50 meters,Daylight: Street light present,Fine without high winds,Dry,None,None,1,Yes,E01001714,2005
4879,200501GD10324,533520.0,182720.0,-0.076617,51.52756,1,3,2,1,21/04/2005,5,15:39,4,E09000012,3,1208,Single carriageway,30,None,-1,0,None within 50 metres,No physical crossing within 50 meters,Daylight: Street light present,Fine without high winds,Dry,None,None,1,Yes,E01004311,2005
4880,200501GD10325,534940.0,184940.0,-0.055309,51.547173,1,3,1,1,24/04/2005,1,10:08,4,E09000012,3,107,Single carriageway,30,Automatic traffic signal,3,107,None within 50 metres,Pedestrian phase at traffic signal junction,Daylight: Street light present,Fine without high winds,Dry,None,None,1,Yes,E01001760,2005
4881,200501GD10326,532040.0,187480.0,-0.096155,51.570684,1,3,2,1,25/04/2005,2,21:20,4,E09000012,3,105,Dual carriageway,30,Automatic traffic signal,3,503,None within 50 metres,Pedestrian phase at traffic signal junction,Darkness: Street lights present and lit,Raining without high winds,Wet/Damp,None,None,1,Yes,E01002002,2005
4882,200501GD10327,533180.0,186540.0,-0.080071,51.561969,1,3,2,1,28/04/2005,5,12:10,4,E09000012,4,104,Single carriageway,30,Giveway or uncontrolled,5,0,None within 50 metres,No physical crossing within 50 meters,Daylight: Street light present,Fine without high winds,Dry,None,None,1,Yes,E01001741,2005
4883,200501GD10328,533510.0,184780.0,-0.075981,51.546075,1,3,2,1,29/04/2005,6,01:36,4,E09000012,3,104,Single carriageway,30,Automatic traffic signal,3,10,None within 50 metres,Pedestrian phase at traffic signal junction,Darkness: Street lights present and lit,Raining without high winds,Wet/Damp,None,None,1,Yes,E01001756,2005
4884,200501GD10329,534240.0,187860.0,-0.064284,51.57358,1,3,2,1,29/04/2005,6,16:37,4,E09000012,6,0,Single carriageway,30,Giveway or uncontrolled,6,0,None within 50 metres,No physical crossing within 50 meters,Daylight: Street light present,Fine without high winds,Dry,None,None,1,Yes,E01001825,2005
4885,200501GD10331,535140.0,185340.0,-0.052273,51.550719,1,3,1,1,03/03/2005,5,11:58,4,E09000012,3,107,Single carriageway,30,None,-1,0,None within 50 metres,No physical crossing within 50 meters,Daylight: Street light present,Fine without high winds,Dry,None,None,1,Yes,E01001734,2005
4886,200501GD10332,532400.0,186760.0,-0.091234,51.564129,1,3,2,1,19/04/2005,3,09:58,4,E09000012,6,0,Single carriageway,30,Giveway or uncontrolled,4,105,None within 50 metres,No physical crossing within 50 meters,Daylight: Street light present,Fine without high winds,Dry,None,None,1,Yes,E01001803,2005
4887,200501GD10333,533520.0,184790.0,-0.075833,51.546162,1,3,2,1,21/04/2005,5,17:20,4,E09000012,3,104,Single carriageway,30,Automatic traffic signal,3,10,None within 50 metres,Pedestrian phase at traffic signal junction,Daylight: Street light present,Fine without high winds,Dry,None,None,1,Yes,E01001743,2005
4888,200501GD10334,533470.0,183530.0,-0.077031,51.534851,1,3,2,1,21/04/2005,5,17:20,4,E09000012,3,10,Single carriageway,30,None,-1,0,None within 50 metres,No physical crossing within 50 meters,Daylight: Street light present,Fine without high winds,Dry,None,None,1,Yes,E01001755,2005
4889,200501GD10335,533060.0,186620.0,-0.081771,51.562716,1,3,2,1,22/04/2005,6,09:10,4,E09000012,5,0,Single carriageway,30,Giveway or uncontrolled,6,0,None within 50 metres,No physical crossing within 50 meters,Daylight: Street light present,Fine without high winds,Dry,None,None,1,Yes,E01001806,2005
4890,200501GD10337,535910.0,184450.0,-0.041518,51.542537,1,2,1,1,23/04/2005,7,22:00,4,E09000012,5,0,Single carriageway,30,Giveway or uncontrolled,6,0,None within 50 metres,No physical crossing within 50 meters,Darkness: Street lights present and lit,Fine without high winds,Dry,None,Any animal (except a ridden horse),1,No,E01001845,2005
4891,200501GD10338,533670.0,184800.0,-0.073667,51.546216,1,3,2,1,24/04/2005,1,18:58,4,E09000012,6,0,Single carriageway,30,Giveway or uncontrolled,3,104,None within 50 metres,No physical crossing within 50 meters,Daylight: Street light present,Fine without high winds,Dry,None,None,1,No,E01001743,2005
4892,200501GD10339,532720.0,187910.0,-0.086186,51.574389,1,3,2,1,01/05/2005,1,01:45,4,E09000012,3,503,Single carriageway,30,Giveway or uncontrolled,3,107,None within 50 metres,No physical crossing within 50 meters,Darkness: Street lights present and lit,Fine without high winds,Dry,None,None,1,No,E01001811,2005
4893,200501GD10341,535350.0,185490.0,-0.049189,51.552017,1,3,1,1,22/04/2005,6,19:20,4,E09000012,5,0,Single carriageway,30,Giveway or uncontrolled,6,0,None within 50 metres,No physical crossing within 50 meters,Darkness: Street lights present and lit,Fine without high winds,Dry,None,None,1,Yes,E01001734,2005
4894,200501GD10342,534840.0,183690.0,-0.057229,51.535963,1,3,1,1,23/04/2005,7,11:55,4,E09000012,3,107,Single carriageway,30,None,-1,0,None within 50 metres,No physical crossing within 50 meters,Daylight: Street light present,Fine without high winds,Dry,None,None,1,Yes,E01001818,2005
4895,200501GD10344,533600.0,186440.0,-0.074054,51.560971,1,3,2,1,26/04/2005,3,13:15,4,E09000012,3,10,Single carriageway,30,None,-1,0,None within 50 metres,No physical crossing within 50 meters,Daylight: Street light present,Fine without high winds,Dry,None,None,1,Yes,E01001829,2005
4896,200501GD10345,532960.0,183010.0,-0.084576,51.530298,1,3,2,1,26/04/2005,3,18:50,4,E09000012,6,0,Single carriageway,30,Giveway or uncontrolled,4,101,None within 50 metres,No physical crossing within 50 meters,Daylight: Street light present,Fine without high winds,Dry,None,None,1,Yes,E01001778,2005
4897,200501GD10346,535040.0,185660.0,-0.053592,51.553619,1,3,2,1,27/04/2005,4,17:40,4,E09000012,3,107,Single carriageway,30,None,-1,0,None within 50 metres,No physical crossing within 50 meters,Daylight: Street light present,Fine without high winds,Dry,None,None,1,Yes,E01001795,2005
4898,200501GD10347,534000.0,185970.0,-0.068466,51.556652,1,3,2,1,29/04/2005,6,12:34,4,E09000012,5,0,Single carriageway,30,Giveway or uncontrolled,6,0,None within 50 metres,No physical crossing within 50 meters,Daylight: Street light present,Fine without high winds,Dry,None,None,1,Yes,E01001765,2005
4899,200501GD10348,535140.0,185470.0,-0.052223,51.551887,1,3,1,1,29/04/2005,6,12:10,4,E09000012,3,107,Single carriageway,30,Giveway or uncontrolled,6,0,None within 50 metres,non-junction pedestrian crossing,Daylight: Street light present,Fine without high winds,Dry,None,None,1,Yes,E01001734,2005
4900,200501GD10349,533470.0,183550.0,-0.077023,51.535031,1,3,2,1,29/04/2005,6,08:41,4,E09000012,6,0,Single carriageway,30,Giveway or uncontrolled,3,10,None within 50 metres,No physical crossing within 50 meters,Daylight: Street light present,Fine without high winds,Dry,None,None,1,Yes,E01001755,2005
4901,200501GD10350,533260.0,182770.0,-0.080344,51.528071,1,3,1,2,01/05/2005,1,00:30,4,E09000012,6,0,Single carriageway,30,Giveway or uncontrolled,6,0,None within 50 metres,No physical crossing within 50 meters,Darkness: Street lights present and lit,Fine without high winds,Dry,None,None,1,Yes,E01001780,2005
4902,200501GD10351,533170.0,182720.0,-0.08166,51.527643,1,3,1,1,02/05/2005,2,03:55,4,E09000012,6,0,Single carriageway,30,None,-1,0,None within 50 metres,No physical crossing within 50 meters,Darkness: Street lights present but unlit,Raining without high winds,Wet/Damp,None,None,1,Yes,E01001771,2005
4903,200501GD10352,533990.0,186570.0,-0.068381,51.562047,1,3,2,2,30/04/2005,7,11:45,4,E09000012,4,111,Single carriageway,30,Giveway or uncontrolled,4,111,None within 50 metres,No physical crossing within 50 meters,Daylight: Street light present,Fine without high winds,Dry,None,None,1,Yes,E01001769,2005
4904,200501GD10354,533400.0,182670.0,-0.078365,51.527139,1,3,2,1,22/04/2005,6,05:47,4,E09000012,3,5201,Single carriageway,30,Automatic traffic signal,3,10,None within 50 metres,Pedestrian phase at traffic signal junction,Daylight: Street light present,Fine without high winds,Dry,None,None,1,Yes,E01001771,2005
4905,200501GD10355,533540.0,185080.0,-0.075435,51.548763,1,3,2,1,27/04/2005,4,17:20,4,E09000012,3,10,Single carriageway,30,Giveway or uncontrolled,6,0,None within 50 metres,non-junction pedestrian crossing,Daylight: Street light present,Fine without high winds,Dry,None,None,1,Yes,E01001743,2005
4906,200501GD10356,534870.0,186010.0,-0.055908,51.556805,1,3,1,1,01/05/2005,1,21:46,4,E09000012,3,107,Single carriageway,30,None,-1,0,None within 50 metres,No physical crossing within 50 meters,Darkness: Street lights present and lit,Fine without high winds,Dry,None,None,1,Yes,E01001770,2005
4907,200501GD10358,534960.0,184290.0,-0.05527,51.541327,1,3,3,1,04/05/2005,4,19:00,4,E09000012,3,107,Single carriageway,30,Giveway or uncontrolled,6,0,None within 50 metres,No physical crossing within 50 meters,Daylight: Street light present,Fine without high winds,Dry,None,None,1,Yes,E01001818,2005
4908,200501GD10359,532020.0,187430.0,-0.096462,51.570239,1,3,1,1,06/05/2005,6,13:05,4,E09000012,3,503,Dual carriageway,30,None,-1,0,None within 50 metres,Footbridge or subway,Daylight: Street light present,Fine without high winds,Dry,None,None,1,Yes,E01001714,2005
4909,200501GD10360,533450.0,182950.0,-0.077539,51.529643,1,3,1,1,06/05/2005,6,17:10,4,E09000012,3,10,Single carriageway,30,None,-1,0,None within 50 metres,No physical crossing within 50 meters,Daylight: Street light present,Fine without high winds,Dry,None,None,1,Yes,E01001777,2005
4910,200501GD10361,533620.0,186550.0,-0.073724,51.561955,1,3,2,1,28/02/2005,2,21:00,4,E09000012,3,10,One way street,30,Automatic traffic signal,4,104,None within 50 metres,Pedestrian phase at traffic signal junction,Darkness: Street lights present and lit,Fine without high winds,Dry,None,None,1,No,E01001829,2005
4911,200501GD10362,535980.0,185140.0,-0.040243,51.54872,1,3,1,1,02/05/2005,2,16:25,4,E09000012,3,102,Single carriageway,30,None,-1,0,None within 50 metres,No physical crossing within 50 meters,Daylight: Street light present,Fine without high winds,Dry,None,None,1,Yes,E01001848,2005
4912,200501GD10365,533520.0,184770.0,-0.075841,51.545982,1,3,1,2,06/05/2005,6,10:00,4,E09000012,3,104,Single carriageway,30,Automatic traffic signal,3,10,None within 50 metres,Pedestrian phase at traffic signal junction,Daylight: Street light present,Fine without high winds,Dry,None,None,1,Yes,E01001756,2005
4913,200501GD10366,535670.0,183920.0,-0.045181,51.537832,1,3,2,1,07/05/2005,7,23:11,4,E09000012,3,106,Single carriageway,30,Giveway or uncontrolled,3,1205,None within 50 metres,Zebra crossing,Darkness: Street lights present and lit,Fine without high winds,Dry,None,None,1,Yes,E01001836,2005
4914,200501GD10367,533950.0,186090.0,-0.069141,51.557743,1,3,2,1,10/05/2005,3,16:40,4,E09000012,3,10,Single carriageway,30,Automatic traffic signal,-1,-1,None within 50 metres,No physical crossing within 50 meters,Daylight: Street light present,Fine without high winds,Dry,None,None,1,Yes,E01001832,2005
4915,200501GD10368,533600.0,186350.0,-0.074088,51.560162,1,3,2,1,25/04/2005,2,18:20,4,E09000012,3,10,Single carriageway,30,None,-1,0,None within 50 metres,No physical crossing within 50 meters,Daylight: Street light present,Fine without high winds,Dry,None,None,1,No,E01001830,2005
4916,200501GD10370,536340.0,185280.0,-0.035,51.549892,1,2,1,1,13/05/2005,6,13:57,4,E09000012,6,0,Single carriageway,30,Giveway or uncontrolled,4,112,None within 50 metres,non-junction pedestrian crossing,Daylight: Street light present,Fine without high winds,Dry,None,None,1,Yes,E01001786,2005
4917,200501GD10371,533880.0,186250.0,-0.070089,51.559197,1,3,2,1,02/03/2005,4,11:14,4,E09000012,3,10,Single carriageway,30,None,-1,0,None within 50 metres,No physical crossing within 50 meters,Daylight: Street light present,Fine without high winds,Dry,None,None,1,No,E01001832,2005
4918,200501GD10372,534670.0,185180.0,-0.059109,51.549394,1,3,2,1,07/05/2005,7,03:20,4,E09000012,3,107,Single carriageway,30,Automatic traffic signal,3,104,None within 50 metres,Pedestrian phase at traffic signal junction,Darkness: Street lights present and lit,Fine without high winds,Dry,None,None,1,Yes,E01001760,2005
4919,200501GD10373,534860.0,185730.0,-0.05616,51.554291,1,3,3,1,12/04/2005,3,17:20,4,E09000012,6,0,Single carriageway,30,None,-1,0,None within 50 metres,No physical crossing within 50 meters,Daylight: Street light present,Fine without high winds,Dry,None,None,1,Yes,E01001766,2005
4920,200501GD10374,531840.0,187210.0,-0.09914,51.568304,1,3,1,1,07/05/2005,7,15:40,4,E09000012,3,503,Dual carriageway,30,None,-1,0,None within 50 metres,No physical crossing within 50 meters,Daylight: Street light present,Fine without high winds,Dry,Auto traffic singal out,None,1,Yes,E01002002,2005
4921,200501GD10375,535290.0,185100.0,-0.050203,51.548527,1,3,2,1,02/03/2005,4,12:30,4,E09000012,6,0,Single carriageway,30,Giveway or uncontrolled,3,102,None within 50 metres,No physical crossing within 50 meters,Daylight: Street light present,Raining without high winds,Wet/Damp,None,None,1,No,E01001735,2005
4922,200501GD10376,533650.0,186980.0,-0.073128,51.565812,1,3,2,2,16/05/2005,2,15:15,4,E09000012,3,10,Single carriageway,30,None,-1,0,None within 50 metres,No physical crossing within 50 meters,Daylight: Street light present,Raining without high winds,Wet/Damp,None,None,1,No,E01001800,2005
4923,200501GD10378,534820.0,186320.0,-0.05651,51.559602,1,3,2,1,05/05/2005,5,22:00,4,E09000012,3,107,Single carriageway,30,None,-1,0,None within 50 metres,No physical crossing within 50 meters,Darkness: Street lights present and lit,Fine without high winds,Dry,None,None,1,No,E01001770,2005
4924,200501GD10379,533030.0,182660.0,-0.0837,51.527136,1,3,2,1,30/04/2005,7,17:35,4,E09000012,4,101,Single carriageway,30,None,-1,0,None within 50 metres,No physical crossing within 50 meters,Daylight: Street light present,Fine without high winds,Dry,None,None,1,Yes,E01001780,2005
4925,200501GD10380,534170.0,183720.0,-0.066872,51.536393,1,3,1,1,01/05/2005,1,16:28,4,E09000012,6,0,Single carriageway,30,None,-1,0,None within 50 metres,No physical crossing within 50 meters,Daylight: Street light present,Fine without high winds,Dry,None,None,1,Yes,E01001821,2005
4926,200501GD10381,532880.0,186850.0,-0.084279,51.564825,1,3,1,2,02/05/2005,2,02:45,4,E09000012,5,0,Single carriageway,30,Giveway or uncontrolled,6,0,None within 50 metres,No physical crossing within 50 meters,Darkness: Street lights present and lit,Fine without high winds,Dry,None,None,1,Yes,E01001803,2005
4927,200501GD10382,534940.0,184560.0,-0.055455,51.543758,1,3,2,1,09/05/2005,2,16:43,4,E09000012,6,0,Single carriageway,30,Automatic traffic signal,3,107,None within 50 metres,No physical crossing within 50 meters,Daylight: Street light present,Fine without high winds,Dry,None,None,1,Yes,E01001763,2005
4928,200501GD10383,535570.0,184760.0,-0.046299,51.545404,1,3,1,1,25/04/2005,2,13:25,4,E09000012,4,113,Single carriageway,30,Giveway or uncontrolled,6,0,None within 50 metres,non-junction pedestrian crossing,Daylight: Street light present,Fine without high winds,Wet/Damp,None,None,1,Yes,E01001730,2005
4929,200501GD10384,533560.0,185860.0,-0.074851,51.555768,1,3,1,1,09/05/2005,2,09:55,4,E09000012,6,0,Single carriageway,30,Giveway or uncontrolled,3,10,None within 50 metres,No physical crossing within 50 meters,Daylight: Street light present,Fine without high winds,Dry,None,None,1,Yes,E01001830,2005
4930,200501GD10385,534300.0,185140.0,-0.064457,51.549122,1,3,1,1,29/04/2005,6,19:20,4,E09000012,5,0,Single carriageway,30,None,-1,0,None within 50 metres,No physical crossing within 50 meters,Daylight: Street light present,Fine without high winds,Dry,None,None,1,No,E01001759,2005
4931,200501GD10386,536300.0,185260.0,-0.035584,51.549722,1,2,1,1,04/05/2005,4,18:49,4,E09000012,4,112,Single carriageway,30,None,-1,0,None within 50 metres,No physical crossing within 50 meters,Daylight: Street light present,Fine without high winds,Dry,None,None,1,Yes,E01001785,2005
4932,200501GD10387,533510.0,184520.0,-0.076079,51.543738,1,3,2,1,04/05/2005,4,14:14,4,E09000012,3,10,Single carriageway,30,None,-1,0,None within 50 metres,No physical crossing within 50 meters,Daylight: Street light present,Fine without high winds,Dry,None,None,1,Yes,E01001743,2005
4933,200501GD10388,534270.0,185040.0,-0.064928,51.548231,1,3,2,1,12/05/2005,5,16:50,4,E09000012,6,0,Single carriageway,30,Giveway or uncontrolled,3,104,None within 50 metres,Zebra crossing,Daylight: Street light present,Fine without high winds,Dry,None,None,1,Yes,E01001761,2005
4934,200501GD10389,533990.0,184990.0,-0.068983,51.547848,1,3,3,1,13/05/2005,6,14:41,4,E09000012,3,104,Single carriageway,30,Giveway or uncontrolled,5,0,None within 50 metres,No physical crossing within 50 meters,Daylight: Street light present,Fine without high winds,Dry,None,None,1,Yes,E01001748,2005
4935,200501GD10390,533260.0,182360.0,-0.080499,51.524386,1,3,1,1,15/05/2005,1,01:55,4,E09000012,3,1202,Single carriageway,30,Giveway or uncontrolled,3,1202,None within 50 metres,No physical crossing within 50 meters,Darkness: Street lights present and lit,Fine without high winds,Dry,None,None,1,Yes,E01001771,2005
4936,200501GD10391,533660.0,183040.0,-0.074479,51.530403,1,3,1,1,18/05/2005,4,10:59,4,E09000012,5,0,Single carriageway,30,None,-1,0,None within 50 metres,No physical crossing within 50 meters,Daylight: Street light present,Fine without high winds,Dry,None,None,1,Yes,E01001777,2005
4937,200501GD10392,533560.0,185440.0,-0.07501,51.551994,1,3,2,1,13/05/2005,6,08:35,4,E09000012,6,0,Single carriageway,30,Giveway or uncontrolled,3,10,None within 50 metres,No physical crossing within 50 meters,Daylight: Street light present,Fine without high winds,Dry,None,None,1,No,E01001747,2005
4938,200501GD10393,533070.0,185750.0,-0.081956,51.554895,1,2,2,1,03/05/2005,3,21:15,4,E09000012,6,0,Single carriageway,30,None,-1,0,None within 50 metres,No physical crossing within 50 meters,Darkness: Street lights present and lit,Fine without high winds,Dry,None,None,1,No,E01001736,2005
4939,200501GD10394,534860.0,185780.0,-0.056141,51.55474,1,3,2,1,07/05/2005,7,19:07,4,E09000012,6,0,Single carriageway,30,Giveway or uncontrolled,6,0,None within 50 metres,No physical crossing within 50 meters,Daylight: Street light present,Fine without high winds,Dry,None,None,1,Yes,E01001766,2005
4940,200501GD10396,533470.0,183980.0,-0.076861,51.538895,1,3,2,1,09/05/2005,2,21:53,4,E09000012,3,10,Single carriageway,30,Automatic traffic signal,5,0,None within 50 metres,Pedestrian phase at traffic signal junction,Darkness: Street lights present and lit,Fine without high winds,Dry,None,None,1,Yes,E01001754,2005
4941,200501GD10397,536830.0,184650.0,-0.028182,51.544112,1,3,2,2,11/05/2005,4,12:31,4,E09000012,6,0,Single carriageway,30,None,-1,0,None within 50 metres,No physical crossing within 50 meters,Daylight: Street light present,Fine without high winds,Dry,None,None,1,Yes,E01001849,2005
4942,200501GD10399,532050.0,187480.0,-0.096011,51.570682,1,3,2,2,11/03/2005,6,06:43,4,E09000012,3,503,Single carriageway,30,Automatic traffic signal,3,105,None within 50 metres,No physical crossing within 50 meters,Daylight: Street light present,Fine without high winds,Dry,None,None,1,Yes,E01002002,2005
4943,200501GD10400,535190.0,185360.0,-0.051545,51.550887,1,3,1,2,12/05/2005,5,11:00,4,E09000012,3,107,Single carriageway,30,Automatic traffic signal,3,102,None within 50 metres,Pedestrian phase at traffic signal junction,Daylight: Street light present,Fine without high winds,Dry,None,None,1,Yes,E01001734,2005
4944,200501GD10401,533450.0,182180.0,-0.07783,51.522724,1,3,2,1,15/05/2005,1,17:25,4,E09000012,3,10,Single carriageway,30,Automatic traffic signal,3,1202,None within 50 metres,Pedestrian phase at traffic signal junction,Daylight: Street light present,Fine without high winds,Dry,None,None,1,No,E01001771,2005
4945,200501GD10402,536430.0,185300.0,-0.033695,51.55005,1,2,1,2,15/05/2005,1,12:20,4,E09000012,4,112,Single carriageway,30,None,-1,0,None within 50 metres,No physical crossing within 50 meters,Daylight: Street light present,Fine without high winds,Dry,None,None,1,Yes,E01001847,2005
4946,200501GD10403,533380.0,183240.0,-0.078438,51.532266,1,3,1,1,18/05/2005,4,08:45,4,E09000012,6,0,Single carriageway,30,Giveway or uncontrolled,6,0,None within 50 metres,No physical crossing within 50 meters,Daylight: Street light present,Fine without high winds,Dry,None,None,1,Yes,E01001777,2005
4947,200501GD10404,533540.0,185060.0,-0.075442,51.548584,1,2,1,1,20/05/2005,6,14:08,4,E09000012,3,10,Single carriageway,30,Giveway or uncontrolled,6,0,None within 50 metres,No physical crossing within 50 meters,Daylight: Street light present,Fine without high winds,Dry,None,None,1,Yes,E01001743,2005
4948,200501GD10405,535220.0,185800.0,-0.050943,51.554834,1,3,1,1,20/05/2005,6,17:29,4,E09000012,6,0,Single carriageway,30,Giveway or uncontrolled,6,0,None within 50 metres,No physical crossing within 50 meters,Daylight: Street light present,Fine without high winds,Dry,None,None,1,Yes,E01001794,2005
4949,200501GD10406,533650.0,187140.0,-0.073067,51.56725,1,3,2,1,21/05/2005,7,13:12,4,E09000012,3,10,Single carriageway,30,Giveway or uncontrolled,6,0,None within 50 metres,No physical crossing within 50 meters,Daylight: Street light present,Raining without high winds,Wet/Damp,None,Other object in carriageway,1,Yes,E01001800,2005
4950,200501GD10407,532050.0,187470.0,-0.096014,51.570592,1,3,2,2,22/05/2005,1,09:40,4,E09000012,3,503,Dual carriageway,30,Automatic traffic signal,3,105,None within 50 metres,Pedestrian phase at traffic signal junction,Daylight: Street light present,Fine without high winds,Dry,None,None,1,Yes,E01001714,2005
4951,200501GD10408,534430.0,184490.0,-0.062832,51.54325,1,3,1,1,27/05/2005,6,13:00,4,E09000012,5,0,Single carriageway,30,Giveway or uncontrolled,6,0,None within 50 metres,non-junction pedestrian crossing,Daylight: Street light present,Fine without high winds,Dry,None,None,1,Yes,E01001816,2005
4952,200501GD10409,533520.0,184780.0,-0.075837,51.546072,1,3,2,1,17/05/2005,3,23:55,4,E09000012,3,10,Single carriageway,30,Giveway or uncontrolled,3,104,None within 50 metres,No physical crossing within 50 meters,Darkness: Street lights present and lit,Fine without high winds,Dry,None,None,1,Yes,E01001756,2005
4953,200501GD10412,533570.0,185950.0,-0.074672,51.556575,1,3,2,1,03/05/2005,3,21:30,4,E09000012,3,10,Single carriageway,30,Giveway or uncontrolled,5,0,None within 50 metres,No physical crossing within 50 meters,Darkness: Street lights present and lit,Fine without high winds,Dry,None,None,1,No,E01001830,2005
4954,200501GD10413,532120.0,187660.0,-0.094934,51.572283,1,3,1,1,03/02/2005,5,18:56,4,E09000012,6,0,Single carriageway,30,Automatic traffic signal,6,0,None within 50 metres,No physical crossing within 50 meters,Darkness: Street lights present and lit,Fine without high winds,Dry,None,None,1,Yes,E01001813,2005
4955,200501GD10415,533530.0,184790.0,-0.075689,51.54616,1,3,2,1,11/05/2005,4,17:40,4,E09000012,3,10,Single carriageway,30,Automatic traffic signal,3,104,None within 50 metres,Pedestrian phase at traffic signal junction,Daylight: Street light present,Fine without high winds,Dry,None,None,1,No,E01001743,2005
4956,200501GD10416,534690.0,186770.0,-0.058212,51.563677,1,3,2,1,20/05/2005,6,14:15,4,E09000012,6,0,Single carriageway,30,Giveway or uncontrolled,6,0,None within 50 metres,No physical crossing within 50 meters,Daylight: Street light present,Fine without high winds,Dry,None,None,1,No,E01001798,2005
4957,200501GD10420,534640.0,186750.0,-0.058941,51.56351,1,3,2,1,30/04/2005,7,18:15,4,E09000012,6,0,Single carriageway,30,Giveway or uncontrolled,3,107,None within 50 metres,Zebra crossing,Daylight: Street light present,Fine without high winds,Dry,None,None,1,No,E01001722,2005
4958,200501GD10421,533570.0,185870.0,-0.074703,51.555856,1,3,2,2,11/05/2005,4,23:00,4,E09000012,6,0,Single carriageway,30,Giveway or uncontrolled,3,10,None within 50 metres,No physical crossing within 50 meters,Darkness: Street lights present and lit,Fine without high winds,Dry,None,None,1,Yes,E01001830,2005
4959,200501GD10422,535120.0,184010.0,-0.053072,51.538772,1,3,1,1,16/05/2005,2,18:25,4,E09000012,6,0,Single carriageway,30,Giveway or uncontrolled,6,0,None within 50 metres,No physical crossing within 50 meters,Daylight: Street light present,Fine without high winds,Dry,None,None,1,Yes,E01001842,2005
4960,200501GD10423,536270.0,185240.0,-0.036024,51.549549,1,3,2,1,19/05/2005,5,17:20,4,E09000012,4,112,Single carriageway,30,Giveway or uncontrolled,6,0,None within 50 metres,No physical crossing within 50 meters,Daylight: Street light present,Fine without high winds,Dry,None,None,1,Yes,E01001847,2005
4961,200501GD10424,533420.0,182870.0,-0.078001,51.528932,1,3,2,1,27/02/2005,1,11:00,4,E09000012,3,10,Single carriageway,30,None,-1,0,None within 50 metres,No physical crossing within 50 meters,Daylight: Street light present,Fine without high winds,Dry,None,None,1,No,E01001771,2005
4962,200501GD10426,533650.0,186820.0,-0.073188,51.564374,1,2,2,1,10/05/2005,3,14:04,4,E09000012,3,10,Single carriageway,30,None,-1,0,None within 50 metres,No physical crossing within 50 meters,Daylight: Street light present,Fine without high winds,Dry,None,None,1,No,E01001805,2005
4963,200501GD10427,533080.0,183590.0,-0.082628,51.535482,1,3,1,1,19/05/2005,5,18:57,4,E09000012,5,0,Roundabout,30,Giveway or uncontrolled,5,0,None within 50 metres,No physical crossing within 50 meters,Daylight: Street light present,Raining without high winds,Wet/Damp,None,None,1,Yes,E01001752,2005
4964,200501GD10428,533600.0,187850.0,-0.073518,51.573642,1,3,2,1,21/05/2005,7,13:10,4,E09000012,3,107,Single carriageway,30,Giveway or uncontrolled,6,0,None within 50 metres,No physical crossing within 50 meters,Daylight: Street light present,Raining without high winds,Wet/Damp,None,None,1,Yes,E01001808,2005
4965,200501GD10429,534540.0,187020.0,-0.060279,51.56596,1,3,2,1,24/05/2005,3,10:55,4,E09000012,5,0,Single carriageway,30,Automatic traffic signal,3,107,None within 50 metres,No physical crossing within 50 meters,Daylight: Street light present,Fine without high winds,Dry,None,None,1,Yes,E01001728,2005
4966,200501GD10430,534870.0,185190.0,-0.056223,51.549436,1,3,2,1,26/05/2005,5,18:45,4,E09000012,3,107,Single carriageway,30,None,-1,0,None within 50 metres,No physical crossing within 50 meters,Daylight: Street light present,Fine without high winds,Dry,None,None,1,Yes,E01001760,2005
4967,200501GD10433,534220.0,183140.0,-0.066373,51.531168,1,3,2,1,16/05/2005,2,18:30,5,E09000030,3,1208,Single carriageway,30,Giveway or uncontrolled,5,0,None within 50 metres,No physical crossing within 50 meters,Daylight: Street light present,Fine without high winds,Dry,None,None,1,Yes,E01001774,2005
4968,200501GD10436,532840.0,183310.0,-0.086192,51.533022,1,3,2,1,23/05/2005,2,07:45,4,E09000012,4,102,Single carriageway,30,Giveway or uncontrolled,5,0,None within 50 metres,No physical crossing within 50 meters,Daylight: Street light present,Fine without high winds,Dry,None,None,1,No,E01001781,2005
4969,200501GD10437,535260.0,186390.0,-0.05014,51.560126,1,3,3,1,26/05/2005,5,16:40,4,E09000012,3,104,Single carriageway,30,None,-1,0,None within 50 metres,No physical crossing within 50 meters,Daylight: Street light present,Fine without high winds,Dry,None,None,1,No,E01001793,2005
4970,200501GD10438,532080.0,187490.0,-0.095574,51.570765,1,2,1,1,01/06/2005,4,10:48,4,E09000012,3,105,Dual carriageway,30,Automatic traffic signal,3,503,None within 50 metres,Pedestrian phase at traffic signal junction,Daylight: Street light present,Fine without high winds,Dry,None,None,1,Yes,E01001721,2005
4971,200501GD10440,532980.0,184730.0,-0.083639,51.54575,1,3,2,1,11/04/2005,2,12:10,3,E09000019,4,102,Single carriageway,30,Giveway or uncontrolled,6,0,None within 50 metres,No physical crossing within 50 meters,Daylight: Street light present,Fine without high winds,Dry,None,None,1,No,E01001751,2005
4972,200501GD10441,537320.0,185400.0,-0.020828,51.550732,1,3,2,1,10/05/2005,3,15:00,4,E09000012,3,12,Slip road,30,Automatic traffic signal,5,0,None within 50 metres,Pedestrian phase at traffic signal junction,Daylight: Street light present,Fine without high winds,Dry,None,None,1,No,E01001846,2005
4973,200501GD10442,535510.0,186090.0,-0.046651,51.55737,1,3,1,1,21/05/2005,7,16:24,4,E09000012,5,0,Single carriageway,30,Giveway or uncontrolled,6,0,None within 50 metres,No physical crossing within 50 meters,Daylight: Street light present,Fine without high winds,Dry,None,None,1,Yes,E01001793,2005
4974,200501GD10444,534850.0,183920.0,-0.056997,51.538028,1,3,1,1,26/05/2005,5,16:40,4,E09000012,3,107,Single carriageway,30,Giveway or uncontrolled,5,0,None within 50 metres,No physical crossing within 50 meters,Daylight: Street light present,Fine without high winds,Dry,None,None,1,No,E01001842,2005
4975,200501GD10447,534850.0,183730.0,-0.05707,51.53632,1,3,1,1,21/05/2005,7,15:40,4,E09000012,3,107,Single carriageway,30,Giveway or uncontrolled,6,0,None within 50 metres,No physical crossing within 50 meters,Daylight: Street light present,Fine without high winds,Dry,None,None,1,Yes,E01001837,2005
4976,200501GD10448,534870.0,186070.0,-0.055885,51.557344,1,3,1,1,11/04/2005,2,18:10,4,E09000012,3,107,Single carriageway,30,Giveway or uncontrolled,6,0,None within 50 metres,No physical crossing within 50 meters,Daylight: Street light present,Fine without high winds,Dry,None,None,1,Yes,E01001770,2005
4977,200501GD10450,533420.0,182670.0,-0.078077,51.527134,1,3,2,1,17/05/2005,3,12:40,4,E09000012,3,10,Single carriageway,30,Automatic traffic signal,3,1208,None within 50 metres,Pedestrian phase at traffic signal junction,Daylight: Street light present,Fine without high winds,Dry,None,None,1,Yes,E01001771,2005
4978,200501GD10451,533500.0,184370.0,-0.07628,51.542392,1,3,2,1,19/05/2005,5,10:00,4,E09000012,3,10,Single carriageway,30,Automatic traffic signal,5,0,None within 50 metres,No physical crossing within 50 meters,Daylight: Street light present,Fine without high winds,Dry,None,None,1,Yes,E01001743,2005
4979,200501GD10452,533480.0,183960.0,-0.076724,51.538713,1,3,2,1,25/05/2005,4,14:30,4,E09000012,3,10,Single carriageway,30,Automatic traffic signal,5,0,None within 50 metres,No physical crossing within 50 meters,Daylight: Street light present,Fine without high winds,Dry,None,None,1,Yes,E01001817,2005
4980,200501GD10453,536190.0,185300.0,-0.037154,51.550108,1,3,1,1,26/05/2005,5,19:00,4,E09000012,6,0,Single carriageway,30,None,-1,0,None within 50 metres,No physical crossing within 50 meters,Daylight: Street light present,Fine without high winds,Dry,None,None,1,Yes,E01001785,2005
4981,200501GD10454,532940.0,186420.0,-0.083577,51.560947,1,3,2,1,27/05/2005,6,10:45,4,E09000012,4,104,Single carriageway,30,Giveway or uncontrolled,4,104,None within 50 metres,No physical crossing within 50 meters,Daylight: Street light present,Fine without high winds,Dry,None,None,1,Yes,E01001741,2005
4982,200501GD10455,534950.0,184930.0,-0.055169,51.54708,1,3,2,1,27/05/2005,6,18:50,4,E09000012,3,107,Single carriageway,30,Giveway or uncontrolled,3,107,None within 50 metres,No physical crossing within 50 meters,Daylight: Street light present,Fine without high winds,Dry,None,None,1,Yes,E01001760,2005
4983,200501GD10457,535360.0,185060.0,-0.04921,51.54815,1,3,1,1,28/05/2005,7,23:30,4,E09000012,3,102,Single carriageway,30,None,-1,0,None within 50 metres,No physical crossing within 50 meters,Darkness: Street lights present and lit,Fine without high winds,Dry,None,None,1,Yes,E01001735,2005
4984,200501GD10458,533970.0,186040.0,-0.068871,51.557289,1,3,2,1,29/05/2005,1,15:30,4,E09000012,3,10,Single carriageway,30,Giveway or uncontrolled,3,10,None within 50 metres,No physical crossing within 50 meters,Daylight: Street light present,Fine without high winds,Dry,None,None,1,Yes,E01001832,2005
4985,200501GD10459,533470.0,183680.0,-0.076974,51.536199,1,3,2,1,03/06/2005,6,17:00,4,E09000012,3,10,Single carriageway,30,Giveway or uncontrolled,6,0,None within 50 metres,non-junction pedestrian crossing,Daylight: Street light present,Fine without high winds,Dry,None,None,1,Yes,E01001754,2005
4986,200501GD10460,533490.0,184250.0,-0.07647,51.541316,1,3,1,1,03/06/2005,6,13:55,4,E09000012,3,10,Single carriageway,30,None,-1,0,None within 50 metres,No physical crossing within 50 meters,Daylight: Street light present,Fine without high winds,Dry,None,None,1,Yes,E01001750,2005
4987,200501GD10461,533970.0,184930.0,-0.069294,51.547314,1,3,3,1,07/06/2005,3,13:41,4,E09000012,3,104,Roundabout,30,Giveway or uncontrolled,6,0,None within 50 metres,No physical crossing within 50 meters,Daylight: Street light present,Fine without high winds,Dry,Roadworks,None,1,Yes,E01001748,2005
4988,200501GD10462,534050.0,186180.0,-0.067665,51.558528,1,3,2,1,16/05/2005,2,11:00,4,E09000012,5,0,Single carriageway,30,Giveway or uncontrolled,6,0,None within 50 metres,No physical crossing within 50 meters,Daylight: Street light present,Fine without high winds,Dry,None,None,1,No,E01001764,2005
4989,200501GD10463,535440.0,186520.0,-0.047495,51.561251,1,3,2,1,07/06/2005,3,09:40,4,E09000012,6,0,Single carriageway,30,Giveway or uncontrolled,3,104,None within 50 metres,No physical crossing within 50 meters,Daylight: Street light present,Fine without high winds,Dry,None,None,1,Yes,E01001797,2005
4990,200501GD10464,533560.0,183050.0,-0.075916,51.530516,1,3,2,1,08/06/2005,4,09:35,4,E09000012,5,0,Single carriageway,30,Giveway or uncontrolled,6,0,None within 50 metres,No physical crossing within 50 meters,Daylight: Street light present,Fine without high winds,Dry,None,None,1,Yes,E01001777,2005
4991,200501GD10465,536190.0,185830.0,-0.036949,51.55487,1,3,4,1,09/06/2005,5,18:05,4,E09000012,6,0,Single carriageway,30,Giveway or uncontrolled,6,0,None within 50 metres,No physical crossing within 50 meters,Daylight: Street light present,Fine without high winds,Dry,None,None,1,Yes,E01001788,2005
4992,200501GD10466,533160.0,182440.0,-0.08191,51.525129,1,3,1,1,07/06/2005,3,15:50,4,E09000012,3,1202,Single carriageway,30,Automatic traffic signal,6,0,None within 50 metres,No physical crossing within 50 meters,Daylight: Street light present,Fine without high winds,Dry,None,None,1,No,E01001771,2005
4993,200501GD10467,532810.0,183160.0,-0.086681,51.531681,1,3,1,1,14/06/2005,3,19:10,4,E09000012,6,0,Single carriageway,30,Giveway or uncontrolled,3,1200,None within 50 metres,No physical crossing within 50 meters,Daylight: Street light present,Fine without high winds,Dry,None,None,1,No,E01001778,2005
4994,200501GD10468,536680.0,184840.0,-0.03027,51.545855,1,3,2,1,25/05/2005,4,20:47,4,E09000012,6,0,Single carriageway,40,Giveway or uncontrolled,3,106,None within 50 metres,No physical crossing within 50 meters,Darkness: Street lights present and lit,Fine without high winds,Dry,None,None,1,Yes,E01001849,2005
4995,200501GD10470,535130.0,185340.0,-0.052417,51.550722,1,3,1,1,10/06/2005,6,12:20,4,E09000012,3,107,Single carriageway,30,None,-1,0,None within 50 metres,No physical crossing within 50 meters,Daylight: Street light present,Fine without high winds,Dry,None,None,1,No,E01001734,2005
4996,200501GD10471,532910.0,182370.0,-0.085538,51.524558,1,3,2,1,28/04/2005,5,19:05,3,E09000019,6,0,Single carriageway,30,Giveway or uncontrolled,6,0,None within 50 metres,No physical crossing within 50 meters,Darkness: Street lights present and lit,Raining without high winds,Wet/Damp,None,None,1,Yes,E01002704,2005
4997,200501GD10473,532440.0,187700.0,-0.090304,51.572567,1,2,1,1,04/06/2005,7,07:10,4,E09000012,3,503,Single carriageway,30,None,-1,0,None within 50 metres,No physical crossing within 50 meters,Daylight: Street light present,Fine without high winds,Dry,None,None,1,Yes,E01001810,2005
4998,200501GD10474,532780.0,183290.0,-0.087064,51.532857,1,3,3,1,05/06/2005,1,15:10,4,E09000012,3,1200,Single carriageway,30,Giveway or uncontrolled,4,102,None within 50 metres,No physical crossing within 50 meters,Daylight: Street light present,Fine without high winds,Dry,None,None,1,Yes,E01001781,2005
4999,200501GD10475,533650.0,187530.0,-0.072919,51.570754,1,3,2,1,06/06/2005,2,23:25,4,E09000012,3,10,Dual carriageway,30,None,-1,0,None within 50 metres,No physical crossing within 50 meters,Darkness: Street lights present and lit,Fine without high winds,Dry,None,None,1,Yes,E01001808,2005
5000,200501GD10476,533820.0,184340.0,-0.07168,51.542047,1,3,2,1,07/06/2005,3,12:58,4,E09000012,6,0,Single carriageway,30,None,-1,0,None within 50 metres,No physical crossing within 50 meters,Daylight: Street light present,Fine without high winds,Dry,None,None,1,Yes,E01001817,2005
5001,200501GD10477,532350.0,187660.0,-0.091617,51.572229,1,3,2,1,07/06/2005,3,14:36,4,E09000012,3,503,Single carriageway,30,None,-1,0,Control by other authorised person,No physical crossing within 50 meters,Daylight: Street light present,Fine without high winds,Dry,None,None,1,Yes,E01001813,2005
5002,200501GD10479,532520.0,182740.0,-0.091017,51.527975,1,3,2,1,09/06/2005,5,08:30,3,E09000019,3,501,Single carriageway,30,None,-1,0,None within 50 metres,No physical crossing within 50 meters,Daylight: Street light present,Fine without high winds,Dry,None,None,1,Yes,E01002701,2005
5003,200501GD10480,533470.0,183480.0,-0.07705,51.534402,1,3,2,1,09/06/2005,5,07:46,4,E09000012,5,0,Single carriageway,30,Automatic traffic signal,3,10,None within 50 metres,Pedestrian phase at traffic signal junction,Daylight: Street light present,Fine without high winds,Dry,None,None,1,Yes,E01001776,2005
5004,200501GD10481,533660.0,187260.0,-0.072877,51.568326,1,3,2,1,10/06/2005,6,07:30,4,E09000012,3,10,Dual carriageway,30,None,-1,0,None within 50 metres,No physical crossing within 50 meters,Daylight: Street light present,Fine without high winds,Dry,None,None,1,Yes,E01001726,2005
5005,200501GD10482,533660.0,184800.0,-0.073811,51.546219,1,3,1,1,11/06/2005,7,17:24,4,E09000012,3,104,Single carriageway,30,Giveway or uncontrolled,6,0,None within 50 metres,No physical crossing within 50 meters,Daylight: Street light present,Fine without high winds,Dry,None,None,1,Yes,E01001743,2005
5006,200501GD10483,535670.0,184610.0,-0.044915,51.544032,1,3,2,1,12/06/2005,1,18:35,4,E09000012,4,113,Single carriageway,30,Giveway or uncontrolled,6,0,None within 50 metres,No physical crossing within 50 meters,Daylight: Street light present,Fine without high winds,Dry,None,None,1,Yes,E01001844,2005
5007,200501GD10484,533730.0,186660.0,-0.072096,51.562917,1,3,2,1,12/06/2005,1,12:30,4,E09000012,3,10,Single carriageway,30,None,-1,0,None within 50 metres,No physical crossing within 50 meters,Daylight: Street light present,Fine without high winds,Dry,None,None,1,Yes,E01001831,2005
5008,200501GD10485,535540.0,184640.0,-0.046777,51.544333,1,3,1,1,13/06/2005,2,17:00,4,E09000012,5,0,Single carriageway,30,Giveway or uncontrolled,6,0,None within 50 metres,No physical crossing within 50 meters,Daylight: Street light present,Fine without high winds,Dry,None,None,1,Yes,E01001730,2005
5009,200501GD10486,534750.0,186570.0,-0.057424,51.561866,1,3,1,1,13/06/2005,2,18:15,4,E09000012,3,107,Single carriageway,30,Giveway or uncontrolled,6,0,None within 50 metres,No physical crossing within 50 meters,Daylight: Street light present,Fine without high winds,Dry,None,None,1,Yes,E01001767,2005
5010,200501GD10488,535680.0,185550.0,-0.044409,51.552477,1,3,1,1,14/06/2005,3,12:00,4,E09000012,5,0,Single carriageway,30,Giveway or uncontrolled,6,0,None within 50 metres,No physical crossing within 50 meters,Daylight: Street light present,Fine without high winds,Dry,None,None,1,Yes,E01001733,2005
5011,200501GD10489,533470.0,183220.0,-0.077148,51.532065,1,3,2,1,13/06/2005,2,15:56,4,E09000012,3,10,Single carriageway,30,None,-1,0,None within 50 metres,No physical crossing within 50 meters,Daylight: Street light present,Fine without high winds,Dry,None,None,1,Yes,E01001777,2005
5012,200501GD10490,535850.0,184710.0,-0.042282,51.544888,1,3,1,1,09/06/2005,5,17:20,4,E09000012,6,0,Single carriageway,30,None,-1,0,None within 50 metres,No physical crossing within 50 meters,Daylight: Street light present,Fine without high winds,Dry,None,None,1,No,E01001850,2005
5013,200501GD10491,536070.0,184330.0,-0.039259,51.54142,1,3,2,2,10/06/2005,6,11:00,4,E09000012,5,0,Single carriageway,30,None,-1,0,None within 50 metres,No physical crossing within 50 meters,Daylight: Street light present,Fine without high winds,Dry,None,None,1,No,E01001845,2005
5014,200501GD10492,533550.0,185270.0,-0.075219,51.550469,1,3,3,1,16/06/2005,5,23:15,4,E09000012,5,0,Single carriageway,30,Automatic traffic signal,3,10,None within 50 metres,No physical crossing within 50 meters,Darkness: Street lights present and lit,Fine without high winds,Dry,None,None,1,No,E01001743,2005
5015,200501GD10493,534660.0,183850.0,-0.059762,51.537444,1,3,2,1,09/06/2005,5,15:15,4,E09000012,5,0,Single carriageway,30,None,-1,0,None within 50 metres,No physical crossing within 50 meters,Daylight: Street light present,Fine without high winds,Dry,None,None,1,No,E01001818,2005
5016,200501GD10494,534950.0,185230.0,-0.055054,51.549776,1,3,1,1,13/06/2005,2,15:10,4,E09000012,6,0,Single carriageway,30,Giveway or uncontrolled,6,0,None within 50 metres,No physical crossing within 50 meters,Daylight: Street light present,Fine without high winds,Dry,None,None,1,No,E01001760,2005
5017,200501GD10495,534440.0,187270.0,-0.061626,51.56823,1,3,3,2,18/06/2005,7,13:30,4,E09000012,3,107,Single carriageway,30,Giveway or uncontrolled,6,0,None within 50 metres,No physical crossing within 50 meters,Daylight: Street light present,Fine without high winds,Dry,None,None,1,Yes,E01001727,2005
5018,200501GD10496,533480.0,183970.0,-0.07672,51.538803,1,3,3,1,17/06/2005,6,12:08,4,E09000012,3,10,One way street,30,Automatic traffic signal,5,0,None within 50 metres,Pedestrian phase at traffic signal junction,Daylight: Street light present,Fine without high winds,Dry,None,Other object in carriageway,1,Yes,E01001817,2005
5019,200501GD10498,534030.0,185120.0,-0.068357,51.549007,1,3,2,1,21/06/2005,3,08:54,4,E09000012,5,0,Single carriageway,30,Giveway or uncontrolled,6,0,None within 50 metres,No physical crossing within 50 meters,Daylight: Street light present,Fine without high winds,Dry,None,None,1,Yes,E01001748,2005
5020,200501GD10499,533260.0,182320.0,-0.080515,51.524027,1,3,2,1,17/06/2005,6,16:30,4,E09000012,5,0,Dual carriageway,30,Automatic traffic signal,5,0,None within 50 metres,No physical crossing within 50 meters,Daylight: Street light present,Fine without high winds,Dry,None,None,1,Yes,E01001771,2005
5021,200501GD10500,533030.0,186060.0,-0.082415,51.557691,1,3,1,1,15/06/2005,4,13:45,4,E09000012,4,104,Single carriageway,30,Giveway or uncontrolled,6,0,None within 50 metres,Zebra crossing,Daylight: Street light present,Fine without high winds,Dry,None,None,1,Yes,E01001742,2005
5022,200501GD10501,533670.0,188030.0,-0.07244,51.575243,1,3,1,1,27/05/2005,6,15:50,4,E09000012,3,10,Single carriageway,30,Giveway or uncontrolled,6,0,None within 50 metres,No physical crossing within 50 meters,Daylight: Street light present,Fine without high winds,Dry,None,None,1,Yes,E01001814,2005
5023,200501GD10503,534780.0,185040.0,-0.057577,51.548109,1,2,1,1,01/06/2005,4,13:20,4,E09000012,3,107,Single carriageway,30,Automatic traffic signal,6,0,None within 50 metres,Pedestrian phase at traffic signal junction,Daylight: Street light present,Fine without high winds,Dry,None,None,1,Yes,E01001760,2005
5024,200501GD10504,536220.0,185230.0,-0.036749,51.549471,1,3,2,1,22/04/2005,6,17:17,4,E09000012,6,0,Single carriageway,30,Giveway or uncontrolled,4,112,None within 50 metres,No physical crossing within 50 meters,Daylight: Street light present,Fine without high winds,Dry,None,None,1,Yes,E01001785,2005
5025,200501GD10505,533530.0,184970.0,-0.075621,51.547777,1,2,1,1,26/06/2005,1,06:19,4,E09000012,3,10,Single carriageway,30,None,-1,0,None within 50 metres,No physical crossing within 50 meters,Daylight: Street light present,Fine without high winds,Dry,None,None,1,Yes,E01001743,2005
5026,200501GD10509,533460.0,182670.0,-0.077501,51.527125,1,3,2,1,22/06/2005,4,12:40,4,E09000012,3,1208,Single carriageway,30,Automatic traffic signal,3,10,None within 50 metres,Pedestrian phase at traffic signal junction,Daylight: Street light present,Fine without high winds,Dry,None,None,1,Yes,E01001771,2005
5027,200501GD10510,534840.0,183920.0,-0.057141,51.53803,1,3,1,1,22/06/2005,4,12:48,4,E09000012,3,107,Single carriageway,30,Automatic traffic signal,5,0,None within 50 metres,No physical crossing within 50 meters,Daylight: Street light present,Fine without high winds,Dry,None,None,1,Yes,E01001818,2005
5028,200501GD10512,532090.0,187510.0,-0.095423,51.570942,1,3,1,1,27/06/2005,2,13:17,4,E09000012,3,503,Dual carriageway,30,None,-1,0,None within 50 metres,No physical crossing within 50 meters,Daylight: Street light present,Fine without high winds,Dry,None,None,1,Yes,E01001813,2005
5029,200501GD10513,533000.0,182990.0,-0.084007,51.530109,1,3,1,2,03/06/2005,6,08:55,4,E09000012,4,101,Single carriageway,30,None,-1,0,None within 50 metres,Pedestrian phase at traffic signal junction,Daylight: Street light present,Fine without high winds,Dry,None,None,1,Yes,E01001778,2005
5030,200501GD10514,534010.0,185740.0,-0.068409,51.554583,1,3,2,1,23/06/2005,5,18:18,4,E09000012,5,0,Single carriageway,30,Automatic traffic signal,5,0,None within 50 metres,No physical crossing within 50 meters,Daylight: Street light present,Fine without high winds,Dry,None,None,1,Yes,E01001745,2005
5031,200501GD10515,532630.0,183050.0,-0.089316,51.530735,1,3,2,2,15/06/2005,4,23:15,4,E09000012,5,0,Single carriageway,30,Giveway or uncontrolled,6,0,None within 50 metres,Zebra crossing,Darkness: Street lights present and lit,Fine without high winds,Dry,None,None,1,Yes,E01001779,2005
5032,200501GD10516,533990.0,184800.0,-0.069055,51.546141,1,3,2,1,20/06/2005,2,17:44,4,E09000012,3,1207,Single carriageway,30,None,-1,0,None within 50 metres,No physical crossing within 50 meters,Daylight: Street light present,Fine without high winds,Dry,None,None,1,Yes,E01001749,2005
5033,200501GD10517,532500.0,182700.0,-0.09132,51.52762,1,3,2,1,24/06/2005,6,17:34,3,E09000019,3,144,Single carriageway,30,Giveway or uncontrolled,4,144,None within 50 metres,No physical crossing within 50 meters,Daylight: Street light present,Fine without high winds,Dry,None,None,1,Yes,E01002701,2005
5034,200501GD10518,535270.0,186390.0,-0.049996,51.560124,1,3,1,1,14/06/2005,3,15:30,4,E09000012,3,104,Single carriageway,30,None,-1,0,None within 50 metres,No physical crossing within 50 meters,Daylight: Street light present,Fine without high winds,Dry,None,None,1,Yes,E01001793,2005
5035,200501GD10519,533600.0,183670.0,-0.075105,51.536078,1,3,1,1,25/06/2005,7,12:25,4,E09000012,6,0,Single carriageway,30,Giveway or uncontrolled,6,0,None within 50 metres,No physical crossing within 50 meters,Daylight: Street light present,Fine without high winds,Dry,None,None,1,Yes,E01001773,2005
5036,200501GD10520,534500.0,183940.0,-0.062033,51.538291,1,3,1,2,09/06/2005,5,15:01,4,E09000012,5,0,Roundabout,30,Giveway or uncontrolled,6,0,None within 50 metres,No physical crossing within 50 meters,Daylight: Street light present,Fine without high winds,Dry,None,None,1,Yes,E01001818,2005
5037,200501GD10521,532470.0,182860.0,-0.091692,51.529065,1,3,2,1,16/06/2005,5,11:45,4,E09000012,4,144,Single carriageway,30,None,-1,0,None within 50 metres,No physical crossing within 50 meters,Daylight: Street light present,Fine without high winds,Dry,None,None,1,No,E01001779,2005
5038,200501GD10522,533470.0,183680.0,-0.076974,51.536199,1,3,2,1,14/06/2005,3,08:00,4,E09000012,6,0,Single carriageway,30,Giveway or uncontrolled,3,10,None within 50 metres,No physical crossing within 50 meters,Daylight: Street light present,Fine without high winds,Dry,None,None,1,Yes,E01001754,2005
5039,200501GD10523,536860.0,184550.0,-0.027788,51.543206,1,3,2,1,15/06/2005,4,14:58,4,E09000012,3,115,Single carriageway,30,None,-1,0,None within 50 metres,No physical crossing within 50 meters,Daylight: Street light present,Fine without high winds,Dry,None,None,1,No,E01001849,2005
5040,200501GD10524,535090.0,184150.0,-0.05345,51.540037,1,3,2,1,19/06/2005,1,17:30,4,E09000012,3,106,Single carriageway,30,Giveway or uncontrolled,6,0,None within 50 metres,No physical crossing within 50 meters,Daylight: Street light present,Fine without high winds,Dry,None,None,1,Yes,E01001839,2005
5041,200501GD10525,533420.0,182100.0,-0.078293,51.522012,1,2,1,1,18/06/2005,7,02:05,4,E09000012,3,10,Dual carriageway,30,None,-1,0,None within 50 metres,No physical crossing within 50 meters,Darkness: Street lights present and lit,Fine without high winds,Dry,None,None,1,Yes,E01001771,2005
5042,200501GD10526,533470.0,182430.0,-0.077448,51.524966,1,3,2,1,08/06/2005,4,18:30,4,E09000012,3,10,Single carriageway,30,None,-1,0,None within 50 metres,No physical crossing within 50 meters,Daylight: Street light present,Fine without high winds,Dry,None,None,1,Yes,E01001771,2005
5043,200501GD10527,533340.0,184280.0,-0.07862,51.541621,1,3,1,1,20/06/2005,2,15:00,4,E09000012,6,0,Single carriageway,30,None,-1,0,None within 50 metres,No physical crossing within 50 meters,Daylight: Street light present,Fine without high winds,Dry,None,None,1,Yes,E01001750,2005
5044,200501GD10528,534320.0,187410.0,-0.063303,51.569517,1,3,1,1,26/06/2005,1,01:15,4,E09000012,3,107,Single carriageway,30,Giveway or uncontrolled,5,0,None within 50 metres,No physical crossing within 50 meters,Darkness: Street lights present and lit,Fine without high winds,Dry,None,None,1,Yes,E01001824,2005
5045,200501GD10529,536630.0,184700.0,-0.031045,51.544609,1,3,2,1,09/06/2005,5,15:57,4,E09000012,3,12,Single carriageway,30,Automatic traffic signal,3,106,None within 50 metres,No physical crossing within 50 meters,Daylight: Street light present,Fine without high winds,Dry,None,None,1,No,E01001849,2005
5046,200501GD10530,534080.0,185840.0,-0.067362,51.555465,1,3,2,1,09/06/2005,5,20:45,4,E09000012,5,0,Single carriageway,30,None,-1,0,None within 50 metres,No physical crossing within 50 meters,Darkness: Street lights present and lit,Fine without high winds,Dry,None,None,1,No,E01001745,2005
5047,200501GD10531,535060.0,185600.0,-0.053327,51.553075,1,3,1,1,14/06/2005,3,15:35,4,E09000012,6,0,Single carriageway,30,Giveway or uncontrolled,3,107,None within 50 metres,No physical crossing within 50 meters,Daylight: Street light present,Fine without high winds,Dry,None,None,1,Yes,E01001766,2005
5048,200501GD10532,534290.0,187550.0,-0.063682,51.570782,1,3,2,1,22/06/2005,4,22:39,4,E09000012,6,0,Single carriageway,30,Giveway or uncontrolled,6,0,None within 50 metres,No physical crossing within 50 meters,Daylight: Street light present,Fine without high winds,Dry,None,None,1,Yes,E01001824,2005
5049,200501GD10533,533460.0,186030.0,-0.076228,51.55732,1,3,2,1,27/06/2005,2,19:13,4,E09000012,6,0,Single carriageway,30,Giveway or uncontrolled,6,0,None within 50 metres,No physical crossing within 50 meters,Daylight: Street light present,Fine without high winds,Dry,None,None,1,Yes,E01001830,2005
5050,200501GD10534,533330.0,185140.0,-0.078439,51.549352,1,3,1,2,06/06/2005,2,08:40,3,E09000019,5,0,Dual carriageway,30,None,-1,0,None within 50 metres,No physical crossing within 50 meters,Daylight: Street light present,Fine without high winds,Dry,None,None,1,Yes,E01002778,2005
5051,200501GD10535,534920.0,185250.0,-0.055479,51.549963,1,2,1,1,27/05/2005,6,20:05,4,E09000012,6,0,Single carriageway,30,Giveway or uncontrolled,6,0,None within 50 metres,No physical crossing within 50 meters,Darkness: Street lights present and lit,Fine without high winds,Dry,None,None,1,Yes,E01001760,2005
5052,200501GD10536,536880.0,185060.0,-0.027302,51.547784,1,3,1,1,23/06/2005,5,15:10,4,E09000012,3,106,Single carriageway,30,Automatic traffic signal,5,0,None within 50 metres,Pedestrian phase at traffic signal junction,Daylight: Street light present,Fine without high winds,Dry,None,None,1,Yes,E01001846,2005
5053,200501GD10537,534210.0,185830.0,-0.065492,51.555344,1,3,2,1,04/07/2005,2,19:58,4,E09000012,5,0,Single carriageway,30,Giveway or uncontrolled,6,0,None within 50 metres,No physical crossing within 50 meters,Daylight: Street light present,Fine without high winds,Dry,None,None,1,Yes,E01001766,2005
5054,200501GD10538,533220.0,186550.0,-0.079491,51.562049,1,3,2,1,01/07/2005,6,14:53,4,E09000012,4,104,Single carriageway,30,Giveway or uncontrolled,5,0,None within 50 metres,No physical crossing within 50 meters,Daylight: Street light present,Fine without high winds,Dry,None,None,1,Yes,E01001741,2005
5055,200501GD10539,535320.0,185650.0,-0.04956,51.553462,1,3,2,1,03/07/2005,1,23:30,4,E09000012,5,0,Single carriageway,30,Giveway or uncontrolled,5,0,None within 50 metres,No physical crossing within 50 meters,Darkness: Street lights present and lit,Fine without high winds,Dry,None,None,1,Yes,E01001795,2005
5056,200501GD10540,533670.0,187830.0,-0.072516,51.573445,1,3,2,1,28/06/2005,3,07:34,4,E09000012,3,10,Single carriageway,30,Giveway or uncontrolled,3,107,None within 50 metres,No physical crossing within 50 meters,Daylight: Street light present,Fine without high winds,Dry,None,None,1,Yes,E01001814,2005
5057,200501GD10541,534140.0,184460.0,-0.067023,51.54305,1,2,1,2,15/06/2005,4,09:23,4,E09000012,5,0,Single carriageway,30,Giveway or uncontrolled,6,0,None within 50 metres,No physical crossing within 50 meters,Daylight: Street light present,Fine without high winds,Dry,None,None,1,Yes,E01001816,2005
5058,200501GD10542,537550.0,185500.0,-0.017473,51.551575,1,2,3,1,29/06/2005,4,09:15,4,E09000012,3,12,Dual carriageway,50,Automatic traffic signal,3,12,None within 50 metres,No physical crossing within 50 meters,Daylight: Street light present,Fine without high winds,Dry,None,None,1,Yes,E01003614,2005
5059,200501GD10543,533230.0,187940.0,-0.07882,51.574538,1,3,1,1,05/07/2005,3,08:35,4,E09000012,3,107,Single carriageway,30,Giveway or uncontrolled,6,0,None within 50 metres,No physical crossing within 50 meters,Daylight: Street light present,Fine without high winds,Dry,None,None,1,Yes,E01001807,2005
5060,200501GD10544,533430.0,184770.0,-0.077138,51.546004,1,3,2,1,06/07/2005,4,16:14,4,E09000012,3,104,Single carriageway,30,Giveway or uncontrolled,3,104,None within 50 metres,No physical crossing within 50 meters,Daylight: Street light present,Fine without high winds,Dry,None,None,1,Yes,E01001756,2005
5061,200501GD10545,533380.0,185150.0,-0.077714,51.54943,1,3,2,1,05/07/2005,3,21:00,3,E09000019,5,0,Single carriageway,30,Automatic traffic signal,5,0,None within 50 metres,Pedestrian phase at traffic signal junction,Daylight: Street light present,Fine without high winds,Dry,None,None,1,Yes,E01001747,2005
5062,200501GD10546,533270.0,182670.0,-0.080238,51.52717,1,3,2,1,11/07/2005,2,20:40,4,E09000012,3,5201,Single carriageway,30,Giveway or uncontrolled,6,0,None within 50 metres,No physical crossing within 50 meters,Daylight: Street light present,Fine without high winds,Dry,None,None,1,Yes,E01001771,2005
5063,200501GD10547,536610.0,185410.0,-0.031058,51.550995,1,3,2,2,28/06/2005,3,13:54,4,E09000012,5,0,Single carriageway,40,Automatic traffic signal,4,112,None within 50 metres,Pedestrian phase at traffic signal junction,Daylight: Street light present,Fine without high winds,Dry,None,None,1,Yes,E01001846,2005
5064,200501GD10548,533580.0,182800.0,-0.075723,51.528265,1,3,2,1,20/06/2005,2,08:10,4,E09000012,3,1208,Single carriageway,30,Giveway or uncontrolled,4,118,None within 50 metres,Zebra crossing,Daylight: Street light present,Fine without high winds,Dry,None,None,1,Yes,E01004311,2005
5065,200501GD10549,534550.0,186910.0,-0.060177,51.564969,1,3,2,1,20/06/2005,2,13:20,4,E09000012,3,107,Single carriageway,30,None,-1,0,None within 50 metres,No physical crossing within 50 meters,Daylight: Street light present,Fine without high winds,Dry,None,None,1,Yes,E01001728,2005
5066,200501GD10550,533420.0,182620.0,-0.078096,51.526685,1,3,2,1,30/06/2005,5,11:20,4,E09000012,3,10,Single carriageway,30,None,-1,0,None within 50 metres,No physical crossing within 50 meters,Daylight: Street light present,Raining without high winds,Wet/Damp,None,None,1,Yes,E01001771,2005
5067,200501GD10551,534890.0,184080.0,-0.056359,51.539456,1,3,1,1,13/06/2005,2,09:20,4,E09000012,3,107,Single carriageway,30,Giveway or uncontrolled,6,0,None within 50 metres,No physical crossing within 50 meters,Daylight: Street light present,Fine without high winds,Dry,None,None,1,No,E01001818,2005
5068,200501GD10552,534860.0,185570.0,-0.056221,51.552853,1,3,2,1,11/07/2005,2,22:00,4,E09000012,6,0,Single carriageway,30,Giveway or uncontrolled,6,0,None within 50 metres,No physical crossing within 50 meters,Darkness: Street lights present and lit,Fine without high winds,Dry,None,None,1,No,E01001757,2005
5069,200501GD10553,533660.0,187140.0,-0.072923,51.567247,1,3,2,1,11/07/2005,2,09:12,4,E09000012,3,10,Single carriageway,30,Giveway or uncontrolled,6,0,None within 50 metres,No physical crossing within 50 meters,Daylight: Street light present,Fine without high winds,Dry,None,None,1,Yes,E01001724,2005
5070,200501GD10554,533220.0,182390.0,-0.081064,51.524665,1,3,1,1,08/07/2005,6,23:43,4,E09000012,3,1202,Single carriageway,30,Giveway or uncontrolled,6,0,None within 50 metres,No physical crossing within 50 meters,Darkness: Street lights present and lit,Fine without high winds,Dry,None,None,1,Yes,E01001771,2005
5071,200501GD10555,533920.0,183940.0,-0.070391,51.538429,1,3,2,1,13/07/2005,4,16:50,4,E09000012,4,108,Single carriageway,30,Giveway or uncontrolled,6,0,None within 50 metres,Zebra crossing,Daylight: Street light present,Fine without high winds,Dry,None,None,1,Yes,E01001772,2005
5072,200501GD10556,536990.0,185210.0,-0.025658,51.549105,1,2,1,1,07/07/2005,5,12:00,4,E09000012,3,12,Dual carriageway,50,None,-1,0,None within 50 metres,No physical crossing within 50 meters,Daylight: Street light present,Raining without high winds,Wet/Damp,None,None,1,Yes,E01001846,2005
5073,200501GD10558,533950.0,187720.0,-0.06852,51.572391,1,3,2,1,21/06/2005,3,21:20,4,E09000012,3,107,Single carriageway,30,Giveway or uncontrolled,6,0,None within 50 metres,No physical crossing within 50 meters,Daylight: Street light present,Fine without high winds,Dry,None,None,1,No,E01001826,2005
5074,200501GD10559,534380.0,185040.0,-0.063343,51.548205,1,3,2,1,30/06/2005,5,17:20,4,E09000012,3,104,Single carriageway,30,None,-1,0,None within 50 metres,No physical crossing within 50 meters,Daylight: Street light present,Fine without high winds,Dry,None,None,1,No,E01001761,2005
5075,200501GD10560,535440.0,184320.0,-0.048341,51.541481,1,3,1,1,28/06/2005,3,16:15,4,E09000012,5,0,One way street,30,None,-1,0,None within 50 metres,No physical crossing within 50 meters,Daylight: Street light present,Fine without high winds,Dry,None,None,1,No,E01001844,2005
5076,200501GD10563,534940.0,184940.0,-0.055309,51.547173,1,3,1,1,06/07/2005,4,12:45,4,E09000012,3,107,Single carriageway,30,Giveway or uncontrolled,3,107,None within 50 metres,non-junction pedestrian crossing,Daylight: Street light present,Fine without high winds,Dry,None,None,1,No,E01001760,2005
5077,200501GD10564,534930.0,185190.0,-0.055358,51.549422,1,3,2,1,12/07/2005,3,15:00,4,E09000012,3,107,Single carriageway,30,Giveway or uncontrolled,3,107,None within 50 metres,No physical crossing within 50 meters,Daylight: Street light present,Fine without high winds,Dry,None,None,1,No,E01001760,2005
5078,200501GD10567,533200.0,183090.0,-0.081088,51.530961,1,3,1,1,07/07/2005,5,16:00,4,E09000012,5,0,Single carriageway,30,Giveway or uncontrolled,6,0,None within 50 metres,No physical crossing within 50 meters,Daylight: Street light present,Fine without high winds,Dry,None,None,1,Yes,E01001784,2005
5079,200501GD10568,534530.0,183790.0,-0.061658,51.536936,1,3,2,1,27/06/2005,2,16:10,4,E09000012,5,0,Single carriageway,30,Giveway or uncontrolled,6,0,None within 50 metres,No physical crossing within 50 meters,Daylight: Street light present,Fine without high winds,Dry,None,None,1,Yes,E01001818,2005
5080,200501GD10569,533100.0,182690.0,-0.08268,51.527389,1,3,1,1,20/07/2005,4,19:12,4,E09000012,6,0,Single carriageway,30,None,-1,0,None within 50 metres,No physical crossing within 50 meters,Daylight: Street light present,Fine without high winds,Dry,None,None,1,No,E01001771,2005
5081,200501GD10570,534790.0,186180.0,-0.056997,51.558351,1,2,2,4,30/05/2005,2,17:27,4,E09000012,5,0,Single carriageway,30,None,-1,0,None within 50 metres,No physical crossing within 50 meters,Daylight: Street light present,Fine without high winds,Dry,None,None,1,Yes,E01001770,2005
5082,200501GD10571,533940.0,183600.0,-0.070232,51.535369,1,3,2,2,02/07/2005,7,11:30,4,E09000012,4,108,Single carriageway,30,Giveway or uncontrolled,6,0,None within 50 metres,No physical crossing within 50 meters,Daylight: Street light present,Fine without high winds,Dry,None,None,1,Yes,E01001774,2005
5083,200501GD10572,533250.0,182360.0,-0.080643,51.524389,1,3,2,1,04/07/2005,2,13:35,4,E09000012,3,1202,Single carriageway,30,None,-1,0,None within 50 metres,No physical crossing within 50 meters,Daylight: Street light present,Fine without high winds,Dry,None,None,1,Yes,E01001771,2005
5084,200501GD10573,534680.0,186700.0,-0.058383,51.563051,1,3,1,1,07/07/2005,5,14:00,4,E09000012,3,107,Single carriageway,30,Automatic traffic signal,4,111,None within 50 metres,Pedestrian phase at traffic signal junction,Daylight: Street light present,Fine without high winds,Dry,None,None,1,Yes,E01001722,2005
5085,200501GD10574,532450.0,186780.0,-0.090506,51.564297,1,3,2,1,10/07/2005,1,01:33,4,E09000012,4,105,Single carriageway,30,None,-1,0,None within 50 metres,No physical crossing within 50 meters,Darkness: Street lights present and lit,Fine without high winds,Dry,None,None,1,Yes,E01001803,2005
5086,200501GD10575,534860.0,184660.0,-0.05657,51.544675,1,3,1,1,12/07/2005,3,14:41,4,E09000012,6,0,Single carriageway,30,Giveway or uncontrolled,6,0,None within 50 metres,No physical crossing within 50 meters,Daylight: Street light present,Fine without high winds,Dry,None,None,1,Yes,E01001762,2005
5087,200501GD10576,533650.0,186830.0,-0.073185,51.564464,1,3,1,1,12/07/2005,3,19:35,4,E09000012,3,10,Single carriageway,30,None,-1,0,None within 50 metres,No physical crossing within 50 meters,Daylight: Street light present,Fine without high winds,Dry,None,None,1,Yes,E01001805,2005
5088,200501GD10577,535210.0,185290.0,-0.051283,51.550253,1,3,2,1,14/07/2005,5,17:05,4,E09000012,3,102,Single carriageway,30,Giveway or uncontrolled,6,0,None within 50 metres,No physical crossing within 50 meters,Daylight: Street light present,Fine without high winds,Dry,None,None,1,Yes,E01001735,2005
5089,200501GD10578,534000.0,185710.0,-0.068565,51.554316,1,2,1,1,14/07/2005,5,16:06,4,E09000012,5,0,Single carriageway,30,Automatic traffic signal,5,0,None within 50 metres,No physical crossing within 50 meters,Daylight: Street light present,Fine without high winds,Dry,None,None,1,Yes,E01001833,2005
5090,200501GD10579,534190.0,183880.0,-0.066523,51.537826,1,3,1,1,10/07/2005,1,12:17,4,E09000012,6,0,Single carriageway,30,Giveway or uncontrolled,6,0,None within 50 metres,No physical crossing within 50 meters,Daylight: Street light present,Fine without high winds,Dry,None,None,1,Yes,E01001820,2005
5091,200501GD10580,533490.0,184180.0,-0.076497,51.540687,1,3,2,2,02/07/2005,7,19:00,4,E09000012,3,10,Single carriageway,30,Automatic traffic signal,5,0,None within 50 metres,No physical crossing within 50 meters,Daylight: Street light present,Fine without high winds,Dry,None,None,1,Yes,E01001750,2005
5092,200501GD10581,535220.0,184690.0,-0.05137,51.544859,1,2,2,1,06/07/2005,4,18:21,4,E09000012,6,0,Dual carriageway,30,None,-1,0,None within 50 metres,No physical crossing within 50 meters,Daylight: Street light present,Fine without high winds,Dry,None,None,1,Yes,E01001731,2005
5093,200501GD10582,535070.0,186250.0,-0.052933,51.558914,1,3,1,1,07/07/2005,5,02:22,4,E09000012,3,104,Single carriageway,30,Automatic traffic signal,6,0,None within 50 metres,No physical crossing within 50 meters,Darkness: Street lights present and lit,Fine without high winds,Dry,None,None,1,Yes,E01001792,2005
5094,200501GD10583,533470.0,183060.0,-0.077209,51.530627,1,3,2,1,16/05/2005,2,18:00,4,E09000012,5,0,Single carriageway,30,Automatic traffic signal,3,10,None within 50 metres,Pedestrian phase at traffic signal junction,Daylight: Street light present,Raining without high winds,Wet/Damp,None,None,1,Yes,E01001777,2005
5095,200501GD10586,533310.0,184370.0,-0.079019,51.542437,1,2,4,4,30/06/2005,5,00:25,4,E09000012,5,0,Single carriageway,30,Giveway or uncontrolled,6,0,None within 50 metres,No physical crossing within 50 meters,Darkness: Street lights present and lit,Fine without high winds,Dry,None,None,1,Yes,E01001756,2005
5096,200501GD10587,532710.0,182630.0,-0.088321,51.526942,1,3,2,1,29/06/2005,4,17:50,3,E09000019,3,501,Single carriageway,30,Giveway or uncontrolled,3,501,None within 50 metres,No physical crossing within 50 meters,Daylight: Street light present,Fine without high winds,Dry,None,None,1,Yes,E01002701,2005
5097,200501GD10588,534860.0,185880.0,-0.056102,51.555639,1,3,3,1,19/07/2005,3,20:10,4,E09000012,6,0,Single carriageway,30,Giveway or uncontrolled,3,104,None within 50 metres,No physical crossing within 50 meters,Daylight: Street light present,Fine without high winds,Dry,None,None,1,Yes,E01001766,2005
5098,200501GD10591,534890.0,185920.0,-0.055655,51.555991,1,3,3,2,18/07/2005,2,17:02,4,E09000012,3,107,Single carriageway,30,Automatic traffic signal,3,104,None within 50 metres,Pedestrian phase at traffic signal junction,Daylight: Street light present,Fine without high winds,Dry,None,None,1,Yes,E01001766,2005
5099,200501GD10593,534910.0,186190.0,-0.055263,51.558413,1,3,2,1,15/07/2005,6,15:25,4,E09000012,3,104,Roundabout,30,Giveway or uncontrolled,3,107,None within 50 metres,No physical crossing within 50 meters,Daylight: Street light present,Fine without high winds,Dry,None,None,1,No,E01001792,2005
5100,200501GD10594,533210.0,182420.0,-0.081197,51.524937,1,3,2,1,03/06/2005,6,18:47,4,E09000012,6,0,One way street,30,Giveway or uncontrolled,3,1202,None within 50 metres,No physical crossing within 50 meters,Daylight: Street light present,Fine without high winds,Dry,None,None,1,No,E01001771,2005
5101,200501GD10595,532980.0,185990.0,-0.083163,51.557073,1,3,2,1,26/07/2005,3,17:20,4,E09000012,6,0,Single carriageway,30,Giveway or uncontrolled,4,104,None within 50 metres,No physical crossing within 50 meters,Daylight: Street light present,Fine without high winds,Dry,None,None,1,Yes,E01001739,2005
5102,200501GD10596,534850.0,183810.0,-0.057039,51.537039,1,3,1,1,17/07/2005,1,11:30,4,E09000012,3,107,Single carriageway,30,None,-1,0,None within 50 metres,No physical crossing within 50 meters,Daylight: Street light present,Fine without high winds,Dry,None,None,1,Yes,E01001818,2005
5103,200501GD10597,535340.0,184930.0,-0.049548,51.546987,1,3,1,1,20/07/2005,4,13:40,4,E09000012,4,113,Single carriageway,30,Giveway or uncontrolled,6,0,None within 50 metres,No physical crossing within 50 meters,Daylight: Street light present,Fine without high winds,Dry,None,None,1,Yes,E01001731,2005
5104,200501GD10598,533360.0,182250.0,-0.0791,51.523374,1,2,2,1,23/07/2005,7,02:55,4,E09000012,3,1202,Single carriageway,30,None,-1,0,None within 50 metres,No physical crossing within 50 meters,Darkness: Street lights present and lit,Fine without high winds,Dry,None,None,1,Yes,E01001771,2005
5105,200501GD10599,538290.0,181380.0,-0.008424,51.514371,1,3,2,1,05/07/2005,3,20:00,5,E09000030,3,12,Dual carriageway,50,None,-1,0,None within 50 metres,No physical crossing within 50 meters,Daylight: Street light present,Raining without high winds,Wet/Damp,None,None,1,Yes,E01004249,2005
5106,200501GD10600,535590.0,184700.0,-0.046033,51.54486,1,3,1,1,15/07/2005,6,23:40,4,E09000012,4,113,Single carriageway,30,Automatic traffic signal,4,113,None within 50 metres,Pedestrian phase at traffic signal junction,Darkness: Street lights present and lit,Fine without high winds,Dry,None,None,1,Yes,E01001730,2005
5107,200501GD10601,533410.0,182780.0,-0.07818,51.528125,1,3,1,1,25/07/2005,2,04:28,4,E09000012,3,10,Single carriageway,30,Giveway or uncontrolled,6,0,None within 50 metres,No physical crossing within 50 meters,Darkness: Street lights present and lit,Raining without high winds,Wet/Damp,None,None,1,Yes,E01001771,2005
5108,200501GD10602,531560.0,186880.0,-0.103301,51.565404,1,3,1,1,27/07/2005,4,10:30,4,E09000012,3,503,Single carriageway,30,Giveway or uncontrolled,6,0,None within 50 metres,No physical crossing within 50 meters,Daylight: Street light present,Fine without high winds,Dry,None,None,1,Yes,E01002002,2005
5109,200501GD10603,532900.0,182550.0,-0.085614,51.526178,1,3,1,1,30/07/2005,7,22:45,4,E09000012,3,5201,Dual carriageway,30,Giveway or uncontrolled,6,0,None within 50 metres,No physical crossing within 50 meters,Darkness: Street lights present and lit,Fine without high winds,Dry,None,None,1,Yes,E01001780,2005
5110,200501GD10604,533520.0,184810.0,-0.075825,51.546342,1,3,2,1,24/05/2005,3,14:00,4,E09000012,6,0,Single carriageway,30,Giveway or uncontrolled,3,10,None within 50 metres,No physical crossing within 50 meters,Daylight: Street light present,Fine without high winds,Dry,None,None,1,Yes,E01001743,2005
5111,200501GD10605,533980.0,184810.0,-0.069195,51.546233,1,3,1,1,21/07/2005,5,15:50,4,E09000012,3,1207,Single carriageway,30,None,-1,0,None within 50 metres,No physical crossing within 50 meters,Daylight: Street light present,Fine without high winds,Dry,None,None,1,Yes,E01001749,2005
5112,200501GD10606,533650.0,186910.0,-0.073154,51.565183,1,3,1,1,12/07/2005,3,17:35,4,E09000012,3,10,Single carriageway,30,Automatic traffic signal,4,105,None within 50 metres,Pedestrian phase at traffic signal junction,Daylight: Street light present,Fine without high winds,Dry,None,None,1,Yes,E01001805,2005
5113,200501GD10607,533470.0,183670.0,-0.076978,51.536109,1,3,3,1,07/07/2005,5,08:40,4,E09000012,3,10,Single carriageway,30,Giveway or uncontrolled,6,0,None within 50 metres,No physical crossing within 50 meters,Daylight: Street light present,Fine without high winds,Dry,None,None,1,Yes,E01001754,2005
5114,200501GD10608,535010.0,185240.0,-0.054185,51.549852,1,3,1,1,20/07/2005,4,11:26,4,E09000012,3,107,Single carriageway,30,None,-1,0,None within 50 metres,No physical crossing within 50 meters,Daylight: Street light present,Fine without high winds,Dry,None,None,1,Yes,E01001734,2005
5115,200501GD10609,532720.0,182610.0,-0.088185,51.52676,1,2,2,1,14/07/2005,5,02:32,3,E09000019,3,501,Single carriageway,30,Automatic traffic signal,3,1200,None within 50 metres,Pedestrian phase at traffic signal junction,Darkness: Street lights present and lit,Fine without high winds,Dry,None,None,1,Yes,E01002701,2005
5116,200501GD10610,533470.0,183720.0,-0.076959,51.536558,1,3,2,1,14/07/2005,5,11:00,4,E09000012,3,10,Single carriageway,30,Giveway or uncontrolled,6,0,None within 50 metres,Zebra crossing,Daylight: Street light present,Fine without high winds,Dry,Roadworks,None,1,Yes,E01001754,2005
5117,200501GD10612,534570.0,183230.0,-0.061296,51.531894,1,3,2,1,20/07/2005,4,23:20,5,E09000030,3,1208,Single carriageway,30,Giveway or uncontrolled,5,0,None within 50 metres,No physical crossing within 50 meters,Darkness: Street lights present and lit,Fine without high winds,Dry,None,None,1,No,E01004202,2005
5118,200501GD10613,535700.0,183940.0,-0.044741,51.538004,1,3,2,1,17/07/2005,1,14:40,4,E09000012,3,106,Roundabout,30,Giveway or uncontrolled,3,1205,None within 50 metres,Zebra crossing,Daylight: Street light present,Fine without high winds,Dry,None,None,1,No,E01001836,2005
5119,200501GD10614,537380.0,185170.0,-0.020052,51.548651,1,2,2,3,31/07/2005,1,14:28,4,E09000012,5,0,Single carriageway,30,Giveway or uncontrolled,6,0,None within 50 metres,No physical crossing within 50 meters,Daylight: Street light present,Fine without high winds,Dry,None,None,1,Yes,E01001846,2005
5120,200501GD10615,532760.0,183280.0,-0.087356,51.532772,1,3,2,2,19/02/2005,7,00:01,4,E09000012,3,1200,Single carriageway,30,Giveway or uncontrolled,4,102,None within 50 metres,No physical crossing within 50 meters,Darkness: Street lights present and lit,Fine without high winds,Wet/Damp,None,None,1,Yes,E01001781,2005
5121,200501GD10616,534010.0,185910.0,-0.068344,51.556111,1,3,2,1,27/07/2005,4,04:44,4,E09000012,5,0,Single carriageway,30,Giveway or uncontrolled,6,0,None within 50 metres,No physical crossing within 50 meters,Darkness: Street lights present and lit,Raining without high winds,Wet/Damp,None,None,1,Yes,E01001833,2005
5122,200501GD10618,534910.0,184530.0,-0.055899,51.543495,1,3,1,1,02/08/2005,3,13:35,4,E09000012,5,0,Single carriageway,30,None,-1,0,None within 50 metres,No physical crossing within 50 meters,Daylight: Street light present,Fine without high winds,Dry,None,None,1,Yes,E01001818,2005
5123,200501GD10619,534940.0,184690.0,-0.055405,51.544926,1,3,1,1,25/06/2005,7,13:00,4,E09000012,3,107,Single carriageway,30,None,-1,0,None within 50 metres,No physical crossing within 50 meters,Daylight: Street light present,Fine without high winds,Dry,None,None,1,Yes,E01001762,2005
5124,200501GD10620,533670.0,188020.0,-0.072444,51.575153,1,3,2,1,18/07/2005,2,12:15,4,E09000012,6,0,Single carriageway,30,Giveway or uncontrolled,3,10,None within 50 metres,No physical crossing within 50 meters,Daylight: Street light present,Fine without high winds,Dry,None,None,1,Yes,E01001814,2005
5125,200501GD10621,531640.0,186960.0,-0.102118,51.566104,1,2,2,1,25/07/2005,2,08:01,4,E09000012,5,0,Single carriageway,30,Giveway or uncontrolled,3,503,None within 50 metres,No physical crossing within 50 meters,Daylight: Street light present,Fine without high winds,Dry,None,None,1,Yes,E01001716,2005
5126,200501GD10622,533520.0,184760.0,-0.075844,51.545892,1,2,1,1,20/07/2005,4,15:10,4,E09000012,3,10,Single carriageway,30,Giveway or uncontrolled,3,104,None within 50 metres,No physical crossing within 50 meters,Daylight: Street light present,Fine without high winds,Dry,None,None,1,Yes,E01001756,2005
5127,200501GD10623,532000.0,187590.0,-0.09669,51.571682,1,3,2,1,17/07/2005,1,11:08,4,E09000012,3,105,Single carriageway,30,Giveway or uncontrolled,6,0,None within 50 metres,No physical crossing within 50 meters,Daylight: Street light present,Fine without high winds,Dry,None,None,1,Yes,E01002002,2005
5128,200501GD10624,533270.0,182340.0,-0.080363,51.524204,1,3,2,1,15/07/2005,6,19:42,4,E09000012,5,0,Single carriageway,30,Automatic traffic signal,3,1202,None within 50 metres,No physical crossing within 50 meters,Daylight: Street light present,Fine without high winds,Dry,None,None,1,Yes,E01001771,2005
5129,200501GD10626,534850.0,186130.0,-0.056151,51.557888,1,3,2,1,30/07/2005,7,08:20,4,E09000012,6,0,Roundabout,30,Automatic traffic signal,3,107,None within 50 metres,No physical crossing within 50 meters,Daylight: Street light present,Fine without high winds,Dry,None,None,1,Yes,E01001770,2005
5130,200501GD10628,533450.0,182490.0,-0.077713,51.52551,1,3,1,1,08/02/2005,3,17:30,4,E09000012,3,10,Single carriageway,30,None,-1,0,None within 50 metres,No physical crossing within 50 meters,Daylight: Street light present,Fine without high winds,Dry,None,None,1,No,E01001771,2005
5131,200501GD10629,536120.0,185180.0,-0.038209,51.549046,1,2,2,1,13/07/2005,4,17:35,4,E09000012,3,102,Single carriageway,30,Giveway or uncontrolled,3,102,None within 50 metres,No physical crossing within 50 meters,Daylight: Street light present,Fine without high winds,Dry,None,None,1,No,E01001848,2005
5132,200501GD10630,535170.0,185360.0,-0.051833,51.550892,1,3,1,1,14/07/2005,5,19:54,4,E09000012,3,107,Single carriageway,30,Automatic traffic signal,3,102,None within 50 metres,Pedestrian phase at traffic signal junction,Daylight: Street light present,Fine without high winds,Dry,None,None,1,No,E01001734,2005
5133,200501GD10631,533530.0,182730.0,-0.07647,51.527648,1,3,2,1,19/07/2005,3,09:09,4,E09000012,3,1208,Single carriageway,30,Giveway or uncontrolled,6,0,None within 50 metres,No physical crossing within 50 meters,Daylight: Street light present,Fine without high winds,Dry,None,None,1,Yes,E01004311,2005
5134,200501GD10632,536220.0,185220.0,-0.036753,51.549381,1,3,2,1,17/07/2005,1,14:27,4,E09000012,4,112,Single carriageway,30,Giveway or uncontrolled,6,0,None within 50 metres,non-junction pedestrian crossing,Daylight: Street light present,Fine without high winds,Dry,None,None,1,Yes,E01001847,2005
5135,200501GD10633,535320.0,185620.0,-0.049571,51.553192,1,3,1,1,16/07/2005,7,11:08,4,E09000012,5,0,Single carriageway,30,Giveway or uncontrolled,5,0,None within 50 metres,No physical crossing within 50 meters,Daylight: Street light present,Fine without high winds,Dry,None,None,1,Yes,E01001795,2005
5136,200501GD10634,534060.0,183550.0,-0.068522,51.534891,1,3,2,1,16/07/2005,7,13:15,4,E09000012,5,0,Single carriageway,30,None,-1,0,None within 50 metres,No physical crossing within 50 meters,Daylight: Street light present,Fine without high winds,Dry,None,None,1,Yes,E01001775,2005
5137,200501GD10635,533660.0,187770.0,-0.072683,51.572909,1,3,1,1,21/07/2005,5,14:50,4,E09000012,3,10,Dual carriageway,30,None,-1,0,None within 50 metres,No physical crossing within 50 meters,Daylight: Street light present,Fine without high winds,Dry,None,None,1,Yes,E01001808,2005
5138,200501GD10636,532190.0,187090.0,-0.094138,51.567144,1,3,2,1,19/06/2005,1,06:45,4,E09000012,3,105,Single carriageway,30,Giveway or uncontrolled,6,0,None within 50 metres,Zebra crossing,Daylight: Street light present,Fine without high winds,Dry,None,None,1,Yes,E01001714,2005
5139,200501GD10637,535490.0,184280.0,-0.047636,51.54111,1,3,2,1,23/07/2005,7,03:28,4,E09000012,5,0,Single carriageway,30,Giveway or uncontrolled,5,0,None within 50 metres,No physical crossing within 50 meters,Darkness: Street lights present and lit,Fine without high winds,Dry,None,None,1,Yes,E01001840,2005
5140,200501GD10638,532780.0,182900.0,-0.087211,51.529352,1,3,2,1,02/08/2005,3,03:04,4,E09000012,3,1200,Single carriageway,30,Giveway or uncontrolled,3,1200,None within 50 metres,No physical crossing within 50 meters,Darkness: Street lights present and lit,Fine without high winds,Dry,None,None,1,Yes,E01001778,2005
5141,200501GD10639,534370.0,184570.0,-0.063666,51.543983,1,3,2,2,12/07/2005,3,22:05,4,E09000012,6,0,Single carriageway,30,Giveway or uncontrolled,6,0,None within 50 metres,No physical crossing within 50 meters,Daylight: Street light present,Fine without high winds,Dry,None,None,1,No,E01001763,2005
5142,200501GD10640,534320.0,184480.0,-0.064421,51.543187,1,3,2,1,29/07/2005,6,12:45,4,E09000012,5,0,Single carriageway,30,Giveway or uncontrolled,5,0,None within 50 metres,No physical crossing within 50 meters,Daylight: Street light present,Fine without high winds,Dry,None,None,1,No,E01001816,2005
5143,200501GD10641,533440.0,182200.0,-0.077967,51.522906,1,3,2,1,28/07/2005,5,09:30,4,E09000012,3,1202,Single carriageway,30,Automatic traffic signal,3,10,None within 50 metres,Pedestrian phase at traffic signal junction,Daylight: Street light present,Fine without high winds,Dry,None,None,1,Yes,E01001771,2005
5144,200501GD10642,534630.0,185190.0,-0.059682,51.549493,1,3,2,1,04/08/2005,5,19:10,4,E09000012,3,104,Single carriageway,30,Automatic traffic signal,3,107,None within 50 metres,Pedestrian phase at traffic signal junction,Daylight: Street light present,Fine without high winds,Dry,None,None,1,Yes,E01001760,2005
5145,200501GD10643,533930.0,185530.0,-0.069642,51.552715,1,3,2,2,03/08/2005,4,13:35,4,E09000012,5,0,Single carriageway,30,Giveway or uncontrolled,5,0,None within 50 metres,Zebra crossing,Daylight: Street light present,Fine without high winds,Dry,None,None,1,Yes,E01001747,2005
5146,200501GD10644,533570.0,185950.0,-0.074672,51.556575,1,3,2,1,19/07/2005,3,17:30,4,E09000012,3,10,Single carriageway,30,Giveway or uncontrolled,5,0,None within 50 metres,No physical crossing within 50 meters,Daylight: Street light present,Fine without high winds,Dry,None,None,1,Yes,E01001830,2005
5147,200501GD10645,533520.0,184770.0,-0.075841,51.545982,1,3,3,1,03/08/2005,4,23:55,4,E09000012,3,104,Single carriageway,30,Giveway or uncontrolled,3,10,None within 50 metres,No physical crossing within 50 meters,Darkness: Street lights present and lit,Fine without high winds,Dry,None,None,1,No,E01001756,2005
5148,200501GD10646,532100.0,187030.0,-0.095459,51.566626,1,3,2,1,29/07/2005,6,14:10,4,E09000012,6,0,Single carriageway,30,None,-1,0,None within 50 metres,No physical crossing within 50 meters,Daylight: Street light present,Fine without high winds,Dry,None,None,1,Yes,E01001715,2005
5149,200501GD10647,537370.0,185210.0,-0.020181,51.549013,1,2,1,1,16/07/2005,7,09:30,4,E09000012,5,0,Single carriageway,30,None,-1,0,None within 50 metres,No physical crossing within 50 meters,Daylight: Street light present,Fine without high winds,Dry,None,None,1,No,E01001846,2005
5150,200501GD10648,533980.0,186030.0,-0.068731,51.557196,1,2,1,1,02/08/2005,3,13:25,4,E09000012,3,10,Single carriageway,30,Giveway or uncontrolled,3,10,None within 50 metres,No physical crossing within 50 meters,Daylight: Street light present,Fine without high winds,Dry,None,None,1,Yes,E01001833,2005
5151,200501GD10649,533650.0,186840.0,-0.073181,51.564554,1,3,1,1,30/06/2005,5,21:12,4,E09000012,3,10,Dual carriageway,30,None,-1,0,None within 50 metres,No physical crossing within 50 meters,Darkness: Street lights present and lit,Fine without high winds,Dry,None,None,1,Yes,E01001805,2005
5152,200501GD10651,536560.0,184710.0,-0.03205,51.544716,1,3,2,1,28/07/2005,5,05:33,4,E09000012,3,12,Dual carriageway,70,None,-1,0,None within 50 metres,No physical crossing within 50 meters,Daylight: Street light present,Raining without high winds,Wet/Damp,None,None,1,Yes,E01001849,2005
5153,200501GD10652,534980.0,185420.0,-0.054549,51.551476,1,3,2,1,29/07/2005,6,20:30,4,E09000012,6,0,Single carriageway,30,Giveway or uncontrolled,6,0,None within 50 metres,No physical crossing within 50 meters,Daylight: Street light present,Fine without high winds,Dry,None,None,1,No,E01001734,2005
5154,200501GD10653,532740.0,187910.0,-0.085898,51.574384,1,3,1,1,02/08/2005,3,18:15,4,E09000012,3,107,Single carriageway,30,Giveway or uncontrolled,3,503,None within 50 metres,Zebra crossing,Daylight: Street light present,Fine without high winds,Dry,None,None,1,Yes,E01001811,2005
5155,200501GD10654,534320.0,187490.0,-0.063272,51.570236,1,3,2,1,19/06/2005,1,20:00,4,E09000012,6,0,Single carriageway,30,None,-1,0,None within 50 metres,No physical crossing within 50 meters,Darkness: Street lights present and lit,Fine without high winds,Dry,None,None,1,No,E01001824,2005
5156,200501GD10655,536010.0,185470.0,-0.039683,51.551679,1,3,1,1,12/08/2005,6,22:32,4,E09000012,6,0,Single carriageway,30,None,-1,0,None within 50 metres,No physical crossing within 50 meters,Darkness: Street lights present and lit,Fine without high winds,Dry,None,None,1,Yes,E01001791,2005
5157,200501GD10656,534450.0,184780.0,-0.062433,51.545852,1,3,2,1,06/08/2005,7,12:00,4,E09000012,3,1207,Single carriageway,30,Giveway or uncontrolled,5,0,None within 50 metres,No physical crossing within 50 meters,Daylight: Street light present,Fine without high winds,Dry,None,None,1,Yes,E01001763,2005
5158,200501GD10659,534470.0,187220.0,-0.061212,51.567774,1,3,2,1,20/07/2005,4,21:00,4,E09000012,3,107,Single carriageway,30,Giveway or uncontrolled,6,0,None within 50 metres,Zebra crossing,Daylight: Street light present,Fine without high winds,Dry,None,None,1,Yes,E01001827,2005
5159,200501GD10660,533570.0,186300.0,-0.074539,51.55972,1,3,1,1,29/07/2005,6,19:30,4,E09000012,6,0,Single carriageway,30,None,-1,0,None within 50 metres,No physical crossing within 50 meters,Daylight: Street light present,Fine without high winds,Dry,None,None,1,Yes,E01001830,2005
5160,200501GD10661,533270.0,186560.0,-0.078766,51.562127,1,3,2,1,14/07/2005,5,00:10,4,E09000012,4,104,Single carriageway,30,Giveway or uncontrolled,6,0,None within 50 metres,No physical crossing within 50 meters,Darkness: Street lights present and lit,Fine without high winds,Dry,None,None,1,Yes,E01001741,2005
5161,200501GD10662,533080.0,186600.0,-0.08149,51.562532,1,3,1,1,04/08/2005,5,18:10,4,E09000012,5,0,Single carriageway,30,None,-1,0,None within 50 metres,No physical crossing within 50 meters,Daylight: Street light present,Fine without high winds,Dry,None,None,1,Yes,E01001806,2005
5162,200501GD10663,533260.0,182980.0,-0.080265,51.529958,1,3,2,1,03/08/2005,4,17:16,4,E09000012,6,0,Single carriageway,30,Giveway or uncontrolled,6,0,None within 50 metres,No physical crossing within 50 meters,Daylight: Street light present,Fine without high winds,Dry,None,None,1,No,E01001784,2005
5163,200501GD10664,532030.0,187450.0,-0.09631,51.570417,1,3,1,1,20/07/2005,4,07:00,4,E09000012,3,503,Single carriageway,30,Automatic traffic signal,3,105,None within 50 metres,Pedestrian phase at traffic signal junction,Daylight: Street light present,Fine without high winds,Dry,None,None,1,Yes,E01001714,2005
5164,200501GD10665,535550.0,184670.0,-0.046621,51.5446,1,3,1,2,19/06/2005,1,21:40,4,E09000012,4,113,Single carriageway,30,Giveway or uncontrolled,5,0,None within 50 metres,No physical crossing within 50 meters,Darkness: Street lights present and lit,Fine without high winds,Dry,None,None,1,Yes,E01001730,2005
5165,200501GD10666,533290.0,187110.0,-0.078269,51.567065,1,3,2,1,10/08/2005,4,20:30,4,E09000012,4,105,Single carriageway,30,Giveway or uncontrolled,5,0,None within 50 metres,Zebra crossing,Daylight: Street light present,Fine without high winds,Dry,None,None,1,Yes,E01001802,2005
5166,200501GD10667,535350.0,184260.0,-0.049661,51.540964,1,3,1,1,28/07/2005,5,16:15,4,E09000012,3,106,Single carriageway,30,None,-1,0,None within 50 metres,No physical crossing within 50 meters,Daylight: Street light present,Fine without high winds,Dry,None,None,1,Yes,E01001840,2005
5167,200501GD10668,532400.0,187680.0,-0.090888,51.572397,1,3,2,1,05/08/2005,6,13:30,4,E09000012,3,503,Single carriageway,30,Automatic traffic signal,3,503,None within 50 metres,Pedestrian phase at traffic signal junction,Daylight: Street light present,Fine without high winds,Dry,None,None,1,No,E01001721,2005
5168,200501GD10669,534630.0,185180.0,-0.059686,51.549403,1,3,1,1,11/08/2005,5,15:05,4,E09000012,3,107,Single carriageway,30,Automatic traffic signal,3,107,None within 50 metres,Pedestrian phase at traffic signal junction,Daylight: Street light present,Fine without high winds,Dry,None,None,1,No,E01001760,2005
5169,200501GD10672,531630.0,186960.0,-0.102262,51.566107,1,3,2,1,05/08/2005,6,19:13,4,E09000012,3,503,Single carriageway,30,Giveway or uncontrolled,5,0,None within 50 metres,No physical crossing within 50 meters,Daylight: Street light present,Fine without high winds,Dry,None,None,1,Yes,E01002002,2005
5170,200501GD10673,533340.0,187650.0,-0.077343,51.571906,1,3,2,1,12/08/2005,6,16:45,4,E09000012,6,0,Dual carriageway,30,None,-1,0,None within 50 metres,No physical crossing within 50 meters,Daylight: Street light present,Fine without high winds,Dry,None,None,1,Yes,E01001809,2005
5171,200501GD10674,533220.0,187480.0,-0.079138,51.570407,1,3,2,1,09/08/2005,3,22:40,4,E09000012,5,0,Single carriageway,30,None,-1,0,None within 50 metres,No physical crossing within 50 meters,Darkness: Street lights present and lit,Fine without high winds,Dry,None,None,1,Yes,E01001799,2005
5172,200501GD10675,536170.0,185200.0,-0.037481,51.549214,1,3,1,1,16/08/2005,3,15:30,4,E09000012,4,112,Single carriageway,30,None,-1,0,None within 50 metres,Zebra crossing,Daylight: Street light present,Fine without high winds,Dry,Roadworks,None,1,No,E01001847,2005
5173,200501GD10676,535900.0,185800.0,-0.041141,51.554671,1,2,1,1,17/08/2005,4,18:45,4,E09000012,6,0,Single carriageway,30,None,-1,0,None within 50 metres,No physical crossing within 50 meters,Daylight: Street light present,Fine without high winds,Dry,None,None,1,Yes,E01001789,2005
5174,200501GD10677,534690.0,186690.0,-0.058243,51.562958,1,3,1,2,06/08/2005,7,14:43,4,E09000012,3,107,Single carriageway,30,Automatic traffic signal,4,111,None within 50 metres,Pedestrian phase at traffic signal junction,Daylight: Street light present,Fine without high winds,Dry,None,None,1,No,E01001722,2005
5175,200501GD10679,534440.0,183560.0,-0.063043,51.534891,1,3,2,1,13/08/2005,7,10:11,4,E09000012,5,0,Roundabout,30,Giveway or uncontrolled,5,0,None within 50 metres,No physical crossing within 50 meters,Daylight: Street light present,Fine without high winds,Dry,None,None,1,Yes,E01001775,2005
5176,200501GD10681,533060.0,183400.0,-0.082988,51.533779,1,2,2,1,17/08/2005,4,16:12,4,E09000012,5,0,Single carriageway,30,Giveway or uncontrolled,5,0,None within 50 metres,No physical crossing within 50 meters,Daylight: Street light present,Fine without high winds,Dry,None,None,1,Yes,E01001781,2005
5177,200501GD10682,533520.0,184890.0,-0.075795,51.547061,1,3,1,1,14/08/2005,1,19:05,4,E09000012,3,10,Single carriageway,30,Giveway or uncontrolled,5,0,None within 50 metres,No physical crossing within 50 meters,Daylight: Street light present,Fine without high winds,Dry,None,None,1,Yes,E01001743,2005
5178,200501GD10683,533100.0,183580.0,-0.082344,51.535388,1,3,3,1,10/07/2005,1,22:35,4,E09000012,5,0,Roundabout,30,Giveway or uncontrolled,5,0,None within 50 metres,No physical crossing within 50 meters,Darkness: Street lights present and lit,Fine without high winds,Dry,None,None,1,Yes,E01001754,2005
5179,200501GD10685,535200.0,184910.0,-0.051574,51.546841,1,3,2,1,17/07/2005,1,14:40,4,E09000012,4,113,Single carriageway,30,Giveway or uncontrolled,6,0,None within 50 metres,non-junction pedestrian crossing,Daylight: Street light present,Fine without high winds,Dry,None,None,1,No,E01001731,2005
5180,200501GD10687,533540.0,185190.0,-0.075393,51.549752,1,3,2,1,15/08/2005,2,08:17,4,E09000012,5,0,Single carriageway,30,Giveway or uncontrolled,3,10,None within 50 metres,No physical crossing within 50 meters,Daylight: Street light present,Fine without high winds,Dry,None,None,1,No,E01001743,2005
5181,200501GD10688,534720.0,186630.0,-0.057833,51.562412,1,3,2,1,30/07/2005,7,15:35,4,E09000012,3,107,Single carriageway,30,Giveway or uncontrolled,6,0,None within 50 metres,No physical crossing within 50 meters,Daylight: Street light present,Fine without high winds,Dry,None,None,1,Yes,E01001767,2005
5182,200501GD10689,532750.0,187920.0,-0.08575,51.574471,1,2,2,1,14/08/2005,1,21:07,4,E09000012,3,107,Single carriageway,30,None,-1,0,None within 50 metres,No physical crossing within 50 meters,Darkness: Street lights present and lit,Fine without high winds,Dry,None,None,1,Yes,E01001811,2005
5183,200501GD10690,533650.0,187840.0,-0.072801,51.57354,1,3,1,1,26/07/2005,3,17:39,4,E09000012,3,107,Single carriageway,30,Automatic traffic signal,3,10,None within 50 metres,Pedestrian phase at traffic signal junction,Daylight: Street light present,Fine without high winds,Dry,None,None,1,Yes,E01001808,2005
5184,200501GD10691,533670.0,186760.0,-0.072923,51.56383,1,3,1,1,05/08/2005,6,17:19,4,E09000012,3,10,Single carriageway,30,Giveway or uncontrolled,5,0,None within 50 metres,Zebra crossing,Daylight: Street light present,Fine without high winds,Dry,None,None,1,Yes,E01001724,2005
5185,200501GD10693,533030.0,182590.0,-0.083726,51.526507,1,3,2,1,16/08/2005,3,09:09,4,E09000012,3,5201,Single carriageway,30,Automatic traffic signal,4,101,None within 50 metres,No physical crossing within 50 meters,Daylight: Street light present,Fine without high winds,Dry,None,None,1,Yes,E01001780,2005
5186,200501GD10694,532830.0,184290.0,-0.085967,51.541832,1,3,2,1,18/08/2005,5,19:00,3,E09000019,6,0,Single carriageway,30,Giveway or uncontrolled,6,0,None within 50 metres,No physical crossing within 50 meters,Daylight: Street light present,Fine without high winds,Dry,None,None,1,Yes,E01002718,2005
5187,200501GD10696,535110.0,185500.0,-0.052644,51.552164,1,3,2,1,20/08/2005,7,17:13,4,E09000012,3,107,Single carriageway,30,Giveway or uncontrolled,5,0,None within 50 metres,Zebra crossing,Daylight: Street light present,Fine without high winds,Dry,None,None,1,No,E01001734,2005
5188,200501GD10697,535450.0,184900.0,-0.047974,51.546691,1,3,2,1,22/08/2005,2,09:00,4,E09000012,4,113,Single carriageway,30,Automatic traffic signal,5,0,None within 50 metres,Pedestrian phase at traffic signal junction,Daylight: Street light present,Raining without high winds,Wet/Damp,None,None,1,No,E01001731,2005
5189,200501GD10698,533260.0,182540.0,-0.080431,51.526004,1,3,1,1,19/08/2005,6,15:00,4,E09000012,5,0,Single carriageway,30,Automatic traffic signal,6,0,None within 50 metres,Pedestrian phase at traffic signal junction,Daylight: Street light present,Fine without high winds,Dry,None,None,1,Yes,E01001771,2005
5190,200501GD10699,535270.0,184930.0,-0.050557,51.547004,1,3,1,1,22/08/2005,2,14:45,4,E09000012,4,113,Single carriageway,30,None,-1,0,None within 50 metres,No physical crossing within 50 meters,Daylight: Street light present,Fine without high winds,Dry,None,None,1,No,E01001731,2005
5191,200501GD10700,533650.0,187380.0,-0.072976,51.569406,1,3,2,3,20/08/2005,7,15:08,4,E09000012,3,10,Single carriageway,30,Giveway or uncontrolled,6,0,None within 50 metres,No physical crossing within 50 meters,Daylight: Street light present,Fine without high winds,Dry,None,None,1,Yes,E01001800,2005
5192,200501GD10701,533460.0,183040.0,-0.077361,51.53045,1,3,1,1,21/08/2005,1,18:05,4,E09000012,3,10,Single carriageway,30,Automatic traffic signal,5,0,None within 50 metres,Pedestrian phase at traffic signal junction,Daylight: Street light present,Fine without high winds,Dry,None,None,1,Yes,E01001771,2005
5193,200501GD10702,535130.0,185330.0,-0.052421,51.550632,1,3,1,2,21/08/2005,1,11:02,4,E09000012,3,107,Single carriageway,30,None,-1,0,None within 50 metres,No physical crossing within 50 meters,Daylight: Street light present,Fine without high winds,Dry,None,None,1,Yes,E01001734,2005
5194,200501GD10704,532050.0,187480.0,-0.096011,51.570682,1,3,2,1,23/08/2005,3,15:20,4,E09000012,3,105,Single carriageway,30,Automatic traffic signal,3,503,None within 50 metres,Pedestrian phase at traffic signal junction,Daylight: Street light present,Fine without high winds,Dry,None,None,1,Yes,E01002002,2005
5195,200501GD10707,532410.0,187680.0,-0.090744,51.572395,1,3,2,4,15/08/2005,2,11:15,4,E09000012,3,503,Single carriageway,30,Automatic traffic signal,5,0,None within 50 metres,Pedestrian phase at traffic signal junction,Daylight: Street light present,Fine without high winds,Dry,None,None,1,Yes,E01001721,2005
5196,200501GD10708,536460.0,185580.0,-0.033154,51.552559,1,2,2,1,17/08/2005,4,15:35,4,E09000012,6,0,Single carriageway,30,None,-1,0,None within 50 metres,No physical crossing within 50 meters,Daylight: Street light present,Fine without high winds,Dry,None,None,1,Yes,E01001790,2005
5197,200501GD10709,534960.0,184220.0,-0.055297,51.540698,1,3,2,1,18/08/2005,5,04:10,4,E09000012,3,107,Single carriageway,30,Automatic traffic signal,6,0,None within 50 metres,Pedestrian phase at traffic signal junction,Darkness: Street lights present and lit,Fine without high winds,Dry,None,None,1,Yes,E01001839,2005
5198,200501GD10710,533960.0,184810.0,-0.069484,51.546238,1,3,1,1,19/08/2005,6,12:25,4,E09000012,3,1207,Single carriageway,30,Automatic traffic signal,3,104,None within 50 metres,Pedestrian phase at traffic signal junction,Daylight: Street light present,Fine without high winds,Dry,None,None,1,Yes,E01001748,2005
5199,200501GD10711,535360.0,186420.0,-0.048687,51.560372,1,3,2,1,21/08/2005,1,14:10,4,E09000012,5,0,Dual carriageway,50,None,-1,0,None within 50 metres,No physical crossing within 50 meters,Daylight: Street light present,Fine without high winds,Dry,None,None,1,Yes,E01001793,2005
5200,200501GD10712,533490.0,184180.0,-0.076497,51.540687,1,3,2,1,22/08/2005,2,08:25,4,E09000012,5,0,Single carriageway,30,Automatic traffic signal,3,10,None within 50 metres,Pedestrian phase at traffic signal junction,Daylight: Street light present,Raining without high winds,Wet/Damp,None,None,1,Yes,E01001750,2005
5201,200501GD10713,533960.0,183550.0,-0.069963,51.534915,1,3,1,1,24/08/2005,4,13:25,4,E09000012,5,0,Single carriageway,30,Automatic traffic signal,4,108,None within 50 metres,Pedestrian phase at traffic signal junction,Daylight: Street light present,Raining without high winds,Wet/Damp,None,None,1,Yes,E01001775,2005
5202,200501GD10714,534290.0,186200.0,-0.064197,51.55865,1,3,3,1,29/08/2005,2,14:30,4,E09000012,5,0,Single carriageway,30,None,-1,0,None within 50 metres,No physical crossing within 50 meters,Daylight: Street light present,Fine without high winds,Dry,None,None,1,Yes,E01001764,2005
5203,200501GD10715,533290.0,187110.0,-0.078269,51.567065,1,3,2,1,31/08/2005,4,21:50,4,E09000012,5,0,Single carriageway,30,Giveway or uncontrolled,4,105,None within 50 metres,No physical crossing within 50 meters,Darkness: Street lights present and lit,Fine without high winds,Dry,None,None,1,Yes,E01001802,2005
5204,200501GD10716,531820.0,187180.0,-0.09944,51.568039,1,2,2,1,03/09/2005,7,01:36,4,E09000012,3,503,Dual carriageway,30,Automatic traffic signal,6,0,None within 50 metres,Pedestrian phase at traffic signal junction,Darkness: Street lights present and lit,Fine without high winds,Dry,None,None,1,Yes,E01001716,2005
5205,200501GD10717,533930.0,184440.0,-0.070057,51.54292,1,3,5,1,14/08/2005,1,16:07,4,E09000012,4,108,Single carriageway,30,Automatic traffic signal,5,0,None within 50 metres,Pedestrian phase at traffic signal junction,Daylight: Street light present,Raining without high winds,Wet/Damp,None,None,1,Yes,E01001817,2005
5206,200501GD10721,535490.0,184290.0,-0.047632,51.5412,1,3,2,1,15/07/2005,6,08:25,4,E09000012,5,0,Single carriageway,30,Giveway or uncontrolled,5,0,None within 50 metres,No physical crossing within 50 meters,Daylight: Street light present,Fine without high winds,Dry,None,None,1,No,E01001844,2005
5207,200501GD10723,535630.0,184700.0,-0.045457,51.544851,1,3,2,2,22/08/2005,2,13:40,4,E09000012,4,113,Single carriageway,30,None,-1,0,None within 50 metres,Pedestrian phase at traffic signal junction,Daylight: Street light present,Raining without high winds,Wet/Damp,None,None,1,No,E01001850,2005
5208,200501GD10724,532570.0,183650.0,-0.089954,51.536141,1,3,1,1,07/09/2005,4,21:58,4,E09000012,3,1200,Single carriageway,30,Automatic traffic signal,5,0,None within 50 metres,Pedestrian phase at traffic signal junction,Darkness: Street lights present and lit,Fine without high winds,Dry,None,None,1,Yes,E01002798,2005
5209,200501GD10726,531900.0,186370.0,-0.09859,51.560742,1,3,2,1,03/08/2005,4,08:50,3,E09000019,3,1201,Single carriageway,30,Giveway or uncontrolled,5,0,None within 50 metres,Zebra crossing,Daylight: Street light present,Fine without high winds,Dry,None,None,1,Yes,E01002747,2005
5210,200501GD10727,537360.0,185270.0,-0.020302,51.549555,1,3,2,1,21/08/2005,1,12:52,4,E09000012,5,0,Single carriageway,30,Giveway or uncontrolled,6,0,None within 50 metres,No physical crossing within 50 meters,Daylight: Street light present,Fine without high winds,Dry,None,None,1,Yes,E01001846,2005
5211,200501GD10728,533630.0,186590.0,-0.073564,51.562312,1,3,1,1,25/08/2005,5,14:35,4,E09000012,3,10,Single carriageway,30,Giveway or uncontrolled,6,0,None within 50 metres,No physical crossing within 50 meters,Daylight: Street light present,Raining without high winds,Wet/Damp,None,None,1,Yes,E01001831,2005
5212,200501GD10729,533830.0,185240.0,-0.071194,51.550133,1,3,2,1,29/08/2005,2,22:15,4,E09000012,5,0,Single carriageway,30,None,-1,0,None within 50 metres,No physical crossing within 50 meters,Darkness: Street lights present and lit,Fine without high winds,Dry,None,None,1,Yes,E01001748,2005
5213,200501GD10730,532860.0,185550.0,-0.085059,51.553148,1,2,2,1,27/08/2005,7,21:51,4,E09000012,6,0,Single carriageway,30,Giveway or uncontrolled,4,104,None within 50 metres,No physical crossing within 50 meters,Darkness: Street lights present and lit,Fine without high winds,Dry,None,None,1,Yes,E01001739,2005
5214,200501GD10731,533570.0,186060.0,-0.07463,51.557563,1,3,1,1,31/08/2005,4,15:15,4,E09000012,3,10,Single carriageway,30,None,-1,0,None within 50 metres,Zebra crossing,Daylight: Street light present,Fine without high winds,Dry,None,None,1,Yes,E01001830,2005
5215,200501GD10732,533660.0,187420.0,-0.072816,51.569763,1,3,2,1,01/09/2005,5,12:20,4,E09000012,6,0,Dual carriageway,50,Giveway or uncontrolled,3,10,None within 50 metres,No physical crossing within 50 meters,Daylight: Street light present,Fine without high winds,Dry,None,None,1,Yes,E01001726,2005
5216,200501GD10733,533450.0,182950.0,-0.077539,51.529643,1,3,1,1,04/09/2005,1,18:00,4,E09000012,3,10,Single carriageway,30,None,-1,0,None within 50 metres,No physical crossing within 50 meters,Daylight: Street light present,Fine without high winds,Dry,None,None,1,Yes,E01001777,2005
5217,200501GD10735,533260.0,183070.0,-0.080231,51.530767,1,3,1,2,27/08/2005,7,15:00,4,E09000012,5,0,Single carriageway,30,Giveway or uncontrolled,6,0,None within 50 metres,No physical crossing within 50 meters,Daylight: Street light present,Fine without high winds,Dry,None,None,1,No,E01001784,2005
5218,200501GD10736,534580.0,183740.0,-0.060957,51.536475,1,2,1,1,01/08/2005,2,19:17,4,E09000012,6,0,Single carriageway,30,None,-1,0,None within 50 metres,No physical crossing within 50 meters,Daylight: Street light present,Fine without high winds,Dry,None,None,1,Yes,E01001818,2005
5219,200501GD10737,533650.0,186750.0,-0.073215,51.563745,1,3,2,1,14/08/2005,1,21:58,4,E09000012,3,10,Single carriageway,30,Giveway or uncontrolled,5,0,None within 50 metres,No physical crossing within 50 meters,Darkness: Street lights present and lit,Fine without high winds,Dry,None,None,1,Yes,E01001805,2005
5220,200501GD10738,533460.0,183050.0,-0.077357,51.53054,1,3,1,1,12/08/2005,6,18:42,4,E09000012,3,10,Single carriageway,30,Automatic traffic signal,5,0,None within 50 metres,No physical crossing within 50 meters,Daylight: Street light present,Fine without high winds,Dry,None,None,1,Yes,E01001771,2005
5221,200501GD10739,535580.0,184710.0,-0.046174,51.544952,1,3,1,1,10/08/2005,4,06:10,4,E09000012,4,113,Single carriageway,30,Giveway or uncontrolled,4,113,None within 50 metres,No physical crossing within 50 meters,Daylight: Street light present,Fine without high winds,Dry,None,None,1,Yes,E01001730,2005
5222,200501GD10740,533540.0,185010.0,-0.075461,51.548134,1,3,2,1,29/08/2005,2,00:30,4,E09000012,6,0,Single carriageway,30,Giveway or uncontrolled,3,10,None within 50 metres,No physical crossing within 50 meters,Darkness: Street lights present and lit,Fine without high winds,Dry,None,None,1,No,E01001743,2005
5223,200501GD10741,532760.0,182850.0,-0.087518,51.528907,1,3,1,1,07/08/2005,1,03:12,4,E09000012,6,0,One way street,30,Giveway or uncontrolled,3,1200,None within 50 metres,No physical crossing within 50 meters,Darkness: Street lights present and lit,Fine without high winds,Dry,None,None,1,Yes,E01001778,2005
5224,200501GD10743,533360.0,183110.0,-0.078775,51.531103,1,3,2,1,25/08/2005,5,19:45,4,E09000012,6,0,Single carriageway,30,Giveway or uncontrolled,6,0,None within 50 metres,No physical crossing within 50 meters,Daylight: Street light present,Fine without high winds,Dry,None,None,1,No,E01001777,2005
5225,200501GD10745,536550.0,184750.0,-0.032178,51.545078,1,3,1,1,30/07/2005,7,02:05,4,E09000012,3,12,Single carriageway,30,None,-1,0,None within 50 metres,No physical crossing within 50 meters,Darkness: Street lights present and lit,Fine without high winds,Dry,None,None,1,Yes,E01001849,2005
5226,200501GD10746,533130.0,186530.0,-0.080796,51.561891,1,3,2,1,01/09/2005,5,12:15,4,E09000012,4,104,Single carriageway,30,Giveway or uncontrolled,4,104,None within 50 metres,No physical crossing within 50 meters,Daylight: Street light present,Fine without high winds,Dry,None,None,1,No,E01001806,2005
5227,200501GD10747,534000.0,185750.0,-0.068549,51.554675,1,3,2,1,21/08/2005,1,02:40,4,E09000012,5,0,Single carriageway,30,Automatic traffic signal,5,0,None within 50 metres,No physical crossing within 50 meters,Darkness: Street lights present and lit,Fine without high winds,Dry,None,None,1,No,E01001833,2005
5228,200501GD10748,534620.0,185190.0,-0.059826,51.549496,1,3,2,1,31/08/2005,4,15:30,4,E09000012,3,104,Single carriageway,30,Automatic traffic signal,3,107,None within 50 metres,Pedestrian phase at traffic signal junction,Daylight: Street light present,Fine without high winds,Dry,None,None,1,No,E01001758,2005
5229,200501GD10749,534880.0,185960.0,-0.055783,51.556353,1,3,2,1,28/06/2005,3,18:52,4,E09000012,3,107,Single carriageway,30,Giveway or uncontrolled,6,0,None within 50 metres,No physical crossing within 50 meters,Daylight: Street light present,Fine without high winds,Dry,None,None,1,Yes,E01001770,2005
5230,200501GD10750,533240.0,184410.0,-0.080012,51.542813,1,3,1,1,29/08/2005,2,16:25,4,E09000012,5,0,Single carriageway,30,Giveway or uncontrolled,5,0,None within 50 metres,No physical crossing within 50 meters,Daylight: Street light present,Fine without high winds,Dry,None,None,1,Yes,E01001756,2005
5231,200501GD10752,535350.0,184260.0,-0.049661,51.540964,1,3,2,1,02/09/2005,6,10:50,4,E09000012,6,0,Single carriageway,30,Giveway or uncontrolled,3,106,None within 50 metres,No physical crossing within 50 meters,Daylight: Street light present,Fine without high winds,Dry,None,None,1,Yes,E01001840,2005
5232,200501GD10753,532730.0,187920.0,-0.086038,51.574476,1,3,2,1,18/09/2005,1,13:10,4,E09000012,3,503,Single carriageway,30,Giveway or uncontrolled,3,107,None within 50 metres,No physical crossing within 50 meters,Daylight: Street light present,Fine without high winds,Dry,None,None,1,Yes,E01001811,2005
5233,200501GD10754,532040.0,187470.0,-0.096159,51.570594,1,3,2,1,09/09/2005,6,13:58,4,E09000012,3,503,Dual carriageway,30,Automatic traffic signal,3,105,None within 50 metres,Pedestrian phase at traffic signal junction,Daylight: Street light present,Fine without high winds,Dry,None,None,1,Yes,E01002002,2005
5234,200501GD10755,531670.0,187000.0,-0.10167,51.566457,1,3,3,2,10/09/2005,7,22:47,4,E09000012,3,503,Single carriageway,30,None,-1,0,None within 50 metres,No physical crossing within 50 meters,Darkness: Street lights present and lit,Fine without high winds,Dry,None,None,1,Yes,E01002002,2005
5235,200501GD10756,534580.0,185190.0,-0.060403,51.549505,1,3,2,1,10/09/2005,7,16:55,4,E09000012,5,0,Single carriageway,30,None,-1,0,None within 50 metres,No physical crossing within 50 meters,Daylight: Street light present,Raining without high winds,Wet/Damp,None,None,1,Yes,E01001758,2005
5236,200501GD10757,532880.0,182540.0,-0.085906,51.526093,1,2,1,1,20/08/2005,7,16:00,4,E09000012,3,5201,Dual carriageway,30,Giveway or uncontrolled,6,0,None within 50 metres,No physical crossing within 50 meters,Daylight: Street light present,Fine without high winds,Dry,None,None,1,Yes,E01001780,2005
5237,200501GD10758,533260.0,182360.0,-0.080499,51.524386,1,3,2,1,02/09/2005,6,13:15,4,E09000012,3,1202,Single carriageway,30,Automatic traffic signal,3,1202,None within 50 metres,No physical crossing within 50 meters,Daylight: Street light present,Fine without high winds,Dry,None,None,1,No,E01001771,2005
5238,200501GD10759,533120.0,184400.0,-0.081746,51.542752,1,3,2,1,07/09/2005,4,09:20,4,E09000012,5,0,Single carriageway,30,Giveway or uncontrolled,5,0,None within 50 metres,No physical crossing within 50 meters,Daylight: Street light present,Fine without high winds,Dry,None,None,1,No,E01001751,2005
5239,200501GD10761,532830.0,183350.0,-0.086321,51.533384,1,3,2,1,05/08/2005,6,20:00,4,E09000012,4,102,Single carriageway,30,None,-1,0,None within 50 metres,No physical crossing within 50 meters,Darkness: Street lights present and lit,Fine without high winds,Dry,None,None,1,No,E01001781,2005
5240,200501GD10762,534540.0,187010.0,-0.060283,51.56587,1,3,2,1,04/08/2005,5,11:45,4,E09000012,3,107,Single carriageway,30,Giveway or uncontrolled,5,0,None within 50 metres,Zebra crossing,Daylight: Street light present,Fine without high winds,Dry,None,None,1,No,E01001728,2005
5241,200501GD10763,533470.0,183110.0,-0.07719,51.531077,1,3,2,1,16/09/2005,6,17:10,4,E09000012,3,10,Single carriageway,30,Giveway or uncontrolled,6,0,None within 50 metres,No physical crossing within 50 meters,Daylight: Street light present,Fine without high winds,Dry,None,None,1,Yes,E01001771,2005
5242,200501GD10764,536490.0,185330.0,-0.032818,51.550305,1,3,1,1,06/09/2005,3,13:35,4,E09000012,4,112,Single carriageway,30,None,-1,0,None within 50 metres,No physical crossing within 50 meters,Daylight: Street light present,Fine without high winds,Dry,None,None,1,Yes,E01001846,2005
5243,200501GD10765,533640.0,184790.0,-0.074103,51.546134,1,3,1,1,05/08/2005,6,14:00,4,E09000012,3,104,Single carriageway,30,Giveway or uncontrolled,6,0,None within 50 metres,No physical crossing within 50 meters,Daylight: Street light present,Fine without high winds,Dry,None,None,1,Yes,E01001743,2005
5244,200501GD10766,533900.0,186900.0,-0.069553,51.565034,1,3,2,1,31/08/2005,4,15:40,4,E09000012,5,0,Single carriageway,30,Giveway or uncontrolled,6,0,None within 50 metres,No physical crossing within 50 meters,Daylight: Street light present,Fine without high winds,Dry,None,None,1,Yes,E01001724,2005
5245,200501GD10767,533590.0,184790.0,-0.074824,51.546146,1,3,1,1,14/09/2005,4,13:45,4,E09000012,3,104,Single carriageway,30,Giveway or uncontrolled,6,0,None within 50 metres,No physical crossing within 50 meters,Daylight: Street light present,Fine without high winds,Dry,None,None,1,Yes,E01001743,2005
5246,200501GD10768,532770.0,183240.0,-0.087227,51.53241,1,3,2,1,02/09/2005,6,08:50,4,E09000012,3,1200,Single carriageway,30,None,-1,0,None within 50 metres,No physical crossing within 50 meters,Daylight: Street light present,Fine without high winds,Dry,None,None,1,No,E01001783,2005
5247,200501GD10769,535670.0,185560.0,-0.044549,51.552569,1,3,2,1,24/08/2005,4,17:05,4,E09000012,5,0,Single carriageway,30,Giveway or uncontrolled,6,0,None within 50 metres,No physical crossing within 50 meters,Daylight: Street light present,Raining without high winds,Wet/Damp,None,None,1,Yes,E01001733,2005
5248,200501GD10770,533020.0,182570.0,-0.083878,51.52633,1,3,5,2,19/08/2005,6,01:05,4,E09000012,3,5201,Dual carriageway,30,Automatic traffic signal,3,5201,None within 50 metres,Pedestrian phase at traffic signal junction,Darkness: Street lights present and lit,Fine without high winds,Dry,None,None,1,Yes,E01001771,2005
5249,200501GD10771,533330.0,182290.0,-0.079517,51.523741,1,3,1,1,08/09/2005,5,13:00,4,E09000012,3,1202,Single carriageway,30,Giveway or uncontrolled,5,0,None within 50 metres,No physical crossing within 50 meters,Daylight: Street light present,Fine without high winds,Dry,None,None,1,Yes,E01001771,2005
5250,200501GD10772,532470.0,182760.0,-0.09173,51.528167,1,2,1,1,08/09/2005,5,22:00,3,E09000019,3,501,Single carriageway,30,Automatic traffic signal,4,144,None within 50 metres,Pedestrian phase at traffic signal junction,Daylight: Street light present,Fine without high winds,Dry,None,None,1,Yes,E01002701,2005
5251,200501GD10773,536620.0,185420.0,-0.03091,51.551082,1,3,2,1,23/08/2005,3,18:05,4,E09000012,4,112,Single carriageway,30,Automatic traffic signal,5,0,None within 50 metres,No physical crossing within 50 meters,Daylight: Street light present,Fine without high winds,Dry,None,None,1,Yes,E01001846,2005
5252,200501GD10774,534950.0,185040.0,-0.055127,51.548069,1,3,2,1,04/09/2005,1,16:15,4,E09000012,3,107,Single carriageway,30,None,-1,0,None within 50 metres,No physical crossing within 50 meters,Daylight: Street light present,Fine without high winds,Dry,None,None,1,Yes,E01001760,2005
5253,200501GD10775,533950.0,183500.0,-0.070126,51.534468,1,2,2,1,30/08/2005,3,18:30,4,E09000012,4,108,Single carriageway,30,None,-1,0,None within 50 metres,No physical crossing within 50 meters,Daylight: Street light present,Fine without high winds,Dry,None,None,1,Yes,E01001774,2005
5254,200501GD10776,533510.0,184560.0,-0.076064,51.544098,1,3,2,1,09/09/2005,6,15:26,4,E09000012,6,0,Single carriageway,30,Giveway or uncontrolled,3,10,None within 50 metres,No physical crossing within 50 meters,Daylight: Street light present,Fine without high winds,Dry,None,None,1,Yes,E01001756,2005
5255,200501GD10777,535070.0,185320.0,-0.05329,51.550556,1,3,1,1,18/09/2005,1,11:50,4,E09000012,3,107,Single carriageway,30,Automatic traffic signal,6,0,None within 50 metres,Pedestrian phase at traffic signal junction,Daylight: Street light present,Fine without high winds,Dry,None,None,1,Yes,E01001734,2005
5256,200501GD10779,535570.0,184770.0,-0.046295,51.545494,1,2,4,1,23/09/2005,6,23:30,4,E09000012,6,0,Single carriageway,30,Giveway or uncontrolled,4,113,None within 50 metres,No physical crossing within 50 meters,Darkness: Street lights present and lit,Fine without high winds,Dry,None,None,1,Yes,E01001730,2005
5257,200501GD10780,533960.0,183410.0,-0.070016,51.533657,1,3,2,1,21/09/2005,4,15:47,4,E09000012,6,0,Single carriageway,30,Giveway or uncontrolled,4,108,None within 50 metres,No physical crossing within 50 meters,Daylight: Street light present,Fine without high winds,Dry,None,None,1,Yes,E01001774,2005
5258,200501GD10781,533650.0,187400.0,-0.072968,51.569586,1,2,2,1,23/09/2005,6,13:45,4,E09000012,6,0,Single carriageway,30,Giveway or uncontrolled,3,10,None within 50 metres,No physical crossing within 50 meters,Daylight: Street light present,Raining without high winds,Wet/Damp,None,None,1,Yes,E01001800,2005
5259,200501GD10782,532770.0,182310.0,-0.087577,51.524052,1,3,1,1,19/09/2005,2,21:30,3,E09000019,3,501,Single carriageway,30,Giveway or uncontrolled,6,0,None within 50 metres,No physical crossing within 50 meters,Daylight: Street light present,Fine without high winds,Dry,None,None,1,Yes,E01002704,2005
5260,200501GD10783,535210.0,184910.0,-0.051429,51.546838,1,3,1,1,27/09/2005,3,14:52,4,E09000012,6,0,Single carriageway,30,Giveway or uncontrolled,4,113,None within 50 metres,Zebra crossing,Daylight: Street light present,Fine without high winds,Dry,None,None,1,Yes,E01001731,2005
5261,200501GD10784,533540.0,185170.0,-0.075401,51.549572,1,2,2,2,23/09/2005,6,13:53,4,E09000012,3,10,Single carriageway,30,Giveway or uncontrolled,3,10,None within 50 metres,No physical crossing within 50 meters,Daylight: Street light present,Raining without high winds,Wet/Damp,None,None,1,Yes,E01001743,2005
5262,200501GD10785,534810.0,186340.0,-0.056647,51.559785,1,3,2,1,29/09/2005,5,09:40,4,E09000012,6,0,Single carriageway,30,Giveway or uncontrolled,3,107,None within 50 metres,No physical crossing within 50 meters,Daylight: Street light present,Fine without high winds,Dry,None,None,1,Yes,E01001767,2005
5263,200501GD10786,532670.0,187860.0,-0.086926,51.573951,1,3,2,1,30/08/2005,3,13:00,4,E09000012,3,503,Single carriageway,30,None,-1,0,None within 50 metres,No physical crossing within 50 meters,Daylight: Street light present,Fine without high winds,Dry,None,None,1,No,E01001811,2005
5264,200501GD10787,533650.0,187400.0,-0.072968,51.569586,1,3,2,1,20/09/2005,3,17:38,4,E09000012,3,10,Single carriageway,30,Giveway or uncontrolled,6,0,None within 50 metres,No physical crossing within 50 meters,Daylight: Street light present,Fine without high winds,Dry,None,None,1,Yes,E01001800,2005
5265,200501GD10788,533540.0,185050.0,-0.075446,51.548494,1,3,3,1,17/09/2005,7,13:00,4,E09000012,6,0,Single carriageway,30,Giveway or uncontrolled,3,10,None within 50 metres,No physical crossing within 50 meters,Daylight: Street light present,Fine without high winds,Dry,None,None,1,Yes,E01001743,2005
5266,200501GD10789,532450.0,182770.0,-0.092014,51.528261,1,3,3,1,28/07/2005,5,10:25,3,E09000019,3,501,Single carriageway,30,Automatic traffic signal,4,144,None within 50 metres,Pedestrian phase at traffic signal junction,Daylight: Street light present,Other,Wet/Damp,None,None,1,Yes,E01002702,2005
5267,200501GD10790,536360.0,185280.0,-0.034711,51.549887,1,2,2,1,24/09/2005,7,13:46,4,E09000012,4,112,Single carriageway,30,None,-1,0,None within 50 metres,No physical crossing within 50 meters,Daylight: Street light present,Fine without high winds,Dry,None,None,1,Yes,E01001847,2005
5268,200501GD10791,535890.0,186100.0,-0.041169,51.557369,1,3,1,1,24/09/2005,7,05:45,4,E09000012,6,0,Single carriageway,30,None,-1,0,None within 50 metres,No physical crossing within 50 meters,Darkness: Street lights present and lit,Fine without high winds,Dry,None,None,1,No,E01001787,2005
5269,200501GD10792,532720.0,187190.0,-0.086458,51.567918,1,3,1,1,27/09/2005,3,14:58,4,E09000012,5,0,Single carriageway,30,None,-1,0,None within 50 metres,Zebra crossing,Daylight: Street light present,Fine without high winds,Dry,None,None,1,Yes,E01001804,2005
5270,200501GD10793,533470.0,183510.0,-0.077039,51.534671,1,3,2,2,19/09/2005,2,16:33,4,E09000012,3,10,Single carriageway,30,None,-1,0,None within 50 metres,No physical crossing within 50 meters,Daylight: Street light present,Fine without high winds,Dry,None,None,1,Yes,E01001755,2005
5271,200501GD10794,535660.0,184450.0,-0.045121,51.542597,1,3,2,1,20/07/2005,4,14:26,4,E09000012,3,106,Single carriageway,30,Giveway or uncontrolled,6,0,None within 50 metres,No physical crossing within 50 meters,Daylight: Street light present,Fine without high winds,Dry,None,None,1,Yes,E01001844,2005
5272,200501GD10795,533300.0,183990.0,-0.079307,51.539025,1,3,2,1,15/07/2005,6,20:05,4,E09000012,5,0,Single carriageway,30,None,-1,0,None within 50 metres,No physical crossing within 50 meters,Darkness: Street lights present and lit,Fine without high winds,Dry,None,None,1,Yes,E01001750,2005
5273,200501GD10797,535860.0,184910.0,-0.042061,51.546682,1,3,2,1,26/09/2005,2,18:55,4,E09000012,5,0,Single carriageway,30,Giveway or uncontrolled,6,0,None within 50 metres,No physical crossing within 50 meters,Darkness: Street lights present and lit,Fine without high winds,Dry,None,None,1,No,E01001729,2005
5274,200501GD10798,533490.0,184190.0,-0.076493,51.540777,1,3,2,1,01/10/2005,7,09:15,4,E09000012,5,0,Dual carriageway,50,Automatic traffic signal,3,10,None within 50 metres,Pedestrian phase at traffic signal junction,Daylight: Street light present,Fine without high winds,Dry,None,None,1,Yes,E01001750,2005
5275,200501GD10800,534960.0,184630.0,-0.05514,51.544382,1,3,2,1,17/09/2005,7,10:30,4,E09000012,3,107,Single carriageway,30,Automatic traffic signal,5,0,None within 50 metres,Pedestrian phase at traffic signal junction,Daylight: Street light present,Fine without high winds,Dry,None,None,1,Yes,E01001731,2005
5276,200501GD10801,531820.0,187170.0,-0.099444,51.56795,1,3,1,1,28/09/2005,4,08:53,4,E09000012,3,503,Single carriageway,30,Giveway or uncontrolled,6,0,None within 50 metres,No physical crossing within 50 meters,Daylight: Street light present,Fine without high winds,Dry,None,None,1,Yes,E01001716,2005
5277,200501GD10802,533460.0,183060.0,-0.077353,51.53063,1,3,2,1,29/09/2005,5,21:00,4,E09000012,3,10,Single carriageway,30,Automatic traffic signal,5,0,None within 50 metres,Pedestrian phase at traffic signal junction,Darkness: Street lights present and lit,Fine without high winds,Dry,None,None,1,Yes,E01001771,2005
5278,200501GD10803,533580.0,185960.0,-0.074524,51.556662,1,3,1,1,02/10/2005,1,11:30,4,E09000012,3,10,Single carriageway,30,Giveway or uncontrolled,5,0,None within 50 metres,No physical crossing within 50 meters,Daylight: Street light present,Fine without high winds,Dry,None,None,1,Yes,E01001832,2005
5279,200501GD10804,531640.0,186970.0,-0.102114,51.566194,1,3,2,1,30/09/2005,6,10:27,4,E09000012,3,503,Single carriageway,30,Giveway or uncontrolled,5,0,None within 50 metres,No physical crossing within 50 meters,Daylight: Street light present,Fine without high winds,Wet/Damp,None,None,1,Yes,E01002002,2005
5280,200501GD10805,532220.0,182850.0,-0.095298,51.529034,1,3,2,1,26/09/2005,2,22:30,3,E09000019,3,501,Single carriageway,30,Giveway or uncontrolled,3,501,None within 50 metres,No physical crossing within 50 meters,Darkness: Street lights present and lit,Fine without high winds,Dry,None,None,1,Yes,E01002702,2005
5281,200501GD10806,533650.0,188150.0,-0.072683,51.576326,1,3,2,1,11/09/2005,1,20:34,31,E09000014,3,10,Single carriageway,30,Giveway or uncontrolled,6,0,None within 50 metres,No physical crossing within 50 meters,Darkness: Street lights present and lit,Fine without high winds,Dry,None,None,1,No,E01002055,2005
5282,200501GD10807,533590.0,186170.0,-0.0743,51.558547,1,2,2,1,24/09/2005,7,10:10,4,E09000012,3,10,Single carriageway,30,Giveway or uncontrolled,6,0,None within 50 metres,No physical crossing within 50 meters,Daylight: Street light present,Fine without high winds,Dry,None,None,1,Yes,E01001830,2005
5283,200501GD10808,533660.0,187770.0,-0.072683,51.572909,1,3,2,1,30/09/2005,6,23:20,4,E09000012,3,10,Dual carriageway,30,None,-1,0,None within 50 metres,No physical crossing within 50 meters,Darkness: Street lights present and lit,Fine without high winds,Dry,None,None,1,No,E01001808,2005
5284,200501GD10809,534070.0,187660.0,-0.066812,51.571823,1,3,2,1,28/09/2005,4,20:20,4,E09000012,3,107,Single carriageway,30,None,-1,0,None within 50 metres,No physical crossing within 50 meters,Daylight: Street light present,Fine without high winds,Dry,None,None,1,No,E01001826,2005
5285,200501GD10810,533260.0,183340.0,-0.080129,51.533193,1,3,1,1,08/10/2005,7,16:30,4,E09000012,6,0,Single carriageway,30,None,-1,0,None within 50 metres,No physical crossing within 50 meters,Daylight: Street light present,Fine without high winds,Dry,None,None,1,Yes,E01001755,2005
5286,200501GD10811,534010.0,186600.0,-0.068082,51.562312,1,3,2,1,23/08/2005,3,12:20,4,E09000012,4,111,Single carriageway,30,Giveway or uncontrolled,4,111,None within 50 metres,No physical crossing within 50 meters,Daylight: Street light present,Fine without high winds,Dry,None,None,1,No,E01001769,2005
5287,200501GD10812,533650.0,186840.0,-0.073181,51.564554,1,3,2,1,27/09/2005,3,14:00,4,E09000012,3,10,Single carriageway,30,None,-1,0,None within 50 metres,No physical crossing within 50 meters,Daylight: Street light present,Fine without high winds,Dry,None,None,1,Yes,E01001805,2005
5288,200501GD10813,532510.0,183780.0,-0.09077,51.537324,1,3,1,1,28/09/2005,4,09:50,3,E09000019,3,1200,Single carriageway,30,Giveway or uncontrolled,6,0,None within 50 metres,No physical crossing within 50 meters,Daylight: Street light present,Fine without high winds,Dry,None,None,1,Yes,E01002798,2005
5289,200501GD10814,533580.0,184790.0,-0.074968,51.546148,1,3,1,1,22/09/2005,5,09:34,4,E09000012,3,104,Single carriageway,30,None,-1,0,None within 50 metres,No physical crossing within 50 meters,Daylight: Street light present,Fine without high winds,Dry,None,None,1,Yes,E01001743,2005
5290,200501GD10815,534850.0,183800.0,-0.057043,51.53695,1,3,1,1,01/10/2005,7,15:15,4,E09000012,3,107,Single carriageway,30,None,-1,0,None within 50 metres,No physical crossing within 50 meters,Daylight: Street light present,Fine without high winds,Dry,None,None,1,No,E01001818,2005
5291,200501GD10827,536240.0,185230.0,-0.03646,51.549466,1,3,1,1,01/09/2005,5,17:17,4,E09000012,4,112,Single carriageway,30,None,-1,0,None within 50 metres,No physical crossing within 50 meters,Daylight: Street light present,Fine without high winds,Dry,None,None,1,Yes,E01001847,2005
5292,200501GD10828,533760.0,183050.0,-0.073035,51.530469,1,3,2,1,14/09/2005,4,13:00,5,E09000030,3,1208,Single carriageway,30,None,-1,0,None within 50 metres,No physical crossing within 50 meters,Daylight: Street light present,Fine without high winds,Dry,None,None,1,Yes,E01004318,2005
5293,200501GD10829,533460.0,183360.0,-0.07724,51.533326,1,3,1,1,23/09/2005,6,14:40,4,E09000012,3,10,Single carriageway,30,None,-1,0,None within 50 metres,No physical crossing within 50 meters,Daylight: Street light present,Fine without high winds,Dry,None,None,1,Yes,E01001755,2005
5294,200501GD10830,533240.0,187940.0,-0.078676,51.574536,1,3,2,1,24/09/2005,7,15:17,4,E09000012,3,107,Single carriageway,30,Giveway or uncontrolled,6,0,None within 50 metres,No physical crossing within 50 meters,Daylight: Street light present,Fine without high winds,Dry,None,None,1,Yes,E01001807,2005
5295,200501GD10831,532310.0,186720.0,-0.092547,51.563791,1,3,2,2,24/09/2005,7,03:45,4,E09000012,3,105,Single carriageway,30,Automatic traffic signal,4,105,None within 50 metres,Pedestrian phase at traffic signal junction,Darkness: Street lights present and lit,Fine without high winds,Dry,None,None,1,Yes,E01001719,2005
5296,200501GD10832,531590.0,186900.0,-0.102861,51.565577,1,3,2,1,28/09/2005,4,07:40,4,E09000012,3,503,Single carriageway,30,Giveway or uncontrolled,6,0,None within 50 metres,No physical crossing within 50 meters,Daylight: Street light present,Fine without high winds,Dry,None,None,1,Yes,E01001716,2005
5297,200501GD10833,533860.0,185290.0,-0.070743,51.550575,1,3,2,2,01/10/2005,7,16:32,4,E09000012,5,0,Single carriageway,30,Giveway or uncontrolled,5,0,None within 50 metres,No physical crossing within 50 meters,Daylight: Street light present,Fine without high winds,Dry,None,None,1,Yes,E01001748,2005
5298,200501GD10834,533930.0,184440.0,-0.070057,51.54292,1,2,2,2,29/09/2005,5,17:10,4,E09000012,4,108,Single carriageway,30,Automatic traffic signal,5,0,None within 50 metres,Pedestrian phase at traffic signal junction,Daylight: Street light present,Fine without high winds,Dry,None,None,1,Yes,E01001817,2005
5299,200501GD10835,533470.0,183750.0,-0.076948,51.536828,1,3,2,1,05/10/2005,4,17:10,4,E09000012,3,10,Single carriageway,30,None,-1,0,None within 50 metres,No physical crossing within 50 meters,Daylight: Street light present,Fine without high winds,Dry,None,None,1,Yes,E01001754,2005
5300,200501GD10836,534710.0,185440.0,-0.058433,51.551721,1,3,3,3,08/10/2005,7,17:44,4,E09000012,3,104,Single carriageway,30,None,-1,0,None within 50 metres,No physical crossing within 50 meters,Daylight: Street light present,Fine without high winds,Dry,None,None,1,Yes,E01001757,2005
5301,200501GD10837,535240.0,184930.0,-0.050989,51.547011,1,3,2,1,03/10/2005,2,13:08,4,E09000012,4,113,Single carriageway,30,Giveway or uncontrolled,6,0,None within 50 metres,Zebra crossing,Daylight: Street light present,Fine without high winds,Dry,None,None,1,Yes,E01001735,2005
5302,200501GD10838,533020.0,182960.0,-0.08373,51.529835,1,3,2,1,08/10/2005,7,21:00,4,E09000012,5,0,Roundabout,30,Giveway or uncontrolled,4,101,None within 50 metres,No physical crossing within 50 meters,Darkness: Street lights present and lit,Fine without high winds,Dry,None,None,1,Yes,E01001778,2005
5303,200501GD10839,534840.0,183450.0,-0.057321,51.533807,1,3,2,1,05/10/2005,4,09:10,5,E09000030,3,107,Single carriageway,30,Giveway or uncontrolled,6,0,None within 50 metres,No physical crossing within 50 meters,Daylight: Street light present,Fine without high winds,Dry,None,None,1,Yes,E01004197,2005
5304,200501GD10841,533600.0,187840.0,-0.073522,51.573552,1,3,1,1,11/10/2005,3,09:56,4,E09000012,3,107,Single carriageway,30,None,-1,0,None within 50 metres,Pedestrian phase at traffic signal junction,Daylight: Street light present,Fine without high winds,Dry,None,None,1,Yes,E01001808,2005
5305,200501GD10842,536220.0,184660.0,-0.036969,51.544349,1,3,3,1,11/10/2005,3,02:00,4,E09000012,3,106,Single carriageway,30,Giveway or uncontrolled,6,0,None within 50 metres,No physical crossing within 50 meters,Darkness: Street lights present and lit,Fine without high winds,Dry,None,None,1,Yes,E01001848,2005
5306,200501GD10843,534300.0,187470.0,-0.063568,51.570061,1,3,2,2,11/10/2005,3,17:55,4,E09000012,3,107,Single carriageway,30,Giveway or uncontrolled,6,0,None within 50 metres,No physical crossing within 50 meters,Daylight: Street light present,Fine without high winds,Dry,None,None,1,Yes,E01001824,2005
5307,200501GD10844,535460.0,185030.0,-0.04778,51.547857,1,3,1,1,13/10/2005,5,17:38,4,E09000012,5,0,Single carriageway,30,Automatic traffic signal,3,102,None within 50 metres,No physical crossing within 50 meters,Daylight: Street light present,Fine without high winds,Dry,None,None,1,Yes,E01001730,2005
5308,200501GD10845,533270.0,184390.0,-0.079588,51.542627,1,3,2,1,13/10/2005,5,12:30,4,E09000012,5,0,Single carriageway,30,Giveway or uncontrolled,5,0,None within 50 metres,Zebra crossing,Daylight: Street light present,Fine without high winds,Dry,None,None,1,Yes,E01001756,2005
5309,200501GD10846,534540.0,187000.0,-0.060287,51.56578,1,3,2,1,14/10/2005,6,15:34,4,E09000012,3,107,Single carriageway,30,Giveway or uncontrolled,5,0,None within 50 metres,Pedestrian phase at traffic signal junction,Daylight: Street light present,Fine without high winds,Dry,None,None,1,Yes,E01001728,2005
5310,200501GD10847,533650.0,187080.0,-0.07309,51.56671,1,3,2,1,15/10/2005,7,11:49,4,E09000012,3,10,Single carriageway,30,None,-1,0,None within 50 metres,Pedestrian phase at traffic signal junction,Daylight: Street light present,Fine without high winds,Dry,None,None,1,Yes,E01001800,2005
5311,200501GD10848,534340.0,187590.0,-0.062945,51.57113,1,3,1,1,15/10/2005,7,15:35,4,E09000012,6,0,Single carriageway,30,Giveway or uncontrolled,6,0,None within 50 metres,No physical crossing within 50 meters,Daylight: Street light present,Fine without high winds,Dry,None,None,1,Yes,E01001824,2005
5312,200501GD10849,534840.0,186240.0,-0.056253,51.558879,1,3,2,1,14/10/2005,6,18:00,4,E09000012,6,0,Roundabout,30,Giveway or uncontrolled,3,107,None within 50 metres,No physical crossing within 50 meters,Daylight: Street light present,Fine without high winds,Dry,None,None,1,No,E01001770,2005
5313,200501GD10850,534680.0,186710.0,-0.058379,51.563141,1,3,2,1,11/10/2005,3,07:40,4,E09000012,3,107,Single carriageway,30,None,-1,0,None within 50 metres,Pedestrian phase at traffic signal junction,Daylight: Street light present,Fine without high winds,Dry,None,None,1,No,E01001722,2005
5314,200501GD10851,535360.0,184500.0,-0.049425,51.543118,1,3,2,1,25/06/2005,7,13:30,4,E09000012,5,0,Single carriageway,30,Giveway or uncontrolled,6,0,None within 50 metres,No physical crossing within 50 meters,Daylight: Street light present,Fine without high winds,Dry,None,None,1,No,E01001838,2005
5315,200501GD10854,535460.0,184900.0,-0.04783,51.546689,1,3,2,1,28/09/2005,4,23:15,4,E09000012,4,113,Single carriageway,30,Automatic traffic signal,5,0,None within 50 metres,Pedestrian phase at traffic signal junction,Darkness: Street lights present and lit,Raining without high winds,Wet/Damp,None,None,1,No,E01001731,2005
5316,200501GD10856,535260.0,183750.0,-0.051154,51.536402,1,3,1,1,12/10/2005,4,18:00,4,E09000012,6,0,Single carriageway,30,None,-1,0,None within 50 metres,No physical crossing within 50 meters,Daylight: Street light present,Raining without high winds,Wet/Damp,None,None,1,No,E01001837,2005
5317,200501GD10857,537070.0,185510.0,-0.024388,51.551782,1,3,2,1,16/10/2005,1,18:10,4,E09000012,4,112,Single carriageway,30,None,-1,0,None within 50 metres,No physical crossing within 50 meters,Daylight: Street light present,Fine without high winds,Dry,None,None,1,Yes,E01001846,2005
5318,200501GD10858,533300.0,186560.0,-0.078333,51.56212,1,3,2,1,20/10/2005,5,16:20,4,E09000012,4,104,Single carriageway,30,None,-1,0,None within 50 metres,No physical crossing within 50 meters,Daylight: Street light present,Fine without high winds,Dry,None,None,1,Yes,E01001829,2005
5319,200501GD10859,533460.0,183490.0,-0.07719,51.534494,1,3,2,1,16/10/2005,1,16:08,4,E09000012,3,10,Single carriageway,30,Automatic traffic signal,5,0,None within 50 metres,Pedestrian phase at traffic signal junction,Daylight: Street light present,Fine without high winds,Dry,None,None,1,Yes,E01001755,2005
5320,200501GD10860,535160.0,186010.0,-0.051728,51.556735,1,3,2,2,24/10/2005,2,17:10,4,E09000012,6,0,Single carriageway,30,Giveway or uncontrolled,6,0,None within 50 metres,No physical crossing within 50 meters,Daylight: Street light present,Fine without high winds,Dry,None,None,1,Yes,E01001794,2005
5321,200501GD10861,534930.0,183680.0,-0.055936,51.535852,1,3,2,1,15/10/2005,7,18:30,4,E09000012,3,106,Single carriageway,30,Giveway or uncontrolled,6,0,None within 50 metres,No physical crossing within 50 meters,Daylight: Street light present,Fine without high winds,Dry,None,None,1,Yes,E01001837,2005
5322,200501GD10862,535350.0,184940.0,-0.0494,51.547074,1,3,2,1,03/10/2005,2,15:10,4,E09000012,6,0,Single carriageway,30,Automatic traffic signal,4,113,None within 50 metres,Pedestrian phase at traffic signal junction,Daylight: Street light present,Fine without high winds,Dry,None,None,1,No,E01001731,2005
5323,200501GD10864,532860.0,184020.0,-0.085636,51.539398,1,3,2,1,10/10/2005,2,13:30,4,E09000012,5,0,Single carriageway,30,Giveway or uncontrolled,4,102,None within 50 metres,No physical crossing within 50 meters,Daylight: Street light present,Fine without high winds,Dry,None,None,1,Yes,E01001752,2005
5324,200501GD10866,533950.0,184790.0,-0.069635,51.54606,1,3,2,1,22/10/2005,7,23:30,4,E09000012,4,108,Single carriageway,30,Giveway or uncontrolled,3,104,None within 50 metres,No physical crossing within 50 meters,Darkness: Street lights present and lit,Fine without high winds,Dry,None,None,1,No,E01001744,2005
5325,200501GD10868,532170.0,186870.0,-0.094509,51.565172,1,3,2,1,28/08/2005,1,12:39,4,E09000012,6,0,Single carriageway,30,Giveway or uncontrolled,6,0,None within 50 metres,No physical crossing within 50 meters,Daylight: Street light present,Fine without high winds,Dry,None,None,1,Yes,E01001717,2005
5326,200501GD10869,533550.0,185320.0,-0.0752,51.550918,1,3,2,1,30/09/2005,6,19:30,4,E09000012,3,10,Single carriageway,30,None,-1,0,None within 50 metres,No physical crossing within 50 meters,Daylight: Street light present,Fine without high winds,Dry,None,None,1,No,E01001747,2005
5327,200501GD10870,533930.0,184700.0,-0.069958,51.545256,1,3,2,1,21/10/2005,6,15:30,4,E09000012,6,0,Single carriageway,30,Giveway or uncontrolled,4,108,None within 50 metres,No physical crossing within 50 meters,Daylight: Street light present,Fine without high winds,Dry,None,None,1,No,E01001744,2005
5328,200501GD10871,534840.0,183590.0,-0.057268,51.535065,1,3,2,1,12/10/2005,4,10:00,4,E09000012,3,107,Single carriageway,30,Giveway or uncontrolled,3,107,None within 50 metres,No physical crossing within 50 meters,Daylight: Street light present,Fine without high winds,Dry,None,None,1,No,E01001818,2005
5329,200501GD10872,534740.0,186590.0,-0.05756,51.562048,1,3,3,1,30/09/2005,6,08:10,4,E09000012,3,107,Single carriageway,30,None,-1,0,None within 50 metres,No physical crossing within 50 meters,Daylight: Street light present,Raining without high winds,Wet/Damp,None,None,1,No,E01001767,2005
5330,200501GD10876,532030.0,187530.0,-0.09628,51.571136,1,2,2,1,04/06/2005,7,20:49,4,E09000012,3,105,Single carriageway,30,Giveway or uncontrolled,6,0,None within 50 metres,No physical crossing within 50 meters,Daylight: Street light present,Fine without high winds,Dry,None,None,1,Yes,E01001813,2005
5331,200501GD10877,534870.0,184870.0,-0.056345,51.54656,1,3,1,2,25/10/2005,3,17:30,4,E09000012,3,1207,Single carriageway,30,None,-1,0,None within 50 metres,No physical crossing within 50 meters,Daylight: Street light present,Fine without high winds,Dry,None,None,1,Yes,E01001760,2005
5332,200501GD10878,534890.0,184080.0,-0.056359,51.539456,1,3,1,1,24/10/2005,2,10:16,4,E09000012,3,107,Single carriageway,30,Giveway or uncontrolled,6,0,None within 50 metres,Pedestrian phase at traffic signal junction,Daylight: Street light present,Fine without high winds,Dry,None,None,1,Yes,E01001818,2005
5333,200501GD10879,535990.0,185700.0,-0.039882,51.55375,1,2,2,1,30/10/2005,1,00:15,4,E09000012,6,0,Single carriageway,30,None,-1,0,None within 50 metres,No physical crossing within 50 meters,Darkness: Street lights present and lit,Raining without high winds,Wet/Damp,None,None,1,Yes,E01001791,2005
5334,200501GD10880,534040.0,187680.0,-0.067237,51.57201,1,3,2,2,21/10/2005,6,00:55,4,E09000012,3,107,Single carriageway,30,Giveway or uncontrolled,6,0,None within 50 metres,No physical crossing within 50 meters,Darkness: Street lights present and lit,Fine without high winds,Dry,None,None,1,Yes,E01001826,2005
5335,200501GD10881,533360.0,182670.0,-0.078942,51.527148,1,3,2,1,06/10/2005,5,02:45,4,E09000012,3,5201,Single carriageway,30,None,-1,0,None within 50 metres,No physical crossing within 50 meters,Darkness: Street lights present and lit,Fine without high winds,Dry,None,None,1,Yes,E01001771,2005
5336,200501GD10883,533070.0,184810.0,-0.082311,51.546448,1,3,2,1,18/10/2005,3,22:21,4,E09000012,3,104,Single carriageway,30,None,-1,0,None within 50 metres,No physical crossing within 50 meters,Darkness: Street lights present and lit,Fine without high winds,Dry,None,None,1,Yes,E01001756,2005
5337,200501GD10884,534020.0,183110.0,-0.069266,51.530946,1,3,2,1,30/10/2005,1,21:15,5,E09000030,3,1208,Single carriageway,30,None,-1,0,None within 50 metres,No physical crossing within 50 meters,Darkness: Street lights present and lit,Fine without high winds,Dry,None,None,1,No,E01004318,2005
5338,200501GD10885,533580.0,186030.0,-0.074498,51.557291,1,3,2,1,27/10/2005,5,01:38,4,E09000012,3,10,Single carriageway,30,Automatic traffic signal,3,10,None within 50 metres,No physical crossing within 50 meters,Darkness: Street lights present and lit,Fine without high winds,Dry,None,None,1,Yes,E01001830,2005
5339,200501GD10888,536280.0,185240.0,-0.03588,51.549547,1,3,2,1,01/10/2005,7,20:00,4,E09000012,4,112,Single carriageway,30,Giveway or uncontrolled,6,0,None within 50 metres,Zebra crossing,Darkness: Street lights present and lit,Fine without high winds,Dry,None,None,1,Yes,E01001847,2005
5340,200501GD10889,535510.0,184880.0,-0.047117,51.546497,1,3,2,1,13/10/2005,5,07:39,4,E09000012,4,113,Single carriageway,30,Giveway or uncontrolled,6,0,None within 50 metres,No physical crossing within 50 meters,Daylight: Street light present,Raining without high winds,Wet/Damp,None,None,1,Yes,E01001730,2005
5341,200501GD10890,535060.0,185610.0,-0.053323,51.553165,1,3,1,1,31/10/2005,2,14:36,4,E09000012,3,107,Single carriageway,30,Giveway or uncontrolled,6,0,None within 50 metres,No physical crossing within 50 meters,Daylight: Street light present,Fine without high winds,Dry,None,None,1,Yes,E01001766,2005
5342,200501GD10891,532050.0,187470.0,-0.096014,51.570592,1,3,2,1,31/10/2005,2,21:25,4,E09000012,3,105,Dual carriageway,30,Automatic traffic signal,3,503,None within 50 metres,Pedestrian phase at traffic signal junction,Darkness: Street lights present and lit,Raining without high winds,Wet/Damp,None,None,1,Yes,E01001714,2005
5343,200501GD10892,533380.0,185140.0,-0.077718,51.54934,1,3,2,1,03/11/2005,5,20:19,3,E09000019,5,0,Single carriageway,30,Automatic traffic signal,5,0,None within 50 metres,No physical crossing within 50 meters,Darkness: Street lights present and lit,Fine without high winds,Dry,None,None,1,Yes,E01001747,2005
5344,200501GD10893,535250.0,184700.0,-0.050934,51.544942,1,3,2,1,25/10/2005,3,18:20,4,E09000012,6,0,Single carriageway,30,Giveway or uncontrolled,6,0,None within 50 metres,No physical crossing within 50 meters,Darkness: Street lights present and lit,Fine with high winds,Dry,None,None,1,Yes,E01001731,2005
5345,200501GD10894,533930.0,185000.0,-0.069844,51.547952,1,3,1,1,21/10/2005,6,15:10,4,E09000012,5,0,Single carriageway,30,None,-1,0,None within 50 metres,No physical crossing within 50 meters,Daylight: Street light present,Fine without high winds,Dry,None,None,1,Yes,E01001748,2005
5346,200501GD10895,533540.0,185080.0,-0.075435,51.548763,1,3,1,1,05/11/2005,7,11:00,4,E09000012,3,10,Single carriageway,30,Giveway or uncontrolled,6,0,None within 50 metres,No physical crossing within 50 meters,Daylight: Street light present,Fine without high winds,Dry,None,None,1,Yes,E01001743,2005
5347,200501GD10897,533550.0,185200.0,-0.075245,51.549839,1,3,1,1,28/10/2005,6,17:43,4,E09000012,5,0,Single carriageway,30,Giveway or uncontrolled,3,10,None within 50 metres,No physical crossing within 50 meters,Daylight: Street light present,Fine without high winds,Dry,None,None,1,Yes,E01001743,2005
5348,200501GD10898,533540.0,186550.0,-0.074877,51.561974,1,3,1,1,26/10/2005,4,16:38,4,E09000012,4,104,Single carriageway,30,None,-1,0,None within 50 metres,Zebra crossing,Daylight: Street light present,Fine without high winds,Dry,None,None,1,Yes,E01001829,2005
5349,200501GD10899,535390.0,183850.0,-0.049243,51.53727,1,3,2,1,19/10/2005,4,06:30,4,E09000012,3,106,Single carriageway,30,Giveway or uncontrolled,6,0,None within 50 metres,Zebra crossing,Darkness: Street lights present and lit,Fine without high winds,Dry,None,None,1,Yes,E01001836,2005
5350,200501GD10900,534130.0,185040.0,-0.066946,51.548264,1,3,2,1,27/10/2005,5,07:55,4,E09000012,6,0,Single carriageway,30,Giveway or uncontrolled,3,104,None within 50 metres,No physical crossing within 50 meters,Daylight: Street light present,Fine without high winds,Dry,None,None,1,No,E01001761,2005
5351,200501GD10901,533930.0,187880.0,-0.068747,51.573833,1,3,1,1,12/10/2005,4,15:54,4,E09000012,6,0,Single carriageway,30,None,-1,0,None within 50 metres,No physical crossing within 50 meters,Daylight: Street light present,Raining without high winds,Wet/Damp,None,None,1,Yes,E01001814,2005
5352,200501GD10902,532480.0,185830.0,-0.090431,51.555753,1,2,2,1,24/10/2005,2,10:00,4,E09000012,3,105,Single carriageway,30,Giveway or uncontrolled,3,105,None within 50 metres,No physical crossing within 50 meters,Daylight: Street light present,Fine without high winds,Dry,None,None,1,Yes,E01002743,2005
5353,200501GD10904,533640.0,184790.0,-0.074103,51.546134,1,3,1,1,15/10/2005,7,00:40,4,E09000012,3,104,Single carriageway,30,Giveway or uncontrolled,6,0,None within 50 metres,No physical crossing within 50 meters,Darkness: Street lights present and lit,Fine without high winds,Dry,None,None,1,Yes,E01001743,2005
5354,200501GD10905,532910.0,184310.0,-0.084806,51.541992,1,3,3,2,04/11/2005,6,20:05,4,E09000012,4,102,Single carriageway,30,None,-1,0,None within 50 metres,Zebra crossing,Darkness: Street lights present and lit,Fine without high winds,Dry,None,None,1,Yes,E01002718,2005
5355,200501GD10906,534860.0,185000.0,-0.056439,51.547731,1,3,1,1,20/10/2005,5,17:21,4,E09000012,6,0,Single carriageway,30,Giveway or uncontrolled,3,107,None within 50 metres,No physical crossing within 50 meters,Daylight: Street light present,Fine without high winds,Dry,None,None,1,Yes,E01001760,2005
5356,200501GD10907,533940.0,183540.0,-0.070255,51.53483,1,3,2,1,04/11/2005,6,08:00,4,E09000012,4,108,Single carriageway,30,Automatic traffic signal,5,0,None within 50 metres,Pedestrian phase at traffic signal junction,Daylight: Street light present,Fine without high winds,Dry,None,None,1,Yes,E01001774,2005
5357,200501GD10908,534620.0,186800.0,-0.05921,51.563964,1,2,2,1,21/10/2005,6,18:18,4,E09000012,6,0,Single carriageway,30,Giveway or uncontrolled,3,107,None within 50 metres,No physical crossing within 50 meters,Darkness: Street lights present and lit,Fine without high winds,Dry,None,None,1,Yes,E01001722,2005
5358,200501GD10909,533520.0,184660.0,-0.075882,51.544994,1,3,1,1,27/10/2005,5,14:30,4,E09000012,3,10,Dual carriageway,40,Automatic traffic signal,3,10,None within 50 metres,Pedestrian phase at traffic signal junction,Daylight: Street light present,Fine without high winds,Dry,None,None,1,Yes,E01001756,2005
5359,200501GD10910,536480.0,184780.0,-0.033176,51.545365,1,3,1,1,02/11/2005,4,12:10,4,E09000012,3,12,Dual carriageway,40,None,-1,0,None within 50 metres,No physical crossing within 50 meters,Daylight: Street light present,Fine without high winds,Dry,None,None,1,Yes,E01001848,2005
5360,200501GD10911,533020.0,182590.0,-0.08387,51.52651,1,3,1,1,01/11/2005,3,17:25,4,E09000012,3,5201,Dual carriageway,30,Giveway or uncontrolled,4,101,None within 50 metres,No physical crossing within 50 meters,Daylight: Street light present,Fine without high winds,Dry,None,None,1,Yes,E01001780,2005
5361,200501GD10912,533270.0,182350.0,-0.080359,51.524294,1,3,2,1,29/10/2005,7,19:55,4,E09000012,5,0,Dual carriageway,40,Automatic traffic signal,3,1202,None within 50 metres,Pedestrian phase at traffic signal junction,Darkness: Street lights present and lit,Fine without high winds,Dry,None,None,1,Yes,E01001771,2005
5362,200501GD10913,536010.0,186940.0,-0.039115,51.564888,1,3,2,1,07/09/2005,4,12:54,13,E09000031,3,104,Single carriageway,30,Automatic traffic signal,6,0,None within 50 metres,Pedestrian phase at traffic signal junction,Daylight: Street light present,Fine without high winds,Dry,None,None,1,Yes,E01004422,2005
5363,200501GD10915,534590.0,186820.0,-0.059635,51.564151,1,3,1,1,01/11/2005,3,06:20,4,E09000012,3,107,Single carriageway,30,Giveway or uncontrolled,6,0,None within 50 metres,No physical crossing within 50 meters,Darkness: Street lights present and lit,Fine without high winds,Dry,None,None,1,Yes,E01001722,2005
5364,200501GD10916,533470.0,183440.0,-0.077065,51.534042,1,3,2,1,22/10/2005,7,14:40,4,E09000012,3,10,Single carriageway,30,None,-1,0,None within 50 metres,No physical crossing within 50 meters,Daylight: Street light present,Fine without high winds,Dry,None,None,1,Yes,E01001776,2005
5365,200501GD10917,533560.0,185450.0,-0.075006,51.552084,1,3,2,1,24/10/2005,2,08:10,4,E09000012,6,0,Single carriageway,30,Giveway or uncontrolled,3,10,None within 50 metres,No physical crossing within 50 meters,Daylight: Street light present,Fine without high winds,Dry,None,None,1,No,E01001747,2005
5366,200501GD10919,535110.0,185510.0,-0.05264,51.552254,1,3,1,1,02/09/2005,6,12:00,4,E09000012,3,107,Single carriageway,30,Giveway or uncontrolled,5,0,None within 50 metres,Zebra crossing,Daylight: Street light present,Fine without high winds,Dry,None,None,1,Yes,E01001734,2005
5367,200501GD10920,535870.0,184900.0,-0.041921,51.54659,1,3,2,1,19/10/2005,4,09:29,4,E09000012,5,0,Single carriageway,30,Giveway or uncontrolled,6,0,None within 50 metres,No physical crossing within 50 meters,Daylight: Street light present,Fine without high winds,Dry,None,None,1,Yes,E01001850,2005
5368,200501GD10923,534870.0,184000.0,-0.056678,51.538742,1,3,2,1,31/10/2005,2,07:10,4,E09000012,6,0,Single carriageway,30,Giveway or uncontrolled,3,107,None within 50 metres,No physical crossing within 50 meters,Daylight: Street light present,Fine without high winds,Dry,None,None,1,No,E01001818,2005
5369,200501GD10924,535180.0,185400.0,-0.051674,51.551249,1,3,2,1,31/10/2005,2,09:15,4,E09000012,3,107,Single carriageway,30,Giveway or uncontrolled,5,0,None within 50 metres,No physical crossing within 50 meters,Daylight: Street light present,Fine without high winds,Dry,None,None,1,No,E01001734,2005
5370,200501GD10925,531540.0,186850.0,-0.103601,51.565139,1,3,1,1,12/11/2005,7,06:55,4,E09000012,3,503,Single carriageway,30,Automatic traffic signal,6,0,None within 50 metres,Pedestrian phase at traffic signal junction,Daylight: Street light present,Fine without high winds,Dry,None,None,1,Yes,E01001718,2005
5371,200501GD10926,533570.0,185880.0,-0.074699,51.555946,1,3,2,1,08/11/2005,3,17:20,4,E09000012,6,0,Single carriageway,30,Giveway or uncontrolled,3,10,None within 50 metres,No physical crossing within 50 meters,Darkness: Street lights present and lit,Fine without high winds,Dry,None,None,1,Yes,E01001830,2005
5372,200501GD10927,534930.0,185190.0,-0.055358,51.549422,1,3,1,1,11/11/2005,6,16:43,4,E09000012,3,107,Single carriageway,30,Giveway or uncontrolled,3,107,None within 50 metres,Zebra crossing,Darkness: Street lights present and lit,Fine without high winds,Dry,None,None,1,Yes,E01001760,2005
5373,200501GD10928,534850.0,184870.0,-0.056633,51.546565,1,2,1,1,14/11/2005,2,18:26,4,E09000012,3,1207,Single carriageway,30,None,-1,0,None within 50 metres,No physical crossing within 50 meters,Darkness: Street lights present and lit,Fine without high winds,Dry,None,None,1,Yes,E01001760,2005
5374,200501GD10929,533550.0,185460.0,-0.075146,51.552176,1,3,2,1,07/11/2005,2,19:35,4,E09000012,6,0,Single carriageway,30,Giveway or uncontrolled,3,10,None within 50 metres,Zebra crossing,Darkness: Street lights present and lit,Fine without high winds,Dry,None,None,1,Yes,E01001747,2005
5375,200501GD10931,532010.0,187550.0,-0.096561,51.57132,1,3,1,1,08/11/2005,3,09:48,4,E09000012,3,105,Single carriageway,30,None,-1,0,None within 50 metres,No physical crossing within 50 meters,Daylight: Street light present,Fine without high winds,Dry,None,None,1,Yes,E01002002,2005
5376,200501GD10932,534940.0,184140.0,-0.055616,51.539983,1,3,2,1,11/11/2005,6,12:01,4,E09000012,3,107,Single carriageway,30,Automatic traffic signal,3,106,None within 50 metres,Pedestrian phase at traffic signal junction,Daylight: Street light present,Fine without high winds,Dry,None,None,1,No,E01001839,2005
5377,200501GD10933,534950.0,184880.0,-0.055188,51.546631,1,2,2,1,02/11/2005,4,17:35,4,E09000012,3,1207,Single carriageway,30,None,-1,0,None within 50 metres,No physical crossing within 50 meters,Darkness: Street lights present and lit,Raining without high winds,Wet/Damp,None,None,1,Yes,E01001760,2005
5378,200501GD10934,533940.0,184810.0,-0.069772,51.546242,1,3,2,1,14/11/2005,2,17:24,4,E09000012,4,108,Single carriageway,30,Giveway or uncontrolled,3,104,None within 50 metres,Pedestrian phase at traffic signal junction,Darkness: Street lights present and lit,Fine without high winds,Dry,None,None,1,Yes,E01001748,2005
5379,200501GD10936,533680.0,184790.0,-0.073527,51.546124,1,3,1,1,09/11/2005,4,08:32,4,E09000012,6,0,Single carriageway,30,Giveway or uncontrolled,3,104,None within 50 metres,No physical crossing within 50 meters,Daylight: Street light present,Fine without high winds,Dry,None,None,1,Yes,E01001743,2005
5380,200501GD10937,535860.0,184920.0,-0.042057,51.546772,1,3,3,1,12/10/2005,4,09:05,4,E09000012,5,0,Single carriageway,30,Giveway or uncontrolled,6,0,None within 50 metres,No physical crossing within 50 meters,Daylight: Street light present,Fine without high winds,Dry,Roadworks,None,1,Yes,E01001729,2005
5381,200501GD10938,534440.0,187260.0,-0.06163,51.56814,1,2,1,1,27/09/2005,3,07:49,4,E09000012,3,107,Single carriageway,30,Giveway or uncontrolled,6,0,None within 50 metres,Zebra crossing,Daylight: Street light present,Fine without high winds,Dry,None,None,1,Yes,E01001727,2005
5382,200501GD10939,533270.0,182360.0,-0.080355,51.524384,1,3,1,1,07/07/2005,5,01:55,4,E09000012,3,1202,One way street,30,Automatic traffic signal,5,0,None within 50 metres,Pedestrian phase at traffic signal junction,Darkness: Street lights present and lit,Fine without high winds,Dry,None,None,1,Yes,E01001771,2005
5383,200501GD10940,535580.0,185850.0,-0.045735,51.555197,1,3,2,1,11/11/2005,6,21:30,4,E09000012,5,0,Single carriageway,30,None,-1,0,None within 50 metres,No physical crossing within 50 meters,Darkness: Street lights present and lit,Fine without high winds,Dry,None,None,1,Yes,E01001796,2005
5384,200501GD10941,534300.0,187450.0,-0.063576,51.569881,1,3,2,1,27/10/2005,5,15:59,4,E09000012,3,107,Single carriageway,30,Giveway or uncontrolled,6,0,None within 50 metres,No physical crossing within 50 meters,Daylight: Street light present,Fine without high winds,Dry,None,None,1,No,E01001824,2005
5385,200501GD10942,533590.0,186240.0,-0.074274,51.559176,1,3,2,1,03/10/2005,2,16:30,4,E09000012,3,10,Single carriageway,30,Giveway or uncontrolled,6,0,None within 50 metres,No physical crossing within 50 meters,Daylight: Street light present,Fine without high winds,Dry,None,None,1,No,E01001830,2005
5386,200501GD10944,533980.0,183110.0,-0.069842,51.530956,1,3,2,1,07/11/2005,2,17:15,5,E09000030,3,1208,Single carriageway,30,Automatic traffic signal,4,108,None within 50 metres,Pedestrian phase at traffic signal junction,Darkness: Street lights present and lit,Fine without high winds,Dry,None,None,1,Yes,E01004318,2005
5387,200501GD10945,533570.0,185800.0,-0.074729,51.555227,1,3,2,1,16/09/2005,6,16:15,4,E09000012,3,10,Single carriageway,30,Giveway or uncontrolled,6,0,None within 50 metres,No physical crossing within 50 meters,Daylight: Street light present,Fine without high winds,Dry,None,None,1,Yes,E01001834,2005
5388,200501GD10946,533560.0,185590.0,-0.074953,51.553342,1,3,2,1,06/11/2005,1,11:55,4,E09000012,6,0,Single carriageway,30,Giveway or uncontrolled,3,10,None within 50 metres,No physical crossing within 50 meters,Daylight: Street light present,Raining without high winds,Wet/Damp,None,None,1,Yes,E01001834,2005
5389,200501GD10947,533390.0,182670.0,-0.078509,51.527141,1,3,1,1,24/10/2005,2,08:30,4,E09000012,3,5201,Single carriageway,30,Automatic traffic signal,3,10,None within 50 metres,Pedestrian phase at traffic signal junction,Daylight: Street light present,Fine without high winds,Dry,None,Involvement with previous accident,1,Yes,E01001771,2005
5390,200501GD10948,536300.0,184740.0,-0.035785,51.545049,1,3,2,1,13/11/2005,1,12:29,4,E09000012,3,106,Dual carriageway,50,Automatic traffic signal,4,113,None within 50 metres,Pedestrian phase at traffic signal junction,Daylight: Street light present,Fine without high winds,Dry,None,None,1,No,E01001848,2005
5391,200501GD10949,532070.0,187480.0,-0.095722,51.570677,1,2,1,1,02/11/2005,4,09:30,4,E09000012,3,503,Single carriageway,30,Giveway or uncontrolled,3,105,None within 50 metres,Pedestrian phase at traffic signal junction,Daylight: Street light present,Fine without high winds,Dry,None,None,1,Yes,E01001721,2005
5392,200501GD10950,535330.0,186450.0,-0.049108,51.560649,1,3,2,2,13/11/2005,1,12:10,4,E09000012,5,0,Single carriageway,30,Automatic traffic signal,3,104,None within 50 metres,Pedestrian phase at traffic signal junction,Daylight: Street light present,Fine without high winds,Dry,None,None,1,Yes,E01001797,2005
5393,200501GD10951,533930.0,184150.0,-0.070167,51.540314,1,3,2,1,12/11/2005,7,12:00,4,E09000012,4,108,Single carriageway,30,Giveway or uncontrolled,5,0,None within 50 metres,Zebra crossing,Daylight: Street light present,Fine without high winds,Dry,None,None,1,Yes,E01001819,2005
5394,200501GD10953,533830.0,186350.0,-0.070772,51.560108,1,3,2,1,10/11/2005,5,18:40,4,E09000012,5,0,Single carriageway,30,None,-1,0,None within 50 metres,No physical crossing within 50 meters,Darkness: Street lights present and lit,Fine without high winds,Dry,None,None,1,No,E01001831,2005
5395,200501GD10954,533470.0,182680.0,-0.077353,51.527212,1,3,2,1,04/11/2005,6,08:50,4,E09000012,6,0,Single carriageway,30,Giveway or uncontrolled,3,1208,None within 50 metres,No physical crossing within 50 meters,Daylight: Street light present,Fine without high winds,Dry,None,None,1,No,E01001771,2005
5396,200501GD10959,532970.0,187950.0,-0.082566,51.574689,1,3,2,1,15/11/2005,3,09:42,4,E09000012,3,107,Single carriageway,30,Giveway or uncontrolled,6,0,None within 50 metres,No physical crossing within 50 meters,Daylight: Street light present,Fine without high winds,Dry,None,None,1,No,E01001807,2005
5397,200501GD10960,533670.0,188040.0,-0.072436,51.575333,1,3,2,1,02/11/2005,4,11:20,4,E09000012,3,10,Single carriageway,30,Giveway or uncontrolled,6,0,None within 50 metres,No physical crossing within 50 meters,Daylight: Street light present,Fine without high winds,Dry,None,None,1,No,E01001814,2005
5398,200501GD10961,532400.0,187680.0,-0.090888,51.572397,1,2,2,1,15/11/2005,3,18:02,4,E09000012,3,503,Single carriageway,30,Automatic traffic signal,3,503,None within 50 metres,Pedestrian phase at traffic signal junction,Darkness: Street lights present and lit,Fine without high winds,Dry,None,None,1,Yes,E01001721,2005
5399,200501GD10962,534610.0,185190.0,-0.05997,51.549498,1,3,1,1,21/11/2005,2,08:13,4,E09000012,5,0,Single carriageway,30,Giveway or uncontrolled,3,104,None within 50 metres,Pedestrian phase at traffic signal junction,Daylight: Street light present,Fine without high winds,Dry,None,None,1,Yes,E01001758,2005
5400,200501GD10963,532860.0,187930.0,-0.08416,51.574535,1,2,1,1,15/11/2005,3,15:45,4,E09000012,3,107,Single carriageway,30,None,-1,0,None within 50 metres,No physical crossing within 50 meters,Daylight: Street light present,Fine without high winds,Dry,None,None,1,Yes,E01001811,2005
5401,200501GD10964,534810.0,186340.0,-0.056647,51.559785,1,3,2,1,15/10/2005,7,17:45,4,E09000012,3,107,Single carriageway,30,Giveway or uncontrolled,6,0,None within 50 metres,No physical crossing within 50 meters,Daylight: Street light present,Fine without high winds,Dry,None,None,1,Yes,E01001767,2005
5402,200501GD10965,532470.0,183420.0,-0.091482,51.534098,1,3,1,1,16/09/2005,6,01:54,4,E09000012,5,0,Single carriageway,30,Giveway or uncontrolled,6,0,None within 50 metres,No physical crossing within 50 meters,Darkness: Street lights present and lit,Fine without high winds,Dry,None,None,1,Yes,E01001782,2005
5403,200501GD10966,533650.0,187480.0,-0.072938,51.570305,1,3,2,1,22/11/2005,3,01:38,4,E09000012,3,10,Dual carriageway,30,Automatic traffic signal,5,0,None within 50 metres,Pedestrian phase at traffic signal junction,Darkness: Street lights present and lit,Fog or mist,Frost/Ice,None,None,1,Yes,E01001808,2005
5404,200501GD10967,535660.0,185610.0,-0.044674,51.553021,1,3,1,1,15/11/2005,3,14:00,4,E09000012,5,0,Single carriageway,30,Giveway or uncontrolled,6,0,None within 50 metres,Zebra crossing,Daylight: Street light present,Fine without high winds,Dry,None,None,1,Yes,E01001796,2005
5405,200501GD10969,536270.0,184750.0,-0.036214,51.545146,1,3,2,2,20/11/2005,1,03:55,4,E09000012,4,113,Single carriageway,30,Automatic traffic signal,3,102,None within 50 metres,Pedestrian phase at traffic signal junction,Darkness: Street lights present and lit,Fine without high winds,Dry,None,None,1,Yes,E01001848,2005
5406,200501GD10970,533480.0,182290.0,-0.077357,51.523705,1,3,2,1,11/11/2005,6,13:55,4,E09000012,5,0,Single carriageway,30,Automatic traffic signal,3,10,None within 50 metres,Pedestrian phase at traffic signal junction,Daylight: Street light present,Fine without high winds,Dry,None,None,1,Yes,E01001771,2005
5407,200501GD10971,536210.0,185220.0,-0.036897,51.549384,1,3,2,1,15/11/2005,3,17:40,4,E09000012,4,112,Single carriageway,30,Giveway or uncontrolled,6,0,None within 50 metres,No physical crossing within 50 meters,Darkness: Street lights present and lit,Fine without high winds,Dry,None,None,1,Yes,E01001785,2005
5408,200501GD10972,533480.0,184190.0,-0.076637,51.54078,1,3,2,1,03/11/2005,5,09:40,4,E09000012,3,10,Single carriageway,30,Automatic traffic signal,3,10,None within 50 metres,Pedestrian phase at traffic signal junction,Daylight: Street light present,Raining without high winds,Wet/Damp,None,None,1,Yes,E01001750,2005
5409,200501GD10973,536290.0,184730.0,-0.035933,51.544961,1,3,2,2,18/11/2005,6,14:20,4,E09000012,3,106,Single carriageway,30,Automatic traffic signal,4,113,None within 50 metres,Pedestrian phase at traffic signal junction,Daylight: Street light present,Fine without high winds,Dry,None,None,1,No,E01001848,2005
5410,200501GD10974,533390.0,182670.0,-0.078509,51.527141,1,3,3,1,09/11/2005,4,10:30,4,E09000012,3,5201,Single carriageway,30,Automatic traffic signal,3,10,None within 50 metres,Pedestrian phase at traffic signal junction,Daylight: Street light present,Fine without high winds,Dry,None,None,1,No,E01001771,2005
5411,200501GD10975,532730.0,187910.0,-0.086042,51.574386,1,3,2,1,19/11/2005,7,13:50,4,E09000012,3,503,Dual carriageway,30,Giveway or uncontrolled,3,107,None within 50 metres,Zebra crossing,Daylight: Street light present,Fine without high winds,Dry,None,None,1,Yes,E01001811,2005
5412,200501GD10976,532930.0,184430.0,-0.084473,51.543066,1,3,2,1,17/11/2005,5,21:35,3,E09000019,4,102,Single carriageway,30,Automatic traffic signal,4,102,None within 50 metres,No physical crossing within 50 meters,Darkness: Street lights present and lit,Fine without high winds,Dry,None,None,1,No,E01002718,2005
5413,200501GD10977,533240.0,182630.0,-0.080685,51.526817,1,3,1,2,21/11/2005,2,21:40,4,E09000012,3,5201,Single carriageway,30,Automatic traffic signal,5,0,None within 50 metres,Pedestrian phase at traffic signal junction,Darkness: Street lights present and lit,Raining without high winds,Wet/Damp,None,None,1,Yes,E01001771,2005
5414,200501GD10978,537160.0,185320.0,-0.023165,51.550052,1,3,2,1,12/11/2005,7,17:45,4,E09000012,3,106,Dual carriageway,40,Giveway or uncontrolled,6,0,None within 50 metres,No physical crossing within 50 meters,Darkness: Street lights present and lit,Fine without high winds,Dry,None,None,1,Yes,E01001846,2005
5415,200501GD10979,535100.0,185520.0,-0.052781,51.552346,1,3,1,1,21/11/2005,2,09:55,4,E09000012,3,107,Single carriageway,30,Giveway or uncontrolled,5,0,None within 50 metres,Zebra crossing,Daylight: Street light present,Fine without high winds,Dry,None,None,1,Yes,E01001734,2005
5416,200501GD10981,536750.0,187430.0,-0.028254,51.569113,1,3,2,1,07/11/2005,2,18:50,13,E09000031,6,0,Single carriageway,30,Giveway or uncontrolled,3,104,None within 50 metres,No physical crossing within 50 meters,Darkness: Street lights present and lit,Fine without high winds,Dry,None,None,1,No,E01004427,2005
5417,200501GD10982,534950.0,185190.0,-0.055069,51.549417,1,3,2,1,14/11/2005,2,22:20,4,E09000012,3,107,Single carriageway,30,Automatic traffic signal,3,107,None within 50 metres,Pedestrian phase at traffic signal junction,Darkness: Street lights present and lit,Fine without high winds,Dry,None,None,1,No,E01001760,2005
5418,200501GD10984,534790.0,185710.0,-0.057177,51.554128,1,3,2,1,26/11/2005,7,00:30,4,E09000012,3,104,Single carriageway,30,None,-1,0,None within 50 metres,No physical crossing within 50 meters,Darkness: Street lights present and lit,Raining without high winds,Wet/Damp,None,None,1,Yes,E01001766,2005
5419,200501GD10986,533240.0,186550.0,-0.079202,51.562044,1,3,2,1,28/11/2005,2,19:57,4,E09000012,5,0,Single carriageway,30,Giveway or uncontrolled,4,104,None within 50 metres,No physical crossing within 50 meters,Darkness: Street lights present and lit,Fine without high winds,Dry,None,None,1,Yes,E01001741,2005
5420,200501GD10987,533370.0,185150.0,-0.077859,51.549433,1,3,2,1,15/11/2005,3,16:55,3,E09000019,5,0,Single carriageway,30,Automatic traffic signal,5,0,None within 50 metres,No physical crossing within 50 meters,Darkness: Street lights present and lit,Raining without high winds,Wet/Damp,None,None,1,No,E01002778,2005
5421,200501GD10988,533540.0,185050.0,-0.075446,51.548494,1,3,1,1,22/11/2005,3,15:10,4,E09000012,3,10,Single carriageway,30,Giveway or uncontrolled,6,0,None within 50 metres,No physical crossing within 50 meters,Daylight: Street light present,Fine without high winds,Dry,None,None,1,Yes,E01001743,2005
5422,200501GD10989,534490.0,183630.0,-0.062295,51.535508,1,3,2,1,24/11/2005,5,14:05,4,E09000012,5,0,Single carriageway,30,Giveway or uncontrolled,5,0,None within 50 metres,No physical crossing within 50 meters,Daylight: Street light present,Fine without high winds,Dry,None,None,1,No,E01001818,2005
5423,200501GD10990,533650.0,187020.0,-0.073112,51.566171,1,3,2,1,19/11/2005,7,08:45,4,E09000012,6,0,Single carriageway,30,Giveway or uncontrolled,3,10,None within 50 metres,No physical crossing within 50 meters,Daylight: Street light present,Fine without high winds,Dry,None,None,1,Yes,E01001800,2005
5424,200501GD10991,532090.0,182240.0,-0.0974,51.523582,1,3,2,1,05/11/2005,7,02:20,3,E09000019,3,5201,Single carriageway,30,None,-1,0,None within 50 metres,No physical crossing within 50 meters,Darkness: Street lights present and lit,Fine without high winds,Dry,None,None,1,No,E01002705,2005
5425,200501GD10992,535660.0,185050.0,-0.04489,51.547989,1,3,2,1,29/11/2005,3,16:30,4,E09000012,3,102,Single carriageway,30,Giveway or uncontrolled,6,0,None within 50 metres,No physical crossing within 50 meters,Darkness: Street lights present and lit,Fine without high winds,Dry,None,None,1,No,E01001729,2005
5426,200501GD10993,534330.0,186650.0,-0.063449,51.562685,1,3,2,2,05/12/2005,2,10:39,4,E09000012,4,111,Dual carriageway,30,Giveway or uncontrolled,6,0,None within 50 metres,No physical crossing within 50 meters,Daylight: Street light present,Fine without high winds,Dry,None,None,1,Yes,E01001768,2005
5427,200501GD10995,534890.0,184060.0,-0.056367,51.539276,1,3,1,1,24/11/2005,5,09:40,4,E09000012,3,107,Single carriageway,30,None,-1,0,None within 50 metres,No physical crossing within 50 meters,Daylight: Street light present,Fine without high winds,Dry,None,None,1,No,E01001818,2005
5428,200501GD10996,533570.0,185620.0,-0.074797,51.553609,1,3,1,1,10/11/2005,5,15:40,4,E09000012,6,0,Single carriageway,30,Giveway or uncontrolled,3,10,None within 50 metres,No physical crossing within 50 meters,Daylight: Street light present,Fine without high winds,Dry,None,None,1,Yes,E01001834,2005
5429,200501GD10997,533930.0,185000.0,-0.069844,51.547952,1,3,1,1,05/12/2005,2,13:06,4,E09000012,6,0,Single carriageway,30,Giveway or uncontrolled,6,0,None within 50 metres,No physical crossing within 50 meters,Daylight: Street light present,Fine without high winds,Dry,None,None,1,Yes,E01001748,2005
5430,200501GD10998,534870.0,184980.0,-0.056303,51.547549,1,3,2,1,25/11/2005,6,18:45,4,E09000012,6,0,Single carriageway,30,Giveway or uncontrolled,3,107,None within 50 metres,No physical crossing within 50 meters,Daylight: Street light present,Fine without high winds,Dry,None,None,1,No,E01001760,2005
5431,200501GD10999,533980.0,188020.0,-0.067973,51.575079,1,3,2,1,29/11/2005,3,22:45,4,E09000012,6,0,Single carriageway,30,Giveway or uncontrolled,6,0,None within 50 metres,No physical crossing within 50 meters,Darkness: Street lights present and lit,Fine without high winds,Dry,None,None,1,No,E01001825,2005
5432,200501GD11001,532820.0,186950.0,-0.085107,51.565738,1,2,1,1,25/10/2005,3,23:29,4,E09000012,5,0,Single carriageway,30,Automatic traffic signal,4,105,None within 50 metres,Pedestrian phase at traffic signal junction,Darkness: Street lights present and lit,Fine without high winds,Dry,None,None,1,Yes,E01001801,2005
5433,200501GD11002,532400.0,187690.0,-0.090884,51.572487,1,3,2,1,05/12/2005,2,13:00,4,E09000012,5,0,Single carriageway,30,Automatic traffic signal,3,503,None within 50 metres,Pedestrian phase at traffic signal junction,Daylight: Street light present,Fine without high winds,Dry,None,None,1,Yes,E01001813,2005
5434,200501GD11003,533570.0,185960.0,-0.074668,51.556664,1,3,2,1,02/12/2005,6,09:35,4,E09000012,3,10,Single carriageway,30,Giveway or uncontrolled,5,0,None within 50 metres,No physical crossing within 50 meters,Daylight: Street light present,Fine without high winds,Wet/Damp,None,None,1,Yes,E01001830,2005
5435,200501GD11004,534010.0,185730.0,-0.068413,51.554493,1,3,2,2,20/11/2005,1,03:08,4,E09000012,5,0,Single carriageway,30,Automatic traffic signal,5,0,None within 50 metres,Pedestrian phase at traffic signal junction,Darkness: Street lights present and lit,Raining without high winds,Wet/Damp,None,None,1,Yes,E01001745,2005
5436,200501GD11005,532890.0,185410.0,-0.084679,51.551882,1,3,1,1,07/12/2005,4,23:45,4,E09000012,3,105,One way street,30,Giveway or uncontrolled,3,105,None within 50 metres,non-junction pedestrian crossing,Darkness: Street lights present and lit,Fine without high winds,Dry,None,None,1,Yes,E01002782,2005
5437,200501GD11006,535850.0,185120.0,-0.042124,51.548572,1,3,2,2,09/12/2005,6,12:37,4,E09000012,5,0,Single carriageway,30,Giveway or uncontrolled,3,102,None within 50 metres,non-junction pedestrian crossing,Daylight: Street light present,Fine without high winds,Dry,None,None,1,Yes,E01001733,2005
5438,200501GD11007,534860.0,184020.0,-0.056815,51.538924,1,3,2,1,01/12/2005,5,09:30,4,E09000012,3,107,Single carriageway,30,Giveway or uncontrolled,6,0,None within 50 metres,No physical crossing within 50 meters,Daylight: Street light present,Fine without high winds,Dry,None,None,1,No,E01001818,2005
5439,200501GD11008,535360.0,184920.0,-0.049264,51.546892,1,3,1,1,21/09/2005,4,09:06,4,E09000012,4,113,Single carriageway,30,Giveway or uncontrolled,6,0,None within 50 metres,No physical crossing within 50 meters,Daylight: Street light present,Fine without high winds,Dry,None,None,1,Yes,E01001731,2005
5440,200501GD11009,535320.0,185630.0,-0.049567,51.553282,1,3,2,1,13/12/2005,3,08:40,4,E09000012,5,0,One way street,30,Giveway or uncontrolled,5,0,None within 50 metres,No physical crossing within 50 meters,Daylight: Street light present,Raining without high winds,Wet/Damp,None,None,1,Yes,E01001795,2005
5441,200501GD11011,534280.0,184770.0,-0.064887,51.545802,1,2,2,2,10/12/2005,7,15:02,4,E09000012,3,1207,Single carriageway,30,None,-1,0,None within 50 metres,No physical crossing within 50 meters,Daylight: Street light present,Fine without high winds,Dry,None,None,1,Yes,E01001749,2005
5442,200501GD11012,533170.0,184700.0,-0.080912,51.545436,1,3,2,1,05/12/2005,2,14:05,4,E09000012,6,0,Single carriageway,30,Giveway or uncontrolled,6,0,None within 50 metres,Zebra crossing,Daylight: Street light present,Fine without high winds,Dry,None,None,1,No,E01001756,2005
5443,200501GD11013,534860.0,186210.0,-0.055976,51.558604,1,3,3,1,05/12/2005,2,13:00,4,E09000012,3,107,Single carriageway,30,Automatic traffic signal,3,104,None within 50 metres,No physical crossing within 50 meters,Daylight: Street light present,Fine without high winds,Dry,None,None,1,No,E01001770,2005
5444,200501GD11014,536670.0,184720.0,-0.030461,51.54478,1,3,2,1,28/11/2005,2,08:00,4,E09000012,3,106,Single carriageway,30,Giveway or uncontrolled,3,115,None within 50 metres,No physical crossing within 50 meters,Daylight: Street light present,Fine without high winds,Dry,None,None,1,Yes,E01001849,2005
5445,200501GD11016,532850.0,182510.0,-0.086349,51.525831,1,2,1,1,27/11/2005,1,01:45,4,E09000012,3,5201,Single carriageway,30,None,-1,0,None within 50 metres,No physical crossing within 50 meters,Darkness: Street lights present and lit,Fine without high winds,Dry,None,None,1,Yes,E01002704,2005
5446,200501GD11017,532890.0,182530.0,-0.085766,51.526001,1,3,1,1,05/12/2005,2,11:15,4,E09000012,3,5201,Single carriageway,30,Giveway or uncontrolled,6,0,None within 50 metres,Zebra crossing,Daylight: Street light present,Fine without high winds,Dry,None,None,1,Yes,E01002704,2005
5447,200501GD11018,533920.0,183960.0,-0.070383,51.538609,1,2,2,1,27/11/2005,1,16:30,4,E09000012,4,108,Single carriageway,30,Giveway or uncontrolled,6,0,None within 50 metres,Zebra crossing,Darkness: Street lights present and lit,Fine without high winds,Wet/Damp,None,None,1,Yes,E01001772,2005
5448,200501GD11019,533090.0,183570.0,-0.082492,51.5353,1,3,2,1,15/12/2005,5,09:30,4,E09000012,5,0,Roundabout,30,Giveway or uncontrolled,5,0,None within 50 metres,Zebra crossing,Daylight: Street light present,Fine without high winds,Dry,None,None,1,Yes,E01001754,2005
5449,200501GD11020,533110.0,182600.0,-0.08257,51.526578,1,3,1,1,13/12/2005,3,12:51,4,E09000012,3,5201,Single carriageway,30,None,-1,0,None within 50 metres,No physical crossing within 50 meters,Daylight: Street light present,Fine without high winds,Dry,None,None,1,Yes,E01001771,2005
5450,200501GD11021,536430.0,185310.0,-0.033691,51.550139,1,2,1,1,30/11/2005,4,09:10,4,E09000012,4,112,Single carriageway,30,None,-1,0,None within 50 metres,No physical crossing within 50 meters,Daylight: Street light present,Fine without high winds,Dry,None,None,1,Yes,E01001786,2005
5451,200501GD11022,532370.0,186310.0,-0.091836,51.560092,1,3,1,1,02/12/2005,6,01:23,3,E09000019,3,105,Single carriageway,30,Giveway or uncontrolled,5,0,None within 50 metres,Zebra crossing,Darkness: Street lights present and lit,Raining without high winds,Wet/Damp,None,None,1,Yes,E01002741,2005
5452,200501GD11023,533430.0,182120.0,-0.078141,51.522189,1,3,1,1,25/11/2005,6,14:22,4,E09000012,3,10,Single carriageway,30,None,-1,0,None within 50 metres,No physical crossing within 50 meters,Daylight: Street light present,Fine without high winds,Dry,None,None,1,Yes,E01001771,2005
5453,200501GD11024,533310.0,182300.0,-0.079802,51.523835,1,3,2,1,13/12/2005,3,08:59,4,E09000012,3,1202,Single carriageway,30,None,-1,0,None within 50 metres,No physical crossing within 50 meters,Daylight: Street light present,Fine without high winds,Dry,None,None,1,Yes,E01001771,2005
5454,200501GD11025,533690.0,187900.0,-0.072201,51.57407,1,3,1,1,17/12/2005,7,08:00,4,E09000012,6,0,Single carriageway,30,Giveway or uncontrolled,3,10,None within 50 metres,No physical crossing within 50 meters,Daylight: Street light present,Fine without high winds,Dry,None,None,1,Yes,E01001808,2005
5455,200501GD11026,532050.0,187460.0,-0.096018,51.570502,1,3,3,1,29/10/2005,7,22:30,4,E09000012,3,105,Dual carriageway,30,Automatic traffic signal,3,503,None within 50 metres,Pedestrian phase at traffic signal junction,Darkness: Street lights present and lit,Fine without high winds,Dry,None,None,1,No,E01001714,2005
5456,200501GD11027,535830.0,185170.0,-0.042393,51.549026,1,3,2,1,11/11/2005,6,17:00,4,E09000012,5,0,Single carriageway,30,Giveway or uncontrolled,6,0,None within 50 metres,No physical crossing within 50 meters,Daylight: Street light present,Fine without high winds,Dry,None,None,1,No,E01001733,2005
5457,200501GD11028,535020.0,186230.0,-0.053662,51.558746,1,2,2,1,19/10/2005,4,06:10,4,E09000012,3,104,Single carriageway,30,None,-1,0,None within 50 metres,No physical crossing within 50 meters,Darkness: Street lights present and lit,Raining without high winds,Wet/Damp,None,None,1,No,E01001792,2005
5458,200501GD11029,533950.0,184810.0,-0.069628,51.54624,1,3,2,1,29/12/2005,5,05:45,4,E09000012,3,104,Single carriageway,30,Automatic traffic signal,3,1207,None within 50 metres,Pedestrian phase at traffic signal junction,Darkness: Street lights present and lit,Fine without high winds,Dry,None,None,1,No,E01001748,2005
5459,200501GD11030,534860.0,184010.0,-0.056819,51.538834,1,3,2,1,23/12/2005,6,05:59,4,E09000012,3,107,Single carriageway,30,Giveway or uncontrolled,6,0,None within 50 metres,No physical crossing within 50 meters,Darkness: Street lights present and lit,Fine without high winds,Dry,None,None,1,Yes,E01001818,2005
5460,200501GD11031,532470.0,186040.0,-0.090496,51.557643,1,3,1,1,20/12/2005,3,13:01,4,E09000012,3,105,Single carriageway,30,Giveway or uncontrolled,5,0,None within 50 metres,non-junction pedestrian crossing,Daylight: Street light present,Fine without high winds,Dry,None,None,1,Yes,E01002743,2005
5461,200501GD11032,532780.0,183220.0,-0.08709,51.532228,1,3,2,2,21/12/2005,4,00:50,4,E09000012,3,1200,Single carriageway,30,None,-1,0,None within 50 metres,No physical crossing within 50 meters,Darkness: Street lights present and lit,Fine without high winds,Dry,None,None,1,Yes,E01001781,2005
5462,200501GD11033,532030.0,187510.0,-0.096288,51.570956,1,2,1,1,22/12/2005,5,06:55,4,E09000012,3,105,Single carriageway,30,None,-1,0,None within 50 metres,No physical crossing within 50 meters,Darkness: Street lights present and lit,Fine without high winds,Dry,None,None,1,Yes,E01002002,2005
5463,200501GD11034,535050.0,185630.0,-0.053459,51.553347,1,3,1,1,18/12/2005,1,13:49,4,E09000012,3,107,Single carriageway,30,None,-1,0,None within 50 metres,No physical crossing within 50 meters,Daylight: Street light present,Fine without high winds,Dry,None,None,1,Yes,E01001766,2005
5464,200501GD11036,533530.0,184810.0,-0.075681,51.546339,1,3,2,1,02/12/2005,6,18:55,4,E09000012,3,10,Single carriageway,30,None,-1,0,None within 50 metres,No physical crossing within 50 meters,Darkness: Street lights present and lit,Fine without high winds,Wet/Damp,None,None,1,Yes,E01001743,2005
5465,200501GD11037,534340.0,183560.0,-0.064484,51.534914,1,3,2,1,10/12/2005,7,22:27,4,E09000012,5,0,Single carriageway,30,None,-1,0,None within 50 metres,No physical crossing within 50 meters,Darkness: Street lights present and lit,Fine without high winds,Dry,None,None,1,Yes,E01001775,2005
5466,200501GD11038,533540.0,185030.0,-0.075454,51.548314,1,3,1,1,14/12/2005,4,15:30,4,E09000012,3,10,Single carriageway,30,Giveway or uncontrolled,6,0,None within 50 metres,No physical crossing within 50 meters,Daylight: Street light present,Fine without high winds,Dry,None,None,1,Yes,E01001743,2005
5467,200501GD11039,536450.0,184860.0,-0.033577,51.546091,1,3,2,1,15/12/2005,5,08:42,4,E09000012,3,12,Single carriageway,30,None,-1,0,None within 50 metres,No physical crossing within 50 meters,Daylight: Street light present,Fine without high winds,Dry,None,None,1,Yes,E01001849,2005
5468,200501GD11040,533100.0,182480.0,-0.082759,51.525502,1,3,3,1,17/12/2005,7,18:15,4,E09000012,3,1202,Single carriageway,30,None,-1,0,None within 50 metres,No physical crossing within 50 meters,Darkness: Street lights present and lit,Fine without high winds,Dry,None,None,1,Yes,E01001771,2005
5469,200501GD11041,535030.0,185680.0,-0.053728,51.553801,1,3,1,1,20/12/2005,3,12:50,4,E09000012,3,107,Single carriageway,30,None,-1,0,None within 50 metres,No physical crossing within 50 meters,Daylight: Street light present,Fine without high winds,Dry,None,None,1,Yes,E01001795,2005
5470,200501GD11042,535690.0,185520.0,-0.044276,51.552205,1,2,1,1,20/12/2005,3,10:40,4,E09000012,5,0,Single carriageway,30,None,-1,0,None within 50 metres,No physical crossing within 50 meters,Daylight: Street light present,Fine without high winds,Dry,None,None,1,Yes,E01001733,2005
5471,200501GD11043,534760.0,186550.0,-0.057287,51.561684,1,3,2,1,21/12/2005,4,07:55,4,E09000012,3,107,Single carriageway,30,Giveway or uncontrolled,6,0,None within 50 metres,No physical crossing within 50 meters,Darkness: Street lights present and lit,Fine without high winds,Dry,None,None,1,Yes,E01001798,2005
5472,200501GD11044,532310.0,186720.0,-0.092547,51.563791,1,3,2,1,28/12/2005,4,21:43,4,E09000012,4,105,Single carriageway,30,Automatic traffic signal,3,105,None within 50 metres,Pedestrian phase at traffic signal junction,Darkness: Street lights present and lit,Fine without high winds,Dry,None,None,1,Yes,E01001719,2005
5473,200501GD11045,534390.0,184200.0,-0.063519,51.540654,1,3,2,1,20/11/2005,1,13:30,4,E09000012,5,0,Single carriageway,30,None,-1,0,None within 50 metres,No physical crossing within 50 meters,Daylight: Street light present,Fine without high winds,Dry,None,None,1,Yes,E01001816,2005
5474,200501GD11046,533250.0,182640.0,-0.080538,51.526905,1,2,2,1,25/11/2005,6,20:45,4,E09000012,3,5201,Single carriageway,30,Automatic traffic signal,5,0,None within 50 metres,Pedestrian phase at traffic signal junction,Darkness: Street lights present and lit,Fine without high winds,Dry,None,None,1,No,E01001771,2005
5475,200501GD11048,534740.0,183870.0,-0.058601,51.537605,1,3,2,1,22/12/2005,5,15:30,4,E09000012,5,0,Single carriageway,30,None,-1,0,None within 50 metres,No physical crossing within 50 meters,Darkness: Street lights present and lit,Fine without high winds,Dry,None,None,1,No,E01001818,2005
5476,200501GD11050,536540.0,184720.0,-0.032334,51.544811,1,3,2,1,09/12/2005,6,10:33,4,E09000012,3,12,Dual carriageway,40,None,-1,0,None within 50 metres,No physical crossing within 50 meters,Daylight: Street light present,Fine without high winds,Wet/Damp,None,None,1,Yes,E01001849,2005
5477,200501GD11051,536650.0,185440.0,-0.030469,51.551254,1,3,2,4,22/12/2005,5,02:14,4,E09000012,4,112,Single carriageway,30,None,-1,0,None within 50 metres,No physical crossing within 50 meters,Darkness: Street lights present and lit,Raining without high winds,Wet/Damp,None,None,1,Yes,E01001846,2005
5478,200501GD11052,531590.0,186900.0,-0.102861,51.565577,1,3,4,1,27/12/2005,3,20:15,4,E09000012,3,503,Single carriageway,30,Giveway or uncontrolled,6,0,None within 50 metres,No physical crossing within 50 meters,Darkness: Street lights present and lit,Fine without high winds,Wet/Damp,None,None,1,Yes,E01001716,2005
5479,200501GD11053,532050.0,187480.0,-0.096011,51.570682,1,3,2,2,25/12/2005,1,17:34,4,E09000012,3,105,Single carriageway,30,Automatic traffic signal,3,503,None within 50 metres,Pedestrian phase at traffic signal junction,Darkness: Street lights present and lit,Fine without high winds,Dry,None,None,1,Yes,E01002002,2005
5480,200501GD11055,536760.0,184620.0,-0.029202,51.543859,1,3,2,1,14/12/2005,4,13:50,4,E09000012,3,12,Single carriageway,30,None,-1,0,None within 50 metres,No physical crossing within 50 meters,Daylight: Street light present,Fine without high winds,Dry,None,None,1,Yes,E01001849,2005
5481,200501GD11057,537320.0,185520.0,-0.020781,51.551811,1,3,2,1,10/12/2005,7,20:21,4,E09000012,3,12,Single carriageway,30,Automatic traffic signal,4,112,None within 50 metres,No physical crossing within 50 meters,Darkness: Street lights present and lit,Fine without high winds,Dry,None,None,1,Yes,E01001846,2005
5482,200501GD11058,533420.0,182600.0,-0.078104,51.526505,1,3,2,1,09/12/2005,6,12:20,4,E09000012,3,10,Single carriageway,30,Giveway or uncontrolled,4,122,None within 50 metres,non-junction pedestrian crossing,Daylight: Street light present,Fine without high winds,Dry,None,None,1,Yes,E01001771,2005
5483,200501GD11060,536460.0,185320.0,-0.033255,51.550222,1,3,2,2,30/12/2005,6,12:35,4,E09000012,4,112,Single carriageway,30,Giveway or uncontrolled,6,0,None within 50 metres,No physical crossing within 50 meters,Daylight: Street light present,Fine without high winds,Dry,None,None,1,Yes,E01001847,2005
5484,200501GD11061,536890.0,185490.0,-0.026991,51.551646,1,3,3,1,24/12/2005,7,17:50,4,E09000012,4,112,Single carriageway,30,None,-1,0,None within 50 metres,No physical crossing within 50 meters,Darkness: Street lights present and lit,Fine without high winds,Dry,None,None,1,Yes,E01001846,2005
5485,200501GD11062,532220.0,182850.0,-0.095298,51.529034,1,3,2,1,17/12/2005,7,21:45,3,E09000019,3,501,Single carriageway,30,Giveway or uncontrolled,3,501,None within 50 metres,No physical crossing within 50 meters,Darkness: Street lights present and lit,Fine without high winds,Dry,None,None,1,Yes,E01002702,2005
5486,200501GD11071,533610.0,186490.0,-0.07389,51.561418,1,3,1,1,18/10/2005,3,18:25,4,E09000012,3,10,One way street,20,None,-1,0,None within 50 metres,No physical crossing within 50 meters,Darkness: Street lights present and lit,Fine without high winds,Dry,None,None,1,Yes,E01001829,2005
5487,200501GD11073,532780.0,186340.0,-0.085914,51.560266,1,3,2,1,21/12/2005,4,14:55,4,E09000012,5,0,Single carriageway,30,Giveway or uncontrolled,6,0,None within 50 metres,non-junction pedestrian crossing,Daylight: Street light present,Fine without high winds,Dry,None,None,1,Yes,E01001806,2005
5488,200501GD11074,533450.0,182180.0,-0.07783,51.522724,1,3,2,1,19/12/2005,2,16:30,4,E09000012,3,1202,Single carriageway,30,Automatic traffic signal,3,10,None within 50 metres,Pedestrian phase at traffic signal junction,Darkness: Street lights present and lit,Fine without high winds,Dry,None,None,1,Yes,E01001771,2005
5489,200501GD11075,535240.0,184930.0,-0.050989,51.547011,1,3,2,1,27/12/2005,3,12:00,4,E09000012,4,113,Single carriageway,30,Giveway or uncontrolled,6,0,None within 50 metres,No physical crossing within 50 meters,Daylight: Street light present,Fine without high winds,Dry,None,None,1,Yes,E01001735,2005
5490,200501GD11076,535550.0,184640.0,-0.046633,51.544331,1,2,1,1,05/11/2005,7,16:15,4,E09000012,5,0,Single carriageway,30,Giveway or uncontrolled,6,0,None within 50 metres,No physical crossing within 50 meters,Daylight: Street light present,Fine without high winds,Dry,None,None,1,Yes,E01001730,2005
5491,200501GD11078,533210.0,182460.0,-0.081182,51.525297,1,3,1,1,09/12/2005,6,10:24,4,E09000012,6,0,Single carriageway,30,None,-1,0,None within 50 metres,No physical crossing within 50 meters,Daylight: Street light present,Fine without high winds,Dry,None,None,1,Yes,E01001771,2005
5492,200501GD11082,532950.0,184510.0,-0.084154,51.54378,1,3,2,1,04/11/2005,6,02:54,3,E09000019,4,102,Single carriageway,30,Giveway or uncontrolled,6,0,None within 50 metres,No physical crossing within 50 meters,Darkness: Street lights present and lit,Fine without high winds,Dry,None,None,1,Yes,E01002716,2005
5493,200501GD11083,533270.0,182790.0,-0.080193,51.528248,1,3,2,1,29/11/2005,3,15:45,4,E09000012,6,0,Single carriageway,30,None,-1,0,None within 50 metres,No physical crossing within 50 meters,Daylight: Street light present,Fine without high winds,Dry,None,None,1,No,E01001780,2005
5494,200501GD11084,535480.0,185040.0,-0.047488,51.547942,1,3,2,1,15/12/2005,5,12:00,4,E09000012,3,102,Single carriageway,30,Automatic traffic signal,5,0,None within 50 metres,Pedestrian phase at traffic signal junction,Daylight: Street light present,Fine without high winds,Dry,None,None,1,Yes,E01001730,2005
5495,200501GD11086,533500.0,182280.0,-0.077072,51.523611,1,2,1,1,24/12/2005,7,18:35,4,E09000012,3,10,Single carriageway,30,Automatic traffic signal,3,1209,None within 50 metres,Pedestrian phase at traffic signal junction,Darkness: Street lights present and lit,Fine without high winds,Dry,None,None,1,Yes,E01001771,2005
5496,200501GD11089,534010.0,185000.0,-0.068691,51.547933,1,3,2,1,15/12/2005,5,14:11,4,E09000012,3,104,Single carriageway,30,Giveway or uncontrolled,5,0,None within 50 metres,No physical crossing within 50 meters,Daylight: Street light present,Fine without high winds,Dry,None,None,1,Yes,E01001761,2005
5497,200501GD11099,534420.0,183560.0,-0.063331,51.534895,1,3,1,1,12/12/2005,2,09:10,4,E09000012,5,0,Single carriageway,30,Giveway or uncontrolled,5,0,None within 50 metres,Zebra crossing,Daylight: Street light present,Fine without high winds,Dry,None,None,1,Yes,E01001775,2005
5498,200501GD19004,533230.0,184390.0,-0.080164,51.542636,1,3,2,1,01/12/2005,5,03:40,4,E09000012,5,0,Roundabout,30,Giveway or uncontrolled,5,0,None within 50 metres,No physical crossing within 50 meters,Darkness: Street lights present and lit,Raining without high winds,Wet/Damp,None,None,1,Yes,E01001750,2005
5499,200501GD19016,534860.0,185900.0,-0.056095,51.555819,1,3,2,1,05/12/2005,2,13:15,4,E09000012,3,104,Single carriageway,30,Giveway or uncontrolled,6,0,None within 50 metres,No physical crossing within 50 meters,Daylight: Street light present,Fine without high winds,Dry,None,None,1,Yes,E01001766,2005
5500,200501GD19017,534610.0,185190.0,-0.05997,51.549498,1,3,2,1,31/10/2005,2,20:30,4,E09000012,3,104,Dual carriageway,30,Automatic traffic signal,5,0,None within 50 metres,No physical crossing within 50 meters,Darkness: Street lighting unknown,Fine without high winds,Dry,None,None,1,No,E01001758,2005
5501,200501GD19025,533930.0,183550.0,-0.070395,51.534922,1,3,1,1,08/12/2005,5,09:00,4,E09000012,4,108,Single carriageway,30,Automatic traffic signal,5,0,None within 50 metres,Pedestrian phase at traffic signal junction,Daylight: Street light present,Raining without high winds,Wet/Damp,None,None,1,Yes,E01001774,2005
5502,200501GD19028,533590.0,186220.0,-0.074281,51.558996,1,2,1,1,04/12/2005,1,12:30,4,E09000012,3,10,One way street,30,None,-1,0,None within 50 metres,No physical crossing within 50 meters,Daylight: Street light present,Fine without high winds,Dry,None,None,1,Yes,E01001830,2005
5503,200501GD19032,533600.0,184790.0,-0.07468,51.546143,1,3,2,1,15/11/2005,3,18:00,4,E09000012,6,0,Single carriageway,30,Giveway or uncontrolled,3,104,None within 50 metres,No physical crossing within 50 meters,Darkness: Street lights present and lit,Fine without high winds,Dry,None,None,1,Yes,E01001743,2005
5504,200501GD19037,533070.0,183090.0,-0.082961,51.530991,1,3,1,1,16/11/2005,4,16:40,4,E09000012,5,0,Single carriageway,30,Giveway or uncontrolled,5,0,None within 50 metres,Zebra crossing,Darkness: Street lights present and lit,Fine without high winds,Dry,None,None,1,Yes,E01001784,2005
5505,200501GD19042,533470.0,183490.0,-0.077046,51.534491,1,3,2,1,20/09/2005,3,12:29,4,E09000012,5,0,Single carriageway,30,Automatic traffic signal,3,10,None within 50 metres,Pedestrian phase at traffic signal junction,Daylight: Street light present,Fine without high winds,Dry,None,None,1,Yes,E01001776,2005
5506,200501GD19043,534690.0,186680.0,-0.058247,51.562869,1,3,2,1,10/12/2005,7,15:23,4,E09000012,3,107,Single carriageway,30,Automatic traffic signal,4,111,None within 50 metres,Pedestrian phase at traffic signal junction,Daylight: Street light present,Fine without high winds,Dry,None,None,1,Yes,E01001767,2005
5507,200501GD19048,534860.0,184000.0,-0.056822,51.538744,1,3,2,1,19/12/2005,2,15:35,4,E09000012,3,107,Single carriageway,30,Giveway or uncontrolled,6,0,None within 50 metres,No physical crossing within 50 meters,Daylight: Street light present,Fine without high winds,Dry,None,None,1,No,E01001818,2005
5508,200501GD19067,532560.0,185720.0,-0.089319,51.554746,1,3,1,1,17/12/2005,7,10:50,4,E09000012,3,105,Single carriageway,30,None,-1,0,None within 50 metres,No physical crossing within 50 meters,Daylight: Street light present,Fine without high winds,Wet/Damp,None,None,1,Yes,E01001738,2005
5509,200501GD19106,535040.0,185420.0,-0.053684,51.551462,1,3,2,1,31/10/2005,2,19:56,4,E09000012,6,0,Single carriageway,30,Giveway or uncontrolled,6,0,None within 50 metres,No physical crossing within 50 meters,Darkness: Street lights present and lit,Fine without high winds,Dry,None,None,1,Yes,E01001734,2005
5510,200501HT20002,535380.0,182030.0,-0.050086,51.520917,1,3,2,1,05/01/2005,4,19:15,5,E09000030,3,11,Single carriageway,30,Giveway or uncontrolled,4,121,None within 50 metres,No physical crossing within 50 meters,Darkness: Street lights present and lit,Fine without high winds,Dry,None,None,1,Yes,E01004290,2005
5511,200501HT20003,536820.0,181100.0,-0.029704,51.512213,1,3,2,1,06/01/2005,5,17:40,5,E09000030,3,13,Single carriageway,30,Giveway or uncontrolled,5,0,None within 50 metres,No physical crossing within 50 meters,Darkness: Street lights present and lit,Fine without high winds,Wet/Damp,None,None,1,Yes,E01004254,2005
5512,200501HT20004,533770.0,180660.0,-0.073797,51.508989,1,3,1,2,06/01/2005,5,08:36,5,E09000030,3,100,Dual carriageway,30,Automatic traffic signal,3,1203,None within 50 metres,Pedestrian phase at traffic signal junction,Daylight: Street light present,Raining without high winds,Wet/Damp,None,None,1,Yes,E01004293,2005
5513,200501HT20005,534840.0,183400.0,-0.05734,51.533357,1,3,2,1,04/01/2005,3,15:23,5,E09000030,3,107,Single carriageway,30,Giveway or uncontrolled,6,0,None within 50 metres,Zebra crossing,Daylight: Street light present,Fine without high winds,Wet/Damp,None,None,1,Yes,E01004197,2005
5514,200501HT20010,534500.0,181730.0,-0.062876,51.518431,1,3,2,2,03/01/2005,2,13:45,5,E09000030,4,108,Single carriageway,30,Giveway or uncontrolled,3,11,None within 50 metres,Pedestrian phase at traffic signal junction,Daylight: Street light present,Fine without high winds,Dry,None,None,1,No,E01004309,2005
5515,200501HT20015,537010.0,180670.0,-0.027135,51.508303,1,3,2,1,07/01/2005,6,09:10,5,E09000030,3,1206,Single carriageway,30,Giveway or uncontrolled,3,1206,None within 50 metres,No physical crossing within 50 meters,Daylight: Street light present,Fine without high winds,Dry,None,None,1,No,E01004255,2005
5516,200501HT20016,534370.0,180710.0,-0.065137,51.509296,1,2,1,1,05/01/2005,4,23:20,5,E09000030,3,1203,Single carriageway,30,None,-1,0,None within 50 metres,No physical crossing within 50 meters,Darkness: Street lights present and lit,Fine without high winds,Dry,None,None,1,Yes,E01004294,2005
5517,200501HT20017,534410.0,181310.0,-0.064333,51.514678,1,2,2,1,11/01/2005,3,21:40,5,E09000030,3,13,Single carriageway,30,Giveway or uncontrolled,6,0,None within 50 metres,No physical crossing within 50 meters,Darkness: Street lights present and lit,Fine without high winds,Dry,None,None,1,Yes,E01004321,2005
5518,200501HT20019,538220.0,180800.0,-0.009659,51.509177,1,3,2,2,15/01/2005,7,11:04,5,E09000030,3,1206,Single carriageway,30,Giveway or uncontrolled,6,0,None within 50 metres,Pedestrian phase at traffic signal junction,Daylight: Street light present,Fine without high winds,Dry,None,None,1,Yes,E01004219,2005
5519,200501HT20022,537660.0,180980.0,-0.017653,51.510931,1,3,2,1,10/01/2005,2,17:15,5,E09000030,3,13,Single carriageway,30,Giveway or uncontrolled,6,0,None within 50 metres,No physical crossing within 50 meters,Darkness: Street lights present and lit,Raining without high winds,Wet/Damp,None,None,1,Yes,E01004244,2005
5520,200501HT20023,536250.0,182400.0,-0.037411,51.524033,1,3,2,2,10/01/2005,2,22:12,5,E09000030,3,11,Single carriageway,30,Giveway or uncontrolled,6,0,None within 50 metres,No physical crossing within 50 meters,Darkness: Street lights present and lit,Fine without high winds,Dry,None,None,1,Yes,E01004261,2005
5521,200501HT20025,533970.0,181580.0,-0.070567,51.517209,1,3,1,1,12/01/2005,4,11:45,5,E09000030,4,134,One way street,30,Giveway or uncontrolled,6,0,None within 50 metres,No physical crossing within 50 meters,Daylight: Street light present,Fine without high winds,Dry,None,None,1,Yes,E01004306,2005
5522,200501HT20027,535040.0,181920.0,-0.055025,51.52001,1,3,2,1,06/02/2005,1,11:00,5,E09000030,3,11,Single carriageway,30,None,-1,0,None within 50 metres,No physical crossing within 50 meters,Daylight: Street light present,Fine without high winds,Dry,None,None,1,No,E01004208,2005
5523,200501HT20028,535680.0,182150.0,-0.045718,51.521923,1,3,2,3,11/01/2005,3,03:27,5,E09000030,3,11,Single carriageway,30,Automatic traffic signal,5,0,None within 50 metres,Pedestrian phase at traffic signal junction,Darkness: Street lights present and lit,Fine without high winds,Wet/Damp,None,None,1,Yes,E01004262,2005
5524,200501HT20030,534210.0,182580.0,-0.06673,51.526138,1,3,1,1,18/01/2005,3,12:50,5,E09000030,3,1209,Single carriageway,30,Giveway or uncontrolled,6,0,None within 50 metres,No physical crossing within 50 meters,Daylight: Street light present,Fine without high winds,Dry,None,None,1,Yes,E01004313,2005
5525,200501HT20031,537350.0,180290.0,-0.022386,51.504806,1,3,1,1,11/01/2005,3,08:25,5,E09000030,6,0,Single carriageway,30,Giveway or uncontrolled,6,0,None within 50 metres,No physical crossing within 50 meters,Daylight: Street light present,Fine without high winds,Dry,None,None,1,No,E01004278,2005
5526,200501HT20032,537590.0,183240.0,-0.01778,51.531257,1,3,2,1,13/01/2005,5,08:14,5,E09000030,3,12,Single carriageway,40,None,-1,0,None within 50 metres,No physical crossing within 50 meters,Daylight: Street light present,Fine without high winds,Dry,None,None,1,No,E01004227,2005
5527,200501HT20033,536280.0,183230.0,-0.036658,51.531484,1,3,2,1,10/01/2005,2,23:00,5,E09000030,4,135,Single carriageway,30,Giveway or uncontrolled,6,0,None within 50 metres,Zebra crossing,Darkness: Street lights present and lit,Fine without high winds,Dry,None,None,1,No,E01004230,2005
5528,200501HT20034,534340.0,182670.0,-0.064823,51.526916,1,3,2,1,13/01/2005,5,12:55,5,E09000030,4,108,Single carriageway,30,Giveway or uncontrolled,6,0,None within 50 metres,No physical crossing within 50 meters,Daylight: Street light present,Fine without high winds,Dry,None,None,1,No,E01004313,2005
5529,200501HT20035,536580.0,183330.0,-0.032297,51.53231,1,3,2,1,14/01/2005,6,17:26,5,E09000030,4,135,Single carriageway,30,Automatic traffic signal,4,135,None within 50 metres,Pedestrian phase at traffic signal junction,Darkness: Street lights present and lit,Fine without high winds,Dry,None,None,1,Yes,E01004228,2005
5530,200501HT20038,534670.0,181310.0,-0.060588,51.514616,1,3,2,1,26/01/2005,4,13:25,5,E09000030,6,0,Single carriageway,30,Giveway or uncontrolled,3,13,None within 50 metres,No physical crossing within 50 meters,Daylight: Street light present,Fine without high winds,Dry,None,None,1,Yes,E01004304,2005
5531,200501HT20039,534350.0,182610.0,-0.064702,51.526375,1,3,2,1,30/01/2005,1,13:40,5,E09000030,3,1209,Single carriageway,30,Automatic traffic signal,4,108,None within 50 metres,Pedestrian phase at traffic signal junction,Daylight: Street light present,Fine without high winds,Dry,None,None,1,Yes,E01004313,2005
5532,200501HT20040,537090.0,180280.0,-0.026134,51.504779,1,3,1,1,24/01/2005,2,16:41,5,E09000030,3,1206,Single carriageway,30,Automatic traffic signal,3,1206,None within 50 metres,Pedestrian phase at traffic signal junction,Daylight: Street light present,Fine without high winds,Dry,None,None,1,Yes,E01004277,2005
5533,200501HT20041,536440.0,181120.0,-0.035169,51.512484,1,3,2,3,09/01/2005,1,16:10,5,E09000030,3,13,Single carriageway,30,Giveway or uncontrolled,6,0,None within 50 metres,No physical crossing within 50 meters,Darkness: Street lights present and lit,Fine without high winds,Dry,None,None,1,Yes,E01004254,2005
5534,200501HT20042,538330.0,178440.0,-0.009,51.487942,1,3,1,1,16/01/2005,1,00:45,5,E09000030,3,1206,Single carriageway,50,None,-1,0,None within 50 metres,No physical crossing within 50 meters,Darkness: Street lights present and lit,Fine without high winds,Dry,None,None,1,Yes,E01004217,2005
5535,200501HT20043,537100.0,179790.0,-0.02618,51.500373,1,3,2,1,16/01/2005,1,21:20,5,E09000030,3,1206,Single carriageway,30,Giveway or uncontrolled,6,0,None within 50 metres,No physical crossing within 50 meters,Darkness: Street lights present and lit,Fine without high winds,Dry,None,None,1,Yes,E01004279,2005
5536,200501HT20044,533550.0,182770.0,-0.076166,51.528002,1,3,1,1,16/01/2005,1,11:50,4,E09000012,3,1208,Single carriageway,30,None,-1,0,None within 50 metres,No physical crossing within 50 meters,Daylight: Street light present,Fine without high winds,Dry,None,None,1,Yes,E01001771,2005
5537,200501HT20045,534550.0,181460.0,-0.062259,51.515993,1,3,2,1,17/01/2005,2,12:25,5,E09000030,6,0,Single carriageway,30,Giveway or uncontrolled,4,108,None within 50 metres,No physical crossing within 50 meters,Daylight: Street light present,Fine without high winds,Wet/Damp,None,None,1,Yes,E01004321,2005
5538,200501HT20046,535400.0,182040.0,-0.049794,51.521002,1,3,1,1,17/01/2005,2,07:05,5,E09000030,3,11,Dual carriageway,30,Automatic traffic signal,4,121,None within 50 metres,Pedestrian phase at traffic signal junction,Darkness: Street lights present and lit,Fine without high winds,Dry,None,None,1,Yes,E01004290,2005
5539,200501HT20047,537270.0,181810.0,-0.022947,51.518484,1,3,2,1,18/01/2005,3,18:52,5,E09000030,4,140,Single carriageway,30,Automatic traffic signal,6,0,None within 50 metres,Pedestrian phase at traffic signal junction,Darkness: Street lights present and lit,Fine without high winds,Wet/Damp,None,None,1,Yes,E01004242,2005
5540,200501HT20048,534180.0,181560.0,-0.06755,51.516979,1,3,1,1,19/01/2005,4,13:06,5,E09000030,3,11,Dual carriageway,30,None,-1,0,None within 50 metres,No physical crossing within 50 meters,Daylight: Street light present,Fine without high winds,Dry,None,None,1,Yes,E01004309,2005
5541,200501HT20049,535960.0,180910.0,-0.042163,51.510713,1,3,2,1,22/01/2005,7,23:50,5,E09000030,4,145,Single carriageway,30,Automatic traffic signal,3,1203,None within 50 metres,No physical crossing within 50 meters,Darkness: Street lights present and lit,Fine without high winds,Dry,None,None,1,Yes,E01004303,2005
5542,200501HT20050,535740.0,181740.0,-0.045012,51.518224,1,3,1,1,22/01/2005,7,23:25,5,E09000030,4,121,Single carriageway,30,None,-1,0,None within 50 metres,Zebra crossing,Darkness: Street lights present and lit,Other,Wet/Damp,None,None,1,Yes,E01004283,2005
5543,200501HT20051,536420.0,182510.0,-0.034919,51.52498,1,3,2,2,22/01/2005,7,07:15,5,E09000030,3,11,Dual carriageway,30,Automatic traffic signal,3,1205,None within 50 metres,Pedestrian phase at traffic signal junction,Daylight: Street light present,Fine without high winds,Frost/Ice,None,None,1,Yes,E01004232,2005
5544,200501HT20052,536640.0,181150.0,-0.032277,51.512706,1,3,1,1,23/01/2005,1,22:37,5,E09000030,6,0,Dual carriageway,30,None,-1,0,None within 50 metres,No physical crossing within 50 meters,Darkness: Street lights present and lit,Fine without high winds,Dry,None,None,1,Yes,E01004254,2005
5545,200501HT20053,536210.0,181740.0,-0.038242,51.518111,1,3,2,2,23/01/2005,1,23:10,5,E09000030,4,140,Single carriageway,30,None,-1,0,None within 50 metres,Zebra crossing,Darkness: Street lights present and lit,Fine without high winds,Dry,None,None,1,Yes,E01004284,2005
5546,200501HT20054,537450.0,182870.0,-0.019941,51.527966,1,3,2,1,25/01/2005,3,08:50,5,E09000030,3,11,Dual carriageway,30,None,-1,0,None within 50 metres,No physical crossing within 50 meters,Daylight: Street light present,Fine without high winds,Dry,None,None,1,Yes,E01004237,2005
5547,200501HT20055,534210.0,180680.0,-0.067453,51.509064,1,3,2,1,25/01/2005,3,10:00,5,E09000030,3,1203,Dual carriageway,30,Automatic traffic signal,3,1203,None within 50 metres,No physical crossing within 50 meters,Daylight: Street light present,Fine without high winds,Dry,None,None,1,Yes,E01004294,2005
5548,200501HT20056,535590.0,182110.0,-0.04703,51.521585,1,3,2,1,26/01/2005,4,18:30,5,E09000030,3,11,Single carriageway,30,Giveway or uncontrolled,6,0,None within 50 metres,No physical crossing within 50 meters,Darkness: Street lights present and lit,Fine without high winds,Dry,None,None,1,Yes,E01004290,2005
5549,200501HT20058,533770.0,180660.0,-0.073797,51.508989,1,3,2,1,27/01/2005,5,00:42,5,E09000030,3,1203,Dual carriageway,30,Automatic traffic signal,3,100,None within 50 metres,No physical crossing within 50 meters,Darkness: Street lights present and lit,Raining without high winds,Wet/Damp,None,None,1,Yes,E01004293,2005
5550,200501HT20059,537110.0,180040.0,-0.025939,51.502617,1,2,2,1,27/01/2005,5,18:55,5,E09000030,3,1206,Single carriageway,30,None,-1,0,None within 50 metres,No physical crossing within 50 meters,Darkness: Street lights present and lit,Raining without high winds,Wet/Damp,None,None,1,Yes,E01004277,2005
5551,200501HT20060,536550.0,182560.0,-0.033027,51.525398,1,3,3,1,30/01/2005,1,10:00,5,E09000030,3,11,Dual carriageway,30,Automatic traffic signal,6,0,None within 50 metres,No physical crossing within 50 meters,Daylight: Street light present,Fine without high winds,Dry,None,None,1,Yes,E01004232,2005
5552,200501HT20061,535760.0,182180.0,-0.044554,51.522174,1,3,2,1,31/01/2005,2,11:00,5,E09000030,3,11,Dual carriageway,30,Giveway or uncontrolled,6,0,None within 50 metres,No physical crossing within 50 meters,Daylight: Street light present,Fine without high winds,Dry,None,None,1,Yes,E01004262,2005
5553,200501HT20063,536090.0,183030.0,-0.039472,51.529733,1,3,1,1,01/02/2005,3,02:57,5,E09000030,6,0,Single carriageway,30,Giveway or uncontrolled,3,1205,None within 50 metres,No physical crossing within 50 meters,Darkness: Street lights present and lit,Raining without high winds,Wet/Damp,None,None,1,Yes,E01004230,2005
5554,200501HT20065,536170.0,181130.0,-0.039054,51.512639,1,3,2,1,15/01/2005,7,17:55,5,E09000030,3,13,Single carriageway,30,Automatic traffic signal,5,0,None within 50 metres,Pedestrian phase at traffic signal junction,Darkness: Street lights present and lit,Fine without high winds,Dry,None,None,1,No,E01004299,2005
5555,200501HT20066,537800.0,181410.0,-0.015469,51.514761,1,3,2,1,20/01/2005,5,08:55,5,E09000030,5,0,Single carriageway,30,None,-1,0,None within 50 metres,No physical crossing within 50 meters,Daylight: Street light present,Other,Wet/Damp,None,None,1,No,E01004246,2005
5556,200501HT20067,537060.0,180760.0,-0.02638,51.509099,1,3,2,1,20/01/2005,5,06:00,5,E09000030,3,1206,Dual carriageway,30,None,-1,0,None within 50 metres,No physical crossing within 50 meters,Darkness: Street lights present and lit,Other,Wet/Damp,None,None,1,No,E01004277,2005
5557,200501HT20069,536190.0,181720.0,-0.038538,51.517937,1,3,2,1,29/01/2005,7,14:37,5,E09000030,4,140,Single carriageway,30,Giveway or uncontrolled,4,140,None within 50 metres,Zebra crossing,Daylight: Street light present,Fine without high winds,Dry,None,None,1,No,E01004285,2005
5558,200501HT20070,535630.0,182970.0,-0.046123,51.529304,1,3,2,2,29/01/2005,7,11:15,5,E09000030,4,135,Single carriageway,30,None,-1,0,None within 50 metres,No physical crossing within 50 meters,Daylight: Street light present,Fine without high winds,Dry,None,None,1,No,E01004265,2005
5559,200501HT20072,534050.0,180610.0,-0.069784,51.508473,1,3,1,1,21/01/2005,6,01:30,5,E09000030,3,1203,Single carriageway,30,None,-1,0,None within 50 metres,non-junction pedestrian crossing,Darkness: Street lights present and lit,Fine without high winds,Wet/Damp,None,None,1,Yes,E01004294,2005
5560,200501HT20073,537580.0,182920.0,-0.018049,51.528383,1,3,1,1,21/01/2005,6,15:09,5,E09000030,3,11,Dual carriageway,30,None,-1,0,None within 50 metres,Pedestrian phase at traffic signal junction,Daylight: Street light present,Fine without high winds,Dry,None,None,1,Yes,E01004227,2005
5561,200501HT20074,535020.0,182490.0,-0.055095,51.525137,1,3,1,1,21/01/2005,6,23:15,5,E09000030,3,107,Single carriageway,30,None,-1,0,None within 50 metres,No physical crossing within 50 meters,Darkness: Street lights present and lit,Fine without high winds,Dry,None,None,1,Yes,E01004209,2005
5562,200501HT20075,538760.0,181190.0,-0.001729,51.512549,1,2,1,1,12/01/2005,4,20:15,5,E09000030,3,13,Dual carriageway,40,None,-1,0,None within 50 metres,No physical crossing within 50 meters,Darkness: Street lights present and lit,Fine without high winds,Dry,None,None,1,Yes,E01004245,2005
5563,200501HT20076,537170.0,182790.0,-0.024006,51.527315,1,3,2,1,19/01/2005,4,22:01,5,E09000030,3,11,Dual carriageway,30,None,-1,0,None within 50 metres,Pedestrian phase at traffic signal junction,Darkness: Street lights present and lit,Fine without high winds,Dry,None,None,1,Yes,E01004267,2005
5564,200501HT20077,538040.0,182370.0,-0.011637,51.523329,1,3,3,2,19/01/2005,4,21:15,5,E09000030,4,140,Single carriageway,30,Giveway or uncontrolled,6,0,None within 50 metres,No physical crossing within 50 meters,Darkness: Street lights present and lit,Fine without high winds,Dry,None,None,1,Yes,E01004238,2005
5565,200501HT20078,535500.0,181200.0,-0.048676,51.513429,1,3,1,1,20/01/2005,5,08:55,5,E09000030,3,13,Dual carriageway,30,None,-1,0,None within 50 metres,Zebra crossing,Daylight: Street light present,Fine without high winds,Dry,None,None,1,Yes,E01004305,2005
5566,200501HT20080,536920.0,182760.0,-0.027619,51.527106,1,3,1,1,21/01/2005,6,14:47,5,E09000030,3,11,Dual carriageway,30,Giveway or uncontrolled,6,0,None within 50 metres,No physical crossing within 50 meters,Daylight: Street light present,Fine without high winds,Dry,None,None,1,Yes,E01004229,2005
5567,200501HT20081,535420.0,182490.0,-0.049333,51.525041,1,3,1,1,28/01/2005,6,13:53,5,E09000030,4,120,Single carriageway,30,Giveway or uncontrolled,4,120,None within 50 metres,Zebra crossing,Daylight: Street light present,Raining without high winds,Wet/Damp,None,None,1,Yes,E01004210,2005
5568,200501HT20082,537370.0,182860.0,-0.021097,51.527895,1,3,2,1,31/01/2005,2,11:00,5,E09000030,3,11,Dual carriageway,30,None,-1,0,None within 50 metres,No physical crossing within 50 meters,Daylight: Street light present,Fine without high winds,Dry,None,None,1,Yes,E01004231,2005
5569,200501HT20083,536030.0,183150.0,-0.040291,51.530826,1,2,2,1,31/01/2005,2,06:25,5,E09000030,3,1205,Single carriageway,30,Giveway or uncontrolled,4,135,None within 50 metres,Pedestrian phase at traffic signal junction,Daylight: Street light present,Fine without high winds,Dry,None,None,1,Yes,E01004234,2005
5570,200501HT20084,536220.0,182370.0,-0.037854,51.52377,1,3,2,1,27/01/2005,5,08:30,5,E09000030,3,11,Dual carriageway,30,Giveway or uncontrolled,6,0,None within 50 metres,No physical crossing within 50 meters,Daylight: Street light present,Fine without high winds,Dry,None,None,1,Yes,E01004261,2005
5571,200501HT20086,536900.0,182680.0,-0.027938,51.526392,1,3,2,1,26/01/2005,4,14:15,5,E09000030,3,11,Dual carriageway,30,Giveway or uncontrolled,6,0,None within 50 metres,non-junction pedestrian crossing,Daylight: Street light present,Fine without high winds,Dry,None,None,1,Yes,E01004269,2005
5572,200501HT20087,535800.0,181170.0,-0.044367,51.513088,1,2,2,1,02/02/2005,4,07:46,5,E09000030,3,13,Single carriageway,30,Giveway or uncontrolled,6,0,None within 50 metres,No physical crossing within 50 meters,Daylight: Street light present,Fine without high winds,Dry,None,None,1,Yes,E01004305,2005
5573,200501HT20088,538470.0,180720.0,-0.00609,51.508396,1,3,2,1,07/02/2005,2,07:30,5,E09000030,3,102,Single carriageway,30,None,-1,0,None within 50 metres,No physical crossing within 50 meters,Darkness: Street lights present and lit,Fine without high winds,Dry,None,None,1,No,E01004219,2005
5574,200501HT20089,534800.0,180740.0,-0.058933,51.509463,1,2,2,7,04/02/2005,6,21:35,5,E09000030,3,1203,Dual carriageway,30,Automatic traffic signal,5,0,None within 50 metres,Pedestrian phase at traffic signal junction,Darkness: Street lights present and lit,Fine without high winds,Dry,None,None,1,Yes,E01004296,2005
5575,200501HT20090,537790.0,183120.0,-0.014945,51.530129,1,3,2,1,07/02/2005,2,17:10,5,E09000030,3,12,Dual carriageway,40,None,-1,0,None within 50 metres,No physical crossing within 50 meters,Darkness: Street lights present and lit,Fine without high winds,Dry,None,None,1,Yes,E01004227,2005
5576,200501HT20091,534390.0,183170.0,-0.063912,51.531398,1,3,2,2,12/02/2005,7,15:15,5,E09000030,3,1208,Single carriageway,30,Giveway or uncontrolled,6,0,None within 50 metres,Zebra crossing,Daylight: Street light present,Fine without high winds,Wet/Damp,None,None,1,Yes,E01004200,2005
5577,200501HT20092,535730.0,180850.0,-0.045498,51.510229,1,3,2,1,15/02/2005,3,18:35,5,E09000030,3,1203,Dual carriageway,30,Giveway or uncontrolled,6,0,None within 50 metres,No physical crossing within 50 meters,Darkness: Street lights present and lit,Fine without high winds,Dry,None,None,1,Yes,E01004303,2005
5578,200501HT20093,534670.0,182860.0,-0.059996,51.528545,1,2,1,2,02/02/2005,4,00:11,5,E09000030,6,0,Single carriageway,30,None,-1,0,None within 50 metres,No physical crossing within 50 meters,Darkness: Street lights present and lit,Fine without high winds,Dry,None,None,1,Yes,E01004203,2005
5579,200501HT20095,535850.0,181170.0,-0.043647,51.513076,1,3,2,2,07/02/2005,2,16:30,5,E09000030,3,13,Single carriageway,30,Giveway or uncontrolled,6,0,None within 50 metres,non-junction pedestrian crossing,Darkness: Street lights present and lit,Fine without high winds,Dry,None,None,1,No,E01004299,2005
5580,200501HT20097,535860.0,183070.0,-0.042771,51.530148,1,3,2,1,18/02/2005,6,13:00,5,E09000030,4,135,Single carriageway,30,Giveway or uncontrolled,6,0,None within 50 metres,No physical crossing within 50 meters,Daylight: Street light present,Fine without high winds,Dry,None,None,1,Yes,E01004265,2005
5581,200501HT20098,534860.0,182710.0,-0.057316,51.527152,1,3,2,1,09/02/2005,4,20:00,5,E09000030,3,1209,Single carriageway,30,None,-1,0,None within 50 metres,No physical crossing within 50 meters,Darkness: Street lights present and lit,Fine without high winds,Dry,None,None,1,No,E01004211,2005
5582,200501HT20099,537020.0,180780.0,-0.026948,51.509289,1,3,2,1,07/02/2005,2,18:05,5,E09000030,6,0,Single carriageway,30,Giveway or uncontrolled,6,0,None within 50 metres,No physical crossing within 50 meters,Darkness: Street lights present and lit,Fine without high winds,Dry,None,None,1,Yes,E01004255,2005
5583,200501HT20100,536060.0,181710.0,-0.040414,51.517878,1,3,1,1,10/02/2005,5,16:50,5,E09000030,4,140,Single carriageway,30,Giveway or uncontrolled,6,0,None within 50 metres,No physical crossing within 50 meters,Darkness: Street lights present and lit,Raining without high winds,Wet/Damp,None,None,1,Yes,E01004285,2005
5584,200501HT20101,534860.0,182710.0,-0.057316,51.527152,1,3,3,1,09/02/2005,4,15:25,5,E09000030,3,1209,Single carriageway,30,None,-1,0,None within 50 metres,No physical crossing within 50 meters,Daylight: Street light present,Fine without high winds,Dry,None,None,1,No,E01004211,2005
5585,200501HT20102,536920.0,183190.0,-0.027452,51.53097,1,2,1,1,14/02/2005,2,16:51,5,E09000030,6,0,Single carriageway,30,Giveway or uncontrolled,6,0,None within 50 metres,No physical crossing within 50 meters,Daylight: Street light present,Fine without high winds,Dry,None,None,1,Yes,E01004227,2005
5586,200501HT20103,533930.0,183100.0,-0.070566,51.530878,1,3,2,1,16/02/2005,4,09:09,5,E09000030,3,1208,Single carriageway,30,Giveway or uncontrolled,6,0,None within 50 metres,No physical crossing within 50 meters,Daylight: Street light present,Fine without high winds,Wet/Damp,None,None,1,Yes,E01004318,2005
5587,200501HT20104,536840.0,182680.0,-0.028803,51.526406,1,3,1,1,17/02/2005,5,07:20,5,E09000030,3,11,Dual carriageway,30,Giveway or uncontrolled,6,0,None within 50 metres,non-junction pedestrian crossing,Daylight: Street light present,Fine without high winds,Dry,None,None,1,Yes,E01004229,2005
5588,200501HT20105,534880.0,183240.0,-0.056825,51.53191,1,3,1,1,17/02/2005,5,17:48,5,E09000030,6,0,Single carriageway,30,Automatic traffic signal,3,107,None within 50 metres,No physical crossing within 50 meters,Darkness: Street lights present and lit,Raining without high winds,Wet/Damp,None,None,1,Yes,E01004197,2005
5589,200501HT20106,536030.0,183140.0,-0.040294,51.530736,1,3,2,1,19/02/2005,7,14:15,5,E09000030,3,1205,Single carriageway,30,Automatic traffic signal,4,135,None within 50 metres,No physical crossing within 50 meters,Daylight: Street light present,Fine without high winds,Dry,None,None,1,Yes,E01004230,2005
5590,200501HT20107,538690.0,180860.0,-0.002867,51.509601,1,3,2,1,20/02/2005,1,12:02,5,E09000030,3,1261,Dual carriageway,40,None,-1,0,None within 50 metres,No physical crossing within 50 meters,Daylight: Street light present,Fine without high winds,Dry,None,None,1,Yes,E01004220,2005
5591,200501HT20108,533970.0,181580.0,-0.070567,51.517209,1,3,2,1,22/02/2005,3,23:45,5,E09000030,4,134,Single carriageway,30,Giveway or uncontrolled,6,0,None within 50 metres,No physical crossing within 50 meters,Darkness: Street lights present and lit,Raining without high winds,Wet/Damp,None,None,1,Yes,E01004306,2005
5592,200501HT20109,537380.0,181900.0,-0.021327,51.519266,1,3,2,1,22/02/2005,3,17:15,5,E09000030,4,140,Single carriageway,30,Giveway or uncontrolled,6,0,None within 50 metres,No physical crossing within 50 meters,Darkness: Street lights present and lit,Fine without high winds,Wet/Damp,None,None,1,Yes,E01004242,2005
5593,200501HT20110,533760.0,180650.0,-0.073945,51.508901,1,3,1,1,28/01/2005,6,12:35,5,E09000030,3,100,Single carriageway,30,None,-1,0,None within 50 metres,No physical crossing within 50 meters,Daylight: Street light present,Raining without high winds,Wet/Damp,None,None,1,Yes,E01004293,2005
5594,200501HT20111,535590.0,181180.0,-0.047387,51.513228,1,3,2,2,25/02/2005,6,09:15,5,E09000030,3,13,Single carriageway,30,Automatic traffic signal,6,0,None within 50 metres,Pedestrian phase at traffic signal junction,Daylight: Street light present,Snowing without high winds,Snow,None,None,1,Yes,E01004305,2005
5595,200501HT20112,535960.0,182210.0,-0.041662,51.522395,1,3,2,1,25/02/2005,6,11:58,5,E09000030,3,11,Dual carriageway,30,Giveway or uncontrolled,5,0,None within 50 metres,non-junction pedestrian crossing,Daylight: Street light present,Raining without high winds,Wet/Damp,None,None,1,Yes,E01004261,2005
5596,200501HT20113,534210.0,181320.0,-0.06721,51.514815,1,3,2,1,21/02/2005,2,16:20,5,E09000030,3,13,Single carriageway,30,Giveway or uncontrolled,5,0,None within 50 metres,No physical crossing within 50 meters,Daylight: Street light present,Fine without high winds,Dry,None,None,1,No,E01004320,2005
5597,200501HT20114,534220.0,181580.0,-0.066967,51.51715,1,3,2,1,25/02/2005,6,19:30,5,E09000030,3,11,Single carriageway,30,Giveway or uncontrolled,3,11,None within 50 metres,No physical crossing within 50 meters,Darkness: Street lights present and lit,Fine without high winds,Dry,None,None,1,No,E01004325,2005
5598,200501HT20115,533630.0,182360.0,-0.075169,51.524299,1,3,2,1,07/02/2005,2,09:35,5,E09000030,6,0,Single carriageway,30,Giveway or uncontrolled,6,0,None within 50 metres,No physical crossing within 50 meters,Daylight: Street light present,Fine without high winds,Dry,None,None,1,Yes,E01004317,2005
5599,200501HT20116,534950.0,182000.0,-0.056291,51.52075,1,3,1,1,08/02/2005,3,13:50,5,E09000030,3,107,Single carriageway,30,Giveway or uncontrolled,6,0,None within 50 metres,No physical crossing within 50 meters,Daylight: Street light present,Fine without high winds,Dry,None,None,1,Yes,E01004208,2005
5600,200501HT20117,535380.0,182850.0,-0.049771,51.528286,1,3,2,1,15/02/2005,3,17:19,5,E09000030,4,135,Single carriageway,30,Giveway or uncontrolled,6,0,None within 50 metres,No physical crossing within 50 meters,Daylight: Street light present,Fine without high winds,Dry,None,None,1,Yes,E01004259,2005
5601,200501HT20118,534950.0,182960.0,-0.055924,51.529377,1,3,2,1,16/02/2005,4,15:15,5,E09000030,3,107,Single carriageway,30,Giveway or uncontrolled,4,118,None within 50 metres,Zebra crossing,Daylight: Street light present,Fine without high winds,Dry,None,None,1,Yes,E01004198,2005
5602,200501HT20119,535130.0,181950.0,-0.053718,51.520258,1,2,1,1,22/02/2005,3,07:20,5,E09000030,3,11,Dual carriageway,30,None,-1,0,None within 50 metres,non-junction pedestrian crossing,Daylight: Street light present,Fine without high winds,Dry,None,None,1,Yes,E01004208,2005
5603,200501HT20120,537150.0,182780.0,-0.024298,51.52723,1,3,1,1,21/02/2005,2,10:55,5,E09000030,3,11,Dual carriageway,30,Giveway or uncontrolled,6,0,None within 50 metres,No physical crossing within 50 meters,Daylight: Street light present,Fine without high winds,Dry,None,None,1,Yes,E01004267,2005
5604,200501HT20121,535420.0,183370.0,-0.048995,51.532949,1,3,2,1,23/02/2005,4,12:10,5,E09000030,4,127,One way street,30,Giveway or uncontrolled,4,127,None within 50 metres,No physical crossing within 50 meters,Daylight: Street light present,Snowing without high winds,Wet/Damp,None,None,1,Yes,E01004201,2005
5605,200501HT20122,537980.0,179740.0,-0.01353,51.49971,1,3,2,1,25/02/2005,6,19:40,5,E09000030,5,0,Single carriageway,30,Giveway or uncontrolled,5,0,None within 50 metres,No physical crossing within 50 meters,Darkness: Street lights present and lit,Fine without high winds,Dry,None,None,1,Yes,E01004215,2005
5606,200501HT20123,537560.0,182190.0,-0.018622,51.521828,1,3,2,1,23/02/2005,4,18:10,5,E09000030,4,140,Roundabout,30,Giveway or uncontrolled,5,0,None within 50 metres,No physical crossing within 50 meters,Darkness: Street lights present and lit,Snowing without high winds,Wet/Damp,None,None,1,Yes,E01004239,2005
5607,200501HT20124,538300.0,179270.0,-0.009107,51.495408,1,3,2,1,27/02/2005,1,13:32,5,E09000030,3,1206,Single carriageway,30,None,-1,0,None within 50 metres,Pedestrian phase at traffic signal junction,Daylight: Street light present,Fine without high winds,Dry,None,None,1,Yes,E01004215,2005
5608,200501HT20125,535180.0,181340.0,-0.053231,51.514764,1,2,1,1,04/03/2005,6,19:40,5,E09000030,5,0,Single carriageway,30,Giveway or uncontrolled,6,0,None within 50 metres,No physical crossing within 50 meters,Darkness: Street lights present and lit,Fine without high winds,Wet/Damp,None,None,1,Yes,E01004326,2005
5609,200501HT20126,536510.0,182140.0,-0.033766,51.521634,1,2,1,1,06/02/2005,1,12:33,5,E09000030,3,1205,Dual carriageway,30,Automatic traffic signal,5,0,None within 50 metres,Pedestrian phase at traffic signal junction,Daylight: Street light present,Fine without high winds,Dry,None,None,1,Yes,E01004270,2005
5610,200501HT20127,535280.0,182000.0,-0.051538,51.520671,1,3,1,1,02/03/2005,4,16:22,5,E09000030,3,11,Single carriageway,30,None,-1,0,None within 50 metres,No physical crossing within 50 meters,Darkness: Street lights present and lit,Snowing without high winds,Wet/Damp,None,None,1,Yes,E01004290,2005
5611,200501HT20128,535880.0,180860.0,-0.043334,51.510283,1,3,1,1,09/02/2005,4,08:50,5,E09000030,3,1203,Single carriageway,30,None,-1,0,None within 50 metres,No physical crossing within 50 meters,Daylight: Street light present,Raining without high winds,Wet/Damp,None,None,1,No,E01004299,2005
5612,200501HT20129,533820.0,181460.0,-0.072774,51.516166,1,3,2,2,13/02/2005,1,12:15,5,E09000030,3,1202,Single carriageway,30,None,-1,0,None within 50 metres,No physical crossing within 50 meters,Daylight: Street light present,Fine without high winds,Dry,None,None,1,No,E01004310,2005
5613,200501HT20130,537830.0,183080.0,-0.014384,51.52976,1,3,2,1,03/03/2005,5,20:00,5,E09000030,3,12,Dual carriageway,40,Giveway or uncontrolled,3,11,None within 50 metres,No physical crossing within 50 meters,Darkness: Street lights present and lit,Fine without high winds,Dry,None,None,1,Yes,E01004227,2005
5614,200501HT20131,535060.0,181270.0,-0.054986,51.514164,1,3,2,1,25/02/2005,6,16:10,5,E09000030,3,13,Dual carriageway,30,Giveway or uncontrolled,6,0,None within 50 metres,No physical crossing within 50 meters,Daylight: Street light present,Fine without high winds,Dry,None,None,1,Yes,E01004298,2005
5615,200501HT20132,534880.0,181660.0,-0.05743,51.517711,1,3,2,1,28/02/2005,2,19:21,5,E09000030,5,0,Single carriageway,30,Giveway or uncontrolled,6,0,None within 50 metres,No physical crossing within 50 meters,Darkness: Street lights present and lit,Snowing without high winds,Wet/Damp,None,None,1,Yes,E01004322,2005
5616,200501HT20133,534980.0,182660.0,-0.055606,51.526674,1,3,1,2,28/02/2005,2,11:47,5,E09000030,3,107,Single carriageway,30,None,-1,0,None within 50 metres,No physical crossing within 50 meters,Daylight: Street light present,Fine without high winds,Dry,None,None,1,Yes,E01004212,2005
5617,200501HT20135,535910.0,181570.0,-0.042629,51.516656,1,3,2,1,01/03/2005,3,10:24,5,E09000030,4,121,Single carriageway,30,Giveway or uncontrolled,5,0,None within 50 metres,No physical crossing within 50 meters,Daylight: Street light present,Fine without high winds,Wet/Damp,None,None,1,Yes,E01004288,2005
5618,200501HT20136,535110.0,182750.0,-0.053699,51.527452,1,3,2,1,15/02/2005,3,07:45,5,E09000030,4,135,Single carriageway,30,Giveway or uncontrolled,6,0,None within 50 metres,No physical crossing within 50 meters,Daylight: Street light present,Fine without high winds,Dry,None,None,1,No,E01004209,2005
5619,200501HT20137,533470.0,182680.0,-0.077353,51.527212,1,3,2,1,06/03/2005,1,03:10,4,E09000012,3,1208,Single carriageway,30,Giveway or uncontrolled,6,0,None within 50 metres,No physical crossing within 50 meters,Darkness: Street lights present and lit,Fine without high winds,Frost/Ice,None,None,1,Yes,E01001771,2005
5620,200501HT20138,537030.0,180920.0,-0.026749,51.510544,1,2,2,1,12/02/2005,7,23:59,5,E09000030,6,0,Dual carriageway,30,Giveway or uncontrolled,3,1206,None within 50 metres,No physical crossing within 50 meters,Darkness: Street lights present and lit,Fine without high winds,Dry,None,None,1,Yes,E01004252,2005
5621,200501HT20144,538650.0,181140.0,-0.003333,51.512127,1,3,3,1,13/03/2005,1,13:30,5,E09000030,3,13,Dual carriageway,30,None,-1,0,None within 50 metres,No physical crossing within 50 meters,Daylight: Street light present,Fine without high winds,Dry,None,None,1,Yes,E01004220,2005
5622,200501HT20145,534340.0,182610.0,-0.064846,51.526377,1,3,2,2,19/02/2005,7,16:45,5,E09000030,3,1209,Single carriageway,30,Automatic traffic signal,4,108,None within 50 metres,No physical crossing within 50 meters,Daylight: Street light present,Fine without high winds,Dry,None,None,1,No,E01004313,2005
5623,200501HT20146,538150.0,180960.0,-0.010605,51.510631,1,3,2,1,23/02/2005,4,08:40,5,E09000030,3,1206,Dual carriageway,30,None,-1,0,None within 50 metres,No physical crossing within 50 meters,Daylight: Street light present,Snowing without high winds,Wet/Damp,None,None,1,Yes,E01004219,2005
5624,200501HT20147,534920.0,181870.0,-0.056773,51.519589,1,3,1,1,25/02/2005,6,15:06,5,E09000030,3,11,Dual carriageway,30,None,-1,0,None within 50 metres,No physical crossing within 50 meters,Daylight: Street light present,Fine without high winds,Dry,None,None,1,Yes,E01004322,2005
5625,200501HT20148,534790.0,182360.0,-0.058458,51.524023,1,2,1,1,02/03/2005,4,02:20,5,E09000030,4,135,Single carriageway,30,Giveway or uncontrolled,6,0,None within 50 metres,No physical crossing within 50 meters,Darkness: Street lights present and lit,Fine without high winds,Dry,None,None,1,Yes,E01004206,2005
5626,200501HT20149,535650.0,182140.0,-0.046154,51.521841,1,3,2,1,07/03/2005,2,20:35,5,E09000030,3,11,Dual carriageway,30,Automatic traffic signal,4,120,None within 50 metres,Pedestrian phase at traffic signal junction,Darkness: Street lights present and lit,Fine without high winds,Dry,None,None,1,Yes,E01004207,2005
5627,200501HT20150,534980.0,181900.0,-0.055897,51.519844,1,3,2,1,06/03/2005,1,04:36,5,E09000030,3,11,Dual carriageway,30,None,-1,0,None within 50 metres,No physical crossing within 50 meters,Darkness: Street lights present and lit,Fine without high winds,Dry,None,None,1,Yes,E01004208,2005
5628,200501HT20151,537920.0,180570.0,-0.014069,51.507183,1,3,2,2,07/03/2005,2,09:40,5,E09000030,3,1261,Single carriageway,40,None,-1,0,None within 50 metres,No physical crossing within 50 meters,Daylight: Street light present,Fine without high winds,Dry,None,None,1,Yes,E01004277,2005
5629,200501HT20152,536760.0,182640.0,-0.029971,51.526066,1,3,3,2,07/03/2005,2,20:35,5,E09000030,3,11,Single carriageway,30,Giveway or uncontrolled,3,11,None within 50 metres,No physical crossing within 50 meters,Daylight: Street light present,Raining without high winds,Wet/Damp,None,None,1,Yes,E01004269,2005
5630,200501HT20153,534270.0,182600.0,-0.065858,51.526304,1,2,2,1,10/03/2005,5,23:55,5,E09000030,3,1209,Single carriageway,30,None,-1,0,None within 50 metres,No physical crossing within 50 meters,Darkness: Street lights present and lit,Fine without high winds,Dry,None,None,1,Yes,E01004313,2005
5631,200501HT20154,534120.0,182760.0,-0.067958,51.527777,1,2,1,1,12/03/2005,7,17:00,5,E09000030,6,0,Single carriageway,30,Giveway or uncontrolled,4,118,None within 50 metres,No physical crossing within 50 meters,Darkness: Street lights present and lit,Fine without high winds,Dry,None,None,1,Yes,E01004312,2005
5632,200501HT20155,537480.0,181280.0,-0.020129,51.51367,1,3,2,1,14/03/2005,2,20:45,5,E09000030,5,0,Single carriageway,30,Giveway or uncontrolled,6,0,None within 50 metres,No physical crossing within 50 meters,Darkness: Street lights present and lit,Fine without high winds,Dry,None,None,1,Yes,E01004253,2005
5633,200501HT20156,536030.0,183150.0,-0.040291,51.530826,1,3,2,1,26/02/2005,7,01:35,5,E09000030,4,135,Single carriageway,30,Automatic traffic signal,3,1205,None within 50 metres,Pedestrian phase at traffic signal junction,Darkness: Street lights present and lit,Snowing without high winds,Wet/Damp,None,None,1,Yes,E01004234,2005
5634,200501HT20158,537360.0,182860.0,-0.021241,51.527898,1,2,2,1,01/03/2005,3,22:25,5,E09000030,3,11,Dual carriageway,30,Automatic traffic signal,3,11,None within 50 metres,No physical crossing within 50 meters,Darkness: Street lights present and lit,Raining without high winds,Wet/Damp,None,None,1,Yes,E01004231,2005
5635,200501HT20159,534690.0,180730.0,-0.060521,51.509399,1,3,1,1,03/03/2005,5,15:36,5,E09000030,3,1203,Single carriageway,30,Giveway or uncontrolled,4,108,None within 50 metres,No physical crossing within 50 meters,Daylight: Street light present,Fine without high winds,Dry,None,None,1,Yes,E01004295,2005
5636,200501HT20160,536430.0,182480.0,-0.034787,51.524708,1,3,1,1,04/03/2005,6,10:02,5,E09000030,3,11,Dual carriageway,30,Automatic traffic signal,3,1205,None within 50 metres,Pedestrian phase at traffic signal junction,Daylight: Street light present,Snowing without high winds,Wet/Damp,None,None,1,Yes,E01004270,2005
5637,200501HT20161,536480.0,181730.0,-0.034357,51.517956,1,3,2,1,04/03/2005,6,15:24,5,E09000030,4,140,Single carriageway,30,None,-1,0,None within 50 metres,No physical crossing within 50 meters,Daylight: Street light present,Raining without high winds,Wet/Damp,None,None,1,Yes,E01004273,2005
5638,200501HT20162,536520.0,182140.0,-0.033622,51.521631,1,3,1,1,07/03/2005,2,09:25,5,E09000030,3,1205,Single carriageway,30,Giveway or uncontrolled,5,0,None within 50 metres,Zebra crossing,Daylight: Street light present,Fine without high winds,Dry,None,None,1,Yes,E01004270,2005
5639,200501HT20163,534700.0,181800.0,-0.059969,51.519012,1,3,1,1,09/03/2005,4,21:30,5,E09000030,3,11,Single carriageway,30,None,-1,0,None within 50 metres,No physical crossing within 50 meters,Darkness: Street lights present and lit,Fine without high winds,Dry,None,None,1,Yes,E01004208,2005
5640,200501HT20164,534320.0,180900.0,-0.065785,51.511015,1,3,2,1,09/03/2005,4,18:59,5,E09000030,4,126,Single carriageway,30,None,-1,0,None within 50 metres,No physical crossing within 50 meters,Daylight: Street light present,Fine without high winds,Dry,None,None,1,Yes,E01004295,2005
5641,200501HT20165,537350.0,183080.0,-0.0213,51.529877,1,3,2,1,09/03/2005,4,06:46,5,E09000030,4,142,Single carriageway,30,Giveway or uncontrolled,6,0,None within 50 metres,No physical crossing within 50 meters,Darkness: Street lights present and lit,Fine without high winds,Dry,None,None,1,Yes,E01004225,2005
5642,200501HT20166,533950.0,181240.0,-0.070985,51.514158,1,3,2,1,09/03/2005,4,08:16,5,E09000030,6,0,One way street,30,Automatic traffic signal,3,1202,None within 50 metres,No physical crossing within 50 meters,Daylight: Street light present,Fine without high winds,Dry,None,None,1,Yes,E01004320,2005
5643,200501HT20167,536700.0,182610.0,-0.030847,51.525811,1,2,1,1,10/03/2005,5,22:24,5,E09000030,6,0,Single carriageway,30,Giveway or uncontrolled,3,11,None within 50 metres,No physical crossing within 50 meters,Darkness: Street lights present and lit,Fine without high winds,Dry,None,None,1,Yes,E01004269,2005
5644,200501HT20168,537030.0,180900.0,-0.026757,51.510365,1,2,1,1,12/03/2005,7,18:55,5,E09000030,6,0,Single carriageway,30,Giveway or uncontrolled,3,1206,None within 50 metres,No physical crossing within 50 meters,Darkness: Street lights present and lit,Fine without high winds,Dry,None,None,1,Yes,E01004252,2005
5645,200501HT20169,534710.0,181320.0,-0.060008,51.514697,1,3,2,1,13/03/2005,1,00:02,5,E09000030,3,13,Single carriageway,30,Giveway or uncontrolled,6,0,None within 50 metres,No physical crossing within 50 meters,Darkness: Street lights present and lit,Fine without high winds,Dry,None,None,1,Yes,E01004326,2005
5646,200501HT20170,535500.0,181190.0,-0.04868,51.51334,1,3,2,1,13/03/2005,1,13:53,5,E09000030,3,13,Dual carriageway,30,Automatic traffic signal,6,0,None within 50 metres,Pedestrian phase at traffic signal junction,Daylight: Street light present,Fine without high winds,Dry,None,None,1,Yes,E01004305,2005
5647,200501HT20171,537170.0,181660.0,-0.024446,51.51716,1,3,1,1,13/03/2005,1,15:45,5,E09000030,6,0,Single carriageway,30,None,-1,0,None within 50 metres,No physical crossing within 50 meters,Daylight: Street light present,Fine without high winds,Dry,None,None,1,Yes,E01004272,2005
5648,200501HT20173,536580.0,183330.0,-0.032297,51.53231,1,3,1,1,15/03/2005,3,17:50,5,E09000030,4,135,Single carriageway,30,Automatic traffic signal,4,135,None within 50 metres,Pedestrian phase at traffic signal junction,Darkness: Street lighting unknown,Fine without high winds,Dry,None,None,1,Yes,E01004228,2005
5649,200501HT20174,533660.0,182290.0,-0.074764,51.523663,1,3,2,1,27/02/2005,1,11:45,5,E09000030,3,1209,Single carriageway,30,Giveway or uncontrolled,3,1209,None within 50 metres,Zebra crossing,Daylight: Street light present,Fine without high winds,Dry,None,None,1,No,E01004317,2005
5650,200501HT20175,537490.0,181120.0,-0.020047,51.51223,1,3,2,1,06/03/2005,1,21:50,5,E09000030,5,0,Single carriageway,30,Giveway or uncontrolled,6,0,None within 50 metres,Zebra crossing,Darkness: Street lights present and lit,Fine without high winds,Dry,None,None,1,No,E01004253,2005
5651,200501HT20176,537080.0,180340.0,-0.026255,51.50532,1,3,2,1,20/03/2005,1,23:15,5,E09000030,3,1206,Roundabout,30,Giveway or uncontrolled,3,1206,None within 50 metres,No physical crossing within 50 meters,Darkness: Street lights present and lit,Fine without high winds,Dry,None,None,1,No,E01004277,2005
5652,200501HT20178,538380.0,180640.0,-0.007418,51.5077,1,2,2,1,16/03/2005,4,18:25,5,E09000030,3,1261,One way street,40,Giveway or uncontrolled,6,0,None within 50 metres,No physical crossing within 50 meters,Darkness: Street lights present and lit,Raining without high winds,Wet/Damp,None,None,1,Yes,E01004220,2005
5653,200501HT20180,537690.0,180580.0,-0.017377,51.507329,1,2,2,1,15/03/2005,3,08:40,5,E09000030,3,1261,Dual carriageway,70,None,-1,0,None within 50 metres,No physical crossing within 50 meters,Daylight: Street light present,Fine without high winds,Dry,None,None,1,Yes,E01004277,2005
5654,200501HT20181,536180.0,182330.0,-0.038446,51.523421,1,3,4,2,16/03/2005,4,11:41,5,E09000030,3,11,Single carriageway,30,None,-1,0,None within 50 metres,No physical crossing within 50 meters,Daylight: Street light present,Fine without high winds,Dry,None,None,1,Yes,E01004261,2005
5655,200501HT20183,538770.0,181190.0,-0.001585,51.512546,1,3,4,1,13/03/2005,1,13:45,5,E09000030,3,13,Dual carriageway,30,None,-1,0,None within 50 metres,No physical crossing within 50 meters,Daylight: Street light present,Fine without high winds,Dry,None,None,1,Yes,E01004245,2005
5656,200501HT20184,538170.0,181730.0,-0.010015,51.517546,1,2,2,1,17/03/2005,5,21:05,5,E09000030,3,12,Single carriageway,30,Giveway or uncontrolled,6,0,None within 50 metres,No physical crossing within 50 meters,Darkness: Street lights present and lit,Fine without high winds,Dry,None,None,1,Yes,E01004248,2005
5657,200501HT20185,534480.0,183610.0,-0.062447,51.53533,1,3,1,1,17/03/2005,5,18:30,4,E09000012,5,0,Single carriageway,30,None,-1,0,None within 50 metres,Zebra crossing,Darkeness: No street lighting,Fine without high winds,Dry,None,None,1,Yes,E01004202,2005
5658,200501HT20186,535020.0,181910.0,-0.055317,51.519925,1,3,1,1,18/03/2005,6,17:24,5,E09000030,3,11,Slip road,30,None,-1,0,None within 50 metres,non-junction pedestrian crossing,Daylight: Street light present,Fine without high winds,Dry,None,None,1,Yes,E01004322,2005
5659,200501HT20187,537820.0,183040.0,-0.014544,51.529403,1,3,1,1,10/03/2005,5,16:12,5,E09000030,3,11,One way street,30,Giveway or uncontrolled,3,12,None within 50 metres,No physical crossing within 50 meters,Daylight: Street light present,Fine without high winds,Dry,None,None,1,Yes,E01004235,2005
5660,200501HT20188,537710.0,180980.0,-0.016933,51.510918,1,3,4,1,19/03/2005,7,22:46,5,E09000030,3,13,Dual carriageway,30,None,-1,0,None within 50 metres,No physical crossing within 50 meters,Darkness: Street lights present and lit,Fine without high winds,Dry,None,None,1,Yes,E01004257,2005
5661,200501HT20189,533880.0,182440.0,-0.071537,51.524959,1,3,1,1,23/03/2005,4,00:13,5,E09000030,3,1209,Single carriageway,30,None,-1,0,None within 50 metres,No physical crossing within 50 meters,Darkness: Street lights present and lit,Fine without high winds,Dry,None,None,1,Yes,E01004317,2005
5662,200501HT20190,538050.0,178350.0,-0.013065,51.487202,1,3,2,1,11/02/2005,6,20:00,5,E09000030,3,1206,Single carriageway,30,None,-1,0,None within 50 metres,Zebra crossing,Daylight: Street light present,Fine without high winds,Dry,None,None,1,No,E01004217,2005
5663,200501HT20191,537220.0,179400.0,-0.024604,51.496839,1,3,2,1,02/03/2005,4,18:20,5,E09000030,6,0,Single carriageway,30,Giveway or uncontrolled,6,0,None within 50 metres,No physical crossing within 50 meters,Darkness: Street lights present and lit,Fine without high winds,Dry,None,None,1,No,E01004280,2005
5664,200501HT20192,534160.0,180650.0,-0.068184,51.508806,1,3,1,1,15/03/2005,3,12:50,5,E09000030,3,1203,Single carriageway,30,None,-1,0,None within 50 metres,No physical crossing within 50 meters,Daylight: Street light present,Fine without high winds,Dry,None,None,1,No,E01004294,2005
5665,200501HT20193,537610.0,179800.0,-0.018833,51.500339,1,3,2,1,16/03/2005,4,12:15,5,E09000030,5,0,Dual carriageway,30,Giveway or uncontrolled,5,0,None within 50 metres,No physical crossing within 50 meters,Daylight: Street light present,Fine without high winds,Dry,None,None,1,No,E01004278,2005
5666,200501HT20195,539250.0,187470.0,0.007809,51.568861,1,3,1,1,24/03/2005,5,08:11,13,E09000031,3,12,Dual carriageway,40,None,-1,0,None within 50 metres,No physical crossing within 50 meters,Daylight: Street light present,Raining without high winds,Wet/Damp,None,None,1,Yes,E01004440,2005
5667,200501HT20197,533880.0,182430.0,-0.071541,51.524869,1,3,2,1,20/03/2005,1,11:22,5,E09000030,3,1209,Single carriageway,30,Automatic traffic signal,5,0,None within 50 metres,No physical crossing within 50 meters,Daylight: Street light present,Fine without high winds,Dry,None,None,1,Yes,E01004317,2005
5668,200501HT20198,536470.0,182300.0,-0.03428,51.523081,1,3,1,1,21/03/2005,2,21:09,5,E09000030,3,1205,Single carriageway,30,Giveway or uncontrolled,6,0,None within 50 metres,Zebra crossing,Darkness: Street lights present and lit,Fine without high winds,Dry,None,None,1,Yes,E01004270,2005
5669,200501HT20199,534700.0,180730.0,-0.060377,51.509397,1,3,2,1,22/03/2005,3,19:00,5,E09000030,3,1203,Single carriageway,30,Giveway or uncontrolled,4,108,None within 50 metres,No physical crossing within 50 meters,Darkness: Street lights present and lit,Fine without high winds,Dry,None,None,1,Yes,E01004294,2005
5670,200501HT20200,536270.0,181120.0,-0.037617,51.512525,1,3,2,1,23/03/2005,4,15:50,5,E09000030,3,13,Dual carriageway,30,Giveway or uncontrolled,6,0,None within 50 metres,No physical crossing within 50 meters,Daylight: Street light present,Fine without high winds,Dry,None,None,1,Yes,E01004299,2005
5671,200501HT20201,536230.0,182390.0,-0.037703,51.523948,1,3,2,1,18/03/2005,6,20:25,5,E09000030,6,0,Single carriageway,30,Automatic traffic signal,3,11,None within 50 metres,No physical crossing within 50 meters,Darkness: Street lights present and lit,Fine without high winds,Dry,None,None,1,Yes,E01004261,2005
5672,200501HT20202,536180.0,182340.0,-0.038442,51.52351,1,3,2,1,23/03/2005,4,14:22,5,E09000030,3,11,Single carriageway,30,None,-1,0,None within 50 metres,No physical crossing within 50 meters,Daylight: Street light present,Fine without high winds,Dry,None,None,1,Yes,E01004261,2005
5673,200501HT20203,534610.0,183240.0,-0.060715,51.531974,1,3,1,1,24/03/2005,5,16:10,5,E09000030,3,1208,Single carriageway,30,Giveway or uncontrolled,5,0,None within 50 metres,Zebra crossing,Daylight: Street light present,Fine without high winds,Dry,None,None,1,Yes,E01004202,2005
5674,200501HT20204,535580.0,182230.0,-0.047128,51.522666,1,3,1,1,24/03/2005,5,14:20,5,E09000030,6,0,Single carriageway,30,Giveway or uncontrolled,4,120,None within 50 metres,Zebra crossing,Daylight: Street light present,Fine without high winds,Dry,None,None,1,Yes,E01004207,2005
5675,200501HT20206,533990.0,182510.0,-0.069926,51.525562,1,3,1,1,31/03/2005,5,15:07,5,E09000030,3,1209,Single carriageway,30,None,-1,0,None within 50 metres,Zebra crossing,Daylight: Street light present,Fine without high winds,Dry,None,None,1,Yes,E01004315,2005
5676,200501HT20207,538160.0,181020.0,-0.010437,51.511168,1,3,2,1,26/03/2005,7,21:30,5,E09000030,3,1206,Single carriageway,30,Automatic traffic signal,3,13,None within 50 metres,Pedestrian phase at traffic signal junction,Darkness: Street lights present and lit,Raining without high winds,Wet/Damp,None,None,1,Yes,E01004219,2005
5677,200501HT20208,534930.0,181000.0,-0.056962,51.511768,1,3,1,1,26/03/2005,7,14:30,5,E09000030,6,0,Single carriageway,30,Giveway or uncontrolled,6,0,None within 50 metres,No physical crossing within 50 meters,Daylight: Street light present,Fine without high winds,Dry,None,None,1,Yes,E01004301,2005
5678,200501HT20209,533870.0,181960.0,-0.071864,51.520647,1,3,2,1,28/03/2005,2,10:39,5,E09000030,4,134,One way street,30,Giveway or uncontrolled,6,0,None within 50 metres,No physical crossing within 50 meters,Daylight: Street light present,Fine without high winds,Dry,None,None,1,Yes,E01004307,2005
5679,200501HT20210,534980.0,182730.0,-0.05558,51.527303,1,2,1,1,28/03/2005,2,17:35,5,E09000030,3,107,Slip road,30,Automatic traffic signal,3,1209,None within 50 metres,Pedestrian phase at traffic signal junction,Daylight: Street light present,Fine without high winds,Dry,None,None,1,Yes,E01004212,2005
5680,200501HT20211,536470.0,182290.0,-0.034284,51.522991,1,3,1,1,21/03/2005,2,15:15,5,E09000030,3,1205,Single carriageway,30,Giveway or uncontrolled,6,0,None within 50 metres,Zebra crossing,Daylight: Street light present,Fine without high winds,Dry,None,None,1,No,E01004270,2005
5681,200501HT20213,534680.0,183260.0,-0.059699,51.532137,1,3,2,1,30/03/2005,4,15:20,5,E09000030,3,1208,Single carriageway,30,Giveway or uncontrolled,6,0,None within 50 metres,No physical crossing within 50 meters,Daylight: Street light present,Fine without high winds,Dry,None,None,1,No,E01004197,2005
5682,200501HT20215,536630.0,181340.0,-0.032347,51.514416,1,3,1,1,09/02/2005,4,16:29,5,E09000030,6,0,Single carriageway,30,Giveway or uncontrolled,6,0,None within 50 metres,No physical crossing within 50 meters,Daylight: Street light present,Fine without high winds,Dry,None,None,1,Yes,E01004251,2005
5683,200501HT20217,534410.0,183180.0,-0.06362,51.531483,1,3,2,1,17/03/2005,5,13:40,5,E09000030,3,1208,Single carriageway,30,Giveway or uncontrolled,6,0,None within 50 metres,Zebra crossing,Daylight: Street light present,Fine without high winds,Dry,None,None,1,Yes,E01004202,2005
5684,200501HT20219,538480.0,178940.0,-0.006645,51.492399,1,3,2,1,01/04/2005,6,12:20,5,E09000030,6,0,Single carriageway,30,Giveway or uncontrolled,3,1206,None within 50 metres,No physical crossing within 50 meters,Daylight: Street light present,Fine without high winds,Dry,None,None,1,Yes,E01004216,2005
5685,200501HT20220,534690.0,182670.0,-0.059781,51.526833,1,3,1,1,02/04/2005,7,12:20,5,E09000030,6,0,Single carriageway,30,Giveway or uncontrolled,3,1209,None within 50 metres,No physical crossing within 50 meters,Daylight: Street light present,Fine without high winds,Dry,None,None,1,Yes,E01004211,2005
5686,200501HT20221,537790.0,183030.0,-0.01498,51.529321,1,3,3,2,03/04/2005,1,04:00,5,E09000030,3,11,Dual carriageway,30,None,-1,0,None within 50 metres,No physical crossing within 50 meters,Darkness: Street lights present and lit,Fine without high winds,Dry,None,None,1,Yes,E01004227,2005
5687,200501HT20222,538940.0,181280.0,0.000897,51.513313,1,3,2,1,03/04/2005,1,12:05,5,E09000030,3,13,Dual carriageway,30,None,-1,0,None within 50 metres,No physical crossing within 50 meters,Daylight: Street light present,Fine without high winds,Dry,None,None,1,Yes,E01004245,2005
5688,200501HT20223,534930.0,180920.0,-0.056992,51.51105,1,3,2,1,22/03/2005,3,18:45,5,E09000030,6,0,Single carriageway,30,Giveway or uncontrolled,4,126,None within 50 metres,No physical crossing within 50 meters,Darkness: Street lights present and lit,Fine without high winds,Dry,None,None,1,No,E01004301,2005
5689,200501HT20224,538180.0,181740.0,-0.009867,51.517633,1,3,2,1,31/03/2005,5,11:30,5,E09000030,6,0,Single carriageway,30,Giveway or uncontrolled,6,0,None within 50 metres,No physical crossing within 50 meters,Daylight: Street light present,Fine without high winds,Dry,None,None,1,No,E01004248,2005
5690,200501HT20225,537950.0,179240.0,-0.014157,51.495224,1,3,1,1,19/03/2005,7,10:29,5,E09000030,5,0,Single carriageway,30,Giveway or uncontrolled,6,0,None within 50 metres,No physical crossing within 50 meters,Daylight: Street light present,Fine without high winds,Dry,None,None,1,Yes,E01004215,2005
5691,200501HT20226,537430.0,181970.0,-0.02058,51.519883,1,3,1,1,25/03/2005,6,15:59,5,E09000030,4,140,Single carriageway,30,None,-1,0,None within 50 metres,No physical crossing within 50 meters,Daylight: Street light present,Fine without high winds,Dry,None,None,1,Yes,E01004242,2005
5692,200501HT20227,533490.0,182270.0,-0.07722,51.523523,1,2,2,1,31/03/2005,5,15:20,4,E09000012,3,10,Single carriageway,30,Automatic traffic signal,3,1209,None within 50 metres,Pedestrian phase at traffic signal junction,Daylight: Street light present,Fine without high winds,Dry,None,None,1,Yes,E01001771,2005
5693,200501HT20228,534490.0,181710.0,-0.063028,51.518254,1,3,2,1,31/03/2005,5,09:40,5,E09000030,3,11,Dual carriageway,30,Automatic traffic signal,4,108,None within 50 metres,Pedestrian phase at traffic signal junction,Daylight: Street light present,Fine without high winds,Dry,None,None,1,Yes,E01004325,2005
5694,200501HT20229,535190.0,181760.0,-0.052926,51.518536,1,3,2,1,01/04/2005,6,15:45,5,E09000030,6,0,Single carriageway,30,Giveway or uncontrolled,6,0,None within 50 metres,No physical crossing within 50 meters,Daylight: Street light present,Fine with high winds,Dry,None,None,1,Yes,E01004324,2005
5695,200501HT20230,537200.0,180990.0,-0.024274,51.511132,1,3,3,1,03/04/2005,1,18:00,5,E09000030,3,13,Single carriageway,30,None,-1,0,None within 50 metres,No physical crossing within 50 meters,Daylight: Street light present,Fine without high winds,Dry,None,None,1,Yes,E01004253,2005
5696,200501HT20231,537570.0,181520.0,-0.018739,51.515805,1,3,1,1,03/04/2005,1,10:15,5,E09000030,6,0,Single carriageway,30,Giveway or uncontrolled,6,0,None within 50 metres,No physical crossing within 50 meters,Daylight: Street light present,Fine without high winds,Dry,None,None,1,Yes,E01004250,2005
5697,200501HT20232,537280.0,183520.0,-0.022137,51.533848,1,3,2,1,03/04/2005,1,11:30,5,E09000030,3,12,Slip road,30,Giveway or uncontrolled,3,102,None within 50 metres,No physical crossing within 50 meters,Daylight: Street light present,Fine without high winds,Dry,None,None,1,Yes,E01004227,2005
5698,200501HT20233,537100.0,180840.0,-0.025772,51.509809,1,3,2,2,03/04/2005,1,15:34,5,E09000030,3,1206,Dual carriageway,30,Giveway or uncontrolled,3,1206,None within 50 metres,No physical crossing within 50 meters,Daylight: Street light present,Fine without high winds,Dry,None,None,1,Yes,E01004255,2005
5699,200501HT20234,535750.0,182170.0,-0.044702,51.522086,1,3,2,1,05/04/2005,3,19:22,5,E09000030,3,11,Single carriageway,30,None,-1,0,None within 50 metres,No physical crossing within 50 meters,Daylight: Street light present,Fine without high winds,Dry,None,None,1,Yes,E01004262,2005
5700,200501HT20235,536990.0,180950.0,-0.027314,51.510824,1,3,1,1,05/04/2005,3,09:09,5,E09000030,3,1206,Dual carriageway,30,None,-1,0,None within 50 metres,Pedestrian phase at traffic signal junction,Daylight: Street light present,Fine without high winds,Dry,None,None,1,Yes,E01004252,2005
5701,200501HT20236,534570.0,183240.0,-0.061292,51.531984,1,3,1,1,06/04/2005,4,11:34,5,E09000030,5,0,Single carriageway,30,Giveway or uncontrolled,3,1208,None within 50 metres,Zebra crossing,Daylight: Street light present,Fine without high winds,Dry,None,None,1,Yes,E01004202,2005
5702,200501HT20237,537190.0,184030.0,-0.023235,51.538453,1,3,2,1,08/04/2005,6,17:28,5,E09000030,6,0,Single carriageway,30,None,-1,0,None within 50 metres,No physical crossing within 50 meters,Daylight: Street light present,Fine without high winds,Dry,None,None,1,Yes,E01004227,2005
5703,200501HT20238,534590.0,181310.0,-0.06174,51.514635,1,3,2,1,08/04/2005,6,15:35,5,E09000030,3,13,Single carriageway,30,Automatic traffic signal,4,108,None within 50 metres,Pedestrian phase at traffic signal junction,Daylight: Street light present,Fine without high winds,Dry,None,None,1,Yes,E01004304,2005
5704,200501HT20239,533900.0,182460.0,-0.071242,51.525134,1,3,2,1,08/04/2005,6,08:56,5,E09000030,3,1209,Single carriageway,30,None,-1,0,None within 50 metres,No physical crossing within 50 meters,Daylight: Street light present,Raining without high winds,Wet/Damp,None,None,1,Yes,E01004315,2005
5705,200501HT20240,537460.0,179830.0,-0.020981,51.500645,1,3,2,1,08/04/2005,6,18:50,5,E09000030,5,0,Single carriageway,30,Giveway or uncontrolled,6,0,None within 50 metres,No physical crossing within 50 meters,Daylight: Street light present,Raining without high winds,Wet/Damp,None,None,1,Yes,E01004278,2005
5706,200501HT20241,535300.0,182010.0,-0.051246,51.520756,1,3,1,1,08/04/2005,6,18:00,5,E09000030,3,11,Single carriageway,30,None,-1,0,None within 50 metres,No physical crossing within 50 meters,Daylight: Street light present,Raining without high winds,Wet/Damp,None,None,1,Yes,E01004290,2005
5707,200501HT20242,537560.0,178510.0,-0.020056,51.488759,1,3,2,1,11/04/2005,2,16:25,5,E09000030,6,0,Single carriageway,30,Giveway or uncontrolled,3,1206,None within 50 metres,No physical crossing within 50 meters,Daylight: Street light present,Fine without high winds,Dry,None,None,1,Yes,E01004274,2005
5708,200501HT20244,533860.0,183100.0,-0.071575,51.530894,1,3,2,1,05/04/2005,3,19:05,5,E09000030,6,0,Single carriageway,30,Giveway or uncontrolled,3,1208,None within 50 metres,No physical crossing within 50 meters,Darkness: Street lights present and lit,Fine without high winds,Dry,None,None,1,No,E01001774,2005
5709,200501HT20246,534960.0,182740.0,-0.055864,51.527398,1,3,1,1,07/04/2005,5,16:10,5,E09000030,3,107,Single carriageway,20,Automatic traffic signal,3,1209,None within 50 metres,Pedestrian phase at traffic signal junction,Daylight: Street light present,Raining without high winds,Wet/Damp,Roadworks,None,1,Yes,E01004211,2005
5710,200501HT20247,534070.0,180980.0,-0.069355,51.511793,1,3,2,1,12/04/2005,3,07:50,5,E09000030,5,0,Single carriageway,30,Automatic traffic signal,3,1202,None within 50 metres,No physical crossing within 50 meters,Daylight: Street light present,Fine without high winds,Dry,None,None,1,Yes,E01004320,2005
5711,200501HT20249,533770.0,180650.0,-0.073801,51.508899,1,3,2,4,09/04/2005,7,21:14,5,E09000030,3,100,Single carriageway,30,Automatic traffic signal,3,1203,None within 50 metres,Pedestrian phase at traffic signal junction,Darkness: Street lights present and lit,Fine without high winds,Dry,None,None,1,Yes,E01004293,2005
5712,200501HT20250,533500.0,182700.0,-0.076913,51.527385,1,3,1,1,12/04/2005,3,15:17,4,E09000012,3,1208,Single carriageway,30,None,-1,0,None within 50 metres,No physical crossing within 50 meters,Daylight: Street light present,Fine without high winds,Dry,None,None,1,Yes,E01004311,2005
5713,200501HT20251,534730.0,181310.0,-0.059724,51.514602,1,3,2,2,13/04/2005,4,16:24,5,E09000030,3,13,Single carriageway,30,Giveway or uncontrolled,6,0,None within 50 metres,No physical crossing within 50 meters,Daylight: Street light present,Fine without high winds,Wet/Damp,None,None,1,Yes,E01004304,2005
5714,200501HT20252,536060.0,182270.0,-0.040198,51.52291,1,3,2,1,01/03/2005,3,16:30,5,E09000030,3,11,Dual carriageway,30,Giveway or uncontrolled,5,0,None within 50 metres,non-junction pedestrian crossing,Daylight: Street light present,Unknown,Dry,None,None,1,Yes,E01004261,2005
5715,200501HT20253,537930.0,181060.0,-0.013734,51.511584,1,3,2,1,06/04/2005,4,08:48,5,E09000030,5,0,Single carriageway,30,Automatic traffic signal,6,0,None within 50 metres,Pedestrian phase at traffic signal junction,Daylight: Street light present,Raining without high winds,Wet/Damp,None,None,1,Yes,E01004247,2005
5716,200501HT20255,537080.0,180830.0,-0.026064,51.509724,1,3,1,1,14/04/2005,5,14:30,5,E09000030,3,1206,Dual carriageway,30,Automatic traffic signal,3,1206,None within 50 metres,Pedestrian phase at traffic signal junction,Daylight: Street light present,Raining without high winds,Wet/Damp,None,None,1,Yes,E01004255,2005
5717,200501HT20256,537340.0,179880.0,-0.02269,51.501124,1,3,1,1,14/04/2005,5,08:52,5,E09000030,5,0,Single carriageway,30,Giveway or uncontrolled,6,0,None within 50 metres,No physical crossing within 50 meters,Daylight: Street light present,Fine without high winds,Dry,None,None,1,Yes,E01004278,2005
5718,200501HT20257,535610.0,180800.0,-0.047246,51.509808,1,3,2,2,15/04/2005,6,06:20,5,E09000030,3,1203,Dual carriageway,50,Giveway or uncontrolled,6,0,None within 50 metres,non-junction pedestrian crossing,Daylight: Street light present,Fine without high winds,Dry,None,None,1,Yes,E01004303,2005
5719,200501HT20258,537040.0,182740.0,-0.025898,51.526897,1,3,1,1,16/04/2005,7,23:24,5,E09000030,3,11,Dual carriageway,40,Automatic traffic signal,6,0,None within 50 metres,Pedestrian phase at traffic signal junction,Darkness: Street lights present and lit,Fine without high winds,Dry,None,None,1,Yes,E01004268,2005
5720,200501HT20259,534690.0,181310.0,-0.0603,51.514611,1,3,2,1,17/04/2005,1,18:40,5,E09000030,6,0,Dual carriageway,30,Giveway or uncontrolled,3,13,None within 50 metres,No physical crossing within 50 meters,Daylight: Street light present,Raining without high winds,Wet/Damp,None,None,1,Yes,E01004304,2005
5721,200501HT20260,534180.0,180670.0,-0.067889,51.508981,1,3,2,1,24/04/2005,1,14:40,5,E09000030,3,1203,Single carriageway,30,Automatic traffic signal,3,1203,None within 50 metres,Pedestrian phase at traffic signal junction,Daylight: Street light present,Fine without high winds,Dry,None,None,1,Yes,E01004294,2005
5722,200501HT20261,535800.0,181170.0,-0.044367,51.513088,1,3,2,1,26/04/2005,3,08:48,5,E09000030,6,0,Single carriageway,30,Giveway or uncontrolled,3,13,None within 50 metres,non-junction pedestrian crossing,Daylight: Street light present,Fine without high winds,Dry,None,None,1,Yes,E01004305,2005
5723,200501HT20263,538230.0,180520.0,-0.009625,51.506658,1,3,1,1,11/04/2005,2,09:05,5,E09000030,6,0,Single carriageway,30,None,-1,0,None within 50 metres,No physical crossing within 50 meters,Daylight: Street light present,Fine without high winds,Dry,None,None,1,No,E01004220,2005
5724,200501HT20264,537840.0,183040.0,-0.014256,51.529398,1,3,2,1,13/04/2005,4,19:05,5,E09000030,3,11,Roundabout,30,Automatic traffic signal,3,12,None within 50 metres,No physical crossing within 50 meters,Daylight: Street light present,Fine without high winds,Dry,None,None,1,No,E01004235,2005
5725,200501HT20265,536940.0,181050.0,-0.027995,51.511735,1,3,2,2,13/04/2005,4,12:45,5,E09000030,3,13,Dual carriageway,30,Automatic traffic signal,3,13,None within 50 metres,Pedestrian phase at traffic signal junction,Daylight: Street light present,Fine without high winds,Dry,None,None,1,No,E01004252,2005
5726,200501HT20266,535360.0,180770.0,-0.050857,51.509599,1,2,1,1,18/04/2005,2,15:15,5,E09000030,3,1203,Dual carriageway,50,Automatic traffic signal,3,1203,None within 50 metres,Pedestrian phase at traffic signal junction,Daylight: Street light present,Fine without high winds,Dry,None,None,1,Yes,E01004303,2005
5727,200501HT20267,537110.0,180160.0,-0.025893,51.503696,1,3,2,1,19/04/2005,3,20:34,5,E09000030,3,1206,Roundabout,30,Giveway or uncontrolled,5,0,None within 50 metres,No physical crossing within 50 meters,Darkness: Street lights present and lit,Fine without high winds,Dry,None,None,1,Yes,E01004277,2005
5728,200501HT20268,536040.0,181130.0,-0.040926,51.512671,1,3,2,1,20/04/2005,4,03:15,5,E09000030,3,13,Single carriageway,30,Automatic traffic signal,4,126,None within 50 metres,Pedestrian phase at traffic signal junction,Darkness: Street lights present and lit,Fine without high winds,Dry,None,None,1,Yes,E01004299,2005
5729,200501HT20269,535560.0,181570.0,-0.04767,51.51674,1,3,2,1,21/04/2005,5,17:15,5,E09000030,5,0,Single carriageway,30,Giveway or uncontrolled,6,0,None within 50 metres,No physical crossing within 50 meters,Daylight: Street light present,Fine without high winds,Dry,None,None,1,Yes,E01004283,2005
5730,200501HT20270,534070.0,181480.0,-0.069165,51.516287,1,3,2,1,21/04/2005,5,19:57,5,E09000030,3,11,Dual carriageway,40,None,-1,0,None within 50 metres,No physical crossing within 50 meters,Daylight: Street light present,Fine without high winds,Dry,None,None,1,Yes,E01004309,2005
5731,200501HT20271,534200.0,181570.0,-0.067258,51.517064,1,3,2,3,24/04/2005,1,15:38,5,E09000030,3,11,Single carriageway,30,Giveway or uncontrolled,3,11,None within 50 metres,non-junction pedestrian crossing,Daylight: Street light present,Fine without high winds,Dry,None,None,1,Yes,E01004325,2005
5732,200501HT20272,533890.0,182090.0,-0.071526,51.521811,1,2,1,1,17/04/2005,1,01:30,5,E09000030,4,134,Single carriageway,30,Giveway or uncontrolled,5,0,None within 50 metres,No physical crossing within 50 meters,Darkness: Street lights present and lit,Fine without high winds,Dry,None,None,1,Yes,E01004306,2005
5733,200501HT20276,538150.0,181160.0,-0.010526,51.512429,1,3,2,1,26/04/2005,3,17:51,5,E09000030,6,0,Single carriageway,30,Giveway or uncontrolled,6,0,None within 50 metres,No physical crossing within 50 meters,Daylight: Street light present,Fine without high winds,Dry,None,None,1,Yes,E01004247,2005
5734,200501HT20278,534410.0,181310.0,-0.064333,51.514678,1,3,2,1,26/04/2005,3,09:05,5,E09000030,6,0,Dual carriageway,30,Giveway or uncontrolled,3,13,None within 50 metres,No physical crossing within 50 meters,Daylight: Street light present,Fine without high winds,Dry,None,None,1,Yes,E01004321,2005
5735,200501HT20279,534930.0,181300.0,-0.056847,51.514464,1,3,2,1,12/04/2005,3,15:45,5,E09000030,6,0,Dual carriageway,50,Giveway or uncontrolled,3,13,None within 50 metres,No physical crossing within 50 meters,Daylight: Street light present,Fine without high winds,Dry,None,None,1,No,E01004326,2005
5736,200501HT20280,538030.0,180260.0,-0.012606,51.50437,1,3,2,1,26/04/2005,3,16:00,5,E09000030,6,0,Single carriageway,30,Giveway or uncontrolled,6,0,None within 50 metres,No physical crossing within 50 meters,Daylight: Street light present,Fine without high winds,Dry,Roadworks,None,1,Yes,E01004220,2005
5737,200501HT20281,534610.0,181310.0,-0.061452,51.51463,1,2,1,2,13/04/2005,4,07:10,5,E09000030,3,13,Dual carriageway,30,None,-1,0,None within 50 metres,non-junction pedestrian crossing,Daylight: Street light present,Raining without high winds,Wet/Damp,None,None,1,Yes,E01004304,2005
5738,200501HT20283,534080.0,181480.0,-0.069021,51.516284,1,3,2,1,17/04/2005,1,01:30,5,E09000030,3,11,Single carriageway,30,None,-1,0,None within 50 metres,No physical crossing within 50 meters,Darkness: Street lights present and lit,Fine without high winds,Dry,None,None,1,No,E01004325,2005
5739,200501HT20288,538360.0,178460.0,-0.00856,51.488115,1,3,1,1,08/04/2005,6,18:50,5,E09000030,3,1206,Single carriageway,30,None,-1,0,None within 50 metres,No physical crossing within 50 meters,Daylight: Street light present,Fine without high winds,Dry,None,None,1,Yes,E01004217,2005
5740,200501HT20289,534860.0,183300.0,-0.05709,51.532454,1,3,2,1,28/04/2005,5,22:29,5,E09000030,3,107,Single carriageway,30,Automatic traffic signal,4,127,None within 50 metres,No physical crossing within 50 meters,Darkness: Street lights present and lit,Fine without high winds,Dry,None,None,1,Yes,E01004197,2005
5741,200501HT20290,534660.0,181420.0,-0.06069,51.515607,1,3,2,3,29/04/2005,6,19:40,5,E09000030,6,0,Single carriageway,30,Giveway or uncontrolled,6,0,None within 50 metres,No physical crossing within 50 meters,Daylight: Street light present,Fine without high winds,Dry,None,None,1,Yes,E01004321,2005
5742,200501HT20292,534980.0,182740.0,-0.055576,51.527393,1,3,2,1,01/05/2005,1,20:00,5,E09000030,3,107,Dual carriageway,30,Automatic traffic signal,3,1209,None within 50 metres,Pedestrian phase at traffic signal junction,Daylight: Street light present,Fine without high winds,Dry,None,None,1,Yes,E01004212,2005
5743,200501HT20293,536880.0,180760.0,-0.028972,51.509143,1,3,1,1,04/05/2005,4,15:35,5,E09000030,6,0,Single carriageway,30,Giveway or uncontrolled,6,0,None within 50 metres,Zebra crossing,Daylight: Street light present,Fine without high winds,Dry,None,None,1,Yes,E01004255,2005
5744,200501HT20295,536430.0,182500.0,-0.034779,51.524888,1,3,2,1,06/05/2005,6,20:51,5,E09000030,3,11,Dual carriageway,30,Automatic traffic signal,3,1205,None within 50 metres,Pedestrian phase at traffic signal junction,Darkness: Street lights present and lit,Fine without high winds,Dry,None,None,1,Yes,E01004269,2005
5745,200501HT20296,533970.0,181380.0,-0.070643,51.515412,1,3,2,1,20/04/2005,4,17:20,5,E09000030,3,11,One way street,30,Giveway or uncontrolled,3,11,None within 50 metres,No physical crossing within 50 meters,Daylight: Street light present,Fine without high winds,Dry,None,None,1,Yes,E01004325,2005
5746,200501HT20297,534900.0,183110.0,-0.056587,51.530737,1,3,2,1,16/05/2005,2,22:49,5,E09000030,3,107,Single carriageway,30,Automatic traffic signal,4,118,None within 50 metres,Pedestrian phase at traffic signal junction,Darkness: Street lights present and lit,Raining without high winds,Wet/Damp,None,None,1,Yes,E01004198,2005
5747,200501HT20298,538110.0,182390.0,-0.010621,51.523491,1,3,2,1,24/04/2005,1,13:30,5,E09000030,3,12,Single carriageway,30,Giveway or uncontrolled,3,12,None within 50 metres,No physical crossing within 50 meters,Daylight: Street light present,Fine without high winds,Dry,None,None,1,Yes,E01004238,2005
5748,200501HT20299,538390.0,180860.0,-0.007187,51.509674,1,3,3,1,27/04/2005,4,22:10,5,E09000030,3,102,Dual carriageway,50,Giveway or uncontrolled,6,0,None within 50 metres,No physical crossing within 50 meters,Darkness: Street lights present and lit,Fine without high winds,Dry,None,None,1,No,E01004220,2005
5749,200501HT20300,536450.0,182520.0,-0.034483,51.525063,1,3,1,1,14/04/2005,5,10:03,5,E09000030,3,11,Single carriageway,30,Automatic traffic signal,3,1205,None within 50 metres,Pedestrian phase at traffic signal junction,Daylight: Street light present,Fine without high winds,Dry,None,None,1,Yes,E01004232,2005
5750,200501HT20301,538360.0,180250.0,-0.007859,51.5042,1,3,2,1,16/04/2005,7,19:54,5,E09000030,3,1206,Single carriageway,30,None,-1,0,None within 50 metres,No physical crossing within 50 meters,Daylight: Street light present,Fine without high winds,Dry,None,None,1,Yes,E01004220,2005
5751,200501HT20302,537900.0,180570.0,-0.014357,51.507188,1,3,3,1,18/04/2005,2,13:54,5,E09000030,3,1261,Dual carriageway,40,None,-1,0,None within 50 metres,No physical crossing within 50 meters,Daylight: Street light present,Fine without high winds,Dry,None,None,1,Yes,E01004277,2005
5752,200501HT20303,535910.0,181680.0,-0.042586,51.517644,1,3,1,1,19/04/2005,3,17:40,5,E09000030,4,140,Single carriageway,30,Giveway or uncontrolled,4,121,None within 50 metres,No physical crossing within 50 meters,Daylight: Street light present,Fine without high winds,Dry,None,None,1,Yes,E01004285,2005
5753,200501HT20304,535520.0,182810.0,-0.047769,51.527893,1,3,1,1,20/04/2005,4,17:14,5,E09000030,6,0,Single carriageway,30,Giveway or uncontrolled,6,0,None within 50 metres,No physical crossing within 50 meters,Daylight: Street light present,Fine without high winds,Dry,None,None,1,Yes,E01004260,2005
5754,200501HT20305,537270.0,181810.0,-0.022947,51.518484,1,2,1,1,21/04/2005,5,19:09,5,E09000030,4,140,Single carriageway,30,Automatic traffic signal,5,0,None within 50 metres,Pedestrian phase at traffic signal junction,Daylight: Street light present,Fine without high winds,Dry,None,None,1,Yes,E01004242,2005
5755,200501HT20306,539110.0,181410.0,0.003397,51.51444,1,3,1,1,21/04/2005,5,13:30,5,E09000030,3,13,Dual carriageway,30,None,-1,0,None within 50 metres,No physical crossing within 50 meters,Daylight: Street light present,Fine without high winds,Dry,None,None,1,Yes,E01004245,2005
5756,200501HT20307,538640.0,181150.0,-0.003473,51.512219,1,3,4,1,21/04/2005,5,13:43,5,E09000030,3,13,Single carriageway,30,None,-1,0,None within 50 metres,No physical crossing within 50 meters,Daylight: Street light present,Fine without high winds,Dry,None,None,1,Yes,E01004243,2005
5757,200501HT20309,538030.0,182400.0,-0.011769,51.523601,1,3,2,1,18/04/2005,2,18:45,5,E09000030,4,140,Single carriageway,30,Giveway or uncontrolled,6,0,None within 50 metres,No physical crossing within 50 meters,Daylight: Street light present,Fine without high winds,Dry,None,None,1,No,E01004238,2005
5758,200501HT20310,536870.0,181660.0,-0.028767,51.517233,1,3,2,1,05/05/2005,5,13:20,5,E09000030,6,0,Single carriageway,30,Giveway or uncontrolled,4,140,None within 50 metres,No physical crossing within 50 meters,Daylight: Street light present,Fine without high winds,Dry,None,None,1,No,E01004273,2005
5759,200501HT20311,536410.0,182580.0,-0.035036,51.525612,1,2,1,1,16/04/2005,7,02:16,5,E09000030,3,1205,Single carriageway,30,None,-1,0,None within 50 metres,No physical crossing within 50 meters,Darkness: Street lights present and lit,Fine without high winds,Dry,None,None,1,Yes,E01004232,2005
5760,200501HT20312,535980.0,182220.0,-0.04137,51.52248,1,3,2,1,27/04/2005,4,17:27,5,E09000030,3,11,Dual carriageway,30,None,-1,0,None within 50 metres,No physical crossing within 50 meters,Daylight: Street light present,Fine without high winds,Dry,None,None,1,Yes,E01004261,2005
5761,200501HT20313,535110.0,182220.0,-0.053902,51.522689,1,3,1,1,27/04/2005,4,08:53,5,E09000030,6,0,Single carriageway,30,Giveway or uncontrolled,6,0,None within 50 metres,No physical crossing within 50 meters,Daylight: Street light present,Fine without high winds,Dry,None,None,1,Yes,E01004208,2005
5762,200501HT20315,533610.0,182010.0,-0.07559,51.521158,1,3,1,1,28/04/2005,5,17:45,5,E09000030,3,1202,Dual carriageway,30,None,-1,0,None within 50 metres,No physical crossing within 50 meters,Daylight: Street light present,Fine without high winds,Dry,None,None,1,Yes,E01004307,2005
5763,200501HT20316,536690.0,181240.0,-0.031522,51.513502,1,3,1,1,01/05/2005,1,20:00,5,E09000030,6,0,Single carriageway,30,Giveway or uncontrolled,6,0,None within 50 metres,No physical crossing within 50 meters,Daylight: Street light present,Fine without high winds,Dry,None,None,1,Yes,E01004251,2005
5764,200501HT20317,538130.0,181200.0,-0.010799,51.512793,1,3,1,1,04/05/2005,4,22:15,5,E09000030,6,0,Single carriageway,30,Giveway or uncontrolled,6,0,None within 50 metres,No physical crossing within 50 meters,Darkness: Street lights present and lit,Fine without high winds,Dry,None,None,1,Yes,E01004247,2005
5765,200501HT20318,534730.0,182370.0,-0.059319,51.524128,1,3,1,1,05/05/2005,5,17:43,5,E09000030,4,135,Single carriageway,30,Giveway or uncontrolled,5,0,None within 50 metres,No physical crossing within 50 meters,Daylight: Street light present,Fine without high winds,Dry,None,None,1,Yes,E01004206,2005
5766,200501HT20319,537600.0,182910.0,-0.017764,51.528289,1,3,1,2,07/05/2005,7,01:02,5,E09000030,3,11,Single carriageway,30,Giveway or uncontrolled,3,11,None within 50 metres,No physical crossing within 50 meters,Darkness: Street lights present and lit,Fine without high winds,Dry,None,None,1,Yes,E01004227,2005
5767,200501HT20321,537760.0,184500.0,-0.014838,51.542538,1,3,2,1,13/05/2005,6,14:55,17,E09000025,6,0,Single carriageway,30,Automatic traffic signal,3,115,None within 50 metres,No physical crossing within 50 meters,Daylight: Street light present,Fine without high winds,Dry,None,None,1,Yes,E01003614,2005
5768,200501HT20322,538320.0,180660.0,-0.008274,51.507894,1,3,2,1,14/05/2005,7,12:00,5,E09000030,3,1206,Roundabout,30,Giveway or uncontrolled,3,1261,None within 50 metres,No physical crossing within 50 meters,Daylight: Street light present,Fine without high winds,Dry,None,None,1,Yes,E01004219,2005
5769,200501HT20323,535690.0,182150.0,-0.045574,51.521921,1,3,2,2,12/05/2005,5,00:37,5,E09000030,5,0,Dual carriageway,30,Automatic traffic signal,3,11,None within 50 metres,Pedestrian phase at traffic signal junction,Darkness: Street lights present and lit,Fine without high winds,Dry,None,None,1,Yes,E01004262,2005
5770,200501HT20324,534640.0,180970.0,-0.06115,51.511568,1,3,2,1,16/05/2005,2,12:30,5,E09000030,6,0,Single carriageway,30,Giveway or uncontrolled,4,108,None within 50 metres,No physical crossing within 50 meters,Daylight: Street light present,Fine without high winds,Dry,None,None,1,Yes,E01004319,2005
5771,200501HT20325,538350.0,181050.0,-0.007689,51.511391,1,3,2,1,19/05/2005,5,23:30,5,E09000030,3,13,Dual carriageway,30,Automatic traffic signal,3,102,None within 50 metres,Pedestrian phase at traffic signal junction,Darkness: Street lights present and lit,Raining without high winds,Wet/Damp,None,None,1,Yes,E01004219,2005
5772,200501HT20326,535210.0,182780.0,-0.052247,51.527697,1,3,2,1,08/05/2005,1,10:40,5,E09000030,4,135,Single carriageway,30,Giveway or uncontrolled,6,0,None within 50 metres,Zebra crossing,Daylight: Street light present,Fine without high winds,Dry,None,None,1,Yes,E01004259,2005
5773,200501HT20329,536810.0,181610.0,-0.02965,51.516798,1,3,2,1,16/05/2005,2,08:50,5,E09000030,3,1205,Single carriageway,30,None,-1,0,None within 50 metres,No physical crossing within 50 meters,Daylight: Street light present,Fine without high winds,Dry,None,None,1,Yes,E01004273,2005
5774,200501HT20330,534180.0,181970.0,-0.067394,51.520664,1,3,1,1,12/05/2005,5,11:45,5,E09000030,6,0,Single carriageway,30,None,-1,0,None within 50 metres,No physical crossing within 50 meters,Daylight: Street light present,Fine without high winds,Dry,None,None,1,Yes,E01004308,2005
5775,200501HT20331,534960.0,181890.0,-0.056189,51.519759,1,2,2,1,12/05/2005,5,15:30,5,E09000030,3,11,Dual carriageway,50,Automatic traffic signal,3,11,None within 50 metres,Pedestrian phase at traffic signal junction,Daylight: Street light present,Fine without high winds,Dry,None,None,1,No,E01004322,2005
5776,200501HT20332,533460.0,182190.0,-0.077683,51.522811,1,3,2,1,16/02/2005,4,23:30,4,E09000012,3,1202,Single carriageway,30,Giveway or uncontrolled,3,10,None within 50 metres,Pedestrian phase at traffic signal junction,Darkness: Street lights present and lit,Fine without high winds,Dry,None,None,1,No,E01001771,2005
5777,200501HT20333,536470.0,182290.0,-0.034284,51.522991,1,3,1,1,08/05/2005,1,15:00,5,E09000030,3,1205,Single carriageway,30,Giveway or uncontrolled,6,0,None within 50 metres,Zebra crossing,Daylight: Street light present,Fine without high winds,Dry,None,None,1,Yes,E01004270,2005
5778,200501HT20334,537430.0,180990.0,-0.020962,51.511076,1,3,1,1,08/05/2005,1,08:40,5,E09000030,5,0,Single carriageway,30,None,-1,0,None within 50 metres,No physical crossing within 50 meters,Daylight: Street light present,Fine without high winds,Dry,None,None,1,Yes,E01004253,2005
5779,200501HT20335,538140.0,180740.0,-0.010835,51.508657,1,3,1,1,19/05/2005,5,09:06,5,E09000030,4,123,Single carriageway,30,Giveway or uncontrolled,6,0,None within 50 metres,No physical crossing within 50 meters,Daylight: Street light present,Fine without high winds,Dry,None,None,1,Yes,E01004219,2005
5780,200501HT20336,537900.0,183030.0,-0.013395,51.529294,1,3,2,1,22/04/2005,6,12:50,5,E09000030,3,12,Dual carriageway,30,None,-1,0,None within 50 metres,No physical crossing within 50 meters,Daylight: Street light present,Fine without high winds,Dry,None,None,1,No,E01004235,2005
5781,200501HT20337,536870.0,183720.0,-0.027967,51.535745,1,2,1,1,16/05/2005,2,16:58,5,E09000030,4,118,Single carriageway,30,Automatic traffic signal,5,0,None within 50 metres,No physical crossing within 50 meters,Daylight: Street light present,Fine without high winds,Dry,None,None,1,No,E01004224,2005
5782,200501HT20338,535370.0,182850.0,-0.049915,51.528288,1,3,2,1,21/05/2005,7,15:16,5,E09000030,4,135,Single carriageway,30,Giveway or uncontrolled,6,0,None within 50 metres,No physical crossing within 50 meters,Daylight: Street light present,Fine without high winds,Dry,None,None,1,Yes,E01004259,2005
5783,200501HT20339,538860.0,180970.0,-0.000376,51.510547,1,3,2,1,11/05/2005,4,09:45,5,E09000030,3,1261,Single carriageway,50,Automatic traffic signal,3,1268,None within 50 metres,Pedestrian phase at traffic signal junction,Daylight: Street light present,Fine without high winds,Dry,None,None,1,Yes,E01004220,2005
5784,200501HT20340,534410.0,182680.0,-0.063811,51.52699,1,3,2,1,23/05/2005,2,14:55,5,E09000030,6,0,Single carriageway,30,Giveway or uncontrolled,6,0,None within 50 metres,No physical crossing within 50 meters,Daylight: Street light present,Fine without high winds,Dry,None,None,1,Yes,E01004203,2005
5785,200501HT20341,536480.0,182520.0,-0.034051,51.525056,1,3,2,2,27/05/2005,6,16:40,5,E09000030,3,11,Dual carriageway,30,Giveway or uncontrolled,6,0,None within 50 metres,No physical crossing within 50 meters,Daylight: Street light present,Fine without high winds,Dry,None,None,1,Yes,E01004269,2005
5786,200501HT20342,536660.0,182500.0,-0.031466,51.524832,1,3,1,1,27/05/2005,6,08:05,5,E09000030,6,0,Single carriageway,30,Giveway or uncontrolled,6,0,None within 50 metres,No physical crossing within 50 meters,Daylight: Street light present,Fine without high winds,Dry,None,None,1,Yes,E01004269,2005
5787,200501HT20343,537330.0,183470.0,-0.021436,51.533387,1,3,2,1,30/05/2005,2,12:00,5,E09000030,3,12,Dual carriageway,40,Giveway or uncontrolled,3,12,None within 50 metres,No physical crossing within 50 meters,Daylight: Street light present,Raining without high winds,Flood (Over 3cm of water),None,None,1,Yes,E01004227,2005
5788,200501HT20344,537150.0,182780.0,-0.024298,51.52723,1,2,1,1,21/01/2005,6,10:55,5,E09000030,6,0,Single carriageway,30,Giveway or uncontrolled,3,11,None within 50 metres,No physical crossing within 50 meters,Daylight: Street light present,Fine without high winds,Dry,None,None,1,Yes,E01004267,2005
5789,200501HT20346,533850.0,181400.0,-0.072364,51.51562,1,3,2,1,31/03/2005,5,17:30,5,E09000030,3,1202,Single carriageway,30,None,-1,0,None within 50 metres,No physical crossing within 50 meters,Darkness: Street lights present and lit,Fine without high winds,Dry,None,None,1,No,E01004309,2005
5790,200501HT20348,536360.0,183260.0,-0.035493,51.531734,1,3,2,1,15/05/2005,1,22:00,5,E09000030,4,135,Single carriageway,30,Giveway or uncontrolled,6,0,None within 50 metres,No physical crossing within 50 meters,Darkness: Street lights present and lit,Fine without high winds,Dry,None,None,1,No,E01004228,2005
5791,200501HT20349,534960.0,181280.0,-0.056423,51.514277,1,3,2,1,16/05/2005,2,07:15,5,E09000030,3,13,Single carriageway,30,None,-1,0,None within 50 metres,No physical crossing within 50 meters,Daylight: Street light present,Fine without high winds,Dry,None,None,1,No,E01004298,2005
5792,200501HT20350,537560.0,180770.0,-0.019175,51.509068,1,3,1,1,02/05/2005,2,13:04,5,E09000030,4,123,Single carriageway,30,Giveway or uncontrolled,6,0,None within 50 metres,No physical crossing within 50 meters,Daylight: Street light present,Fine without high winds,Dry,None,None,1,Yes,E01004256,2005
5793,200501HT20352,536190.0,181120.0,-0.038769,51.512545,1,3,3,1,20/05/2005,6,12:10,5,E09000030,3,13,Single carriageway,30,Automatic traffic signal,5,0,None within 50 metres,Pedestrian phase at traffic signal junction,Daylight: Street light present,Fine without high winds,Dry,None,None,1,Yes,E01004299,2005
5794,200501HT20353,535500.0,181200.0,-0.048676,51.513429,1,2,2,1,29/05/2005,1,21:25,5,E09000030,3,13,Dual carriageway,30,Giveway or uncontrolled,6,0,None within 50 metres,non-junction pedestrian crossing,Darkness: Street lights present and lit,Fine without high winds,Dry,None,None,1,Yes,E01004305,2005
5795,200501HT20354,534960.0,182030.0,-0.056136,51.521017,1,3,2,1,10/05/2005,3,12:04,5,E09000030,3,107,Single carriageway,30,Giveway or uncontrolled,6,0,None within 50 metres,No physical crossing within 50 meters,Daylight: Street light present,Raining without high winds,Wet/Damp,None,None,1,Yes,E01004208,2005
5796,200501HT20355,537660.0,180980.0,-0.017653,51.510931,1,3,2,1,27/05/2005,6,17:10,5,E09000030,6,0,Dual carriageway,30,Giveway or uncontrolled,3,13,None within 50 metres,No physical crossing within 50 meters,Daylight: Street light present,Fine without high winds,Dry,None,None,1,Yes,E01004244,2005
5797,200501HT20356,536170.0,181130.0,-0.039054,51.512639,1,3,2,1,01/06/2005,4,19:39,5,E09000030,3,13,Dual carriageway,40,Automatic traffic signal,3,13,None within 50 metres,Pedestrian phase at traffic signal junction,Daylight: Street light present,Fine without high winds,Dry,None,None,1,Yes,E01004299,2005
5798,200501HT20357,534980.0,182760.0,-0.055568,51.527573,1,3,1,1,23/05/2005,2,20:19,5,E09000030,3,107,Single carriageway,30,Automatic traffic signal,4,135,None within 50 metres,Pedestrian phase at traffic signal junction,Daylight: Street light present,Fine without high winds,Dry,Permanent sign or marking defective or obscured,None,1,Yes,E01004203,2005
5799,200501HT20358,537190.0,182800.0,-0.023714,51.5274,1,3,2,1,18/05/2005,4,17:25,5,E09000030,3,11,Dual carriageway,30,None,-1,0,None within 50 metres,No physical crossing within 50 meters,Daylight: Street light present,Fine without high winds,Dry,None,None,1,Yes,E01004231,2005
5800,200501HT20359,535500.0,181190.0,-0.04868,51.51334,1,3,2,1,23/05/2005,2,18:15,5,E09000030,3,13,Single carriageway,30,Giveway or uncontrolled,6,0,None within 50 metres,non-junction pedestrian crossing,Daylight: Street light present,Fine without high winds,Dry,None,None,1,Yes,E01004305,2005
5801,200501HT20360,537560.0,182910.0,-0.018341,51.528298,1,3,2,1,27/05/2005,6,22:45,5,E09000030,3,11,Dual carriageway,30,None,-1,0,None within 50 metres,non-junction pedestrian crossing,Darkness: Street lights present and lit,Fine without high winds,Dry,None,None,1,Yes,E01004227,2005
5802,200501HT20361,538770.0,181190.0,-0.001585,51.512546,1,3,4,1,26/05/2005,5,14:02,5,E09000030,3,13,Dual carriageway,30,None,-1,0,None within 50 metres,No physical crossing within 50 meters,Daylight: Street light present,Fine without high winds,Dry,None,None,1,Yes,E01004245,2005
5803,200501HT20362,537260.0,180980.0,-0.023414,51.511028,1,2,1,1,05/06/2005,1,22:54,5,E09000030,3,13,Single carriageway,30,None,-1,0,None within 50 metres,No physical crossing within 50 meters,Darkness: Street lights present and lit,Raining without high winds,Wet/Damp,None,None,1,Yes,E01004253,2005
5804,200501HT20363,535730.0,180840.0,-0.045502,51.510139,1,3,2,1,21/05/2005,7,18:51,5,E09000030,3,1203,Single carriageway,30,Giveway or uncontrolled,6,0,None within 50 metres,No physical crossing within 50 meters,Daylight: Street light present,Fine without high winds,Dry,None,None,1,Yes,E01004303,2005
5805,200501HT20364,535620.0,183180.0,-0.046186,51.531194,1,3,3,4,03/05/2005,3,09:55,5,E09000030,4,118,Single carriageway,30,None,-1,0,None within 50 metres,No physical crossing within 50 meters,Daylight: Street light present,Fine without high winds,Dry,None,None,1,Yes,E01004266,2005
5806,200501HT20365,537100.0,179790.0,-0.02618,51.500373,1,3,2,1,01/06/2005,4,12:42,5,E09000030,3,1206,Single carriageway,30,Giveway or uncontrolled,6,0,None within 50 metres,No physical crossing within 50 meters,Daylight: Street light present,Raining without high winds,Wet/Damp,None,None,1,Yes,E01004279,2005
5807,200501HT20366,534420.0,181310.0,-0.064189,51.514676,1,3,3,2,15/05/2005,1,21:45,5,E09000030,3,13,Single carriageway,30,Giveway or uncontrolled,6,0,None within 50 metres,No physical crossing within 50 meters,Darkness: Street lights present and lit,Fine without high winds,Dry,None,None,1,Yes,E01004321,2005
5808,200501HT20367,533530.0,182740.0,-0.076466,51.527737,1,3,2,2,05/06/2005,1,17:49,4,E09000012,3,1208,Single carriageway,30,None,-1,0,None within 50 metres,No physical crossing within 50 meters,Daylight: Street light present,Fine without high winds,Dry,None,None,1,Yes,E01001771,2005
5809,200501HT20368,535950.0,182220.0,-0.041802,51.522487,1,2,2,1,30/05/2005,2,16:02,5,E09000030,5,0,One way street,30,Giveway or uncontrolled,3,11,None within 50 metres,No physical crossing within 50 meters,Daylight: Street light present,Fine without high winds,Dry,None,None,1,Yes,E01004262,2005
5810,200501HT20369,533720.0,182270.0,-0.073907,51.523469,1,3,2,1,25/05/2005,4,17:00,5,E09000030,4,135,Single carriageway,30,None,-1,0,None within 50 metres,No physical crossing within 50 meters,Daylight: Street light present,Fine without high winds,Dry,None,None,1,No,E01004317,2005
5811,200501HT20370,537050.0,182750.0,-0.02575,51.526985,1,3,2,1,17/05/2005,3,19:15,5,E09000030,6,0,Single carriageway,30,Giveway or uncontrolled,3,11,None within 50 metres,No physical crossing within 50 meters,Darkness: Street lights present and lit,Fine without high winds,Dry,None,None,1,No,E01004231,2005
5812,200501HT20373,535520.0,180950.0,-0.048484,51.511178,1,3,2,1,22/05/2005,1,15:21,5,E09000030,6,0,Single carriageway,30,Giveway or uncontrolled,4,126,None within 50 metres,Zebra crossing,Daylight: Street light present,Fine without high winds,Dry,None,None,1,Yes,E01004305,2005
5813,200501HT20374,534620.0,181310.0,-0.061308,51.514628,1,2,2,1,31/05/2005,3,18:40,5,E09000030,6,0,Dual carriageway,30,Giveway or uncontrolled,3,13,None within 50 metres,No physical crossing within 50 meters,Daylight: Street light present,Fine without high winds,Dry,None,None,1,Yes,E01004304,2005
5814,200501HT20375,533450.0,180620.0,-0.078421,51.508705,1,3,2,2,21/05/2005,7,23:20,5,E09000030,4,132,Single carriageway,30,Giveway or uncontrolled,6,0,None within 50 metres,No physical crossing within 50 meters,Darkness: Street lights present and lit,Fine without high winds,Dry,None,None,1,No,E01004293,2005
5815,200501HT20376,537490.0,181270.0,-0.019989,51.513578,1,3,2,3,25/05/2005,4,13:20,5,E09000030,5,0,Single carriageway,30,Giveway or uncontrolled,6,0,None within 50 metres,No physical crossing within 50 meters,Daylight: Street light present,Fine without high winds,Dry,None,None,1,Yes,E01004244,2005
5816,200501HT20377,533750.0,181600.0,-0.073729,51.517441,1,3,2,1,06/06/2005,2,08:40,5,E09000030,3,1202,Single carriageway,30,Giveway or uncontrolled,6,0,None within 50 metres,No physical crossing within 50 meters,Daylight: Street light present,Fine without high winds,Dry,None,None,1,Yes,E01004310,2005
5817,200501HT20378,536180.0,181370.0,-0.038817,51.514794,1,3,3,2,05/06/2005,1,01:20,5,E09000030,6,0,Single carriageway,30,None,-1,0,None within 50 metres,No physical crossing within 50 meters,Darkness: Street lights present and lit,Fine without high winds,Dry,None,None,1,Yes,E01004286,2005
5818,200501HT20383,538060.0,182660.0,-0.011235,51.52593,1,3,2,1,12/06/2005,1,15:40,5,E09000030,3,12,Single carriageway,30,Giveway or uncontrolled,6,0,None within 50 metres,No physical crossing within 50 meters,Daylight: Street light present,Fine without high winds,Dry,None,None,1,No,E01004238,2005
5819,200501HT20385,535630.0,182130.0,-0.046446,51.521756,1,3,2,1,15/06/2005,4,15:00,5,E09000030,3,11,Single carriageway,30,Giveway or uncontrolled,4,120,None within 50 metres,No physical crossing within 50 meters,Daylight: Street light present,Fine without high winds,Dry,None,None,1,Yes,E01004290,2005
5820,200501HT20386,536680.0,181060.0,-0.031736,51.511887,1,3,1,1,02/06/2005,5,13:09,5,E09000030,6,0,Single carriageway,30,None,-1,0,None within 50 metres,No physical crossing within 50 meters,Daylight: Street light present,Fine without high winds,Dry,None,None,1,Yes,E01004254,2005
5821,200501HT20388,537660.0,180980.0,-0.017653,51.510931,1,3,2,1,14/06/2005,3,17:20,5,E09000030,3,13,Single carriageway,30,Giveway or uncontrolled,6,0,None within 50 metres,No physical crossing within 50 meters,Daylight: Street light present,Fine without high winds,Dry,None,None,1,Yes,E01004244,2005
5822,200501HT20389,538280.0,181410.0,-0.008556,51.514643,1,3,2,1,21/04/2005,5,08:40,5,E09000030,3,12,Single carriageway,30,None,-1,0,None within 50 metres,No physical crossing within 50 meters,Daylight: Street light present,Fine without high winds,Dry,None,None,1,No,E01004249,2005
5823,200501HT20390,537800.0,182320.0,-0.015114,51.522938,1,3,2,1,13/06/2005,2,19:35,5,E09000030,6,0,Single carriageway,30,Automatic traffic signal,4,140,None within 50 metres,No physical crossing within 50 meters,Daylight: Street light present,Fine without high winds,Dry,None,None,1,No,E01004238,2005
5824,200501HT20391,536180.0,181750.0,-0.03867,51.518209,1,3,2,1,11/06/2005,7,18:25,5,E09000030,5,0,Single carriageway,30,Giveway or uncontrolled,4,140,None within 50 metres,No physical crossing within 50 meters,Daylight: Street light present,Fine without high winds,Dry,None,None,1,No,E01004285,2005
5825,200501HT20392,535060.0,181270.0,-0.054986,51.514164,1,3,2,1,22/06/2005,4,09:30,5,E09000030,3,13,Single carriageway,30,Giveway or uncontrolled,6,0,None within 50 metres,No physical crossing within 50 meters,Daylight: Street light present,Fine without high winds,Dry,None,None,1,No,E01004298,2005
5826,200501HT20393,533590.0,182280.0,-0.075776,51.523589,1,3,2,1,18/06/2005,7,07:27,4,E09000012,3,1209,Single carriageway,30,Giveway or uncontrolled,3,1209,None within 50 metres,No physical crossing within 50 meters,Daylight: Street light present,Fine without high winds,Dry,None,None,1,Yes,E01001771,2005
5827,200501HT20394,533790.0,182400.0,-0.072849,51.52462,1,3,1,1,21/06/2005,3,14:00,5,E09000030,6,0,Single carriageway,30,Giveway or uncontrolled,6,0,None within 50 metres,No physical crossing within 50 meters,Daylight: Street light present,Fine without high winds,Dry,None,None,1,No,E01004317,2005
5828,200501HT20395,534550.0,181320.0,-0.062313,51.514735,1,2,1,1,13/06/2005,2,10:40,5,E09000030,3,13,Single carriageway,30,Automatic traffic signal,4,108,None within 50 metres,Pedestrian phase at traffic signal junction,Daylight: Street light present,Fine without high winds,Dry,None,None,1,Yes,E01004321,2005
5829,200501HT20396,534700.0,181790.0,-0.059973,51.518923,1,3,2,1,11/06/2005,7,11:33,5,E09000030,3,11,Single carriageway,30,Giveway or uncontrolled,6,0,None within 50 metres,No physical crossing within 50 meters,Daylight: Street light present,Fine without high winds,Dry,None,None,1,Yes,E01004322,2005
5830,200501HT20397,533710.0,181660.0,-0.074282,51.517989,1,3,2,2,10/06/2005,6,15:32,5,E09000030,3,1202,Single carriageway,30,Giveway or uncontrolled,6,0,None within 50 metres,No physical crossing within 50 meters,Daylight: Street light present,Fine without high winds,Dry,None,None,1,Yes,E01004310,2005
5831,200501HT20399,533570.0,181760.0,-0.076261,51.518921,1,3,1,1,22/03/2005,3,14:58,5,E09000030,5,0,Single carriageway,30,Giveway or uncontrolled,6,0,None within 50 metres,No physical crossing within 50 meters,Daylight: Street light present,Fine without high winds,Dry,Roadworks,Other object in carriageway,1,Yes,E01004307,2005
5832,200501HT20400,533490.0,182690.0,-0.077061,51.527297,1,3,2,1,11/06/2005,7,17:32,4,E09000012,3,1208,Single carriageway,30,Giveway or uncontrolled,6,0,None within 50 metres,No physical crossing within 50 meters,Daylight: Street light present,Fine without high winds,Dry,None,None,1,Yes,E01004311,2005
5833,200501HT20401,536620.0,182800.0,-0.031926,51.527538,1,3,3,2,10/06/2005,6,18:15,5,E09000030,6,0,Single carriageway,30,Giveway or uncontrolled,6,0,None within 50 metres,No physical crossing within 50 meters,Daylight: Street light present,Fine without high winds,Dry,None,None,1,Yes,E01004232,2005
5834,200501HT20403,534720.0,181320.0,-0.059864,51.514694,1,3,2,1,23/06/2005,5,17:07,5,E09000030,3,13,Single carriageway,30,Giveway or uncontrolled,6,0,None within 50 metres,No physical crossing within 50 meters,Daylight: Street light present,Fine without high winds,Dry,None,None,1,Yes,E01004326,2005
5835,200501HT20404,534700.0,183230.0,-0.059422,51.531863,1,3,2,1,23/06/2005,5,18:36,5,E09000030,6,0,Single carriageway,30,None,-1,0,None within 50 metres,No physical crossing within 50 meters,Daylight: Street light present,Fine without high winds,Dry,None,None,1,Yes,E01004199,2005
5836,200501HT20405,533930.0,182470.0,-0.070806,51.525216,1,3,2,1,10/06/2005,6,23:40,5,E09000030,3,1209,Single carriageway,30,None,-1,0,None within 50 metres,No physical crossing within 50 meters,Darkness: Street lights present and lit,Fine without high winds,Dry,None,None,1,Yes,E01004317,2005
5837,200501HT20406,537590.0,182240.0,-0.01817,51.52227,1,3,1,1,10/06/2005,6,18:46,5,E09000030,4,140,Single carriageway,30,Automatic traffic signal,5,0,None within 50 metres,No physical crossing within 50 meters,Daylight: Street light present,Fine without high winds,Dry,None,None,1,Yes,E01004239,2005
5838,200501HT20407,534500.0,182880.0,-0.062438,51.528765,1,3,1,1,24/06/2005,6,16:08,5,E09000030,4,118,Single carriageway,30,Giveway or uncontrolled,6,0,None within 50 metres,No physical crossing within 50 meters,Daylight: Street light present,Fine without high winds,Dry,None,None,1,Yes,E01004204,2005
5839,200501HT20409,533610.0,181480.0,-0.075791,51.516395,1,3,1,1,24/06/2005,6,16:25,5,E09000030,6,0,One way street,30,Giveway or uncontrolled,6,0,None within 50 metres,No physical crossing within 50 meters,Daylight: Street light present,Fine without high winds,Dry,None,None,1,Yes,E01004307,2005
5840,200501HT20410,535000.0,181280.0,-0.055847,51.514268,1,3,2,1,06/06/2005,2,20:10,5,E09000030,3,13,Single carriageway,30,Giveway or uncontrolled,6,0,None within 50 metres,No physical crossing within 50 meters,Darkness: Street lights present and lit,Fine without high winds,Dry,None,None,1,Yes,E01004298,2005
5841,200501HT20411,538010.0,181010.0,-0.012601,51.511115,1,3,3,3,23/06/2005,5,23:05,5,E09000030,3,13,Single carriageway,30,Giveway or uncontrolled,6,0,None within 50 metres,No physical crossing within 50 meters,Darkness: Street lights present and lit,Fine without high winds,Dry,None,None,1,Yes,E01004219,2005
5842,200501HT20412,534310.0,183150.0,-0.065072,51.531237,1,3,1,1,21/06/2005,3,15:55,5,E09000030,3,1208,Single carriageway,30,None,-1,0,None within 50 metres,No physical crossing within 50 meters,Daylight: Street light present,Fine without high winds,Dry,None,None,1,Yes,E01004204,2005
5843,200501HT20413,535520.0,180950.0,-0.048484,51.511178,1,3,2,1,20/06/2005,2,17:38,5,E09000030,4,126,One way street,30,Giveway or uncontrolled,6,0,None within 50 metres,Zebra crossing,Daylight: Street light present,Fine without high winds,Dry,None,None,1,Yes,E01004305,2005
5844,200501HT20414,536320.0,181280.0,-0.036835,51.513951,1,3,2,1,25/06/2005,7,17:25,5,E09000030,5,0,Single carriageway,30,Giveway or uncontrolled,6,0,None within 50 metres,No physical crossing within 50 meters,Daylight: Street light present,Fine without high winds,Dry,None,None,1,Yes,E01004286,2005
5845,200501HT20416,536820.0,181100.0,-0.029704,51.512213,1,3,2,1,25/06/2005,7,23:00,5,E09000030,3,13,Single carriageway,30,Giveway or uncontrolled,5,0,None within 50 metres,non-junction pedestrian crossing,Darkness: Street lights present and lit,Fine without high winds,Dry,None,None,1,Yes,E01004254,2005
5846,200501HT20417,534960.0,180920.0,-0.05656,51.511042,1,2,2,1,20/06/2005,2,17:56,5,E09000030,4,126,Single carriageway,30,Giveway or uncontrolled,6,0,None within 50 metres,Zebra crossing,Daylight: Street light present,Fine without high winds,Dry,None,None,1,Yes,E01004301,2005
5847,200501HT20418,534140.0,180640.0,-0.068476,51.508721,1,3,3,1,14/06/2005,3,10:15,5,E09000030,6,0,Dual carriageway,30,Giveway or uncontrolled,3,1203,None within 50 metres,No physical crossing within 50 meters,Daylight: Street light present,Fine without high winds,Dry,None,None,1,Yes,E01004294,2005
5848,200501HT20419,536160.0,181050.0,-0.039228,51.511923,1,3,1,1,08/06/2005,4,19:16,5,E09000030,3,1203,Single carriageway,30,Giveway or uncontrolled,6,0,None within 50 metres,No physical crossing within 50 meters,Daylight: Street light present,Fine without high winds,Dry,None,None,1,Yes,E01004299,2005
5849,200501HT20420,534230.0,181160.0,-0.066982,51.513373,1,3,2,1,18/06/2005,7,18:40,5,E09000030,5,0,Single carriageway,30,Giveway or uncontrolled,6,0,None within 50 metres,Zebra crossing,Daylight: Street light present,Fine without high winds,Dry,None,None,1,Yes,E01004320,2005
5850,200501HT20421,538610.0,181120.0,-0.003917,51.511957,1,3,3,1,25/06/2005,7,13:20,5,E09000030,3,13,Dual carriageway,40,None,-1,0,None within 50 metres,No physical crossing within 50 meters,Daylight: Street light present,Fine without high winds,Dry,None,None,1,Yes,E01004220,2005
5851,200501HT20423,534190.0,181320.0,-0.067498,51.51482,1,3,2,1,10/06/2005,6,15:38,5,E09000030,3,13,Dual carriageway,50,None,-1,0,None within 50 metres,No physical crossing within 50 meters,Daylight: Street light present,Fine without high winds,Dry,None,None,1,Yes,E01004320,2005
5852,200501HT20424,534350.0,182670.0,-0.064679,51.526914,1,3,1,1,20/06/2005,2,13:22,5,E09000030,4,108,Single carriageway,30,Giveway or uncontrolled,6,0,None within 50 metres,No physical crossing within 50 meters,Daylight: Street light present,Fine without high winds,Dry,None,None,1,Yes,E01004203,2005
5853,200501HT20425,533950.0,181310.0,-0.070958,51.514787,1,2,2,1,16/06/2005,5,09:56,5,E09000030,3,13,One way street,30,None,-1,0,None within 50 metres,No physical crossing within 50 meters,Daylight: Street light present,Fine without high winds,Dry,None,None,1,Yes,E01004325,2005
5854,200501HT20426,538070.0,181010.0,-0.011737,51.5111,1,3,1,1,22/06/2005,4,07:47,5,E09000030,3,13,Single carriageway,30,None,-1,0,None within 50 metres,No physical crossing within 50 meters,Daylight: Street light present,Fine without high winds,Dry,None,None,1,Yes,E01004219,2005
5855,200501HT20427,535780.0,182180.0,-0.044266,51.522169,1,3,2,1,17/06/2005,6,23:10,5,E09000030,3,11,Single carriageway,30,Giveway or uncontrolled,6,0,None within 50 metres,No physical crossing within 50 meters,Darkness: Street lights present and lit,Fine without high winds,Dry,None,None,1,Yes,E01004262,2005
5856,200501HT20428,534910.0,181880.0,-0.056913,51.519681,1,3,1,1,17/06/2005,6,19:03,5,E09000030,3,11,Single carriageway,30,Automatic traffic signal,3,107,None within 50 metres,Pedestrian phase at traffic signal junction,Daylight: Street light present,Fine without high winds,Dry,None,None,1,Yes,E01004208,2005
5857,200501HT20429,534630.0,181310.0,-0.061164,51.514626,1,3,2,1,22/06/2005,4,04:30,5,E09000030,3,13,Single carriageway,30,Giveway or uncontrolled,6,0,None within 50 metres,No physical crossing within 50 meters,Darkness: Street lights present and lit,Fine without high winds,Dry,None,None,1,Yes,E01004304,2005
5858,200501HT20430,535980.0,181040.0,-0.041825,51.511876,1,3,2,1,09/06/2005,5,07:50,5,E09000030,4,126,Single carriageway,30,None,-1,0,None within 50 metres,No physical crossing within 50 meters,Daylight: Street light present,Fine without high winds,Dry,None,None,1,No,E01004299,2005
5859,200501HT20432,534160.0,181760.0,-0.067762,51.518781,1,3,2,1,11/06/2005,7,01:15,5,E09000030,6,0,Single carriageway,30,Giveway or uncontrolled,6,0,None within 50 metres,No physical crossing within 50 meters,Darkness: Street lights present and lit,Fine without high winds,Dry,None,None,1,No,E01004309,2005
5860,200501HT20433,534580.0,183230.0,-0.061151,51.531892,1,3,2,1,13/06/2005,2,18:54,5,E09000030,5,0,Single carriageway,30,Giveway or uncontrolled,3,1208,None within 50 metres,No physical crossing within 50 meters,Daylight: Street light present,Fine without high winds,Dry,None,None,1,Yes,E01004202,2005
5861,200501HT20434,534350.0,182600.0,-0.064705,51.526285,1,3,1,1,01/07/2005,6,12:30,5,E09000030,3,1209,Single carriageway,30,Automatic traffic signal,4,108,None within 50 metres,No physical crossing within 50 meters,Daylight: Street light present,Fine without high winds,Dry,None,None,1,Yes,E01004313,2005
5862,200501HT20435,537690.0,182690.0,-0.016554,51.52629,1,3,2,1,15/06/2005,4,11:45,5,E09000030,6,0,Single carriageway,30,Giveway or uncontrolled,6,0,None within 50 metres,No physical crossing within 50 meters,Daylight: Street light present,Fine without high winds,Dry,None,None,1,Yes,E01004236,2005
5863,200501HT20436,534260.0,181320.0,-0.066489,51.514804,1,3,2,1,21/06/2005,3,07:55,5,E09000030,3,13,Dual carriageway,30,Giveway or uncontrolled,5,0,None within 50 metres,No physical crossing within 50 meters,Daylight: Street light present,Fine without high winds,Dry,None,None,1,Yes,E01004325,2005
5864,200501HT20437,535950.0,181000.0,-0.042272,51.511524,1,3,2,1,17/06/2005,6,16:20,5,E09000030,4,145,Dual carriageway,30,Giveway or uncontrolled,4,126,None within 50 metres,No physical crossing within 50 meters,Daylight: Street light present,Fine without high winds,Dry,None,None,1,Yes,E01004299,2005
5865,200501HT20439,538030.0,178350.0,-0.013353,51.487207,1,3,2,1,07/07/2005,5,13:00,5,E09000030,5,0,Single carriageway,30,Giveway or uncontrolled,3,1206,None within 50 metres,Zebra crossing,Daylight: Street light present,Fine without high winds,Dry,None,None,1,No,E01004275,2005
5866,200501HT20440,537500.0,182890.0,-0.019213,51.528133,1,3,2,1,01/07/2005,6,16:35,5,E09000030,3,11,Single carriageway,30,Automatic traffic signal,4,142,None within 50 metres,Pedestrian phase at traffic signal junction,Daylight: Street light present,Fine without high winds,Dry,None,None,1,No,E01004225,2005
5867,200501HT20441,534800.0,181920.0,-0.058483,51.520067,1,3,1,1,17/04/2005,1,08:45,5,E09000030,5,0,Single carriageway,30,None,-1,0,None within 50 metres,No physical crossing within 50 meters,Daylight: Street light present,Fine without high winds,Dry,None,None,1,No,E01004208,2005
5868,200501HT20442,538460.0,180620.0,-0.006274,51.5075,1,2,2,1,29/06/2005,4,15:30,5,E09000030,3,1261,Slip road,30,Giveway or uncontrolled,6,0,None within 50 metres,No physical crossing within 50 meters,Daylight: Street light present,Fine without high winds,Dry,None,None,1,Yes,E01004220,2005
5869,200501HT20444,534490.0,181760.0,-0.063009,51.518703,1,3,3,1,29/06/2005,4,12:15,5,E09000030,4,108,Single carriageway,30,None,-1,0,None within 50 metres,No physical crossing within 50 meters,Daylight: Street light present,Fine without high winds,Dry,None,None,1,No,E01004309,2005
5870,200501HT20445,533990.0,182510.0,-0.069926,51.525562,1,3,2,2,05/07/2005,3,15:48,5,E09000030,3,1209,Single carriageway,30,None,-1,0,None within 50 metres,Zebra crossing,Daylight: Street light present,Raining without high winds,Wet/Damp,None,None,1,Yes,E01004315,2005
5871,200501HT20447,537460.0,178840.0,-0.021367,51.491749,1,3,2,1,29/06/2005,4,21:45,5,E09000030,6,0,Single carriageway,30,Giveway or uncontrolled,6,0,None within 50 metres,No physical crossing within 50 meters,Darkness: Street lights present and lit,Fine without high winds,Dry,None,None,1,No,E01004274,2005
5872,200501HT20448,536010.0,181140.0,-0.041354,51.512768,1,3,2,1,28/06/2005,3,19:15,5,E09000030,3,13,Single carriageway,30,Automatic traffic signal,4,121,None within 50 metres,Pedestrian phase at traffic signal junction,Daylight: Street light present,Fine without high winds,Dry,None,None,1,Yes,E01004299,2005
5873,200501HT20449,535460.0,182430.0,-0.04878,51.524492,1,3,1,1,28/06/2005,3,15:55,5,E09000030,6,0,Single carriageway,30,Giveway or uncontrolled,4,120,None within 50 metres,No physical crossing within 50 meters,Daylight: Street light present,Fine without high winds,Dry,None,None,1,Yes,E01004207,2005
5874,200501HT20450,535770.0,182180.0,-0.04441,51.522171,1,3,2,1,12/07/2005,3,08:36,5,E09000030,3,11,Single carriageway,30,Giveway or uncontrolled,6,0,None within 50 metres,No physical crossing within 50 meters,Daylight: Street light present,Fine without high winds,Dry,None,None,1,Yes,E01004262,2005
5875,200501HT20452,534500.0,182330.0,-0.062647,51.523823,1,3,1,1,30/06/2005,5,18:50,5,E09000030,6,0,Single carriageway,30,Giveway or uncontrolled,4,135,None within 50 metres,No physical crossing within 50 meters,Daylight: Street light present,Raining without high winds,Wet/Damp,None,None,1,Yes,E01004211,2005
5876,200501HT20453,536950.0,183520.0,-0.026892,51.533928,1,3,4,1,17/07/2005,1,21:02,5,E09000030,4,142,Single carriageway,30,Giveway or uncontrolled,5,0,None within 50 metres,No physical crossing within 50 meters,Daylight: Street light present,Fine without high winds,Dry,None,None,1,Yes,E01004224,2005
5877,200501HT20454,535290.0,181750.0,-0.05149,51.518422,1,3,1,1,18/07/2005,2,00:50,5,E09000030,6,0,Single carriageway,30,Giveway or uncontrolled,6,0,None within 50 metres,No physical crossing within 50 meters,Darkness: Street lights present and lit,Fine without high winds,Dry,None,None,1,Yes,E01004324,2005
5878,200501HT20455,538160.0,180960.0,-0.010461,51.510629,1,3,2,1,17/07/2005,1,22:44,5,E09000030,3,1206,Single carriageway,30,None,-1,0,None within 50 metres,No physical crossing within 50 meters,Darkness: Street lights present and lit,Fine without high winds,Dry,None,None,1,Yes,E01004219,2005
5879,200501HT20456,535360.0,180780.0,-0.050853,51.509689,1,2,2,1,04/07/2005,2,17:05,5,E09000030,3,1203,Single carriageway,30,Automatic traffic signal,3,1204,None within 50 metres,Pedestrian phase at traffic signal junction,Daylight: Street light present,Raining without high winds,Wet/Damp,None,None,1,Yes,E01004303,2005
5880,200501HT20457,537890.0,181230.0,-0.014243,51.513121,1,3,2,1,01/07/2005,6,13:35,5,E09000030,5,0,Single carriageway,30,Giveway or uncontrolled,6,0,None within 50 metres,Zebra crossing,Daylight: Street light present,Fine without high winds,Dry,None,None,1,Yes,E01004247,2005
5881,200501HT20460,536470.0,182290.0,-0.034284,51.522991,1,3,3,1,06/07/2005,4,20:10,5,E09000030,6,0,Single carriageway,30,Giveway or uncontrolled,3,1205,None within 50 metres,Zebra crossing,Daylight: Street light present,Fine without high winds,Dry,None,None,1,Yes,E01004270,2005
5882,200501HT20462,533750.0,181600.0,-0.073729,51.517441,1,3,2,2,04/07/2005,2,09:40,5,E09000030,6,0,Single carriageway,30,Giveway or uncontrolled,3,1202,None within 50 metres,No physical crossing within 50 meters,Daylight: Street light present,Fine without high winds,Dry,None,None,1,Yes,E01004310,2005
5883,200501HT20463,537010.0,180670.0,-0.027135,51.508303,1,3,2,1,28/06/2005,3,14:45,5,E09000030,3,1206,Single carriageway,30,Giveway or uncontrolled,3,1206,None within 50 metres,No physical crossing within 50 meters,Daylight: Street light present,Fine without high winds,Dry,None,None,1,No,E01004255,2005
5884,200501HT20464,537080.0,181010.0,-0.025994,51.511341,1,3,1,1,03/07/2005,1,15:30,5,E09000030,3,13,Single carriageway,30,Automatic traffic signal,3,13,None within 50 metres,No physical crossing within 50 meters,Daylight: Street light present,Fine without high winds,Dry,None,None,1,Yes,E01004252,2005
5885,200501HT20465,536630.0,181110.0,-0.032436,51.512349,1,3,2,1,04/07/2005,2,18:45,5,E09000030,3,13,Single carriageway,30,Giveway or uncontrolled,6,0,None within 50 metres,No physical crossing within 50 meters,Daylight: Street light present,Fine without high winds,Dry,None,None,1,Yes,E01004254,2005
5886,200501HT20466,534570.0,181310.0,-0.062028,51.51464,1,3,1,1,03/07/2005,1,09:35,5,E09000030,3,13,Single carriageway,30,Automatic traffic signal,4,108,None within 50 metres,Pedestrian phase at traffic signal junction,Daylight: Street light present,Fine without high winds,Dry,None,None,1,Yes,E01004319,2005
5887,200501HT20467,537940.0,179260.0,-0.014293,51.495406,1,3,1,1,30/06/2005,5,10:00,5,E09000030,5,0,Single carriageway,30,Giveway or uncontrolled,6,0,None within 50 metres,No physical crossing within 50 meters,Daylight: Street light present,Fine without high winds,Dry,None,None,1,Yes,E01004215,2005
5888,200501HT20468,538310.0,179190.0,-0.008994,51.494687,1,3,2,1,15/06/2005,4,15:30,5,E09000030,3,1206,Single carriageway,30,Giveway or uncontrolled,3,1206,None within 50 metres,No physical crossing within 50 meters,Daylight: Street light present,Fine without high winds,Dry,None,None,1,No,E01004215,2005
5889,200501HT20469,534090.0,181330.0,-0.068934,51.514934,1,2,2,1,08/07/2005,6,16:15,5,E09000030,3,13,Dual carriageway,30,Giveway or uncontrolled,4,134,None within 50 metres,No physical crossing within 50 meters,Daylight: Street light present,Fine without high winds,Dry,None,None,1,Yes,E01004320,2005
5890,200501HT20471,537520.0,181480.0,-0.019475,51.515458,1,3,4,1,11/07/2005,2,19:20,5,E09000030,6,0,Single carriageway,30,None,-1,0,None within 50 metres,No physical crossing within 50 meters,Daylight: Street light present,Fine without high winds,Dry,None,None,1,No,E01004250,2005
5891,200501HT20472,538040.0,181950.0,-0.011801,51.519555,1,3,2,1,20/07/2005,4,13:55,5,E09000030,6,0,Single carriageway,30,Giveway or uncontrolled,6,0,None within 50 metres,No physical crossing within 50 meters,Daylight: Street light present,Fine without high winds,Dry,None,None,1,Yes,E01004248,2005
5892,200501HT20473,536810.0,181650.0,-0.029635,51.517158,1,3,3,1,20/07/2005,4,18:40,5,E09000030,3,1205,Single carriageway,30,Automatic traffic signal,4,140,None within 50 metres,No physical crossing within 50 meters,Daylight: Street light present,Fine without high winds,Dry,None,None,1,Yes,E01004273,2005
5893,200501HT20474,537100.0,181020.0,-0.025703,51.511426,1,3,2,1,20/07/2005,4,16:40,5,E09000030,3,13,Single carriageway,30,Automatic traffic signal,3,13,None within 50 metres,Pedestrian phase at traffic signal junction,Daylight: Street light present,Fine without high winds,Dry,None,None,1,Yes,E01004252,2005
5894,200501HT20475,534130.0,181520.0,-0.068286,51.516632,1,3,2,1,17/07/2005,1,11:00,5,E09000030,3,11,Single carriageway,30,Giveway or uncontrolled,5,0,None within 50 metres,No physical crossing within 50 meters,Daylight: Street light present,Fine without high winds,Dry,None,None,1,Yes,E01004325,2005
5895,200501HT20476,535630.0,182130.0,-0.046446,51.521756,1,3,2,1,18/07/2005,2,19:30,5,E09000030,3,11,Single carriageway,30,Giveway or uncontrolled,4,120,None within 50 metres,No physical crossing within 50 meters,Daylight: Street light present,Fine without high winds,Dry,None,None,1,Yes,E01004290,2005
5896,200501HT20477,537000.0,180960.0,-0.027166,51.510911,1,3,2,1,16/07/2005,7,16:36,5,E09000030,6,0,Single carriageway,30,Giveway or uncontrolled,3,1206,None within 50 metres,No physical crossing within 50 meters,Daylight: Street light present,Fine without high winds,Dry,None,None,1,Yes,E01004252,2005
5897,200501HT20478,533770.0,180670.0,-0.073793,51.509078,1,3,2,1,22/07/2005,6,18:59,5,E09000030,3,100,Single carriageway,30,Automatic traffic signal,3,1203,None within 50 metres,No physical crossing within 50 meters,Daylight: Street light present,Fine without high winds,Dry,None,None,1,Yes,E01004293,2005
5898,200501HT20480,537310.0,179880.0,-0.023122,51.501131,1,3,2,1,25/07/2005,2,12:47,5,E09000030,6,0,Single carriageway,30,None,-1,0,None within 50 metres,non-junction pedestrian crossing,Daylight: Street light present,Fine without high winds,Dry,None,None,1,Yes,E01004278,2005
5899,200501HT20481,537180.0,180760.0,-0.024651,51.50907,1,3,1,1,24/07/2005,1,15:06,5,E09000030,4,123,Single carriageway,30,None,-1,0,None within 50 metres,No physical crossing within 50 meters,Daylight: Street light present,Raining without high winds,Wet/Damp,None,None,1,Yes,E01004277,2005
5900,200501HT20482,533470.0,182250.0,-0.077516,51.523348,1,3,1,1,15/07/2005,6,19:05,4,E09000012,3,10,Single carriageway,30,None,-1,0,None within 50 metres,No physical crossing within 50 meters,Daylight: Street light present,Fine without high winds,Dry,None,None,1,Yes,E01001771,2005
5901,200501HT20483,536700.0,183490.0,-0.030506,51.533719,1,3,2,2,24/07/2005,1,13:30,5,E09000030,6,0,Single carriageway,30,Giveway or uncontrolled,6,0,None within 50 metres,No physical crossing within 50 meters,Daylight: Street light present,Fine without high winds,Dry,None,None,1,Yes,E01004222,2005
5902,200501HT20484,536830.0,181660.0,-0.029343,51.517243,1,3,3,1,06/07/2005,4,16:00,5,E09000030,4,140,Single carriageway,30,None,-1,0,None within 50 metres,No physical crossing within 50 meters,Daylight: Street light present,Fine without high winds,Dry,None,None,1,Yes,E01004273,2005
5903,200501HT20485,536990.0,180430.0,-0.027516,51.506151,1,2,2,1,20/07/2005,4,12:05,5,E09000030,3,1206,Roundabout,30,Giveway or uncontrolled,3,1206,None within 50 metres,No physical crossing within 50 meters,Daylight: Street light present,Fine without high winds,Dry,None,None,1,Yes,E01004277,2005
5904,200501HT20486,534060.0,181470.0,-0.069313,51.516199,1,3,2,1,02/08/2005,3,06:40,5,E09000030,3,11,Single carriageway,30,Automatic traffic signal,4,134,None within 50 metres,No physical crossing within 50 meters,Daylight: Street light present,Fine without high winds,Dry,None,None,1,No,E01004325,2005
5905,200501HT20488,536290.0,182750.0,-0.036699,51.527168,1,3,1,1,18/07/2005,2,12:01,5,E09000030,3,1205,Single carriageway,30,None,-1,0,None within 50 metres,No physical crossing within 50 meters,Daylight: Street light present,Fine without high winds,Dry,None,None,1,Yes,E01004232,2005
5906,200501HT20489,538850.0,181190.0,-0.000433,51.512527,1,3,3,2,20/06/2005,2,15:20,5,E09000030,3,13,Dual carriageway,50,Automatic traffic signal,3,1268,None within 50 metres,No physical crossing within 50 meters,Daylight: Street light present,Fine without high winds,Dry,Auto traffic signal partly defective,None,1,Yes,E01004220,2005
5907,200501HT20490,537730.0,180990.0,-0.016641,51.511003,1,3,2,1,25/07/2005,2,14:40,5,E09000030,3,13,Single carriageway,30,None,-1,0,None within 50 metres,No physical crossing within 50 meters,Daylight: Street light present,Fine without high winds,Dry,None,None,1,Yes,E01004244,2005
5908,200501HT20491,534490.0,181720.0,-0.063024,51.518344,1,3,2,1,15/06/2005,4,07:50,5,E09000030,3,11,Single carriageway,30,Automatic traffic signal,4,108,None within 50 metres,Pedestrian phase at traffic signal junction,Daylight: Street light present,Raining without high winds,Wet/Damp,None,None,1,Yes,E01004309,2005
5909,200501HT20492,535360.0,180780.0,-0.050853,51.509689,1,3,1,1,17/07/2005,1,15:38,5,E09000030,3,1203,Single carriageway,30,Automatic traffic signal,3,1204,None within 50 metres,Pedestrian phase at traffic signal junction,Daylight: Street light present,Fine without high winds,Dry,None,None,1,Yes,E01004303,2005
5910,200501HT20494,538620.0,180510.0,-0.004013,51.506473,1,3,3,1,08/02/2005,3,18:20,5,E09000030,3,102,One way street,30,None,-1,0,None within 50 metres,No physical crossing within 50 meters,Darkness: Street lights present and lit,Fine without high winds,Dry,None,None,1,No,E01004220,2005
5911,200501HT20495,535980.0,182220.0,-0.04137,51.52248,1,3,2,1,28/07/2005,5,13:07,5,E09000030,3,11,Dual carriageway,30,None,-1,0,None within 50 metres,non-junction pedestrian crossing,Daylight: Street light present,Fine without high winds,Dry,None,None,1,Yes,E01004261,2005
5912,200501HT20496,537250.0,181810.0,-0.023235,51.518489,1,3,2,2,06/08/2005,7,21:42,5,E09000030,5,0,Single carriageway,30,Automatic traffic signal,4,140,None within 50 metres,Pedestrian phase at traffic signal junction,Darkness: Street lights present and lit,Fine without high winds,Dry,Auto traffic singal out,None,1,Yes,E01004272,2005
5913,200501HT20497,533690.0,182790.0,-0.074142,51.528149,1,2,2,1,08/08/2005,2,08:31,5,E09000030,4,118,Single carriageway,30,Giveway or uncontrolled,6,0,None within 50 metres,No physical crossing within 50 meters,Daylight: Street light present,Fine without high winds,Dry,None,None,1,Yes,E01004311,2005
5914,200501HT20498,534690.0,180720.0,-0.060525,51.509309,1,2,1,2,07/08/2005,1,14:35,5,E09000030,3,1203,Single carriageway,30,Giveway or uncontrolled,4,108,None within 50 metres,No physical crossing within 50 meters,Daylight: Street light present,Fine without high winds,Dry,None,None,1,Yes,E01004294,2005
5915,200501HT20499,533630.0,181980.0,-0.075313,51.520884,1,3,2,1,03/08/2005,4,07:38,5,E09000030,3,1202,Single carriageway,30,None,-1,0,None within 50 metres,No physical crossing within 50 meters,Daylight: Street light present,Fine without high winds,Dry,None,None,1,Yes,E01004307,2005
5916,200501HT20500,534260.0,181320.0,-0.066489,51.514804,1,2,2,1,01/08/2005,2,19:48,5,E09000030,3,13,Single carriageway,30,Giveway or uncontrolled,3,13,None within 50 metres,No physical crossing within 50 meters,Daylight: Street light present,Fine without high winds,Dry,None,None,1,Yes,E01004325,2005
5917,200501HT20501,534940.0,181880.0,-0.056481,51.519674,1,3,2,1,24/07/2005,1,14:45,5,E09000030,3,11,Single carriageway,30,Automatic traffic signal,3,11,None within 50 metres,Pedestrian phase at traffic signal junction,Daylight: Street light present,Fine without high winds,Dry,None,None,1,No,E01004322,2005
5918,200501HT20502,538310.0,181340.0,-0.008151,51.514007,1,3,2,3,26/06/2005,1,18:00,5,E09000030,3,12,Dual carriageway,40,None,-1,0,None within 50 metres,No physical crossing within 50 meters,Daylight: Street light present,Fine without high winds,Dry,None,None,1,Yes,E01004249,2005
5919,200501HT20503,535590.0,181180.0,-0.047387,51.513228,1,3,2,1,29/07/2005,6,13:15,5,E09000030,3,13,Single carriageway,30,Giveway or uncontrolled,6,0,None within 50 metres,No physical crossing within 50 meters,Daylight: Street light present,Fine without high winds,Dry,None,None,1,Yes,E01004305,2005
5920,200501HT20504,537770.0,180990.0,-0.016065,51.510994,1,3,1,1,06/08/2005,7,15:59,5,E09000030,3,13,Single carriageway,30,Giveway or uncontrolled,6,0,None within 50 metres,Zebra crossing,Daylight: Street light present,Fine without high winds,Dry,None,None,1,Yes,E01004244,2005
5921,200501HT20505,536030.0,183140.0,-0.040294,51.530736,1,3,2,2,27/07/2005,4,10:38,5,E09000030,4,135,Single carriageway,30,Automatic traffic signal,3,1205,None within 50 metres,No physical crossing within 50 meters,Daylight: Street light present,Fine without high winds,Dry,None,None,1,Yes,E01004230,2005
5922,200501HT20507,535170.0,181260.0,-0.053406,51.514048,1,3,2,1,03/08/2005,4,09:20,5,E09000030,3,13,Single carriageway,30,Giveway or uncontrolled,3,13,None within 50 metres,No physical crossing within 50 meters,Daylight: Street light present,Fine without high winds,Dry,None,None,1,Yes,E01004326,2005
5923,200501HT20508,538180.0,180600.0,-0.010313,51.507389,1,3,2,1,07/08/2005,1,14:40,5,E09000030,3,1261,Dual carriageway,50,None,-1,0,None within 50 metres,No physical crossing within 50 meters,Daylight: Street light present,Fine without high winds,Dry,None,None,1,No,E01004219,2005
5924,200501HT20510,534320.0,181310.0,-0.065629,51.514699,1,3,2,1,03/08/2005,4,22:12,5,E09000030,3,13,Single carriageway,30,Giveway or uncontrolled,6,0,None within 50 metres,non-junction pedestrian crossing,Darkness: Street lights present and lit,Fine without high winds,Dry,None,None,1,Yes,E01004320,2005
5925,200501HT20511,534700.0,181790.0,-0.059973,51.518923,1,3,2,1,15/07/2005,6,18:15,5,E09000030,3,11,Dual carriageway,30,Giveway or uncontrolled,6,0,None within 50 metres,No physical crossing within 50 meters,Daylight: Street light present,Fine without high winds,Dry,None,None,1,No,E01004322,2005
5926,200501HT20512,537430.0,182870.0,-0.020229,51.527971,1,3,2,1,14/07/2005,5,13:10,5,E09000030,3,11,Dual carriageway,30,None,-1,0,None within 50 metres,No physical crossing within 50 meters,Daylight: Street light present,Fine without high winds,Dry,None,None,1,Yes,E01004225,2005
5927,200501HT20513,537530.0,180610.0,-0.01967,51.507637,1,3,3,1,13/07/2005,4,08:05,5,E09000030,3,1261,Dual carriageway,50,None,-1,0,None within 50 metres,No physical crossing within 50 meters,Daylight: Street light present,Fine without high winds,Dry,None,None,1,Yes,E01004277,2005
5928,200501HT20514,535390.0,182770.0,-0.049657,51.527564,1,3,1,1,12/07/2005,3,17:05,5,E09000030,6,0,Single carriageway,30,None,-1,0,None within 50 metres,No physical crossing within 50 meters,Daylight: Street light present,Fine without high winds,Dry,None,None,1,Yes,E01004259,2005
5929,200501HT20515,537520.0,180620.0,-0.01981,51.50773,1,3,3,1,12/07/2005,3,13:20,5,E09000030,3,1261,Single carriageway,50,Giveway or uncontrolled,6,0,None within 50 metres,No physical crossing within 50 meters,Daylight: Street light present,Fine without high winds,Dry,None,None,1,Yes,E01004277,2005
5930,200501HT20516,535340.0,182830.0,-0.050355,51.528116,1,3,1,1,29/07/2005,6,10:40,5,E09000030,4,135,Single carriageway,30,Giveway or uncontrolled,6,0,None within 50 metres,Zebra crossing,Daylight: Street light present,Fine without high winds,Dry,None,None,1,Yes,E01004259,2005
5931,200501HT20517,536030.0,183150.0,-0.040291,51.530826,1,3,2,1,07/08/2005,1,21:25,5,E09000030,4,135,Single carriageway,30,Automatic traffic signal,3,1205,None within 50 metres,No physical crossing within 50 meters,Darkness: Street lights present and lit,Fine without high winds,Dry,None,None,1,Yes,E01004234,2005
5932,200501HT20519,537520.0,183300.0,-0.018765,51.531813,1,3,2,1,06/08/2005,7,15:30,5,E09000030,3,12,Dual carriageway,40,None,-1,0,None within 50 metres,No physical crossing within 50 meters,Daylight: Street light present,Fine without high winds,Dry,None,None,1,Yes,E01004227,2005
5933,200501HT20521,538120.0,182390.0,-0.010477,51.523489,1,3,1,1,03/08/2005,4,23:05,5,E09000030,6,0,Single carriageway,30,Giveway or uncontrolled,6,0,None within 50 metres,No physical crossing within 50 meters,Darkness: Street lights present and lit,Fine without high winds,Dry,None,None,1,Yes,E01004238,2005
5934,200501HT20522,535800.0,181170.0,-0.044367,51.513088,1,3,2,1,20/06/2005,2,23:00,5,E09000030,3,13,Single carriageway,30,Giveway or uncontrolled,6,0,None within 50 metres,No physical crossing within 50 meters,Darkness: Street lights present and lit,Fine without high winds,Dry,None,None,1,Yes,E01004305,2005
5935,200501HT20524,537880.0,183050.0,-0.013676,51.529479,1,3,2,1,30/07/2005,7,10:30,5,E09000030,3,11,Roundabout,30,Giveway or uncontrolled,3,12,None within 50 metres,No physical crossing within 50 meters,Daylight: Street light present,Fine without high winds,Dry,None,None,1,No,E01004235,2005
5936,200501HT20525,536400.0,181790.0,-0.035486,51.518515,1,3,1,1,30/06/2005,5,11:55,5,E09000030,4,140,Single carriageway,30,Giveway or uncontrolled,6,0,None within 50 metres,No physical crossing within 50 meters,Daylight: Street light present,Fine without high winds,Dry,None,None,1,Yes,E01004270,2005
5937,200501HT20526,536510.0,182540.0,-0.033611,51.525228,1,3,2,1,11/08/2005,5,09:00,5,E09000030,3,11,Single carriageway,30,None,-1,0,None within 50 metres,No physical crossing within 50 meters,Daylight: Street light present,Fine without high winds,Dry,None,None,1,Yes,E01004269,2005
5938,200501HT20527,534680.0,181310.0,-0.060444,51.514614,1,3,2,1,11/08/2005,5,18:13,5,E09000030,3,13,Single carriageway,30,Giveway or uncontrolled,6,0,None within 50 metres,No physical crossing within 50 meters,Daylight: Street light present,Fine without high winds,Dry,None,None,1,Yes,E01004304,2005
5939,200501HT20528,535250.0,181990.0,-0.051974,51.520589,1,3,2,1,12/08/2005,6,21:20,5,E09000030,3,11,Single carriageway,30,Giveway or uncontrolled,5,0,None within 50 metres,No physical crossing within 50 meters,Darkness: Street lights present and lit,Fine without high winds,Dry,None,None,1,Yes,E01004290,2005
5940,200501HT20529,533960.0,181380.0,-0.070787,51.515414,1,3,2,1,09/08/2005,3,12:10,5,E09000030,3,11,Single carriageway,30,Giveway or uncontrolled,3,11,None within 50 metres,No physical crossing within 50 meters,Daylight: Street light present,Fine without high winds,Dry,None,None,1,Yes,E01004325,2005
5941,200501HT20530,534030.0,181450.0,-0.069753,51.516026,1,2,2,1,11/08/2005,5,00:50,5,E09000030,3,11,Single carriageway,30,Automatic traffic signal,4,134,None within 50 metres,No physical crossing within 50 meters,Darkness: Street lights present and lit,Fine without high winds,Dry,None,None,1,No,E01004325,2005
5942,200501HT20531,538150.0,180970.0,-0.010601,51.510721,1,3,1,1,11/08/2005,5,19:45,5,E09000030,3,1206,Single carriageway,30,None,-1,0,None within 50 metres,No physical crossing within 50 meters,Daylight: Street light present,Fine without high winds,Dry,None,None,1,Yes,E01004219,2005
5943,200501HT20532,533430.0,182670.0,-0.077933,51.527132,1,3,2,1,09/08/2005,3,10:25,4,E09000012,3,1208,Single carriageway,30,Giveway or uncontrolled,3,10,None within 50 metres,No physical crossing within 50 meters,Daylight: Street light present,Fine without high winds,Dry,None,None,1,Yes,E01001771,2005
5944,200501HT20533,534420.0,182150.0,-0.063869,51.522224,1,3,3,1,12/08/2005,6,09:06,5,E09000030,6,0,Single carriageway,30,Giveway or uncontrolled,6,0,None within 50 metres,No physical crossing within 50 meters,Daylight: Street light present,Fine without high winds,Dry,None,None,1,Yes,E01004205,2005
5945,200501HT20534,534510.0,181720.0,-0.062736,51.518339,1,3,2,1,17/07/2005,1,18:30,5,E09000030,3,11,Dual carriageway,30,Automatic traffic signal,4,108,None within 50 metres,Pedestrian phase at traffic signal junction,Daylight: Street light present,Fine without high winds,Dry,None,None,1,No,E01004322,2005
5946,200501HT20535,537510.0,181470.0,-0.019623,51.51537,1,3,2,1,10/08/2005,4,11:30,5,E09000030,5,0,Single carriageway,30,None,-1,0,None within 50 metres,No physical crossing within 50 meters,Daylight: Street light present,Fine without high winds,Dry,None,None,1,Yes,E01004250,2005
5947,200501HT20536,535600.0,181180.0,-0.047243,51.513226,1,3,2,1,06/08/2005,7,11:20,5,E09000030,3,13,Single carriageway,30,Giveway or uncontrolled,6,0,None within 50 metres,non-junction pedestrian crossing,Daylight: Street light present,Fine without high winds,Dry,None,None,1,Yes,E01004305,2005
5948,200501HT20537,536770.0,180610.0,-0.030614,51.507822,1,3,2,1,29/07/2005,6,22:15,5,E09000030,3,1203,Dual carriageway,30,None,-1,0,None within 50 metres,No physical crossing within 50 meters,Darkness: Street lights present and lit,Fine without high winds,Dry,None,None,1,No,E01004258,2005
5949,200501HT20540,533860.0,181910.0,-0.072027,51.5202,1,3,2,1,17/08/2005,4,13:45,5,E09000030,5,0,Single carriageway,30,Giveway or uncontrolled,4,134,None within 50 metres,No physical crossing within 50 meters,Daylight: Street light present,Fine without high winds,Dry,None,None,1,No,E01004307,2005
5950,200501HT20541,536220.0,182370.0,-0.037854,51.52377,1,3,2,1,13/08/2005,7,17:01,5,E09000030,3,11,Single carriageway,30,None,-1,0,None within 50 metres,No physical crossing within 50 meters,Daylight: Street light present,Raining without high winds,Wet/Damp,None,None,1,No,E01004261,2005
5951,200501HT20542,537240.0,178860.0,-0.024526,51.491982,1,3,2,1,16/08/2005,3,07:30,5,E09000030,3,1206,Single carriageway,30,Giveway or uncontrolled,6,0,None within 50 metres,No physical crossing within 50 meters,Daylight: Street light present,Fine without high winds,Dry,None,None,1,No,E01004282,2005
5952,200501HT20543,538260.0,179730.0,-0.009502,51.499551,1,3,2,2,03/07/2005,1,17:00,5,E09000030,3,1206,Dual carriageway,30,Giveway or uncontrolled,5,0,None within 50 metres,Zebra crossing,Daylight: Street light present,Fine without high winds,Dry,None,None,1,Yes,E01004221,2005
5953,200501HT20544,535000.0,181750.0,-0.055667,51.518492,1,3,2,1,20/08/2005,7,12:38,5,E09000030,6,0,Single carriageway,30,Giveway or uncontrolled,6,0,None within 50 metres,No physical crossing within 50 meters,Daylight: Street light present,Fine without high winds,Dry,None,None,1,Yes,E01004322,2005
5954,200501HT20545,538620.0,181140.0,-0.003765,51.512134,1,3,3,1,12/08/2005,6,11:39,5,E09000030,3,13,Dual carriageway,50,None,-1,0,None within 50 metres,No physical crossing within 50 meters,Daylight: Street light present,Fine without high winds,Dry,None,None,1,Yes,E01004243,2005
5955,200501HT20546,537490.0,181090.0,-0.020059,51.51196,1,3,1,1,12/08/2005,6,17:37,5,E09000030,5,0,Single carriageway,30,Giveway or uncontrolled,6,0,None within 50 metres,Zebra crossing,Daylight: Street light present,Fine without high winds,Dry,None,None,1,Yes,E01004244,2005
5956,200501HT20547,537870.0,179760.0,-0.015106,51.499916,1,3,2,2,15/08/2005,2,16:20,5,E09000030,5,0,Single carriageway,30,Giveway or uncontrolled,6,0,None within 50 metres,No physical crossing within 50 meters,Daylight: Street light present,Fine without high winds,Dry,None,None,1,Yes,E01004215,2005
5957,200501HT20548,537440.0,180640.0,-0.020954,51.507929,1,3,2,1,15/08/2005,2,13:05,5,E09000030,3,1261,Dual carriageway,40,Automatic traffic signal,3,1261,None within 50 metres,No physical crossing within 50 meters,Daylight: Street light present,Fine without high winds,Dry,None,None,1,Yes,E01004277,2005
5958,200501HT20549,536080.0,183060.0,-0.039605,51.530005,1,3,2,1,23/06/2005,5,13:30,5,E09000030,3,1205,Single carriageway,30,None,-1,0,None within 50 metres,Zebra crossing,Daylight: Street light present,Fine without high winds,Dry,None,None,1,Yes,E01004230,2005
5959,200501HT20550,535060.0,181270.0,-0.054986,51.514164,1,3,1,2,26/08/2005,6,18:38,5,E09000030,3,13,Dual carriageway,30,Giveway or uncontrolled,6,0,None within 50 metres,No physical crossing within 50 meters,Daylight: Street light present,Fine without high winds,Dry,None,None,1,Yes,E01004298,2005
5960,200501HT20551,537880.0,183060.0,-0.013672,51.529568,1,3,2,1,24/08/2005,4,09:49,5,E09000030,3,11,Roundabout,30,Giveway or uncontrolled,3,12,None within 50 metres,No physical crossing within 50 meters,Daylight: Street light present,Raining without high winds,Wet/Damp,None,None,1,Yes,E01004235,2005
5961,200501HT20552,534950.0,182930.0,-0.055935,51.529107,1,3,1,1,13/08/2005,7,13:34,5,E09000030,3,107,Single carriageway,30,Stop Sign,4,118,None within 50 metres,No physical crossing within 50 meters,Daylight: Street light present,Fine without high winds,Dry,None,None,1,Yes,E01004203,2005
5962,200501HT20553,534950.0,182930.0,-0.055935,51.529107,1,3,2,1,16/08/2005,3,08:25,5,E09000030,3,107,Single carriageway,30,Automatic traffic signal,4,118,None within 50 metres,Pedestrian phase at traffic signal junction,Daylight: Street light present,Fine without high winds,Dry,None,None,1,Yes,E01004203,2005
5963,200501HT20554,533690.0,181710.0,-0.074551,51.518443,1,3,2,3,19/08/2005,6,23:05,5,E09000030,3,1202,Dual carriageway,30,None,-1,0,None within 50 metres,No physical crossing within 50 meters,Darkness: Street lights present and lit,Fine without high winds,Wet/Damp,None,None,1,Yes,E01004307,2005
5964,200501HT20555,536060.0,181130.0,-0.040638,51.512666,1,3,3,1,17/08/2005,4,09:24,5,E09000030,3,13,Single carriageway,30,None,-1,0,None within 50 metres,No physical crossing within 50 meters,Daylight: Street light present,Fine without high winds,Dry,None,None,1,Yes,E01004299,2005
5965,200501HT20557,537150.0,180160.0,-0.025317,51.503686,1,3,2,1,17/08/2005,4,13:02,5,E09000030,3,1206,Roundabout,30,Giveway or uncontrolled,5,0,None within 50 metres,No physical crossing within 50 meters,Daylight: Street light present,Fine without high winds,Dry,None,None,1,No,E01004278,2005
5966,200501HT20559,538450.0,181080.0,-0.006237,51.511636,1,3,5,1,18/08/2005,5,13:00,5,E09000030,3,13,Dual carriageway,40,None,-1,0,None within 50 metres,No physical crossing within 50 meters,Daylight: Street light present,Fine without high winds,Dry,None,None,1,Yes,E01004219,2005
5967,200501HT20560,533630.0,180170.0,-0.075999,51.504618,48,3,2,1,23/08/2005,3,16:30,570,E09000001,3,100,Single carriageway,30,None,-1,0,None within 50 metres,No physical crossing within 50 meters,Daylight: Street light present,Fine without high winds,Dry,None,None,1,No,,2005
5968,200501HT20561,537870.0,183040.0,-0.013824,51.529391,1,3,2,1,01/09/2005,5,12:20,5,E09000030,3,11,Roundabout,30,Automatic traffic signal,3,12,None within 50 metres,Pedestrian phase at traffic signal junction,Daylight: Street light present,Fine without high winds,Dry,None,None,1,Yes,E01004235,2005
5969,200501HT20562,537480.0,182890.0,-0.019501,51.528138,1,3,1,1,02/08/2005,3,11:50,5,E09000030,3,11,Dual carriageway,30,Giveway or uncontrolled,4,142,None within 50 metres,No physical crossing within 50 meters,Daylight: Street light present,Fine without high winds,Dry,None,None,1,No,E01004225,2005
5970,200501HT20563,537090.0,180350.0,-0.026107,51.505408,1,3,2,1,15/08/2005,2,18:40,5,E09000030,3,1206,Roundabout,30,Giveway or uncontrolled,3,1206,None within 50 metres,No physical crossing within 50 meters,Daylight: Street light present,Fine without high winds,Dry,None,None,1,No,E01004277,2005
5971,200501HT20565,535900.0,181570.0,-0.042773,51.516658,1,3,2,3,29/08/2005,2,18:55,5,E09000030,4,121,Single carriageway,30,Giveway or uncontrolled,5,0,None within 50 metres,No physical crossing within 50 meters,Daylight: Street light present,Fine without high winds,Dry,None,None,1,No,E01004288,2005
5972,200501HT20566,537570.0,180970.0,-0.018953,51.510863,1,3,1,1,22/08/2005,2,16:43,5,E09000030,3,13,Single carriageway,30,Automatic traffic signal,6,0,None within 50 metres,Pedestrian phase at traffic signal junction,Daylight: Street light present,Raining without high winds,Wet/Damp,None,None,1,Yes,E01004244,2005
5973,200501HT20567,534190.0,180670.0,-0.067745,51.508979,1,3,2,1,30/08/2005,3,21:57,5,E09000030,3,1203,Single carriageway,40,Automatic traffic signal,3,1202,None within 50 metres,Pedestrian phase at traffic signal junction,Darkness: Street lights present and lit,Fine without high winds,Dry,None,None,1,Yes,E01004294,2005
5974,200501HT20568,537110.0,181770.0,-0.025267,51.518163,1,3,2,2,23/08/2005,3,07:59,5,E09000030,4,140,Single carriageway,30,None,-1,0,None within 50 metres,No physical crossing within 50 meters,Daylight: Street light present,Fine without high winds,Dry,None,None,1,Yes,E01004272,2005
5975,200501HT20569,533770.0,180680.0,-0.073789,51.509168,1,3,2,1,08/08/2005,2,01:05,5,E09000030,3,100,Dual carriageway,30,Automatic traffic signal,3,1203,None within 50 metres,Pedestrian phase at traffic signal junction,Darkness: Street lights present and lit,Fine without high winds,Dry,None,None,1,Yes,E01004293,2005
5976,200501HT20570,534740.0,180730.0,-0.059801,51.509387,1,2,2,1,12/08/2005,6,17:29,5,E09000030,3,1203,Dual carriageway,50,None,-1,0,None within 50 metres,No physical crossing within 50 meters,Daylight: Street light present,Fine without high winds,Dry,None,None,1,Yes,E01004296,2005
5977,200501HT20571,533640.0,180730.0,-0.075643,51.509648,1,2,3,2,26/08/2005,6,21:16,5,E09000030,3,100,Single carriageway,30,None,-1,0,None within 50 metres,non-junction pedestrian crossing,Darkness: Street lights present and lit,Fine without high winds,Dry,None,None,1,Yes,E01004293,2005
5978,200501HT20572,534100.0,180750.0,-0.06901,51.509719,1,3,1,1,27/08/2005,7,19:17,5,E09000030,6,0,One way street,30,None,-1,0,None within 50 metres,No physical crossing within 50 meters,Daylight: Street light present,Fine without high winds,Dry,None,None,1,Yes,E01004294,2005
5979,200501HT20573,534840.0,183480.0,-0.05731,51.534076,1,3,2,1,29/08/2005,2,08:08,4,E09000012,3,106,Single carriageway,30,Giveway or uncontrolled,3,107,None within 50 metres,No physical crossing within 50 meters,Daylight: Street light present,Fine without high winds,Dry,None,None,1,Yes,E01004197,2005
5980,200501HT20574,538840.0,181210.0,-0.000569,51.512709,1,3,2,1,28/08/2005,1,23:40,5,E09000030,3,13,Dual carriageway,30,Giveway or uncontrolled,3,1268,None within 50 metres,No physical crossing within 50 meters,Darkness: Street lights present and lit,Fine without high winds,Dry,None,None,1,Yes,E01004220,2005
5981,200501HT20575,538270.0,181060.0,-0.008837,51.511501,1,3,2,4,04/09/2005,1,00:05,5,E09000030,3,13,Dual carriageway,30,Automatic traffic signal,3,12,None within 50 metres,Pedestrian phase at traffic signal junction,Darkness: Street lights present and lit,Fine without high winds,Dry,None,None,1,Yes,E01004247,2005
5982,200501HT20576,534330.0,182830.0,-0.064906,51.528357,1,3,2,1,24/08/2005,4,20:40,5,E09000030,4,108,Single carriageway,30,Automatic traffic signal,4,118,None within 50 metres,Pedestrian phase at traffic signal junction,Darkness: Street lights present and lit,Fine without high winds,Dry,None,None,1,No,E01004204,2005
5983,200501HT20577,536620.0,183670.0,-0.031588,51.535356,1,3,1,1,30/08/2005,3,15:50,5,E09000030,4,118,Single carriageway,30,Giveway or uncontrolled,6,0,None within 50 metres,No physical crossing within 50 meters,Daylight: Street light present,Fine without high winds,Dry,None,None,1,Yes,E01004222,2005
5984,200501HT20578,534600.0,181310.0,-0.061596,51.514633,1,3,2,1,29/08/2005,2,22:00,5,E09000030,3,13,Single carriageway,30,None,-1,0,None within 50 metres,No physical crossing within 50 meters,Darkness: Street lights present and lit,Fine without high winds,Dry,None,None,1,No,E01004304,2005
5985,200501HT20580,535000.0,181280.0,-0.055847,51.514268,1,2,2,1,23/08/2005,3,09:55,5,E09000030,6,0,Dual carriageway,30,Giveway or uncontrolled,3,13,None within 50 metres,No physical crossing within 50 meters,Daylight: Street light present,Fine without high winds,Dry,None,None,1,Yes,E01004298,2005
5986,200501HT20582,536000.0,181120.0,-0.041506,51.51259,1,2,2,1,15/01/2005,7,07:00,5,E09000030,3,13,Single carriageway,30,Automatic traffic signal,4,126,None within 50 metres,No physical crossing within 50 meters,Daylight: Street light present,Fine without high winds,Dry,None,None,1,Yes,E01004299,2005
5987,200501HT20583,533540.0,182100.0,-0.076564,51.521984,1,3,2,1,01/08/2005,2,14:27,5,E09000030,3,1202,Single carriageway,30,Giveway or uncontrolled,3,1202,None within 50 metres,No physical crossing within 50 meters,Daylight: Street light present,Fine without high winds,Dry,None,None,1,Yes,E01004307,2005
5988,200501HT20584,535160.0,181960.0,-0.053282,51.52034,1,3,2,2,29/08/2005,2,19:35,5,E09000030,3,11,Single carriageway,30,None,-1,0,None within 50 metres,No physical crossing within 50 meters,Daylight: Street light present,Fine without high winds,Dry,None,None,1,Yes,E01004208,2005
5989,200501HT20585,538050.0,182520.0,-0.011434,51.524674,1,3,2,2,25/08/2005,5,22:45,5,E09000030,3,12,Dual carriageway,50,None,-1,0,None within 50 metres,No physical crossing within 50 meters,Darkness: Street lights present and lit,Fine without high winds,Dry,None,None,1,Yes,E01004238,2005
5990,200501HT20586,536930.0,181060.0,-0.028135,51.511827,1,3,2,1,27/08/2005,7,00:24,5,E09000030,3,13,Single carriageway,30,Automatic traffic signal,3,1205,None within 50 metres,Pedestrian phase at traffic signal junction,Darkness: Street lights present and lit,Fine without high winds,Dry,None,None,1,Yes,E01004252,2005
5991,200501HT20587,534480.0,181720.0,-0.063168,51.518346,1,2,2,1,01/09/2005,5,12:09,5,E09000030,3,11,Single carriageway,30,Automatic traffic signal,4,108,None within 50 metres,Pedestrian phase at traffic signal junction,Daylight: Street light present,Fine without high winds,Dry,None,None,1,Yes,E01004309,2005
5992,200501HT20588,538890.0,180940.0,4.3e-05,51.51027,1,3,3,2,25/08/2005,5,08:08,5,E09000030,3,1261,Roundabout,40,Automatic traffic signal,6,0,None within 50 metres,Pedestrian phase at traffic signal junction,Daylight: Street light present,Fine without high winds,Dry,None,None,1,Yes,E01004220,2005
5993,200501HT20589,536900.0,182690.0,-0.027935,51.526482,1,3,2,1,16/08/2005,3,13:30,5,E09000030,6,0,Dual carriageway,50,Automatic traffic signal,3,11,None within 50 metres,Pedestrian phase at traffic signal junction,Daylight: Street light present,Fine without high winds,Dry,None,None,1,Yes,E01004268,2005
5994,200501HT20590,536940.0,181110.0,-0.027972,51.512274,1,3,1,1,27/08/2005,7,10:45,5,E09000030,3,1205,Single carriageway,30,None,-1,0,None within 50 metres,No physical crossing within 50 meters,Daylight: Street light present,Fine without high winds,Dry,None,None,1,Yes,E01004252,2005
5995,200501HT20591,537600.0,180970.0,-0.018521,51.510855,1,3,1,1,26/08/2005,6,12:00,5,E09000030,3,13,Single carriageway,30,Giveway or uncontrolled,6,0,None within 50 metres,No physical crossing within 50 meters,Daylight: Street light present,Fine without high winds,Dry,None,None,1,Yes,E01004244,2005
5996,200501HT20592,537870.0,183040.0,-0.013824,51.529391,1,3,2,2,21/08/2005,1,13:05,5,E09000030,3,12,Roundabout,30,Automatic traffic signal,3,11,None within 50 metres,Pedestrian phase at traffic signal junction,Daylight: Street light present,Fine without high winds,Dry,None,None,1,Yes,E01004235,2005
5997,200501HT20594,537260.0,181790.0,-0.023099,51.518307,1,3,1,2,22/08/2005,2,20:22,5,E09000030,5,0,Single carriageway,30,Automatic traffic signal,4,140,None within 50 metres,Pedestrian phase at traffic signal junction,Darkness: Street lights present and lit,Raining without high winds,Wet/Damp,None,None,1,Yes,E01004272,2005
5998,200501HT20595,536010.0,180900.0,-0.041447,51.510611,1,3,2,1,23/08/2005,3,17:50,5,E09000030,3,1203,Dual carriageway,50,None,-1,0,None within 50 metres,No physical crossing within 50 meters,Daylight: Street light present,Fine without high winds,Dry,None,None,1,Yes,E01004299,2005
5999,200501HT20596,533950.0,181390.0,-0.070928,51.515506,1,2,3,1,18/08/2005,5,07:05,5,E09000030,3,11,Dual carriageway,50,Automatic traffic signal,3,11,None within 50 metres,Pedestrian phase at traffic signal junction,Daylight: Street light present,Fine without high winds,Dry,None,None,1,Yes,E01004325,2005
6000,200501HT20597,535160.0,181270.0,-0.053546,51.51414,1,3,1,1,01/09/2005,5,11:30,5,E09000030,5,0,Single carriageway,30,Automatic traffic signal,3,13,None within 50 metres,Pedestrian phase at traffic signal junction,Daylight: Street light present,Fine without high winds,Dry,None,None,1,Yes,E01004326,2005
6001,200501HT20598,537750.0,180990.0,-0.016353,51.510999,1,3,1,2,21/08/2005,1,03:30,5,E09000030,3,13,Single carriageway,30,Automatic traffic signal,6,0,None within 50 metres,No physical crossing within 50 meters,Darkness: Street lights present and lit,Fine without high winds,Dry,None,None,1,Yes,E01004244,2005
6002,200501HT20599,535980.0,183260.0,-0.040968,51.531826,1,3,2,1,17/08/2005,4,13:44,5,E09000030,3,1205,Single carriageway,30,Giveway or uncontrolled,6,0,None within 50 metres,No physical crossing within 50 meters,Daylight: Street light present,Fine without high winds,Dry,None,None,1,Yes,E01004234,2005
6003,200501HT20600,536510.0,181710.0,-0.033932,51.517769,1,3,2,1,10/09/2005,7,00:55,5,E09000030,4,140,Single carriageway,30,Giveway or uncontrolled,5,0,None within 50 metres,No physical crossing within 50 meters,Darkness: Street lights present and lit,Fine without high winds,Dry,None,None,1,Yes,E01004273,2005
6004,200501HT20601,536540.0,182770.0,-0.03309,51.527288,1,3,2,1,06/09/2005,3,13:10,5,E09000030,6,0,Single carriageway,30,Giveway or uncontrolled,6,0,None within 50 metres,No physical crossing within 50 meters,Daylight: Street light present,Fine without high winds,Dry,None,None,1,Yes,E01004232,2005
6005,200501HT20602,535910.0,181160.0,-0.042786,51.512972,1,2,2,1,06/09/2005,3,14:07,5,E09000030,3,13,Single carriageway,30,Giveway or uncontrolled,6,0,None within 50 metres,No physical crossing within 50 meters,Daylight: Street light present,Fine without high winds,Dry,None,None,1,No,E01004299,2005
6006,200501HT20603,534590.0,181310.0,-0.06174,51.514635,1,3,2,1,31/08/2005,4,15:50,5,E09000030,3,13,Single carriageway,30,Automatic traffic signal,4,108,None within 50 metres,Pedestrian phase at traffic signal junction,Daylight: Street light present,Fine without high winds,Dry,None,None,1,No,E01004304,2005
6007,200501HT20605,535300.0,181840.0,-0.051311,51.519229,1,3,2,1,05/09/2005,2,11:45,5,E09000030,6,0,Single carriageway,30,Giveway or uncontrolled,6,0,None within 50 metres,No physical crossing within 50 meters,Daylight: Street light present,Fine without high winds,Dry,None,None,1,No,E01004324,2005
6008,200501HT20606,533780.0,181280.0,-0.073418,51.514558,1,3,2,1,08/09/2005,5,21:00,5,E09000030,3,11,Single carriageway,30,Giveway or uncontrolled,6,0,None within 50 metres,No physical crossing within 50 meters,Daylight: Street light present,Fine without high winds,Dry,None,None,1,Yes,E01004320,2005
6009,200501HT20607,534040.0,181460.0,-0.069605,51.516114,1,3,2,1,27/05/2005,6,16:45,5,E09000030,3,11,Single carriageway,30,Automatic traffic signal,4,134,None within 50 metres,No physical crossing within 50 meters,Daylight: Street light present,Fine without high winds,Dry,None,None,1,No,E01004309,2005
6010,200501HT20608,536840.0,184000.0,-0.02829,51.538268,1,3,1,1,12/09/2005,2,19:50,5,E09000030,5,0,Single carriageway,30,None,-1,0,None within 50 metres,No physical crossing within 50 meters,Daylight: Street light present,Fine without high winds,Dry,None,None,1,Yes,E01004223,2005
6011,200501HT20609,536440.0,182520.0,-0.034627,51.525065,1,3,2,3,11/09/2005,1,19:20,5,E09000030,3,11,Single carriageway,30,Automatic traffic signal,3,1205,None within 50 metres,Pedestrian phase at traffic signal junction,Daylight: Street light present,Fine without high winds,Dry,None,None,1,Yes,E01004232,2005
6012,200501HT20610,533860.0,182410.0,-0.071837,51.524694,1,3,2,4,10/09/2005,7,12:23,5,E09000030,3,1209,Single carriageway,30,Automatic traffic signal,4,134,None within 50 metres,Pedestrian phase at traffic signal junction,Daylight: Street light present,Fine without high winds,Dry,None,None,1,Yes,E01004317,2005
6013,200501HT20611,534800.0,181650.0,-0.058586,51.517641,1,3,1,1,08/09/2005,5,09:20,5,E09000030,5,0,Single carriageway,30,Giveway or uncontrolled,6,0,None within 50 metres,No physical crossing within 50 meters,Daylight: Street light present,Fine without high winds,Dry,None,None,1,Yes,E01004322,2005
6014,200501HT20612,534750.0,182370.0,-0.059031,51.524123,1,3,1,1,09/09/2005,6,12:17,5,E09000030,4,135,Single carriageway,30,None,-1,0,None within 50 metres,No physical crossing within 50 meters,Daylight: Street light present,Fine without high winds,Dry,None,None,1,Yes,E01004206,2005
6015,200501HT20613,533480.0,182380.0,-0.077322,51.524514,1,3,1,1,13/09/2005,3,12:00,4,E09000012,3,10,Single carriageway,30,Giveway or uncontrolled,6,0,None within 50 metres,non-junction pedestrian crossing,Daylight: Street light present,Fine without high winds,Dry,None,None,1,Yes,E01001771,2005
6016,200501HT20614,535490.0,181190.0,-0.048824,51.513342,1,3,2,1,13/09/2005,3,08:50,5,E09000030,6,0,Dual carriageway,50,Giveway or uncontrolled,3,13,None within 50 metres,non-junction pedestrian crossing,Daylight: Street light present,Fine without high winds,Dry,None,None,1,Yes,E01004305,2005
6017,200501HT20615,534130.0,181510.0,-0.06829,51.516542,1,3,2,1,26/07/2005,3,08:07,5,E09000030,3,11,Single carriageway,30,Giveway or uncontrolled,5,0,None within 50 metres,No physical crossing within 50 meters,Daylight: Street light present,Fine without high winds,Dry,None,None,1,Yes,E01004325,2005
6018,200501HT20616,538340.0,181220.0,-0.007766,51.512921,1,3,2,1,12/09/2005,2,18:25,5,E09000030,3,102,Slip road,30,Giveway or uncontrolled,3,102,None within 50 metres,No physical crossing within 50 meters,Daylight: Street light present,Fine without high winds,Dry,None,None,1,Yes,E01004247,2005
6019,200501HT20618,533870.0,182370.0,-0.071708,51.524332,1,3,1,1,04/09/2005,1,12:34,5,E09000030,4,134,Single carriageway,30,None,-1,0,None within 50 metres,No physical crossing within 50 meters,Daylight: Street light present,Fine without high winds,Dry,None,None,1,Yes,E01004317,2005
6020,200501HT20619,534570.0,182920.0,-0.061414,51.529108,1,3,1,1,16/09/2005,6,16:10,5,E09000030,4,118,Single carriageway,30,Giveway or uncontrolled,6,0,None within 50 metres,Zebra crossing,Daylight: Street light present,Fine without high winds,Dry,None,None,1,No,E01004203,2005
6021,200501HT20621,534060.0,181720.0,-0.069218,51.518446,1,3,2,1,26/09/2005,2,13:10,5,E09000030,6,0,Single carriageway,30,Giveway or uncontrolled,6,0,None within 50 metres,No physical crossing within 50 meters,Daylight: Street light present,Fine without high winds,Dry,None,None,1,No,E01004306,2005
6022,200501HT20622,534440.0,183080.0,-0.063226,51.530577,1,3,2,1,11/09/2005,1,18:50,5,E09000030,6,0,Single carriageway,30,Giveway or uncontrolled,6,0,None within 50 metres,No physical crossing within 50 meters,Daylight: Street light present,Fine without high winds,Dry,None,None,1,No,E01004200,2005
6023,200501HT20623,533880.0,181770.0,-0.071792,51.518938,1,3,1,1,17/09/2005,7,05:30,5,E09000030,4,134,Single carriageway,30,None,-1,0,None within 50 metres,No physical crossing within 50 meters,Darkness: Street lights present and lit,Fine without high winds,Dry,None,None,1,Yes,E01004306,2005
6024,200501HT20624,535550.0,180700.0,-0.048148,51.508924,1,2,2,1,10/09/2005,7,14:30,5,E09000030,3,101,Dual carriageway,30,None,-1,0,None within 50 metres,No physical crossing within 50 meters,Daylight: Street light present,Fine without high winds,Dry,None,None,1,No,E01004303,2005
6025,200501HT20625,537950.0,181010.0,-0.013465,51.51113,1,3,1,1,01/09/2005,5,16:30,5,E09000030,3,13,Single carriageway,30,Automatic traffic signal,5,0,None within 50 metres,Pedestrian phase at traffic signal junction,Daylight: Street light present,Fine without high winds,Dry,None,None,1,Yes,E01004247,2005
6026,200501HT20627,537110.0,180160.0,-0.025893,51.503696,1,3,2,2,17/09/2005,7,13:13,5,E09000030,3,1206,Roundabout,30,Giveway or uncontrolled,3,1206,None within 50 metres,No physical crossing within 50 meters,Daylight: Street light present,Fine without high winds,Dry,None,None,1,Yes,E01004277,2005
6027,200501HT20628,533980.0,181380.0,-0.070499,51.515409,1,2,2,1,17/09/2005,7,14:15,5,E09000030,3,11,Single carriageway,30,Giveway or uncontrolled,4,145,None within 50 metres,No physical crossing within 50 meters,Daylight: Street light present,Fine without high winds,Dry,None,None,1,Yes,E01004325,2005
6028,200501HT20630,539030.0,180930.0,0.002056,51.510146,1,3,2,3,23/09/2005,6,16:50,5,E09000030,3,1020,Dual carriageway,30,None,-1,0,None within 50 metres,No physical crossing within 50 meters,Daylight: Street light present,Fine without high winds,Wet/Damp,None,None,1,No,E01004220,2005
6029,200501HT20631,537100.0,183630.0,-0.024688,51.53488,1,3,2,2,23/09/2005,6,19:10,5,E09000030,3,12,Dual carriageway,40,None,-1,0,None within 50 metres,No physical crossing within 50 meters,Darkness: Street lights present and lit,Fine without high winds,Dry,None,None,1,Yes,E01004227,2005
6030,200501HT20632,537230.0,183560.0,-0.022842,51.53422,1,3,2,1,27/09/2005,3,09:25,5,E09000030,3,102,Slip road,50,None,-1,0,None within 50 metres,No physical crossing within 50 meters,Daylight: Street light present,Fine without high winds,Dry,None,None,1,Yes,E01004227,2005
6031,200501HT20633,533640.0,182280.0,-0.075055,51.523578,1,3,2,1,21/08/2005,1,19:45,5,E09000030,3,1209,Dual carriageway,30,Giveway or uncontrolled,4,135,None within 50 metres,No physical crossing within 50 meters,Daylight: Street light present,Fine without high winds,Dry,None,None,1,Yes,E01004317,2005
6032,200501HT20634,536270.0,182780.0,-0.036976,51.527443,1,3,2,1,20/09/2005,3,16:29,5,E09000030,3,1205,Single carriageway,30,Giveway or uncontrolled,6,0,None within 50 metres,No physical crossing within 50 meters,Daylight: Street light present,Fine without high winds,Dry,None,None,1,Yes,E01004232,2005
6033,200501HT20635,538230.0,181040.0,-0.009421,51.511331,1,3,2,2,21/09/2005,4,22:50,5,E09000030,3,13,Dual carriageway,30,None,-1,0,None within 50 metres,No physical crossing within 50 meters,Darkness: Street lights present and lit,Fine without high winds,Dry,None,None,1,Yes,E01004247,2005
6034,200501HT20636,536720.0,182620.0,-0.030555,51.525896,1,3,2,1,18/09/2005,1,16:30,5,E09000030,3,11,Dual carriageway,30,Giveway or uncontrolled,6,0,None within 50 metres,No physical crossing within 50 meters,Daylight: Street light present,Fine without high winds,Dry,None,None,1,Yes,E01004269,2005
6035,200501HT20637,536980.0,180610.0,-0.02759,51.507771,1,3,3,1,03/09/2005,7,20:36,5,E09000030,3,1203,One way street,30,Giveway or uncontrolled,3,1206,None within 50 metres,No physical crossing within 50 meters,Darkness: Street lights present and lit,Fine without high winds,Dry,None,None,1,Yes,E01004277,2005
6036,200501HT20638,534210.0,181320.0,-0.06721,51.514815,1,3,2,1,29/09/2005,5,18:04,5,E09000030,3,13,Dual carriageway,30,Giveway or uncontrolled,5,0,None within 50 metres,No physical crossing within 50 meters,Darkness: Street lights present and lit,Fine without high winds,Dry,None,None,1,Yes,E01004320,2005
6037,200501HT20639,534580.0,181310.0,-0.061884,51.514638,1,3,1,1,20/09/2005,3,20:53,5,E09000030,3,13,Dual carriageway,30,Automatic traffic signal,4,108,None within 50 metres,No physical crossing within 50 meters,Darkness: Street lights present and lit,Fine without high winds,Dry,None,None,1,Yes,E01004319,2005
6038,200501HT20640,538970.0,181290.0,0.001333,51.513396,1,3,2,1,17/09/2005,7,21:00,5,E09000030,3,13,One way street,40,None,-1,0,None within 50 metres,No physical crossing within 50 meters,Darkness: Street lights present and lit,Fine without high winds,Dry,None,None,1,Yes,E01004220,2005
6039,200501HT20641,534570.0,180710.0,-0.062257,51.509248,1,3,2,1,19/09/2005,2,16:20,5,E09000030,3,1203,Dual carriageway,30,Giveway or uncontrolled,6,0,None within 50 metres,No physical crossing within 50 meters,Daylight: Street light present,Fine without high winds,Dry,None,None,1,Yes,E01004294,2005
6040,200501HT20642,534450.0,181860.0,-0.063547,51.519611,1,3,1,1,06/09/2005,3,17:45,5,E09000030,4,108,Single carriageway,30,Giveway or uncontrolled,4,108,None within 50 metres,Zebra crossing,Daylight: Street light present,Fine without high winds,Dry,None,None,1,Yes,E01004309,2005
6041,200501HT20643,537020.0,180450.0,-0.027076,51.506323,1,3,2,3,23/09/2005,6,15:34,5,E09000030,3,1206,Roundabout,30,Giveway or uncontrolled,3,1206,None within 50 metres,No physical crossing within 50 meters,Daylight: Street light present,Fine without high winds,Dry,None,None,1,Yes,E01004277,2005
6042,200501HT20645,535380.0,182850.0,-0.049771,51.528286,1,3,3,1,23/09/2005,6,09:55,5,E09000030,4,135,Single carriageway,30,Giveway or uncontrolled,6,0,None within 50 metres,No physical crossing within 50 meters,Daylight: Street light present,Fine without high winds,Dry,None,None,1,Yes,E01004259,2005
6043,200501HT20646,536460.0,182370.0,-0.034397,51.523713,1,3,2,1,22/09/2005,5,07:15,5,E09000030,3,1205,Single carriageway,30,None,-1,0,None within 50 metres,No physical crossing within 50 meters,Daylight: Street light present,Fine without high winds,Dry,None,None,1,Yes,E01004269,2005
6044,200501HT20647,534830.0,183500.0,-0.057446,51.534258,1,3,2,1,22/09/2005,5,11:40,4,E09000012,3,107,Single carriageway,30,Giveway or uncontrolled,5,0,None within 50 metres,No physical crossing within 50 meters,Daylight: Street light present,Fine without high winds,Dry,None,None,1,Yes,E01004197,2005
6045,200501HT20648,534410.0,182680.0,-0.063811,51.52699,1,3,2,1,23/09/2005,6,16:49,5,E09000030,6,0,Single carriageway,30,Giveway or uncontrolled,6,0,None within 50 metres,No physical crossing within 50 meters,Daylight: Street light present,Fine without high winds,Dry,None,None,1,Yes,E01004203,2005
6046,200501HT20649,538360.0,181080.0,-0.007533,51.511658,1,2,3,1,06/09/2005,3,12:00,5,E09000030,3,102,Slip road,30,Giveway or uncontrolled,3,13,None within 50 metres,No physical crossing within 50 meters,Daylight: Street light present,Fine without high winds,Dry,None,None,1,Yes,E01004243,2005
6047,200501HT20650,533860.0,182420.0,-0.071833,51.524784,1,3,2,1,21/09/2005,4,19:03,5,E09000030,3,1209,Single carriageway,30,Automatic traffic signal,4,134,None within 50 metres,No physical crossing within 50 meters,Daylight: Street light present,Fine without high winds,Dry,None,None,1,Yes,E01004317,2005
6048,200501HT20651,536580.0,183320.0,-0.0323,51.532221,1,3,2,1,06/10/2005,5,14:30,5,E09000030,4,135,Single carriageway,30,Giveway or uncontrolled,4,135,None within 50 metres,Zebra crossing,Daylight: Street light present,Fine without high winds,Dry,None,None,1,Yes,E01004228,2005
6049,200501HT20652,535940.0,183380.0,-0.041499,51.532914,1,3,1,1,22/09/2005,5,17:00,5,E09000030,3,1205,Single carriageway,30,Giveway or uncontrolled,4,118,None within 50 metres,Zebra crossing,Daylight: Street light present,Fine without high winds,Dry,None,None,1,Yes,E01004234,2005
6050,200501HT20653,535680.0,180830.0,-0.046226,51.510061,1,3,2,1,10/10/2005,2,09:17,5,E09000030,3,1203,Dual carriageway,50,None,-1,0,None within 50 metres,No physical crossing within 50 meters,Daylight: Street light present,Fine without high winds,Dry,None,None,1,Yes,E01004303,2005
6051,200501HT20654,533420.0,182670.0,-0.078077,51.527134,1,3,2,1,02/10/2005,1,05:40,4,E09000012,3,10,Single carriageway,30,Automatic traffic signal,3,10,None within 50 metres,Pedestrian phase at traffic signal junction,Darkness: Street lights present and lit,Fine without high winds,Dry,None,None,1,No,E01001771,2005
6052,200501HT20655,535840.0,182390.0,-0.043321,51.524042,1,3,2,1,28/09/2005,4,13:20,5,E09000030,5,0,Single carriageway,30,Giveway or uncontrolled,6,0,None within 50 metres,No physical crossing within 50 meters,Daylight: Street light present,Fine without high winds,Dry,None,None,1,No,E01004262,2005
6053,200501HT20656,536510.0,181300.0,-0.034091,51.514085,1,3,2,1,10/09/2005,7,12:50,5,E09000030,5,0,Single carriageway,30,Giveway or uncontrolled,5,0,None within 50 metres,No physical crossing within 50 meters,Daylight: Street light present,Fine without high winds,Dry,None,None,1,No,E01004254,2005
6054,200501HT20657,536870.0,181670.0,-0.028763,51.517323,1,3,2,1,24/09/2005,7,16:50,5,E09000030,4,140,Single carriageway,30,Giveway or uncontrolled,6,0,None within 50 metres,No physical crossing within 50 meters,Daylight: Street light present,Fine without high winds,Dry,None,None,1,No,E01004273,2005
6055,200501HT20659,534840.0,181850.0,-0.057933,51.519428,1,2,2,1,28/09/2005,4,18:00,5,E09000030,3,11,Dual carriageway,30,Giveway or uncontrolled,5,0,None within 50 metres,No physical crossing within 50 meters,Daylight: Street light present,Fine without high winds,Dry,None,None,1,No,E01004322,2005
6056,200501HT20660,538150.0,180960.0,-0.010605,51.510631,1,3,2,1,13/09/2005,3,09:51,5,E09000030,3,1206,Single carriageway,30,None,-1,0,None within 50 metres,No physical crossing within 50 meters,Daylight: Street light present,Fine without high winds,Dry,None,None,1,Yes,E01004219,2005
6057,200501HT20661,535000.0,181280.0,-0.055847,51.514268,1,3,2,1,11/05/2005,4,17:02,5,E09000030,6,0,Dual carriageway,30,Giveway or uncontrolled,3,13,None within 50 metres,No physical crossing within 50 meters,Daylight: Street light present,Fine without high winds,Dry,None,None,1,Yes,E01004298,2005
6058,200501HT20662,534120.0,182560.0,-0.068034,51.52598,1,3,4,2,15/09/2005,5,13:45,5,E09000030,3,1209,Single carriageway,30,Giveway or uncontrolled,6,0,None within 50 metres,Zebra crossing,Daylight: Street light present,Raining without high winds,Wet/Damp,None,None,1,Yes,E01004313,2005
6059,200501HT20663,535550.0,182100.0,-0.04761,51.521505,1,3,2,1,15/09/2005,5,16:55,5,E09000030,3,11,Single carriageway,30,Giveway or uncontrolled,6,0,None within 50 metres,No physical crossing within 50 meters,Daylight: Street light present,Fine without high winds,Wet/Damp,None,None,1,Yes,E01004290,2005
6060,200501HT20664,534960.0,182030.0,-0.056136,51.521017,1,3,1,1,27/09/2005,3,11:59,5,E09000030,3,107,Single carriageway,30,Giveway or uncontrolled,6,0,None within 50 metres,No physical crossing within 50 meters,Daylight: Street light present,Fine without high winds,Dry,None,None,1,Yes,E01004208,2005
6061,200501HT20665,537450.0,180630.0,-0.020814,51.507837,1,3,1,1,11/09/2005,1,15:50,5,E09000030,3,1261,Dual carriageway,30,Giveway or uncontrolled,6,0,None within 50 metres,No physical crossing within 50 meters,Daylight: Street light present,Fine without high winds,Dry,None,None,1,Yes,E01004277,2005
6062,200501HT20666,534350.0,181660.0,-0.065064,51.517838,1,3,2,1,27/09/2005,3,18:00,5,E09000030,3,11,Single carriageway,30,Giveway or uncontrolled,6,0,None within 50 metres,No physical crossing within 50 meters,Daylight: Street light present,Fine without high winds,Dry,None,None,1,Yes,E01004309,2005
6063,200501HT20667,534670.0,180720.0,-0.060813,51.509314,1,3,2,1,30/09/2005,6,09:00,5,E09000030,3,1203,Single carriageway,30,Giveway or uncontrolled,4,108,None within 50 metres,No physical crossing within 50 meters,Daylight: Street light present,Raining without high winds,Wet/Damp,None,None,1,Yes,E01004294,2005
6064,200501HT20668,536180.0,181470.0,-0.038778,51.515692,1,3,1,1,29/09/2005,5,15:51,5,E09000030,6,0,Single carriageway,30,None,-1,0,None within 50 metres,No physical crossing within 50 meters,Daylight: Street light present,Fine without high winds,Dry,None,None,1,Yes,E01004285,2005
6065,200501HT20669,535440.0,180780.0,-0.049701,51.509669,1,3,2,1,16/09/2005,6,09:40,5,E09000030,3,1203,Single carriageway,30,None,-1,0,None within 50 metres,No physical crossing within 50 meters,Daylight: Street light present,Fine without high winds,Dry,None,None,1,Yes,E01004303,2005
6066,200501HT20670,537620.0,183210.0,-0.017359,51.53098,1,3,2,2,03/10/2005,2,15:30,5,E09000030,3,12,Dual carriageway,50,None,-1,0,None within 50 metres,No physical crossing within 50 meters,Daylight: Street light present,Fine without high winds,Dry,None,None,1,Yes,E01004227,2005
6067,200501HT20671,538230.0,178400.0,-0.010455,51.487607,1,3,1,1,05/10/2005,4,09:10,5,E09000030,3,1206,Single carriageway,30,None,-1,0,None within 50 metres,No physical crossing within 50 meters,Daylight: Street light present,Fine without high winds,Dry,None,None,1,No,E01004217,2005
6068,200501HT20672,538120.0,181440.0,-0.010849,51.514952,1,3,2,2,12/10/2005,4,20:05,5,E09000030,6,0,Single carriageway,30,Giveway or uncontrolled,6,0,None within 50 metres,No physical crossing within 50 meters,Darkness: Street lights present and lit,Fine without high winds,Dry,None,None,1,Yes,E01004246,2005
6069,200501HT20673,536530.0,181110.0,-0.033877,51.512373,1,3,1,1,10/09/2005,7,05:45,5,E09000030,3,13,Single carriageway,30,Giveway or uncontrolled,6,0,None within 50 metres,No physical crossing within 50 meters,Darkness: Street lights present and lit,Fine without high winds,Dry,None,None,1,Yes,E01004254,2005
6070,200501HT20674,536120.0,180930.0,-0.039851,51.510854,1,3,1,1,10/10/2005,2,09:10,5,E09000030,3,1203,Dual carriageway,50,None,-1,0,None within 50 metres,No physical crossing within 50 meters,Daylight: Street light present,Fine without high winds,Dry,None,None,1,No,E01004299,2005
6071,200501HT20675,536810.0,181110.0,-0.029844,51.512305,1,3,2,2,05/10/2005,4,16:30,5,E09000030,3,13,Dual carriageway,50,Giveway or uncontrolled,3,13,None within 50 metres,No physical crossing within 50 meters,Daylight: Street light present,Fine without high winds,Dry,None,None,1,Yes,E01004254,2005
6072,200501HT20676,538070.0,178350.0,-0.012777,51.487197,1,3,2,1,07/10/2005,6,13:30,5,E09000030,3,1206,Single carriageway,30,None,-1,0,None within 50 metres,No physical crossing within 50 meters,Daylight: Street light present,Fine without high winds,Dry,None,None,1,Yes,E01004217,2005
6073,200501HT20677,536740.0,183400.0,-0.029964,51.532901,1,3,1,1,07/10/2005,6,15:51,5,E09000030,4,135,One way street,30,None,-1,0,None within 50 metres,No physical crossing within 50 meters,Daylight: Street light present,Fine without high winds,Dry,None,None,1,Yes,E01004226,2005
6074,200501HT20678,535290.0,183040.0,-0.050995,51.530015,1,3,1,1,10/04/2005,1,15:00,5,E09000030,6,0,Single carriageway,30,Giveway or uncontrolled,6,0,None within 50 metres,No physical crossing within 50 meters,Daylight: Street light present,Fine without high winds,Dry,None,None,1,No,E01004266,2005
6075,200501HT20679,534670.0,181380.0,-0.060561,51.515245,1,3,2,4,09/10/2005,1,19:57,5,E09000030,6,0,Single carriageway,30,Giveway or uncontrolled,6,0,None within 50 metres,No physical crossing within 50 meters,Darkness: Street lights present and lit,Fine without high winds,Dry,None,None,1,Yes,E01004321,2005
6076,200501HT20681,535170.0,181270.0,-0.053402,51.514137,1,3,2,1,07/10/2005,6,18:30,5,E09000030,5,0,Dual carriageway,50,Automatic traffic signal,3,13,None within 50 metres,Pedestrian phase at traffic signal junction,Darkness: Street lights present and lit,Fine without high winds,Dry,None,None,1,Yes,E01004326,2005
6077,200501HT20682,534800.0,181840.0,-0.058513,51.519348,1,3,2,1,08/10/2005,7,20:23,5,E09000030,3,11,Dual carriageway,50,None,-1,0,None within 50 metres,No physical crossing within 50 meters,Darkness: Street lights present and lit,Raining without high winds,Wet/Damp,None,None,1,Yes,E01004208,2005
6078,200501HT20683,534810.0,180680.0,-0.058812,51.508921,1,3,2,1,14/10/2005,6,08:20,5,E09000030,5,0,Single carriageway,30,Giveway or uncontrolled,6,0,None within 50 metres,No physical crossing within 50 meters,Daylight: Street light present,Fine without high winds,Dry,None,None,1,No,E01004296,2005
6079,200501HT20684,537290.0,182830.0,-0.022262,51.527645,1,3,2,1,03/10/2005,2,18:20,5,E09000030,6,0,Single carriageway,30,Giveway or uncontrolled,3,11,None within 50 metres,No physical crossing within 50 meters,Darkness: Street lights present and lit,Fine without high winds,Dry,None,None,1,Yes,E01004267,2005
6080,200501HT20685,536890.0,184480.0,-0.027383,51.54257,1,3,2,1,29/09/2005,5,15:03,5,E09000030,3,115,Single carriageway,30,Giveway or uncontrolled,3,115,None within 50 metres,No physical crossing within 50 meters,Daylight: Street light present,Fine without high winds,Dry,None,None,1,Yes,E01004223,2005
6081,200501HT20686,537040.0,180760.0,-0.026668,51.509104,1,3,1,1,10/10/2005,2,09:33,5,E09000030,3,1206,Single carriageway,30,None,-1,0,None within 50 metres,No physical crossing within 50 meters,Daylight: Street light present,Fine without high winds,Dry,None,None,1,Yes,E01004255,2005
6082,200501HT20687,537390.0,181700.0,-0.021261,51.517466,1,3,2,1,08/10/2005,7,10:10,5,E09000030,6,0,Single carriageway,30,Giveway or uncontrolled,6,0,None within 50 metres,No physical crossing within 50 meters,Daylight: Street light present,Fine without high winds,Dry,None,None,1,Yes,E01004242,2005
6083,200501HT20688,536750.0,183520.0,-0.029773,51.533977,1,3,2,1,30/09/2005,6,19:40,5,E09000030,6,0,Single carriageway,30,Giveway or uncontrolled,6,0,None within 50 metres,No physical crossing within 50 meters,Daylight: Street light present,Fine without high winds,Dry,None,None,1,Yes,E01004222,2005
6084,200501HT20689,537080.0,181030.0,-0.025987,51.511521,1,3,1,1,05/10/2005,4,15:30,5,E09000030,3,13,Single carriageway,30,Automatic traffic signal,3,13,None within 50 metres,Pedestrian phase at traffic signal junction,Daylight: Street light present,Fine without high winds,Dry,None,None,1,Yes,E01004252,2005
6085,200501HT20690,534840.0,183480.0,-0.05731,51.534076,1,3,1,1,11/10/2005,3,08:48,5,E09000030,6,0,Single carriageway,30,Giveway or uncontrolled,3,107,None within 50 metres,No physical crossing within 50 meters,Daylight: Street light present,Fine without high winds,Dry,None,None,1,Yes,E01004197,2005
6086,200501HT20691,535170.0,180770.0,-0.053594,51.509644,1,2,2,1,17/08/2005,4,18:43,5,E09000030,6,0,Dual carriageway,30,Giveway or uncontrolled,3,1203,None within 50 metres,No physical crossing within 50 meters,Daylight: Street light present,Fine without high winds,Dry,None,None,1,Yes,E01004303,2005
6087,200501HT20693,538000.0,181010.0,-0.012745,51.511117,1,3,2,1,16/10/2005,1,18:20,5,E09000030,6,0,Dual carriageway,50,Giveway or uncontrolled,3,13,None within 50 metres,No physical crossing within 50 meters,Darkness: Street lights present and lit,Fine without high winds,Dry,None,None,1,No,E01004219,2005
6088,200501HT20694,533680.0,180830.0,-0.075029,51.510538,48,2,2,1,17/10/2005,2,10:45,570,E09000001,3,1211,Single carriageway,30,None,-1,0,None within 50 metres,No physical crossing within 50 meters,Daylight: Street light present,Fine without high winds,Dry,None,None,1,No,E01000005,2005
6089,200501HT20695,536950.0,182720.0,-0.027203,51.526739,1,3,2,2,21/10/2005,6,15:30,5,E09000030,3,11,Single carriageway,30,Giveway or uncontrolled,6,0,None within 50 metres,No physical crossing within 50 meters,Daylight: Street light present,Fine without high winds,Dry,None,None,1,Yes,E01004229,2005
6090,200501HT20697,537030.0,180880.0,-0.026765,51.510185,1,3,1,2,15/10/2005,7,19:50,5,E09000030,3,1206,Single carriageway,30,None,-1,0,None within 50 metres,No physical crossing within 50 meters,Daylight: Street light present,Fine without high winds,Dry,None,None,1,No,E01004255,2005
6091,200501HT20698,534630.0,181310.0,-0.061164,51.514626,1,3,2,1,17/10/2005,2,13:35,5,E09000030,3,13,Single carriageway,30,Giveway or uncontrolled,6,0,None within 50 metres,No physical crossing within 50 meters,Daylight: Street light present,Fine without high winds,Dry,None,None,1,No,E01004304,2005
6092,200501HT20699,533870.0,181840.0,-0.071909,51.519569,1,3,1,1,25/09/2005,1,03:00,5,E09000030,6,0,One way street,30,Giveway or uncontrolled,4,134,None within 50 metres,No physical crossing within 50 meters,Darkness: Street lights present and lit,Fine without high winds,Dry,None,None,1,Yes,E01004306,2005
6093,200501HT20700,537230.0,178990.0,-0.024619,51.493152,1,3,2,2,23/06/2005,5,10:15,5,E09000030,6,0,Single carriageway,30,Giveway or uncontrolled,3,1206,None within 50 metres,No physical crossing within 50 meters,Daylight: Street light present,Fine without high winds,Dry,None,None,1,No,E01004282,2005
6094,200501HT20701,535490.0,181430.0,-0.048732,51.515499,1,3,1,2,14/07/2005,5,16:00,5,E09000030,6,0,Single carriageway,30,Giveway or uncontrolled,6,0,None within 50 metres,No physical crossing within 50 meters,Daylight: Street light present,Fine without high winds,Dry,None,None,1,Yes,E01004289,2005
6095,200501HT20702,538100.0,181020.0,-0.011301,51.511183,1,2,1,2,13/10/2005,5,07:23,5,E09000030,3,13,Dual carriageway,50,Automatic traffic signal,6,0,None within 50 metres,Pedestrian phase at traffic signal junction,Daylight: Street light present,Raining without high winds,Wet/Damp,None,None,1,Yes,E01004219,2005
6096,200501HT20703,538010.0,181020.0,-0.012597,51.511205,1,3,2,1,13/06/2005,2,09:00,5,E09000030,3,13,Single carriageway,30,Giveway or uncontrolled,6,0,None within 50 metres,No physical crossing within 50 meters,Daylight: Street light present,Fine without high winds,Dry,None,None,1,No,E01004247,2005
6097,200501HT20704,535640.0,182140.0,-0.046298,51.521843,1,3,2,1,14/10/2005,6,17:20,5,E09000030,3,11,Dual carriageway,30,Automatic traffic signal,4,120,None within 50 metres,Pedestrian phase at traffic signal junction,Daylight: Street light present,Fine without high winds,Dry,None,None,1,Yes,E01004207,2005
6098,200501HT20705,533840.0,182110.0,-0.072239,51.522003,1,2,1,1,20/10/2005,5,09:17,5,E09000030,5,0,Single carriageway,30,Giveway or uncontrolled,5,0,None within 50 metres,No physical crossing within 50 meters,Daylight: Street light present,Raining without high winds,Wet/Damp,None,None,1,Yes,E01004317,2005
6099,200501HT20706,537750.0,180990.0,-0.016353,51.510999,1,3,1,2,17/10/2005,2,13:46,5,E09000030,3,13,Single carriageway,30,Giveway or uncontrolled,6,0,None within 50 metres,No physical crossing within 50 meters,Daylight: Street light present,Fine without high winds,Dry,None,None,1,Yes,E01004244,2005
6100,200501HT20708,534110.0,183040.0,-0.067996,51.530296,1,3,2,1,15/09/2005,5,22:20,5,E09000030,6,0,Single carriageway,30,Giveway or uncontrolled,6,0,None within 50 metres,No physical crossing within 50 meters,Darkness: Street lights present and lit,Raining without high winds,Wet/Damp,None,None,1,Yes,E01004318,2005
6101,200501HT20709,537410.0,180140.0,-0.021581,51.503443,1,3,1,2,24/10/2005,2,15:58,5,E09000030,6,0,Single carriageway,30,None,-1,0,None within 50 metres,No physical crossing within 50 meters,Daylight: Street light present,Raining without high winds,Wet/Damp,None,None,1,Yes,E01004278,2005
6102,200501HT20710,538460.0,181070.0,-0.006097,51.511544,1,3,2,1,20/10/2005,5,07:40,5,E09000030,3,13,Dual carriageway,30,None,-1,0,None within 50 metres,No physical crossing within 50 meters,Daylight: Street light present,Fine without high winds,Dry,None,None,1,Yes,E01004219,2005
6103,200501HT20711,538180.0,179730.0,-0.010654,51.499571,1,3,3,1,19/10/2005,4,15:20,5,E09000030,5,0,Single carriageway,30,Giveway or uncontrolled,6,0,None within 50 metres,No physical crossing within 50 meters,Daylight: Street light present,Fine without high winds,Dry,None,None,1,Yes,E01004221,2005
6104,200501HT20712,538130.0,181020.0,-0.010869,51.511175,1,3,2,1,17/10/2005,2,10:15,5,E09000030,3,13,Single carriageway,30,Automatic traffic signal,3,1206,None within 50 metres,No physical crossing within 50 meters,Daylight: Street light present,Fine without high winds,Dry,None,None,1,Yes,E01004219,2005
6105,200501HT20713,536280.0,181120.0,-0.037473,51.512523,1,3,3,2,17/10/2005,2,16:30,5,E09000030,3,13,Single carriageway,30,Giveway or uncontrolled,6,0,None within 50 metres,No physical crossing within 50 meters,Daylight: Street light present,Fine without high winds,Dry,None,None,1,Yes,E01004299,2005
6106,200501HT20714,534250.0,183150.0,-0.065937,51.531251,1,2,2,1,15/10/2005,7,01:20,5,E09000030,3,1208,Single carriageway,30,Giveway or uncontrolled,4,108,None within 50 metres,No physical crossing within 50 meters,Darkness: Street lights present and lit,Fine without high winds,Dry,None,None,1,No,E01004204,2005
6107,200501HT20716,535870.0,181680.0,-0.043162,51.517654,1,3,2,1,24/10/2005,2,16:45,5,E09000030,5,0,Single carriageway,30,Giveway or uncontrolled,4,121,None within 50 metres,No physical crossing within 50 meters,Daylight: Street light present,Fine without high winds,Dry,None,None,1,No,E01004284,2005
6108,200501HT20717,535390.0,181850.0,-0.050011,51.519297,1,3,2,1,26/07/2005,3,17:50,5,E09000030,6,0,Single carriageway,30,Automatic traffic signal,6,0,None within 50 metres,No physical crossing within 50 meters,Daylight: Street light present,Fine without high winds,Dry,None,None,1,No,E01004283,2005
6109,200501HT20718,534980.0,181290.0,-0.056131,51.514363,1,3,2,1,26/10/2005,4,17:30,5,E09000030,3,13,Single carriageway,30,None,-1,0,None within 50 metres,No physical crossing within 50 meters,Daylight: Street light present,Fine without high winds,Dry,None,None,1,Yes,E01004298,2005
6110,200501HT20719,533900.0,182440.0,-0.071249,51.524954,1,2,1,1,23/10/2005,1,17:37,5,E09000030,3,1209,Single carriageway,30,None,-1,0,None within 50 metres,No physical crossing within 50 meters,Daylight: Street light present,Fine without high winds,Dry,None,None,1,Yes,E01004317,2005
6111,200501HT20720,534220.0,183130.0,-0.066376,51.531079,1,3,1,1,28/10/2005,6,21:25,5,E09000030,5,0,Single carriageway,30,Giveway or uncontrolled,3,1208,None within 50 metres,No physical crossing within 50 meters,Darkness: Street lights present and lit,Fine without high winds,Dry,None,None,1,No,E01004318,2005
6112,200501HT20721,537340.0,179880.0,-0.02269,51.501124,1,3,2,1,15/09/2005,5,07:30,5,E09000030,5,0,Single carriageway,30,Giveway or uncontrolled,6,0,None within 50 metres,No physical crossing within 50 meters,Daylight: Street light present,Fine without high winds,Dry,None,None,1,Yes,E01004278,2005
6113,200501HT20722,534570.0,181310.0,-0.062028,51.51464,1,3,1,1,26/10/2005,4,13:00,5,E09000030,3,13,Single carriageway,30,Automatic traffic signal,4,108,None within 50 metres,Pedestrian phase at traffic signal junction,Daylight: Street light present,Fine without high winds,Dry,None,None,1,No,E01004319,2005
6114,200501HT20723,533710.0,180760.0,-0.074623,51.509901,1,3,2,1,27/10/2005,5,05:35,5,E09000030,3,1211,Single carriageway,30,Automatic traffic signal,3,1211,None within 50 metres,No physical crossing within 50 meters,Darkness: Street lights present and lit,Fine without high winds,Dry,None,None,1,Yes,E01000005,2005
6115,200501HT20725,535480.0,182890.0,-0.048315,51.528621,1,3,2,1,14/10/2005,6,08:59,5,E09000030,6,0,Single carriageway,30,Giveway or uncontrolled,4,135,None within 50 metres,No physical crossing within 50 meters,Daylight: Street light present,Fine without high winds,Dry,None,None,1,Yes,E01004260,2005
6116,200501HT20726,537120.0,179580.0,-0.025974,51.498481,1,3,1,1,14/10/2005,6,16:30,5,E09000030,3,1206,Single carriageway,30,None,-1,0,None within 50 metres,No physical crossing within 50 meters,Daylight: Street light present,Fine without high winds,Dry,None,None,1,Yes,E01004279,2005
6117,200501HT20727,538290.0,180560.0,-0.008745,51.507003,1,3,2,1,10/10/2005,2,08:25,5,E09000030,6,0,Roundabout,30,Giveway or uncontrolled,3,1206,None within 50 metres,No physical crossing within 50 meters,Daylight: Street light present,Fine without high winds,Dry,None,None,1,No,E01004220,2005
6118,200501HT20728,538020.0,178400.0,-0.013477,51.487658,1,3,2,1,23/10/2005,1,13:20,5,E09000030,5,0,Single carriageway,30,Giveway or uncontrolled,6,0,None within 50 metres,No physical crossing within 50 meters,Daylight: Street light present,Fine without high winds,Dry,None,None,1,No,E01004217,2005
6119,200501HT20729,535180.0,181320.0,-0.053239,51.514584,1,3,1,1,13/09/2005,3,16:25,5,E09000030,5,0,Single carriageway,30,None,-1,0,None within 50 metres,No physical crossing within 50 meters,Daylight: Street light present,Fine without high winds,Dry,None,None,1,No,E01004326,2005
6120,200501HT20732,536440.0,181120.0,-0.035169,51.512484,1,3,2,1,23/10/2005,1,11:12,5,E09000030,3,13,Single carriageway,30,Automatic traffic signal,6,0,None within 50 metres,No physical crossing within 50 meters,Daylight: Street light present,Raining without high winds,Wet/Damp,None,None,1,Yes,E01004254,2005
6121,200501HT20734,535640.0,182140.0,-0.046298,51.521843,1,3,2,1,03/11/2005,5,10:00,5,E09000030,3,11,Single carriageway,30,Giveway or uncontrolled,4,120,None within 50 metres,No physical crossing within 50 meters,Daylight: Street light present,Raining without high winds,Wet/Damp,None,None,1,No,E01004207,2005
6122,200501HT20735,535900.0,181570.0,-0.042773,51.516658,1,3,2,1,04/11/2005,6,19:00,5,E09000030,5,0,Single carriageway,30,Giveway or uncontrolled,4,121,None within 50 metres,No physical crossing within 50 meters,Darkness: Street lights present and lit,Fine without high winds,Dry,None,None,1,No,E01004288,2005
6123,200501HT20737,534020.0,181440.0,-0.0699,51.515939,1,3,2,1,21/10/2005,6,18:30,5,E09000030,3,11,Single carriageway,30,Automatic traffic signal,4,134,None within 50 metres,Pedestrian phase at traffic signal junction,Darkness: Street lights present and lit,Fine without high winds,Dry,None,None,1,Yes,E01004325,2005
6124,200501HT20739,534350.0,181650.0,-0.065067,51.517748,1,3,2,1,25/10/2005,3,11:15,5,E09000030,3,11,Single carriageway,30,Giveway or uncontrolled,6,0,None within 50 metres,Zebra crossing,Daylight: Street light present,Fine without high winds,Dry,None,None,1,Yes,E01004309,2005
6125,200501HT20740,537280.0,183530.0,-0.022133,51.533938,1,3,2,1,25/10/2005,3,23:50,5,E09000030,3,12,Single carriageway,30,Giveway or uncontrolled,5,0,None within 50 metres,No physical crossing within 50 meters,Darkness: Street lights present and lit,Fine without high winds,Dry,None,None,1,Yes,E01004227,2005
6126,200501HT20741,535320.0,181240.0,-0.051253,51.513832,1,3,2,1,12/10/2005,4,17:08,5,E09000030,3,13,Single carriageway,30,Giveway or uncontrolled,6,0,None within 50 metres,No physical crossing within 50 meters,Daylight: Street light present,Raining without high winds,Wet/Damp,None,None,1,No,E01004305,2005
6127,200501HT20743,534410.0,182300.0,-0.063955,51.523575,1,3,2,1,24/10/2005,2,14:00,5,E09000030,4,108,Single carriageway,30,Giveway or uncontrolled,4,135,None within 50 metres,No physical crossing within 50 meters,Daylight: Street light present,Raining without high winds,Wet/Damp,None,None,1,No,E01004205,2005
6128,200501HT20744,534010.0,181590.0,-0.069988,51.517289,1,3,2,1,03/11/2005,5,19:30,5,E09000030,6,0,Single carriageway,30,None,-1,0,None within 50 metres,No physical crossing within 50 meters,Darkness: Street lights present and lit,Fine without high winds,Dry,None,None,1,No,E01004309,2005
6129,200501HT20745,538010.0,181010.0,-0.012601,51.511115,1,3,1,1,23/10/2005,1,20:50,5,E09000030,3,13,Single carriageway,30,Giveway or uncontrolled,6,0,None within 50 metres,No physical crossing within 50 meters,Darkness: Street lights present and lit,Fine without high winds,Dry,None,None,1,Yes,E01004219,2005
6130,200501HT20748,538300.0,180050.0,-0.008801,51.502417,1,3,3,2,09/11/2005,4,08:15,5,E09000030,3,1206,Single carriageway,30,None,-1,0,None within 50 metres,No physical crossing within 50 meters,Daylight: Street light present,Fine without high winds,Dry,None,None,1,No,E01004220,2005
6131,200501HT20749,535210.0,183060.0,-0.052139,51.530214,1,3,2,1,11/11/2005,6,09:20,5,E09000030,6,0,Single carriageway,30,Giveway or uncontrolled,4,118,None within 50 metres,No physical crossing within 50 meters,Daylight: Street light present,Fine without high winds,Dry,None,None,1,No,E01004266,2005
6132,200501HT20750,534100.0,180950.0,-0.068934,51.511517,1,3,1,1,27/10/2005,5,14:28,5,E09000030,3,1202,Single carriageway,30,Giveway or uncontrolled,6,0,None within 50 metres,Zebra crossing,Daylight: Street light present,Fine without high winds,Dry,None,None,1,Yes,E01004320,2005
6133,200501HT20751,535710.0,182150.0,-0.045286,51.521916,1,3,1,1,25/10/2005,3,15:25,5,E09000030,3,11,Dual carriageway,30,None,-1,0,None within 50 metres,No physical crossing within 50 meters,Daylight: Street light present,Fine without high winds,Dry,None,None,1,Yes,E01004262,2005
6134,200501HT20752,534820.0,183300.0,-0.057667,51.532463,1,3,2,1,28/10/2005,6,17:33,5,E09000030,3,1208,Single carriageway,30,None,-1,0,None within 50 metres,No physical crossing within 50 meters,Daylight: Street light present,Fine without high winds,Dry,None,None,1,Yes,E01004197,2005
6135,200501HT20754,535660.0,180820.0,-0.046518,51.509976,1,3,2,1,25/10/2005,3,16:30,5,E09000030,3,1203,Dual carriageway,30,Giveway or uncontrolled,6,0,None within 50 metres,No physical crossing within 50 meters,Daylight: Street light present,Fine without high winds,Dry,None,None,1,Yes,E01004303,2005
6136,200501HT20755,533530.0,181490.0,-0.076939,51.516504,1,2,1,1,28/10/2005,6,09:15,5,E09000030,3,1210,One way street,30,Giveway or uncontrolled,5,0,None within 50 metres,No physical crossing within 50 meters,Daylight: Street light present,Raining without high winds,Wet/Damp,Ol or diesel,None,1,Yes,E01000005,2005
6137,200501HT20756,537770.0,180990.0,-0.016065,51.510994,1,3,1,1,29/10/2005,7,18:24,5,E09000030,3,13,Single carriageway,30,Giveway or uncontrolled,6,0,None within 50 metres,non-junction pedestrian crossing,Darkness: Street lights present and lit,Fine without high winds,Dry,None,None,1,Yes,E01004244,2005
6138,200501HT20758,538060.0,182520.0,-0.01129,51.524672,1,3,2,1,29/10/2005,7,18:39,5,E09000030,3,12,Dual carriageway,40,None,-1,0,None within 50 metres,No physical crossing within 50 meters,Darkness: Street lights present and lit,Fine without high winds,Dry,None,None,1,Yes,E01004238,2005
6139,200501HT20759,534790.0,182370.0,-0.058455,51.524113,1,3,2,1,28/09/2005,4,22:35,5,E09000030,4,135,Single carriageway,30,Giveway or uncontrolled,6,0,None within 50 metres,No physical crossing within 50 meters,Darkness: Street lights present and lit,Raining without high winds,Wet/Damp,None,None,1,Yes,E01004206,2005
6140,200501HT20760,535030.0,182410.0,-0.054982,51.524415,1,3,2,1,27/10/2005,5,17:05,5,E09000030,6,0,Single carriageway,30,Giveway or uncontrolled,3,107,None within 50 metres,No physical crossing within 50 meters,Daylight: Street light present,Fine without high winds,Dry,None,None,1,Yes,E01004209,2005
6141,200501HT20761,534310.0,180160.0,-0.066211,51.504367,1,3,2,1,04/11/2005,6,14:07,5,E09000030,3,1204,Single carriageway,30,Giveway or uncontrolled,6,0,None within 50 metres,No physical crossing within 50 meters,Daylight: Street light present,Fine without high winds,Dry,None,None,1,Yes,E01004293,2005
6142,200501HT20762,537080.0,180340.0,-0.026255,51.50532,1,3,2,1,07/11/2005,2,19:20,5,E09000030,3,1206,Single carriageway,30,Giveway or uncontrolled,3,1206,None within 50 metres,No physical crossing within 50 meters,Darkness: Street lights present and lit,Fine without high winds,Dry,None,None,1,Yes,E01004277,2005
6143,200501HT20763,533650.0,182280.0,-0.074911,51.523575,1,3,1,1,30/10/2005,1,14:23,5,E09000030,4,135,Single carriageway,30,Giveway or uncontrolled,3,1209,None within 50 metres,No physical crossing within 50 meters,Daylight: Street light present,Fine without high winds,Dry,None,Pedestrian in carriageway (not injured),1,Yes,E01004317,2005
6144,200501HT20764,535030.0,180220.0,-0.05582,51.504735,1,3,2,1,03/11/2005,5,16:15,5,E09000030,3,1204,Single carriageway,30,Giveway or uncontrolled,6,0,None within 50 metres,No physical crossing within 50 meters,Daylight: Street light present,Fine without high winds,Dry,None,None,1,Yes,E01004291,2005
6145,200501HT20765,534940.0,181910.0,-0.05647,51.519944,1,3,1,1,04/11/2005,6,16:30,5,E09000030,3,107,Single carriageway,30,Automatic traffic signal,3,11,None within 50 metres,Pedestrian phase at traffic signal junction,Daylight: Street light present,Fine without high winds,Dry,None,None,1,Yes,E01004208,2005
6146,200501HT20766,536940.0,181130.0,-0.027964,51.512453,1,3,1,2,30/10/2005,1,21:09,5,E09000030,3,1205,Single carriageway,30,None,-1,0,None within 50 metres,No physical crossing within 50 meters,Darkness: Street lights present and lit,Fine without high winds,Wet/Damp,None,None,1,Yes,E01004252,2005
6147,200501HT20767,533970.0,180590.0,-0.070943,51.508312,1,3,1,1,02/11/2005,4,08:00,5,E09000030,3,1203,Dual carriageway,30,None,-1,0,None within 50 metres,No physical crossing within 50 meters,Daylight: Street light present,Fine without high winds,Dry,None,None,1,Yes,E01004293,2005
6148,200501HT20768,535660.0,180830.0,-0.046514,51.510066,1,3,2,1,02/11/2005,4,09:25,5,E09000030,6,0,Dual carriageway,30,Giveway or uncontrolled,3,1203,None within 50 metres,No physical crossing within 50 meters,Daylight: Street light present,Fine without high winds,Dry,None,None,1,Yes,E01004303,2005
6149,200501HT20769,538050.0,181020.0,-0.012021,51.511195,1,3,1,1,06/11/2005,1,06:36,5,E09000030,3,13,Single carriageway,30,Giveway or uncontrolled,6,0,None within 50 metres,No physical crossing within 50 meters,Darkness: Street lighting unknown,Fine without high winds,Dry,None,None,1,Yes,E01004247,2005
6150,200501HT20770,536510.0,182530.0,-0.033615,51.525138,1,3,3,1,26/09/2005,2,08:20,5,E09000030,3,11,Single carriageway,30,Giveway or uncontrolled,6,0,None within 50 metres,No physical crossing within 50 meters,Daylight: Street light present,Fine without high winds,Dry,None,None,1,Yes,E01004269,2005
6151,200501HT20771,537510.0,182880.0,-0.019073,51.528041,1,3,2,1,24/10/2005,2,15:50,5,E09000030,3,11,Single carriageway,30,Automatic traffic signal,3,11,None within 50 metres,Pedestrian phase at traffic signal junction,Daylight: Street light present,Fine without high winds,Dry,None,None,1,No,E01004237,2005
6152,200501HT20772,536980.0,182720.0,-0.02677,51.526732,1,3,1,1,06/11/2005,1,21:30,5,E09000030,3,11,Single carriageway,30,None,-1,0,None within 50 metres,No physical crossing within 50 meters,Darkness: Street lights present and lit,Other,Wet/Damp,None,None,1,Yes,E01004268,2005
6153,200501HT20773,537840.0,178740.0,-0.015936,51.490758,1,3,2,3,04/11/2005,6,16:25,5,E09000030,5,0,Single carriageway,30,None,-1,0,None within 50 metres,No physical crossing within 50 meters,Daylight: Street light present,Fine without high winds,Dry,None,None,1,Yes,E01004281,2005
6154,200501HT20774,541250.0,184080.0,0.035287,51.537902,1,3,1,1,14/11/2005,2,15:10,17,E09000025,6,0,Single carriageway,30,Giveway or uncontrolled,6,0,None within 50 metres,No physical crossing within 50 meters,Daylight: Street light present,Fine without high winds,Dry,None,None,1,No,E01003566,2005
6155,200501HT20775,534210.0,181330.0,-0.067206,51.514905,1,3,2,1,04/11/2005,6,18:45,5,E09000030,3,13,Single carriageway,30,Giveway or uncontrolled,5,0,None within 50 metres,No physical crossing within 50 meters,Darkness: Street lights present and lit,Fine without high winds,Dry,None,None,1,Yes,E01004325,2005
6156,200501HT20776,536900.0,181370.0,-0.028447,51.51462,1,2,2,1,07/11/2005,2,19:20,5,E09000030,3,1205,Single carriageway,30,Giveway or uncontrolled,6,0,None within 50 metres,No physical crossing within 50 meters,Darkness: Street lights present and lit,Fine without high winds,Dry,None,None,1,Yes,E01004251,2005
6157,200501HT20777,533870.0,181380.0,-0.072084,51.515435,1,3,3,3,14/11/2005,2,00:18,5,E09000030,3,11,Single carriageway,30,Automatic traffic signal,3,1202,None within 50 metres,No physical crossing within 50 meters,Darkness: Street lights present and lit,Fine without high winds,Dry,None,None,1,Yes,E01004309,2005
6158,200501HT20778,538320.0,180660.0,-0.008274,51.507894,1,3,1,1,08/11/2005,3,19:20,5,E09000030,3,1206,Roundabout,30,Giveway or uncontrolled,3,1261,None within 50 metres,No physical crossing within 50 meters,Darkness: Street lights present and lit,Fine without high winds,Dry,None,None,1,Yes,E01004219,2005
6159,200501HT20781,538030.0,178350.0,-0.013353,51.487207,1,3,2,1,15/11/2005,3,06:48,5,E09000030,3,1206,Roundabout,30,Giveway or uncontrolled,5,0,None within 50 metres,Zebra crossing,Darkness: Street lights present and lit,Raining without high winds,Wet/Damp,None,None,1,Yes,E01004275,2005
6160,200501HT20782,533850.0,181330.0,-0.072391,51.514991,1,3,2,1,12/11/2005,7,19:10,5,E09000030,3,11,One way street,30,None,-1,0,None within 50 metres,Pedestrian phase at traffic signal junction,Darkness: Street lights present and lit,Fine without high winds,Dry,None,None,1,Yes,E01004309,2005
6161,200501HT20783,536370.0,182480.0,-0.035651,51.524723,1,3,2,1,09/11/2005,4,15:30,5,E09000030,6,0,Single carriageway,30,Automatic traffic signal,3,11,None within 50 metres,Pedestrian phase at traffic signal junction,Daylight: Street light present,Fine without high winds,Dry,None,None,1,Yes,E01004232,2005
6162,200501HT20784,534200.0,182680.0,-0.066836,51.527039,1,3,1,1,09/11/2005,4,11:35,5,E09000030,6,0,Single carriageway,30,Giveway or uncontrolled,6,0,None within 50 metres,No physical crossing within 50 meters,Daylight: Street light present,Fine without high winds,Dry,Roadworks,None,1,Yes,E01004312,2005
6163,200501HT20785,533880.0,182280.0,-0.071598,51.523521,1,3,1,1,30/10/2005,1,13:15,5,E09000030,4,135,One way street,30,Giveway or uncontrolled,4,134,None within 50 metres,No physical crossing within 50 meters,Daylight: Street light present,Fine without high winds,Dry,None,None,1,Yes,E01004317,2005
6164,200501HT20786,534720.0,181310.0,-0.059868,51.514604,1,3,2,1,17/11/2005,5,20:30,5,E09000030,3,13,Single carriageway,30,Giveway or uncontrolled,6,0,None within 50 metres,No physical crossing within 50 meters,Darkness: Street lights present and lit,Fine without high winds,Dry,None,None,1,Yes,E01004304,2005
6165,200501HT20787,534900.0,183110.0,-0.056587,51.530737,1,3,2,2,13/11/2005,1,07:45,5,E09000030,3,107,Dual carriageway,50,Automatic traffic signal,4,118,None within 50 metres,Pedestrian phase at traffic signal junction,Daylight: Street light present,Fine without high winds,Dry,None,None,1,Yes,E01004198,2005
6166,200501HT20788,537480.0,182480.0,-0.019661,51.524454,1,3,2,1,16/11/2005,4,17:00,5,E09000030,5,0,Single carriageway,30,None,-1,0,None within 50 metres,No physical crossing within 50 meters,Darkness: Street lights present and lit,Fine without high winds,Dry,None,None,1,Yes,E01004240,2005
6167,200501HT20789,534210.0,181580.0,-0.067111,51.517152,1,3,3,1,16/11/2005,4,13:31,5,E09000030,3,11,Dual carriageway,30,Giveway or uncontrolled,5,0,Control by other authorised person,non-junction pedestrian crossing,Daylight: Street light present,Fine without high winds,Dry,None,None,1,Yes,E01004309,2005
6168,200501HT20790,534440.0,180700.0,-0.064133,51.509189,1,3,2,1,03/11/2005,5,17:48,5,E09000030,3,1203,Single carriageway,40,None,-1,0,None within 50 metres,No physical crossing within 50 meters,Darkness: Street lights present and lit,Fine without high winds,Dry,None,None,1,Yes,E01004294,2005
6169,200501HT20791,537340.0,179870.0,-0.022694,51.501034,1,3,2,1,15/11/2005,3,08:10,5,E09000030,5,0,Single carriageway,30,Giveway or uncontrolled,6,0,None within 50 metres,No physical crossing within 50 meters,Daylight: Street light present,Raining without high winds,Wet/Damp,None,None,1,Yes,E01004278,2005
6170,200501HT20792,536890.0,182060.0,-0.028323,51.520823,1,3,1,3,09/11/2005,4,22:49,5,E09000030,5,0,Single carriageway,30,Giveway or uncontrolled,6,0,None within 50 metres,No physical crossing within 50 meters,Darkness: Street lights present and lit,Fine without high winds,Dry,None,None,1,Yes,E01004271,2005
6171,200501HT20793,533800.0,183080.0,-0.072447,51.530729,1,3,1,1,10/11/2005,5,12:29,5,E09000030,3,1208,Single carriageway,30,Giveway or uncontrolled,6,0,None within 50 metres,Zebra crossing,Daylight: Street light present,Fine without high winds,Dry,None,None,1,Yes,E01001774,2005
6172,200501HT20794,537660.0,180980.0,-0.017653,51.510931,1,3,2,1,04/11/2005,6,14:30,5,E09000030,3,13,Single carriageway,30,Giveway or uncontrolled,6,0,None within 50 metres,No physical crossing within 50 meters,Daylight: Street light present,Fine without high winds,Dry,None,None,1,Yes,E01004244,2005
6173,200501HT20795,537810.0,182750.0,-0.014801,51.5268,1,3,2,1,11/11/2005,6,19:00,5,E09000030,6,0,Single carriageway,30,Giveway or uncontrolled,6,0,None within 50 metres,No physical crossing within 50 meters,Darkness: Street lights present and lit,Fine without high winds,Dry,None,None,1,No,E01004236,2005
6174,200501HT20796,535060.0,181270.0,-0.054986,51.514164,1,3,2,1,02/11/2005,4,20:14,5,E09000030,3,13,Single carriageway,30,Giveway or uncontrolled,6,0,None within 50 metres,No physical crossing within 50 meters,Darkness: Street lights present and lit,Fine without high winds,Dry,None,None,1,Yes,E01004298,2005
6175,200501HT20797,533900.0,182450.0,-0.071245,51.525044,1,3,2,1,05/11/2005,7,17:00,5,E09000030,3,1209,Single carriageway,30,None,-1,0,None within 50 metres,No physical crossing within 50 meters,Darkness: Street lights present and lit,Raining without high winds,Wet/Damp,None,None,1,Yes,E01004317,2005
6176,200501HT20798,537440.0,182880.0,-0.020081,51.528058,1,3,2,1,01/11/2005,3,17:00,5,E09000030,3,11,Single carriageway,30,None,-1,0,None within 50 metres,No physical crossing within 50 meters,Daylight: Street light present,Fine without high winds,Dry,None,None,1,Yes,E01004225,2005
6177,200501HT20799,537970.0,181010.0,-0.013177,51.511125,1,3,1,1,24/11/2005,5,12:00,5,E09000030,3,13,Single carriageway,30,Giveway or uncontrolled,5,0,None within 50 metres,No physical crossing within 50 meters,Daylight: Street light present,Fine without high winds,Dry,None,None,1,No,E01004257,2005
6178,200501HT20800,536010.0,181130.0,-0.041358,51.512678,1,3,2,1,11/11/2005,6,17:52,5,E09000030,4,126,Dual carriageway,30,Automatic traffic signal,3,13,None within 50 metres,Pedestrian phase at traffic signal junction,Darkness: Street lights present and lit,Other,Wet/Damp,None,None,1,Yes,E01004299,2005
6179,200501HT20801,538020.0,182640.0,-0.011819,51.52576,1,3,1,1,11/11/2005,6,22:44,5,E09000030,6,0,Single carriageway,30,Giveway or uncontrolled,6,0,None within 50 metres,No physical crossing within 50 meters,Darkness: Street lights present and lit,Fine without high winds,Wet/Damp,None,None,1,Yes,E01004238,2005
6180,200501HT20802,537280.0,182830.0,-0.022406,51.527648,1,3,2,1,14/11/2005,2,14:58,5,E09000030,3,11,Single carriageway,30,Giveway or uncontrolled,6,0,None within 50 metres,No physical crossing within 50 meters,Daylight: Street light present,Fine without high winds,Dry,None,None,1,Yes,E01004267,2005
6181,200501HT20803,535400.0,182050.0,-0.04979,51.521092,1,3,2,1,23/11/2005,4,22:20,5,E09000030,3,11,Single carriageway,30,None,-1,0,None within 50 metres,No physical crossing within 50 meters,Darkness: Street lights present and lit,Fine without high winds,Dry,None,None,1,Yes,E01004208,2005
6182,200501HT20804,538340.0,181080.0,-0.007821,51.511663,1,3,2,1,20/11/2005,1,09:00,5,E09000030,3,13,Dual carriageway,30,Automatic traffic signal,3,102,None within 50 metres,Pedestrian phase at traffic signal junction,Daylight: Street light present,Fine without high winds,Wet/Damp,Auto traffic singal out,None,1,Yes,E01004243,2005
6183,200501HT20805,537900.0,183010.0,-0.013403,51.529114,1,3,4,1,14/11/2005,2,08:45,5,E09000030,3,12,Dual carriageway,30,None,-1,0,None within 50 metres,No physical crossing within 50 meters,Daylight: Street light present,Fine without high winds,Dry,None,None,1,Yes,E01004235,2005
6184,200501HT20806,536370.0,181540.0,-0.036015,51.516276,1,3,2,1,23/11/2005,4,23:58,5,E09000030,6,0,Single carriageway,30,Giveway or uncontrolled,6,0,None within 50 metres,No physical crossing within 50 meters,Darkness: Street lights present and lit,Fine without high winds,Dry,None,None,1,No,E01004286,2005
6185,200501HT20807,538280.0,181380.0,-0.008568,51.514374,1,3,2,1,21/11/2005,2,16:45,5,E09000030,3,12,Dual carriageway,70,None,-1,0,None within 50 metres,No physical crossing within 50 meters,Daylight: Street light present,Fine without high winds,Dry,None,None,1,No,E01004249,2005
6186,200501HT20808,535130.0,182750.0,-0.053411,51.527447,1,3,2,1,22/11/2005,3,16:49,5,E09000030,4,135,Single carriageway,30,Giveway or uncontrolled,6,0,None within 50 metres,No physical crossing within 50 meters,Darkness: Street lights present and lit,Fine without high winds,Dry,None,None,1,No,E01004209,2005
6187,200501HT20811,537160.0,184130.0,-0.023628,51.539359,1,2,1,3,21/11/2005,2,19:34,5,E09000030,6,0,Single carriageway,30,None,-1,0,None within 50 metres,No physical crossing within 50 meters,Darkness: Street lights present and lit,Fine without high winds,Dry,None,None,1,Yes,E01004224,2005
6188,200501HT20813,538390.0,180950.0,-0.007152,51.510483,1,3,2,1,30/11/2005,4,18:10,5,E09000030,3,102,Single carriageway,30,None,-1,0,None within 50 metres,No physical crossing within 50 meters,Darkness: Street lights present and lit,Fine without high winds,Dry,None,None,1,No,E01004219,2005
6189,200501HT20814,538840.0,181210.0,-0.000569,51.512709,1,3,2,1,26/10/2005,4,15:20,5,E09000030,3,13,Dual carriageway,50,Giveway or uncontrolled,3,1268,None within 50 metres,No physical crossing within 50 meters,Daylight: Street light present,Fine without high winds,Dry,None,None,1,No,E01004220,2005
6190,200501HT20815,534710.0,180730.0,-0.060233,51.509395,1,3,2,1,16/11/2005,4,18:15,5,E09000030,3,1203,Dual carriageway,50,Giveway or uncontrolled,3,1203,None within 50 metres,No physical crossing within 50 meters,Darkness: Street lights present and lit,Fine without high winds,Dry,None,None,1,No,E01004296,2005
6191,200501HT20816,533790.0,182110.0,-0.072959,51.522014,1,3,2,1,16/11/2005,4,16:00,5,E09000030,5,0,Single carriageway,30,Giveway or uncontrolled,6,0,None within 50 metres,No physical crossing within 50 meters,Daylight: Street light present,Fine without high winds,Dry,None,None,1,No,E01004317,2005
6192,200501HT20817,537980.0,179740.0,-0.01353,51.49971,1,3,1,1,22/11/2005,3,18:50,5,E09000030,5,0,Single carriageway,30,Giveway or uncontrolled,5,0,None within 50 metres,No physical crossing within 50 meters,Darkness: Street lights present but unlit,Fine without high winds,Frost/Ice,None,None,1,Yes,E01004215,2005
6193,200501HT20818,538450.0,181400.0,-0.006112,51.514512,1,3,1,1,01/10/2005,7,15:04,5,E09000030,6,0,Single carriageway,30,Giveway or uncontrolled,6,0,None within 50 metres,No physical crossing within 50 meters,Daylight: Street light present,Fine without high winds,Dry,None,None,1,Yes,E01004243,2005
6194,200501HT20819,537050.0,183760.0,-0.025358,51.536061,1,3,2,1,25/11/2005,6,08:00,5,E09000030,6,0,Single carriageway,30,Giveway or uncontrolled,3,12,None within 50 metres,No physical crossing within 50 meters,Daylight: Street light present,Fine without high winds,Wet/Damp,None,None,1,Yes,E01004224,2005
6195,200501HT20820,537710.0,182300.0,-0.016418,51.52278,1,3,1,1,08/11/2005,3,16:05,5,E09000030,6,0,Single carriageway,30,Giveway or uncontrolled,4,140,None within 50 metres,No physical crossing within 50 meters,Darkness: Street lights present and lit,Fine without high winds,Dry,None,None,1,Yes,E01004239,2005
6196,200501HT20821,536950.0,181110.0,-0.027828,51.512271,1,2,1,1,24/11/2005,5,07:40,5,E09000030,3,1205,Dual carriageway,50,None,-1,0,None within 50 metres,No physical crossing within 50 meters,Daylight: Street light present,Fine without high winds,Dry,None,None,1,Yes,E01004252,2005
6197,200501HT20822,535680.0,182150.0,-0.045718,51.521923,1,3,2,3,18/11/2005,6,17:15,5,E09000030,3,11,Single carriageway,30,Automatic traffic signal,5,0,None within 50 metres,Pedestrian phase at traffic signal junction,Darkness: Street lights present but unlit,Fine without high winds,Dry,None,None,1,Yes,E01004262,2005
6198,200501HT20823,533690.0,181790.0,-0.074521,51.519162,1,3,2,1,04/11/2005,6,18:15,5,E09000030,3,1202,Single carriageway,30,Giveway or uncontrolled,5,0,None within 50 metres,non-junction pedestrian crossing,Darkness: Street lights present and lit,Fine without high winds,Dry,None,None,1,No,E01004307,2005
6199,200501HT20824,538190.0,181740.0,-0.009723,51.517631,1,3,3,1,30/11/2005,4,18:10,5,E09000030,6,0,Dual carriageway,50,Giveway or uncontrolled,3,12,None within 50 metres,No physical crossing within 50 meters,Darkness: Street lights present and lit,Fine without high winds,Dry,None,None,1,No,E01004249,2005
6200,200501HT20825,534670.0,181380.0,-0.060561,51.515245,1,3,2,1,18/11/2005,6,12:23,5,E09000030,6,0,Single carriageway,30,Giveway or uncontrolled,6,0,None within 50 metres,No physical crossing within 50 meters,Daylight: Street light present,Fine without high winds,Dry,None,None,1,Yes,E01004321,2005
6201,200501HT20826,538350.0,180180.0,-0.00803,51.503573,1,3,2,1,18/11/2005,6,10:41,5,E09000030,6,0,Single carriageway,30,Giveway or uncontrolled,3,1206,None within 50 metres,No physical crossing within 50 meters,Daylight: Street light present,Fine without high winds,Dry,None,None,1,Yes,E01004220,2005
6202,200501HT20827,536900.0,181360.0,-0.028451,51.51453,1,3,2,1,15/11/2005,3,10:50,5,E09000030,3,1205,Single carriageway,30,Giveway or uncontrolled,6,0,None within 50 metres,No physical crossing within 50 meters,Daylight: Street light present,Fine without high winds,Dry,None,None,1,Yes,E01004251,2005
6203,200501HT20828,534940.0,181890.0,-0.056477,51.519764,1,3,1,1,25/11/2005,6,11:45,5,E09000030,3,11,Single carriageway,30,Automatic traffic signal,3,11,None within 50 metres,Pedestrian phase at traffic signal junction,Daylight: Street light present,Fine without high winds,Dry,None,None,1,Yes,E01004208,2005
6204,200501HT20829,537190.0,181930.0,-0.024052,51.519582,1,3,1,1,28/11/2005,2,10:45,5,E09000030,5,0,Single carriageway,30,None,-1,0,None within 50 metres,No physical crossing within 50 meters,Daylight: Street light present,Fine without high winds,Dry,None,None,1,Yes,E01004241,2005
6205,200501HT20830,534460.0,181850.0,-0.063407,51.519519,1,3,2,1,17/11/2005,5,11:45,5,E09000030,4,108,Single carriageway,30,Giveway or uncontrolled,4,108,None within 50 metres,Zebra crossing,Daylight: Street light present,Fine without high winds,Dry,None,None,1,Yes,E01004309,2005
6206,200501HT20831,538060.0,182660.0,-0.011235,51.52593,1,3,2,1,26/11/2005,7,18:00,5,E09000030,3,12,One way street,40,Giveway or uncontrolled,6,0,None within 50 metres,No physical crossing within 50 meters,Darkness: Street lights present and lit,Fine without high winds,Dry,None,None,1,Yes,E01004238,2005
6207,200501HT20832,534030.0,181450.0,-0.069753,51.516026,1,3,2,2,16/11/2005,4,10:30,5,E09000030,3,11,Dual carriageway,30,Automatic traffic signal,4,134,None within 50 metres,No physical crossing within 50 meters,Daylight: Street light present,Fine without high winds,Dry,None,None,1,Yes,E01004325,2005
6208,200501HT20833,537300.0,182830.0,-0.022118,51.527643,1,3,2,1,28/11/2005,2,18:00,5,E09000030,3,11,Dual carriageway,30,None,-1,0,None within 50 metres,Pedestrian phase at traffic signal junction,Darkness: Street lights present and lit,Fine without high winds,Dry,None,None,1,Yes,E01004267,2005
6209,200501HT20834,533640.0,182280.0,-0.075055,51.523578,1,3,2,1,16/11/2005,4,11:45,5,E09000030,3,1209,Single carriageway,30,Authorised person,3,1209,None within 50 metres,No physical crossing within 50 meters,Daylight: Street light present,Fine without high winds,Dry,None,None,1,Yes,E01004317,2005
6210,200501HT20835,534490.0,181370.0,-0.063158,51.515198,1,3,2,1,21/11/2005,2,16:16,5,E09000030,3,13,One way street,30,None,-1,0,None within 50 metres,No physical crossing within 50 meters,Darkness: Street lights present and lit,Fine without high winds,Dry,None,None,1,Yes,E01004325,2005
6211,200501HT20836,538350.0,180530.0,-0.007893,51.506718,1,3,2,1,23/11/2005,4,15:15,5,E09000030,3,1206,Dual carriageway,30,None,-1,0,None within 50 metres,No physical crossing within 50 meters,Daylight: Street light present,Fine without high winds,Dry,None,None,1,Yes,E01004220,2005
6212,200501HT20837,537150.0,180160.0,-0.025317,51.503686,1,3,2,1,29/11/2005,3,13:01,5,E09000030,5,0,Roundabout,30,Giveway or uncontrolled,3,1206,None within 50 metres,No physical crossing within 50 meters,Daylight: Street light present,Fine without high winds,Dry,None,None,1,Yes,E01004278,2005
6213,200501HT20838,535180.0,181260.0,-0.053262,51.514045,1,3,2,1,09/12/2005,6,15:00,5,E09000030,3,13,Single carriageway,30,None,-1,0,None within 50 metres,No physical crossing within 50 meters,Daylight: Street light present,Fine without high winds,Dry,None,None,1,No,E01004326,2005
6214,200501HT20839,539150.0,180920.0,0.00378,51.510027,1,3,1,1,22/11/2005,3,15:07,5,E09000030,3,1020,Dual carriageway,40,None,-1,0,None within 50 metres,No physical crossing within 50 meters,Daylight: Street light present,Fine without high winds,Dry,Roadworks,Other object in carriageway,1,Yes,E01004220,2005
6215,200501HT20840,536790.0,181660.0,-0.029919,51.517252,1,3,2,1,30/11/2005,4,08:55,5,E09000030,3,1205,Dual carriageway,30,Automatic traffic signal,4,140,None within 50 metres,No physical crossing within 50 meters,Daylight: Street light present,Raining without high winds,Wet/Damp,None,None,1,No,E01004273,2005
6216,200501HT20841,537500.0,180960.0,-0.019965,51.51079,1,2,1,1,14/06/2005,3,08:28,5,E09000030,3,13,Single carriageway,30,None,-1,0,None within 50 metres,non-junction pedestrian crossing,Daylight: Street light present,Fine without high winds,Dry,None,None,1,Yes,E01004257,2005
6217,200501HT20842,533590.0,181960.0,-0.075897,51.520714,1,3,1,1,18/11/2005,6,15:00,5,E09000030,6,0,Single carriageway,30,None,-1,0,None within 50 metres,No physical crossing within 50 meters,Daylight: Street light present,Fine without high winds,Dry,None,None,1,Yes,E01004307,2005
6218,200501HT20843,536010.0,183140.0,-0.040583,51.53074,1,3,2,1,08/12/2005,5,16:29,5,E09000030,4,135,Single carriageway,30,Automatic traffic signal,3,1205,None within 50 metres,Pedestrian phase at traffic signal junction,Darkness: Street lights present and lit,Fine without high winds,Dry,None,None,1,Yes,E01004234,2005
6219,200501HT20844,535800.0,181160.0,-0.044371,51.512998,1,3,1,1,11/12/2005,1,16:54,5,E09000030,6,0,Single carriageway,30,Giveway or uncontrolled,3,13,None within 50 metres,No physical crossing within 50 meters,Darkness: Street lights present and lit,Fine without high winds,Dry,None,None,1,Yes,E01004305,2005
6220,200501HT20845,534530.0,181310.0,-0.062604,51.51465,1,3,2,1,11/12/2005,1,14:19,5,E09000030,3,13,Single carriageway,30,Giveway or uncontrolled,6,0,None within 50 metres,No physical crossing within 50 meters,Daylight: Street light present,Fine without high winds,Dry,None,None,1,Yes,E01004321,2005
6221,200501HT20846,534970.0,181290.0,-0.056275,51.514365,1,3,2,1,04/12/2005,1,19:20,5,E09000030,3,13,Single carriageway,30,None,-1,0,None within 50 metres,No physical crossing within 50 meters,Darkness: Street lights present and lit,Fine without high winds,Dry,None,None,1,Yes,E01004298,2005
6222,200501HT20847,534440.0,181310.0,-0.063901,51.514671,1,2,2,1,15/12/2005,5,08:24,5,E09000030,3,13,Single carriageway,30,None,-1,0,None within 50 metres,No physical crossing within 50 meters,Daylight: Street light present,Fine without high winds,Dry,None,None,1,Yes,E01004321,2005
6223,200501HT20848,535180.0,180890.0,-0.053404,51.51072,1,3,3,1,16/12/2005,6,09:45,5,E09000030,4,126,Single carriageway,30,Giveway or uncontrolled,6,0,None within 50 metres,Zebra crossing,Daylight: Street light present,Fine without high winds,Dry,None,None,1,No,E01004303,2005
6224,200501HT20849,535610.0,181770.0,-0.046873,51.518525,1,3,2,1,02/11/2005,4,17:15,5,E09000030,6,0,Single carriageway,30,Giveway or uncontrolled,6,0,None within 50 metres,No physical crossing within 50 meters,Daylight: Street light present,Fine without high winds,Dry,None,None,1,No,E01004283,2005
6225,200501HT20850,534260.0,181610.0,-0.066379,51.51741,1,3,2,1,08/12/2005,5,14:46,5,E09000030,3,11,Single carriageway,30,None,-1,0,None within 50 metres,No physical crossing within 50 meters,Daylight: Street light present,Fine without high winds,Dry,None,None,1,Yes,E01004309,2005
6226,200501HT20851,533880.0,181550.0,-0.071875,51.516961,1,3,1,1,29/11/2005,3,15:05,5,E09000030,6,0,Single carriageway,30,Giveway or uncontrolled,6,0,None within 50 metres,No physical crossing within 50 meters,Daylight: Street light present,Fine without high winds,Dry,None,None,1,Yes,E01004310,2005
6227,200501HT20852,534130.0,181840.0,-0.068164,51.519507,1,3,2,1,30/11/2005,4,18:00,5,E09000030,5,0,Single carriageway,30,Giveway or uncontrolled,6,0,None within 50 metres,No physical crossing within 50 meters,Darkness: Street lights present and lit,Fine without high winds,Dry,None,None,1,Yes,E01004309,2005
6228,200501HT20853,534490.0,181720.0,-0.063024,51.518344,1,3,2,1,19/12/2005,2,17:26,5,E09000030,3,11,Single carriageway,30,Automatic traffic signal,4,108,None within 50 metres,Pedestrian phase at traffic signal junction,Darkness: Street lights present and lit,Fine without high winds,Dry,None,None,1,Yes,E01004309,2005
6229,200501HT20854,536760.0,181730.0,-0.030324,51.517889,1,2,1,1,19/12/2005,2,12:30,5,E09000030,3,1205,Single carriageway,30,Giveway or uncontrolled,5,0,None within 50 metres,No physical crossing within 50 meters,Daylight: Street light present,Fine without high winds,Dry,None,None,1,Yes,E01004273,2005
6230,200501HT20855,537520.0,182900.0,-0.018921,51.528218,1,2,1,1,15/12/2005,5,15:05,5,E09000030,3,11,Single carriageway,30,None,-1,0,None within 50 metres,non-junction pedestrian crossing,Daylight: Street light present,Fine without high winds,Dry,None,None,1,Yes,E01004227,2005
6231,200501HT20856,536630.0,181110.0,-0.032436,51.512349,1,3,2,1,16/12/2005,6,15:30,5,E09000030,3,13,Single carriageway,30,Giveway or uncontrolled,6,0,None within 50 metres,No physical crossing within 50 meters,Daylight: Street light present,Fine without high winds,Dry,None,None,1,Yes,E01004254,2005
6232,200501HT20857,535560.0,180960.0,-0.047904,51.511258,1,3,2,1,02/12/2005,6,08:50,5,E09000030,6,0,Single carriageway,30,Giveway or uncontrolled,4,126,None within 50 metres,No physical crossing within 50 meters,Daylight: Street light present,Fine without high winds,Dry,None,None,1,Yes,E01004305,2005
6233,200501HT20858,533650.0,182280.0,-0.074911,51.523575,1,3,2,1,29/11/2005,3,11:35,5,E09000030,3,1209,Single carriageway,30,Giveway or uncontrolled,4,135,None within 50 metres,No physical crossing within 50 meters,Daylight: Street light present,Fine without high winds,Dry,None,None,1,Yes,E01004317,2005
6234,200501HT20859,535160.0,182270.0,-0.053163,51.523126,1,3,1,1,07/12/2005,4,00:15,5,E09000030,6,0,Single carriageway,30,Giveway or uncontrolled,6,0,None within 50 metres,No physical crossing within 50 meters,Darkness: Street lights present and lit,Fine without high winds,Dry,None,None,1,Yes,E01004209,2005
6235,200501HT20860,536850.0,182670.0,-0.028663,51.526314,1,3,1,1,08/12/2005,5,08:30,5,E09000030,3,11,Single carriageway,30,None,-1,0,None within 50 metres,non-junction pedestrian crossing,Daylight: Street light present,Raining without high winds,Wet/Damp,None,None,1,Yes,E01004269,2005
6236,200501HT20861,534920.0,183080.0,-0.05631,51.530463,1,3,2,1,10/12/2005,7,10:22,5,E09000030,3,107,Single carriageway,30,Giveway or uncontrolled,6,0,None within 50 metres,Zebra crossing,Daylight: Street light present,Fine without high winds,Dry,None,None,1,Yes,E01004198,2005
6237,200501HT20862,535990.0,181290.0,-0.041584,51.514121,1,3,2,1,01/12/2005,5,22:00,5,E09000030,6,0,Single carriageway,30,None,-1,0,None within 50 metres,No physical crossing within 50 meters,Darkness: Street lights present and lit,Fine without high winds,Dry,None,None,1,No,E01004288,2005
6238,200501HT20863,537940.0,181000.0,-0.013613,51.511042,1,3,1,1,03/12/2005,7,07:04,5,E09000030,3,13,Single carriageway,30,Automatic traffic signal,5,0,None within 50 metres,Pedestrian phase at traffic signal junction,Daylight: Street light present,Fine without high winds,Wet/Damp,None,None,1,Yes,E01004257,2005
6239,200501HT20864,534690.0,180730.0,-0.060521,51.509399,1,2,2,1,06/12/2005,3,19:57,5,E09000030,3,1203,Single carriageway,30,Automatic traffic signal,4,108,None within 50 metres,Pedestrian phase at traffic signal junction,Darkness: Street lights present and lit,Fine without high winds,Wet/Damp,None,None,1,Yes,E01004295,2005
6240,200501HT20865,534500.0,181320.0,-0.063033,51.514747,1,3,2,1,16/12/2005,6,18:15,5,E09000030,3,13,Single carriageway,30,Giveway or uncontrolled,6,0,None within 50 metres,No physical crossing within 50 meters,Darkness: Street lights present and lit,Fine without high winds,Dry,None,None,1,No,E01004321,2005
6241,200501HT20866,535370.0,180780.0,-0.050709,51.509686,1,3,2,1,08/12/2005,5,16:48,5,E09000030,3,1203,Single carriageway,30,Automatic traffic signal,3,1203,None within 50 metres,Pedestrian phase at traffic signal junction,Darkness: Street lights present and lit,Fine without high winds,Dry,None,None,1,Yes,E01004303,2005
6242,200501HT20867,537280.0,183510.0,-0.022141,51.533758,1,3,2,1,07/12/2005,4,17:00,5,E09000030,3,12,Single carriageway,30,Giveway or uncontrolled,5,0,None within 50 metres,Zebra crossing,Darkness: Street lights present and lit,Fine without high winds,Dry,None,None,1,No,E01004227,2005
6243,200501HT20868,537260.0,181790.0,-0.023099,51.518307,1,2,2,1,03/12/2005,7,11:30,5,E09000030,4,140,Single carriageway,30,Automatic traffic signal,5,0,None within 50 metres,Pedestrian phase at traffic signal junction,Daylight: Street light present,Fine without high winds,Dry,None,None,1,Yes,E01004272,2005
6244,200501HT20869,534330.0,181640.0,-0.065359,51.517663,1,3,2,1,20/12/2005,3,14:00,5,E09000030,3,11,Single carriageway,30,Giveway or uncontrolled,6,0,None within 50 metres,non-junction pedestrian crossing,Daylight: Street light present,Fine without high winds,Wet/Damp,None,None,1,No,E01004309,2005
6245,200501HT20871,535620.0,182970.0,-0.046267,51.529307,1,3,2,2,30/11/2005,4,11:31,5,E09000030,4,135,Single carriageway,30,None,-1,0,None within 50 metres,No physical crossing within 50 meters,Daylight: Street light present,Raining without high winds,Wet/Damp,None,None,1,Yes,E01004265,2005
6246,200501HT20872,536980.0,180970.0,-0.02745,51.511006,1,3,1,1,10/12/2005,7,17:20,5,E09000030,3,1206,Dual carriageway,40,None,-1,0,None within 50 metres,No physical crossing within 50 meters,Darkness: Street lights present and lit,Fine without high winds,Dry,None,None,1,No,E01004252,2005
6247,200501HT20874,536790.0,181650.0,-0.029923,51.517163,1,3,2,2,04/12/2005,1,04:00,5,E09000030,3,1205,Single carriageway,30,Automatic traffic signal,4,140,None within 50 metres,Pedestrian phase at traffic signal junction,Darkness: Street lights present and lit,Fine without high winds,Wet/Damp,None,None,1,Yes,E01004273,2005
6248,200501HT20875,534880.0,182720.0,-0.057024,51.527237,1,2,2,1,02/12/2005,6,13:00,5,E09000030,3,1209,Single carriageway,30,Giveway or uncontrolled,6,0,None within 50 metres,No physical crossing within 50 meters,Daylight: Street light present,Fine without high winds,Dry,None,None,1,Yes,E01004211,2005
6249,200501HT20876,534570.0,181750.0,-0.06186,51.518594,1,3,1,1,08/12/2005,5,01:05,5,E09000030,3,11,Dual carriageway,30,Giveway or uncontrolled,6,0,None within 50 metres,No physical crossing within 50 meters,Darkness: Street lights present and lit,Raining without high winds,Wet/Damp,None,None,1,Yes,E01004208,2005
6250,200501HT20877,537820.0,183100.0,-0.014521,51.529942,1,3,2,1,13/12/2005,3,14:50,5,E09000030,3,11,Roundabout,30,Giveway or uncontrolled,3,12,None within 50 metres,No physical crossing within 50 meters,Daylight: Street light present,Fine without high winds,Dry,None,None,1,No,E01004227,2005
6251,200501HT20878,536980.0,183480.0,-0.026475,51.533561,1,3,2,1,19/12/2005,2,14:05,5,E09000030,4,142,Single carriageway,30,None,-1,0,None within 50 metres,No physical crossing within 50 meters,Daylight: Street light present,Fine without high winds,Dry,None,None,1,Yes,E01004224,2005
6252,200501HT20879,536030.0,183140.0,-0.040294,51.530736,1,3,2,1,25/12/2005,1,01:17,5,E09000030,4,135,Single carriageway,30,Automatic traffic signal,3,1205,None within 50 metres,Pedestrian phase at traffic signal junction,Darkness: Street lights present and lit,Fine without high winds,Dry,None,None,1,Yes,E01004230,2005
6253,200501HT20880,537430.0,180950.0,-0.020977,51.510717,1,3,2,1,22/12/2005,5,22:52,5,E09000030,3,13,Single carriageway,30,Automatic traffic signal,5,0,None within 50 metres,Pedestrian phase at traffic signal junction,Darkness: Street lights present and lit,Fine without high winds,Dry,None,None,1,Yes,E01004257,2005
6254,200501HT20881,536030.0,183140.0,-0.040294,51.530736,1,3,2,1,27/12/2005,3,17:30,5,E09000030,3,1205,Single carriageway,30,Automatic traffic signal,4,135,None within 50 metres,Pedestrian phase at traffic signal junction,Daylight: Street light present,Fine without high winds,Dry,None,None,1,No,E01004230,2005
6255,200501HT20883,537410.0,179860.0,-0.02169,51.500927,1,3,2,1,19/12/2005,2,13:40,5,E09000030,5,0,Single carriageway,30,None,-1,0,None within 50 metres,No physical crossing within 50 meters,Daylight: Street light present,Fine without high winds,Dry,None,None,1,Yes,E01004278,2005
6256,200501HT20884,533780.0,181200.0,-0.073448,51.513839,1,3,1,1,08/12/2005,5,10:30,5,E09000030,3,13,Single carriageway,30,Automatic traffic signal,3,1210,None within 50 metres,Pedestrian phase at traffic signal junction,Daylight: Street light present,Other,Wet/Damp,None,None,1,Yes,E01004320,2005
6257,200501HT20885,534650.0,180710.0,-0.061105,51.509229,1,3,1,1,21/12/2005,4,02:50,5,E09000030,3,1203,Single carriageway,30,None,-1,0,None within 50 metres,No physical crossing within 50 meters,Darkness: Street lights present and lit,Fine without high winds,Dry,None,None,1,Yes,E01004294,2005
6258,200501HT20886,537280.0,182840.0,-0.022402,51.527737,1,3,1,1,19/12/2005,2,16:54,5,E09000030,3,11,Single carriageway,30,Giveway or uncontrolled,6,0,None within 50 metres,Pedestrian phase at traffic signal junction,Darkness: Street lights present and lit,Fine without high winds,Dry,None,None,1,Yes,E01004231,2005
6259,200501HT20887,536130.0,183510.0,-0.038711,51.534037,1,3,2,1,20/12/2005,3,14:00,5,E09000030,4,118,Single carriageway,30,None,-1,0,None within 50 metres,Zebra crossing,Daylight: Street light present,Fine without high winds,Dry,None,None,1,Yes,E01004234,2005
6260,200501HT20888,538910.0,181020.0,0.000363,51.510984,1,3,2,1,12/12/2005,2,13:00,5,E09000030,3,1261,Roundabout,30,Giveway or uncontrolled,3,1261,None within 50 metres,Pedestrian phase at traffic signal junction,Daylight: Street light present,Fine without high winds,Dry,None,None,1,Yes,E01004220,2005
6261,200501HT20889,536940.0,181100.0,-0.027976,51.512184,1,3,2,1,05/12/2005,2,15:30,5,E09000030,3,1205,Single carriageway,30,None,-1,0,None within 50 metres,No physical crossing within 50 meters,Darkness: Street lights present and lit,Fine without high winds,Dry,None,None,1,No,E01004252,2005
6262,200501HT20890,537250.0,184500.0,-0.022187,51.542662,1,3,2,1,20/10/2005,5,08:20,5,E09000030,3,115,Single carriageway,30,None,-1,0,None within 50 metres,No physical crossing within 50 meters,Daylight: Street light present,Fine without high winds,Dry,None,None,1,No,E01004224,2005
6263,200501HT20891,533720.0,180750.0,-0.074483,51.509809,1,3,2,1,21/12/2005,4,08:30,5,E09000030,3,1211,One way street,30,Automatic traffic signal,3,100,None within 50 metres,No physical crossing within 50 meters,Daylight: Street light present,Fine without high winds,Dry,None,None,1,No,E01000005,2005
6264,200501HT20892,534480.0,182640.0,-0.062817,51.526613,1,3,2,1,22/12/2005,5,16:00,5,E09000030,3,1209,Single carriageway,30,None,-1,0,None within 50 metres,No physical crossing within 50 meters,Darkness: Street lights present and lit,Fine without high winds,Dry,None,None,1,No,E01004203,2005
6265,200501HT20893,536970.0,182720.0,-0.026914,51.526734,1,3,2,2,03/11/2005,5,22:15,5,E09000030,3,11,Single carriageway,30,None,-1,0,None within 50 metres,Pedestrian phase at traffic signal junction,Darkness: Street lights present and lit,Fine without high winds,Dry,None,None,1,No,E01004229,2005
6266,200501HT20895,535530.0,182090.0,-0.047902,51.52142,1,2,2,1,19/12/2005,2,15:35,5,E09000030,3,11,Single carriageway,30,Giveway or uncontrolled,6,0,None within 50 metres,No physical crossing within 50 meters,Darkness: Street lights present and lit,Fine without high winds,Dry,None,None,1,No,E01004290,2005
6267,200501HT20898,537420.0,180950.0,-0.021121,51.510719,1,3,2,2,22/12/2005,5,21:03,5,E09000030,3,13,Single carriageway,30,Automatic traffic signal,5,0,None within 50 metres,Pedestrian phase at traffic signal junction,Darkness: Street lights present and lit,Fine without high winds,Dry,None,None,1,Yes,E01004256,2005
6268,200501HT20899,537710.0,180980.0,-0.016933,51.510918,1,3,1,1,31/12/2005,7,07:28,5,E09000030,3,13,Single carriageway,30,None,-1,0,None within 50 metres,No physical crossing within 50 meters,Darkness: Street lights present and lit,Fine without high winds,Dry,None,None,1,Yes,E01004257,2005
6269,200501HT20900,538930.0,181270.0,0.000749,51.513226,1,3,2,3,29/12/2005,5,17:50,5,E09000030,3,13,Single carriageway,30,Automatic traffic signal,4,125,None within 50 metres,Pedestrian phase at traffic signal junction,Darkness: Street lights present and lit,Fine without high winds,Wet/Damp,None,None,1,Yes,E01004245,2005
6270,200501HT20902,534570.0,180710.0,-0.062257,51.509248,1,3,2,1,14/12/2005,4,05:25,5,E09000030,3,1203,Single carriageway,30,Giveway or uncontrolled,6,0,None within 50 metres,No physical crossing within 50 meters,Darkness: Street lights present and lit,Raining without high winds,Wet/Damp,None,None,1,Yes,E01004294,2005
6271,200501HT20904,534670.0,181380.0,-0.060561,51.515245,1,3,2,1,26/12/2005,2,18:10,5,E09000030,6,0,Single carriageway,30,Giveway or uncontrolled,6,0,None within 50 metres,No physical crossing within 50 meters,Darkness: Street lights present and lit,Fine without high winds,Dry,None,None,1,Yes,E01004321,2005
6272,200501HT20905,537370.0,181580.0,-0.021596,51.516393,1,3,2,3,24/12/2005,7,23:14,5,E09000030,5,0,Single carriageway,30,Giveway or uncontrolled,6,0,None within 50 metres,No physical crossing within 50 meters,Darkness: Street lights present and lit,Fine without high winds,Dry,None,None,1,Yes,E01004252,2005
6273,200501HT20906,536940.0,181240.0,-0.027921,51.513442,1,3,1,2,16/12/2005,6,15:41,5,E09000030,3,1205,Single carriageway,30,Giveway or uncontrolled,6,0,None within 50 metres,No physical crossing within 50 meters,Darkness: Street lights present and lit,Fine without high winds,Dry,None,None,1,Yes,E01004252,2005
6274,200501HT20909,533680.0,182290.0,-0.074475,51.523658,1,3,2,1,24/12/2005,7,06:55,5,E09000030,3,1209,Single carriageway,30,Giveway or uncontrolled,4,135,None within 50 metres,Zebra crossing,Darkness: Street lights present and lit,Raining without high winds,Wet/Damp,None,None,1,Yes,E01004317,2005
6275,200501HT20910,536070.0,181130.0,-0.040494,51.512663,1,2,1,1,23/12/2005,6,10:24,5,E09000030,3,13,Single carriageway,30,None,-1,0,None within 50 metres,No physical crossing within 50 meters,Daylight: Street light present,Fine without high winds,Dry,None,None,1,Yes,E01004299,2005
6276,200501HT20915,538100.0,181020.0,-0.011301,51.511183,1,2,2,1,24/12/2005,7,21:04,5,E09000030,3,13,Single carriageway,30,Giveway or uncontrolled,6,0,None within 50 metres,No physical crossing within 50 meters,Darkness: Street lights present and lit,Fine without high winds,Dry,None,None,1,Yes,E01004219,2005
6277,200501HT20916,536940.0,181070.0,-0.027987,51.511914,1,3,1,1,24/12/2005,7,06:00,5,E09000030,3,1205,Single carriageway,30,Automatic traffic signal,3,13,None within 50 metres,Pedestrian phase at traffic signal junction,Darkness: Street lights present and lit,Fine without high winds,Dry,None,None,1,Yes,E01004252,2005
6278,200501HT20917,536170.0,181130.0,-0.039054,51.512639,1,3,2,1,27/12/2005,3,12:40,5,E09000030,3,13,Single carriageway,30,Automatic traffic signal,5,0,None within 50 metres,Pedestrian phase at traffic signal junction,Daylight: Street light present,Fine without high winds,Dry,None,None,1,Yes,E01004299,2005
6279,200501HT20918,533770.0,181560.0,-0.073456,51.517077,1,3,2,2,28/12/2005,4,20:26,5,E09000030,3,1202,Single carriageway,30,Giveway or uncontrolled,6,0,None within 50 metres,non-junction pedestrian crossing,Darkness: Street lights present and lit,Fine without high winds,Dry,None,None,1,Yes,E01004310,2005
6280,200501HT20919,535320.0,182010.0,-0.050958,51.520752,1,3,1,1,30/12/2005,6,16:00,5,E09000030,3,11,Single carriageway,30,None,-1,0,None within 50 metres,No physical crossing within 50 meters,Darkness: Street lights present and lit,Fine without high winds,Dry,None,None,1,Yes,E01004290,2005
6281,200501HT20920,535400.0,180780.0,-0.050277,51.509679,1,3,2,1,31/12/2005,7,17:54,5,E09000030,3,1203,Single carriageway,30,None,-1,0,None within 50 metres,No physical crossing within 50 meters,Darkness: Street lights present and lit,Fine without high winds,Dry,None,None,1,Yes,E01004303,2005
6282,200501HT20921,534570.0,181310.0,-0.062028,51.51464,1,3,3,1,23/12/2005,6,13:05,5,E09000030,3,13,Single carriageway,30,Automatic traffic signal,4,108,None within 50 metres,Pedestrian phase at traffic signal junction,Daylight: Street light present,Fine without high winds,Dry,None,None,1,Yes,E01004319,2005
6283,200501HT20923,534240.0,181600.0,-0.066671,51.517325,1,2,1,1,30/12/2005,6,19:15,5,E09000030,3,11,Single carriageway,30,Giveway or uncontrolled,6,0,None within 50 metres,No physical crossing within 50 meters,Darkness: Street lights present and lit,Fine without high winds,Dry,None,None,1,Yes,E01004309,2005
6284,200501HT20925,534300.0,182810.0,-0.065346,51.528184,1,3,2,1,21/12/2005,4,19:45,5,E09000030,4,118,Single carriageway,30,Giveway or uncontrolled,4,108,None within 50 metres,No physical crossing within 50 meters,Darkness: Street lights present and lit,Fine without high winds,Dry,None,None,1,No,E01004313,2005
6285,200501HT20929,534840.0,183540.0,-0.057287,51.534615,1,3,2,1,19/12/2005,2,08:00,4,E09000012,3,106,Single carriageway,30,None,-1,0,None within 50 metres,No physical crossing within 50 meters,Daylight: Street light present,Fine without high winds,Dry,None,None,1,No,E01001818,2005
6286,200501HT29008,537210.0,178980.0,-0.024911,51.493067,1,3,1,1,12/12/2005,2,12:40,5,E09000030,3,1206,Single carriageway,30,Giveway or uncontrolled,6,0,None within 50 metres,No physical crossing within 50 meters,Daylight: Street light present,Fine without high winds,Dry,None,None,1,Yes,E01004282,2005
6287,200501HT29011,535800.0,183750.0,-0.043373,51.536273,1,3,2,2,20/11/2005,1,15:00,5,E09000030,3,1205,Single carriageway,30,None,-1,0,None within 50 metres,Zebra crossing,Daylight: Street light present,Fine without high winds,Dry,None,None,1,No,E01004234,2005
6288,200501HT29017,534840.0,183660.0,-0.057241,51.535694,1,3,2,1,18/10/2005,3,13:40,4,E09000012,3,107,Single carriageway,30,Automatic traffic signal,3,107,None within 50 metres,Pedestrian phase at traffic signal junction,Daylight: Street light present,Fine without high winds,Dry,None,None,1,Yes,E01001818,2005
6289,200501HT29023,536430.0,181120.0,-0.035313,51.512487,1,3,2,1,20/12/2005,3,17:00,5,E09000030,3,13,Single carriageway,30,Automatic traffic signal,6,0,None within 50 metres,Pedestrian phase at traffic signal junction,Darkness: Street lights present and lit,Fine without high winds,Dry,None,None,1,Yes,E01004254,2005
6290,200501HT29029,535160.0,183040.0,-0.052868,51.530046,1,3,2,1,08/11/2005,3,18:30,5,E09000030,4,118,Single carriageway,30,Giveway or uncontrolled,5,0,None within 50 metres,Zebra crossing,Darkness: Street lights present and lit,Fine without high winds,Dry,None,None,1,No,E01004266,2005
6291,200501HT29035,536900.0,181370.0,-0.028447,51.51462,1,3,2,1,22/12/2005,5,15:30,5,E09000030,3,1205,Single carriageway,30,Giveway or uncontrolled,6,0,None within 50 metres,No physical crossing within 50 meters,Darkness: Street lights present and lit,Fine without high winds,Dry,None,None,1,No,E01004251,2005
6292,200501HT29060,533840.0,180920.0,-0.07269,51.511309,48,3,2,1,30/11/2005,4,21:30,570,E09000001,4,139,Single carriageway,30,Giveway or uncontrolled,3,1210,None within 50 metres,No physical crossing within 50 meters,Darkness: Street lights present and lit,Fine without high winds,Dry,None,None,1,Yes,E01004320,2005
6293,200501HT29065,533610.0,180720.0,-0.076079,51.509566,1,3,2,1,18/10/2005,3,06:10,5,E09000030,3,100,Single carriageway,30,None,-1,0,None within 50 metres,No physical crossing within 50 meters,Darkness: Street lights present and lit,Fine without high winds,Dry,None,None,1,No,E01004293,2005
6294,200501HT29069,537730.0,181740.0,-0.016348,51.517743,1,3,2,1,10/12/2005,7,17:30,5,E09000030,5,0,Single carriageway,30,Giveway or uncontrolled,6,0,None within 50 metres,No physical crossing within 50 meters,Darkness: Street lights present and lit,Fine without high winds,Dry,None,None,1,Yes,E01004250,2005
6295,200501ID00001,508010.0,174520.0,-0.446708,51.459307,1,3,1,1,05/01/2005,4,06:55,57,EHEATHROW,6,0,Single carriageway,30,None,-1,0,None within 50 metres,No physical crossing within 50 meters,Daylight: Street light present,Fine without high winds,Dry,None,None,1,Yes,E01002444,2005
6296,200501ID00002,507440.0,178410.0,-0.453727,51.494381,1,3,2,1,05/01/2005,4,18:20,26,E09000017,1,4,Dual carriageway,50,Giveway or uncontrolled,1,4,None within 50 metres,No physical crossing within 50 meters,Darkness: Street lights present and lit,Fine without high winds,Dry,None,None,1,Yes,E01002446,2005
6297,200501ID00004,505490.0,176690.0,-0.48232,51.479287,1,2,3,1,20/01/2005,5,17:40,57,EHEATHROW,6,0,Single carriageway,30,None,-1,0,None within 50 metres,No physical crossing within 50 meters,Darkness: Street lights present and lit,Fine without high winds,Dry,None,None,1,Yes,E01002444,2005
6298,200501ID00007,509560.0,175620.0,-0.424066,51.468897,1,3,1,1,28/01/2005,6,05:15,57,EHEATHROW,6,0,Single carriageway,30,None,-1,0,None within 50 metres,No physical crossing within 50 meters,Darkeness: No street lighting,Raining with high winds,Wet/Damp,Permanent sign or marking defective or obscured,Other object in carriageway,1,Yes,E01002444,2005
6299,200501ID00008,507230.0,175760.0,-0.457555,51.470601,1,3,1,1,30/01/2005,1,14:42,57,EHEATHROW,6,0,Single carriageway,30,None,-1,0,None within 50 metres,No physical crossing within 50 meters,Daylight: Street light present,Fine without high winds,Dry,None,None,1,Yes,E01002444,2005
6300,200501ID00009,505060.0,174800.0,-0.489071,51.462379,1,3,2,1,31/01/2005,2,07:00,57,EHEATHROW,6,0,Roundabout,30,Giveway or uncontrolled,6,0,None within 50 metres,No physical crossing within 50 meters,Daylight: Street light present,Fine without high winds,Wet/Damp,None,None,1,Yes,E01002444,2005
6301,200501ID60001,509890.0,175510.0,-0.419351,51.467844,1,3,1,1,01/02/2005,3,15:20,57,EHEATHROW,6,0,Single carriageway,30,None,-1,0,None within 50 metres,No physical crossing within 50 meters,Daylight: Street light present,Fine without high winds,Wet/Damp,None,None,1,Yes,E01002443,2005
6302,200501ID60002,507860.0,174170.0,-0.448973,51.45619,1,3,2,1,13/02/2005,1,05:45,57,EHEATHROW,6,0,Dual carriageway,40,Giveway or uncontrolled,6,0,None within 50 metres,No physical crossing within 50 meters,Darkness: Street lights present and lit,Raining without high winds,Wet/Damp,None,None,1,Yes,E01002444,2005
6303,200501ID60003,507970.0,174390.0,-0.447323,51.458146,1,3,1,1,15/02/2005,3,17:25,57,EHEATHROW,6,0,Single carriageway,30,Giveway or uncontrolled,6,0,None within 50 metres,Zebra crossing,Daylight: Street light present,Fine without high winds,Dry,None,None,1,Yes,E01002444,2005
6304,200501ID60004,506520.0,174370.0,-0.468192,51.458241,1,3,2,1,18/02/2005,6,06:15,57,EHEATHROW,6,0,Single carriageway,30,Automatic traffic signal,6,0,None within 50 metres,Pedestrian phase at traffic signal junction,Darkness: Street lights present and lit,Fine without high winds,Wet/Damp,None,None,1,Yes,E01002444,2005
6305,200501ID60006,509780.0,176420.0,-0.420651,51.476045,1,3,2,1,25/02/2005,6,09:10,57,EHEATHROW,6,0,Single carriageway,30,Giveway or uncontrolled,6,0,None within 50 metres,No physical crossing within 50 meters,Daylight: Street light present,Fine without high winds,Wet/Damp,None,None,1,Yes,E01002443,2005
6306,200501ID60007,508500.0,174350.0,-0.43971,51.457686,1,3,1,1,26/02/2005,7,17:19,57,EHEATHROW,6,0,Roundabout,30,Giveway or uncontrolled,6,0,None within 50 metres,No physical crossing within 50 meters,Darkness: Street lights present and lit,Raining without high winds,Wet/Damp,None,None,1,Yes,E01002444,2005
6307,200501ID60008,508950.0,176900.0,-0.43245,51.48052,1,3,2,2,28/02/2005,2,14:00,26,E09000017,3,4,Dual carriageway,40,Automatic traffic signal,6,0,None within 50 metres,Pedestrian phase at traffic signal junction,Daylight: Street light present,Fine without high winds,Dry,None,None,1,Yes,E01002443,2005
6308,200501ID60010,504730.0,174860.0,-0.493802,51.462979,1,3,2,1,02/03/2005,4,17:05,26,E09000017,3,3044,Single carriageway,30,Giveway or uncontrolled,3,3113,None within 50 metres,No physical crossing within 50 meters,Daylight: Street light present,Fine without high winds,Dry,None,None,2,Yes,E01002444,2005
6309,200501ID60011,509560.0,175360.0,-0.424146,51.46656,1,3,1,1,07/03/2005,2,22:11,57,EHEATHROW,6,0,Single carriageway,40,Automatic traffic signal,6,0,None within 50 metres,No physical crossing within 50 meters,Darkness: Street lights present and lit,Fine without high winds,Dry,None,None,1,Yes,E01002444,2005
6310,200501ID60013,508030.0,174540.0,-0.446414,51.459483,1,3,2,1,27/03/2005,1,20:15,57,EHEATHROW,6,0,One way street,30,None,-1,0,None within 50 metres,No physical crossing within 50 meters,Darkness: Street lights present and lit,Fine without high winds,Dry,None,None,1,Yes,E01002444,2005
6311,200501ID60014,507340.0,175960.0,-0.455911,51.472378,1,3,1,1,28/03/2005,2,16:05,57,EHEATHROW,6,0,One way street,30,None,-1,0,None within 50 metres,No physical crossing within 50 meters,Daylight: Street light present,Fine without high winds,Dry,None,None,1,Yes,E01002444,2005
6312,200501ID60016,509390.0,176420.0,-0.426265,51.47612,1,3,2,1,14/03/2005,2,09:25,57,EHEATHROW,6,0,Roundabout,30,Giveway or uncontrolled,6,0,None within 50 metres,No physical crossing within 50 meters,Daylight: Street light present,Fine without high winds,Dry,None,None,1,No,E01002444,2005
6313,200501ID60018,507210.0,175840.0,-0.457819,51.471324,1,3,1,1,19/04/2005,3,07:00,57,EHEATHROW,6,0,One way street,30,None,-1,0,None within 50 metres,No physical crossing within 50 meters,Daylight: Street light present,Fine without high winds,Dry,None,None,1,Yes,E01002444,2005
6314,200501ID60019,507860.0,174160.0,-0.448976,51.4561,1,3,2,1,08/04/2005,6,16:41,26,E09000017,6,0,Dual carriageway,40,Giveway or uncontrolled,6,0,None within 50 metres,No physical crossing within 50 meters,Daylight: Street light present,Fine without high winds,Dry,None,None,1,Yes,E01002444,2005
6315,200501ID60021,507220.0,175750.0,-0.457702,51.470513,1,3,2,1,15/04/2005,6,06:15,57,EHEATHROW,6,0,Single carriageway,30,None,-1,0,None within 50 metres,No physical crossing within 50 meters,Daylight: Street light present,Fine without high winds,Dry,None,None,1,No,E01002444,2005
6316,200501ID60022,504730.0,174930.0,-0.493781,51.463608,1,3,3,1,15/04/2005,6,06:30,26,E09000017,3,3113,Dual carriageway,30,Giveway or uncontrolled,3,3044,None within 50 metres,No physical crossing within 50 meters,Daylight: Street light present,Fine without high winds,Dry,None,None,2,No,E01002444,2005
6317,200501ID60023,509680.0,175370.0,-0.422416,51.466626,1,3,2,1,03/05/2005,3,12:50,26,E09000017,3,30,Dual carriageway,50,Giveway or uncontrolled,5,0,None within 50 metres,No physical crossing within 50 meters,Daylight: Street light present,Raining without high winds,Wet/Damp,None,None,1,Yes,E01002444,2005
6318,200501ID60024,507860.0,174170.0,-0.448973,51.45619,1,3,2,1,02/05/2005,2,09:50,57,EHEATHROW,6,0,Single carriageway,30,Giveway or uncontrolled,6,0,None within 50 metres,No physical crossing within 50 meters,Daylight: Street light present,Fine without high winds,Dry,None,None,1,Yes,E01002444,2005
6319,200501ID60025,509600.0,175540.0,-0.423515,51.46817,1,3,3,2,13/05/2005,6,13:05,57,EHEATHROW,6,0,Roundabout,30,Giveway or uncontrolled,6,0,None within 50 metres,No physical crossing within 50 meters,Daylight: Street light present,Fine without high winds,Dry,None,None,1,Yes,E01002444,2005
6320,200501ID60026,508030.0,174440.0,-0.446445,51.458584,1,3,1,1,23/05/2005,2,08:00,57,EHEATHROW,6,0,Single carriageway,30,None,-1,0,None within 50 metres,No physical crossing within 50 meters,Daylight: Street light present,Fine without high winds,Dry,None,None,1,Yes,E01002444,2005
6321,200501ID60027,506510.0,174370.0,-0.468336,51.458243,1,3,3,1,24/05/2005,3,06:38,57,EHEATHROW,6,0,Single carriageway,30,Automatic traffic signal,6,0,None within 50 metres,Pedestrian phase at traffic signal junction,Daylight: Street light present,Fine without high winds,Dry,None,None,1,Yes,E01002444,2005
6322,200501ID60028,508080.0,174280.0,-0.445774,51.457137,1,3,1,1,27/05/2005,6,13:25,57,EHEATHROW,6,0,Dual carriageway,40,Giveway or uncontrolled,6,0,None within 50 metres,No physical crossing within 50 meters,Daylight: Street light present,Fine without high winds,Dry,None,None,1,Yes,E01002444,2005
6323,200501ID60030,507530.0,176070.0,-0.453143,51.473331,1,3,2,1,24/05/2005,3,13:18,57,EHEATHROW,6,0,Dual carriageway,30,Giveway or uncontrolled,6,0,None within 50 metres,Zebra crossing,Daylight: Street light present,Raining without high winds,Wet/Damp,None,None,1,Yes,E01002444,2005
6324,200501ID60031,509580.0,175490.0,-0.423818,51.467724,1,3,2,1,23/05/2005,2,16:35,57,EHEATHROW,6,0,Roundabout,30,Giveway or uncontrolled,6,0,None within 50 metres,Pedestrian phase at traffic signal junction,Daylight: Street light present,Fine without high winds,Dry,None,None,1,Yes,E01002444,2005
6325,200501ID60032,507510.0,176740.0,-0.453228,51.479357,1,3,1,1,31/05/2005,3,07:55,57,EHEATHROW,6,0,Single carriageway,30,None,-1,0,None within 50 metres,No physical crossing within 50 meters,Daylight: Street light present,Fine without high winds,Dry,None,None,1,Yes,E01002444,2005
6326,200501ID60033,506260.0,176770.0,-0.471212,51.479862,1,3,2,1,17/05/2005,3,15:15,57,EHEATHROW,6,0,Single carriageway,30,Giveway or uncontrolled,6,0,None within 50 metres,No physical crossing within 50 meters,Daylight: Street light present,Fine without high winds,Dry,None,None,1,Yes,E01002444,2005
6327,200501ID60035,507540.0,175960.0,-0.453033,51.47234,1,3,2,1,19/05/2005,5,16:36,57,EHEATHROW,6,0,One way street,30,None,-1,0,None within 50 metres,No physical crossing within 50 meters,Daylight: Street light present,Raining without high winds,Wet/Damp,None,None,1,Yes,E01002444,2005
6328,200501ID60036,509380.0,176420.0,-0.426409,51.476122,1,3,2,1,03/06/2005,6,19:00,57,EHEATHROW,6,0,Roundabout,30,Giveway or uncontrolled,6,0,None within 50 metres,No physical crossing within 50 meters,Daylight: Street light present,Fine without high winds,Wet/Damp,None,None,1,No,E01002444,2005
6329,200501ID60037,509210.0,176770.0,-0.428748,51.479301,1,3,3,1,13/06/2005,2,08:15,57,EHEATHROW,6,0,Dual carriageway,40,Giveway or uncontrolled,6,0,None within 50 metres,No physical crossing within 50 meters,Daylight: Street light present,Fine without high winds,Dry,None,None,1,Yes,E01002444,2005
6330,200501ID60038,507190.0,175820.0,-0.458113,51.471148,1,3,1,1,09/06/2005,5,14:07,57,EHEATHROW,6,0,Single carriageway,30,Giveway or uncontrolled,6,0,None within 50 metres,No physical crossing within 50 meters,Daylight: Street light present,Fine without high winds,Dry,None,None,1,Yes,E01002444,2005
6331,200501ID60039,514740.0,188230.0,-0.345418,51.581208,1,3,1,1,21/06/2005,3,06:00,29,E09000015,6,0,One way street,30,Giveway or uncontrolled,3,404,None within 50 metres,No physical crossing within 50 meters,Daylight: Street light present,Fine without high winds,Dry,None,None,1,Yes,E01002160,2005
6332,200501ID60040,507430.0,178470.0,-0.453853,51.494922,1,3,2,2,25/05/2005,4,08:00,26,E09000017,1,4,Roundabout,30,Giveway or uncontrolled,1,4,None within 50 metres,No physical crossing within 50 meters,Daylight: Street light present,Fine without high winds,Dry,None,None,1,No,E01002446,2005
6333,200501ID60041,503870.0,175710.0,-0.505928,51.470778,1,2,2,1,22/06/2005,4,10:45,57,EHEATHROW,1,25,Dual carriageway,40,None,-1,0,None within 50 metres,No physical crossing within 50 meters,Daylight: Street light present,Fine without high winds,Dry,None,None,2,No,E01002444,2005
6334,200501ID60043,507230.0,175760.0,-0.457555,51.470601,1,3,3,2,26/06/2005,1,20:45,57,EHEATHROW,6,0,One way street,30,None,-1,0,None within 50 metres,No physical crossing within 50 meters,Daylight: Street light present,Fine without high winds,Dry,None,None,1,Yes,E01002444,2005
6335,200501ID60045,507060.0,174300.0,-0.460444,51.45751,1,3,2,1,05/07/2005,3,12:44,57,EHEATHROW,6,0,Dual carriageway,40,Automatic traffic signal,6,0,None within 50 metres,Pedestrian phase at traffic signal junction,Daylight: Street light present,Fine without high winds,Dry,None,None,1,Yes,E01002444,2005
6336,200501ID60046,504620.0,176160.0,-0.495,51.474685,1,3,2,1,08/07/2005,6,16:20,57,EHEATHROW,6,0,Single carriageway,30,None,-1,0,None within 50 metres,No physical crossing within 50 meters,Daylight: Street light present,Fine without high winds,Dry,None,None,2,Yes,E01002444,2005
6337,200501ID60047,508870.0,176770.0,-0.433642,51.479366,1,3,2,1,01/07/2005,6,07:00,57,EHEATHROW,6,0,Single carriageway,30,None,-1,0,None within 50 metres,No physical crossing within 50 meters,Daylight: Street light present,Fine without high winds,Dry,None,None,1,Yes,E01002444,2005
6338,200501ID60048,507570.0,176920.0,-0.452309,51.480963,1,3,2,1,01/07/2005,6,13:30,26,E09000017,1,4,Single carriageway,30,Giveway or uncontrolled,6,0,None within 50 metres,No physical crossing within 50 meters,Daylight: Street light present,Fine without high winds,Dry,None,None,1,Yes,E01002447,2005
6339,200501ID60051,509580.0,175510.0,-0.423812,51.467904,1,3,1,2,05/07/2005,3,12:30,57,EHEATHROW,6,0,Roundabout,30,Giveway or uncontrolled,6,0,None within 50 metres,No physical crossing within 50 meters,Daylight: Street light present,Fine without high winds,Dry,None,None,1,No,E01002444,2005
6340,200501ID60052,507760.0,176800.0,-0.449611,51.479848,1,3,2,1,02/08/2005,3,05:30,57,EHEATHROW,6,0,Dual carriageway,40,None,-1,0,None within 50 metres,No physical crossing within 50 meters,Daylight: Street light present,Fine without high winds,Dry,None,None,1,Yes,E01002447,2005
6341,200501ID60053,507740.0,176850.0,-0.449883,51.480302,1,3,2,1,14/07/2005,5,20:30,57,EHEATHROW,6,0,Roundabout,30,Giveway or uncontrolled,6,0,None within 50 metres,No physical crossing within 50 meters,Daylight: Street light present,Fine without high winds,Dry,None,None,1,Yes,E01002447,2005
6342,200501ID60054,507620.0,175970.0,-0.451878,51.472415,1,3,2,1,30/07/2005,7,18:30,57,EHEATHROW,6,0,Single carriageway,30,None,-1,0,None within 50 metres,No physical crossing within 50 meters,Daylight: Street light present,Fine without high winds,Dry,None,None,1,No,E01002444,2005
6343,200501ID60056,508700.0,174660.0,-0.436737,51.460434,1,3,2,1,01/07/2005,6,18:12,26,E09000017,3,30,Dual carriageway,40,Giveway or uncontrolled,6,0,None within 50 metres,No physical crossing within 50 meters,Daylight: Street light present,Fine without high winds,Dry,None,None,1,Yes,E01002444,2005
6344,200501ID60057,505070.0,174840.0,-0.488915,51.462736,1,3,1,1,11/08/2005,5,07:26,57,EHEATHROW,6,0,Single carriageway,30,None,-1,0,None within 50 metres,No physical crossing within 50 meters,Daylight: Street light present,Fine without high winds,Dry,None,None,1,Yes,E01002444,2005
6345,200501ID60058,507540.0,176050.0,-0.453006,51.473149,1,3,1,1,01/08/2005,2,14:00,57,EHEATHROW,6,0,Dual carriageway,40,Giveway or uncontrolled,6,0,None within 50 metres,No physical crossing within 50 meters,Daylight: Street light present,Fine without high winds,Dry,None,None,1,Yes,E01002444,2005
6346,200501ID60059,509540.0,175330.0,-0.424443,51.466294,1,3,2,1,28/08/2005,1,14:05,57,EHEATHROW,6,0,Single carriageway,30,Giveway or uncontrolled,6,0,None within 50 metres,non-junction pedestrian crossing,Daylight: Street light present,Fine without high winds,Dry,None,None,1,Yes,E01002444,2005
6347,200501ID60060,509650.0,175450.0,-0.422823,51.467351,1,2,2,1,12/08/2005,6,16:30,57,EHEATHROW,6,0,Single carriageway,30,None,-1,0,None within 50 metres,No physical crossing within 50 meters,Daylight: Street light present,Fine without high winds,Dry,None,None,1,Yes,E01002444,2005
6348,200501ID60063,507520.0,175790.0,-0.453372,51.470816,1,3,1,1,28/08/2005,1,21:15,57,EHEATHROW,6,0,Single carriageway,30,None,-1,0,None within 50 metres,Pedestrian phase at traffic signal junction,Daylight: Street light present,Fine without high winds,Dry,None,None,1,Yes,E01002444,2005
6349,200501ID60064,504870.0,175390.0,-0.49163,51.467717,1,3,2,1,31/08/2005,4,15:45,26,E09000017,6,0,Single carriageway,30,Giveway or uncontrolled,6,0,None within 50 metres,No physical crossing within 50 meters,Daylight: Street light present,Fine without high winds,Dry,None,None,1,Yes,E01002444,2005
6350,200501ID60065,504740.0,174930.0,-0.493637,51.463607,1,3,2,1,07/09/2005,4,06:25,26,E09000017,3,3113,Roundabout,30,Giveway or uncontrolled,3,3044,None within 50 metres,No physical crossing within 50 meters,Daylight: Street light present,Fine without high winds,Dry,None,None,2,Yes,E01002444,2005
6351,200501ID60069,507400.0,176790.0,-0.454796,51.479827,1,2,3,1,09/09/2005,6,07:10,57,EHEATHROW,6,0,Single carriageway,30,None,-1,0,None within 50 metres,No physical crossing within 50 meters,Daylight: Street light present,Fine without high winds,Dry,None,None,1,Yes,E01002444,2005
6352,200501ID60072,507450.0,175790.0,-0.45438,51.470829,1,3,2,1,12/09/2005,2,20:33,57,EHEATHROW,6,0,Single carriageway,30,Automatic traffic signal,6,0,None within 50 metres,No physical crossing within 50 meters,Darkness: Street lights present and lit,Fine without high winds,Dry,None,None,1,Yes,E01002444,2005
6353,200501ID60073,509670.0,175410.0,-0.422548,51.466988,1,3,1,1,25/08/2005,5,16:20,57,EHEATHROW,3,30,Single carriageway,30,None,-1,0,None within 50 metres,No physical crossing within 50 meters,Daylight: Street light present,Fine without high winds,Dry,None,None,1,Yes,E01002444,2005
6354,200501ID60076,507320.0,175910.0,-0.456214,51.471932,1,3,1,1,24/09/2005,7,20:50,57,EHEATHROW,6,0,Single carriageway,30,Giveway or uncontrolled,6,0,None within 50 metres,No physical crossing within 50 meters,Darkness: Street lights present and lit,Fine without high winds,Dry,None,None,1,Yes,E01002444,2005
6355,200501ID60078,507460.0,174070.0,-0.454758,51.455367,1,3,1,1,30/09/2005,6,14:36,25,E09000018,5,0,Roundabout,30,Giveway or uncontrolled,6,0,None within 50 metres,No physical crossing within 50 meters,Daylight: Street light present,Fine without high winds,Dry,None,None,1,Yes,E01002559,2005
6356,200501ID60079,508300.0,174500.0,-0.442542,51.459072,1,3,2,1,10/10/2005,2,17:15,57,EHEATHROW,6,0,Single carriageway,30,Automatic traffic signal,6,0,None within 50 metres,Pedestrian phase at traffic signal junction,Daylight: Street light present,Fine without high winds,Dry,None,None,1,Yes,E01002444,2005
6357,200501ID60080,509620.0,175460.0,-0.423252,51.467447,1,3,3,1,08/10/2005,7,19:00,57,EHEATHROW,6,0,Roundabout,30,Giveway or uncontrolled,6,0,None within 50 metres,Pedestrian phase at traffic signal junction,Darkness: Street lights present and lit,Raining without high winds,Wet/Damp,None,None,1,Yes,E01002444,2005
6358,200501ID60081,509690.0,175370.0,-0.422272,51.466625,1,3,2,1,13/10/2005,5,15:35,26,E09000017,3,30,Single carriageway,30,Automatic traffic signal,5,0,None within 50 metres,Pedestrian phase at traffic signal junction,Daylight: Street light present,Fine without high winds,Dry,None,None,1,Yes,E01002444,2005
6359,200501ID60082,509760.0,176420.0,-0.420939,51.476049,1,3,1,1,11/10/2005,3,05:17,57,EHEATHROW,6,0,Single carriageway,30,None,-1,0,None within 50 metres,No physical crossing within 50 meters,Darkness: Street lights present and lit,Fine without high winds,Dry,None,None,1,Yes,E01002443,2005
6360,200501ID60085,509370.0,176410.0,-0.426556,51.476034,1,3,2,1,30/09/2005,6,14:00,57,EHEATHROW,6,0,Roundabout,30,Giveway or uncontrolled,6,0,None within 50 metres,No physical crossing within 50 meters,Daylight: Street light present,Fine without high winds,Dry,None,None,1,No,E01002444,2005
6361,200501ID60086,504790.0,174910.0,-0.492924,51.463418,1,3,1,1,29/10/2005,7,05:49,26,E09000017,3,3044,Roundabout,30,Giveway or uncontrolled,3,3113,None within 50 metres,No physical crossing within 50 meters,Daylight: Street light present,Fine without high winds,Dry,None,None,2,Yes,E01002444,2005
6362,200501ID60088,504880.0,175280.0,-0.491519,51.466727,1,3,2,1,22/10/2005,7,15:10,57,EHEATHROW,6,0,Single carriageway,30,Automatic traffic signal,6,0,None within 50 metres,Pedestrian phase at traffic signal junction,Daylight: Street light present,Fine without high winds,Dry,None,None,1,No,E01002444,2005
6363,200501ID60089,508670.0,176910.0,-0.436478,51.480663,1,3,2,1,20/09/2005,3,08:50,26,E09000017,3,4,Single carriageway,30,None,-1,0,None within 50 metres,No physical crossing within 50 meters,Daylight: Street light present,Fine without high winds,Dry,None,None,1,No,E01002443,2005
6364,200501ID60090,509350.0,176440.0,-0.426834,51.476308,1,2,1,1,04/11/2005,6,12:14,57,EHEATHROW,6,0,Roundabout,40,Giveway or uncontrolled,6,0,None within 50 metres,No physical crossing within 50 meters,Daylight: Street light present,Fine without high winds,Wet/Damp,None,None,1,Yes,E01002444,2005
6365,200501ID60091,508160.0,174530.0,-0.444547,51.459369,1,3,2,1,29/09/2005,5,17:50,57,EHEATHROW,6,0,Single carriageway,30,None,-1,0,None within 50 metres,No physical crossing within 50 meters,Daylight: Street light present,Fine without high winds,Dry,None,None,1,No,E01002444,2005
6366,200501ID60092,508210.0,174380.0,-0.443873,51.458011,1,3,1,1,04/11/2005,6,17:50,57,EHEATHROW,6,0,Single carriageway,30,None,-1,0,None within 50 metres,No physical crossing within 50 meters,Darkness: Street lights present and lit,Fine without high winds,Dry,None,None,1,Yes,E01002444,2005
6367,200501ID60093,509590.0,175560.0,-0.423653,51.468352,1,3,2,2,02/11/2005,4,07:41,57,EHEATHROW,6,0,Single carriageway,30,None,-1,0,None within 50 metres,No physical crossing within 50 meters,Daylight: Street light present,Raining without high winds,Wet/Damp,None,None,1,Yes,E01002444,2005
6368,200501ID60094,506560.0,176780.0,-0.466891,51.479896,1,3,1,1,12/11/2005,7,21:39,57,EHEATHROW,6,0,Single carriageway,30,None,-1,0,None within 50 metres,No physical crossing within 50 meters,Darkness: Street lights present but unlit,Fine without high winds,Dry,None,None,1,Yes,E01002444,2005
6369,200501ID60095,507850.0,174160.0,-0.44912,51.456102,1,3,1,1,24/10/2005,2,22:20,57,EHEATHROW,6,0,Dual carriageway,40,Giveway or uncontrolled,6,0,None within 50 metres,No physical crossing within 50 meters,Darkness: Street lights present and lit,Raining without high winds,Wet/Damp,None,None,1,Yes,E01002444,2005
6370,200501ID60096,507600.0,175980.0,-0.452163,51.472508,1,3,2,1,23/10/2005,1,15:30,57,EHEATHROW,6,0,Single carriageway,30,None,-1,0,None within 50 metres,No physical crossing within 50 meters,Daylight: Street light present,Fine without high winds,Dry,None,None,1,No,E01002444,2005
6371,200501ID60097,509580.0,175590.0,-0.423787,51.468623,1,3,3,2,29/11/2005,3,10:45,57,EHEATHROW,6,0,Single carriageway,30,None,-1,0,None within 50 metres,No physical crossing within 50 meters,Daylight: Street light present,Fine without high winds,Wet/Damp,None,None,1,Yes,E01002444,2005
6372,200501ID60098,506530.0,174360.0,-0.468051,51.458149,1,3,2,1,01/12/2005,5,18:38,57,EHEATHROW,6,0,Dual carriageway,40,Automatic traffic signal,6,0,None within 50 metres,No physical crossing within 50 meters,Darkness: Street lights present and lit,Raining without high winds,Wet/Damp,None,None,1,Yes,E01002444,2005
6373,200501ID60099,507440.0,175830.0,-0.454512,51.471191,1,3,2,1,04/12/2005,1,12:20,57,EHEATHROW,6,0,One way street,30,Giveway or uncontrolled,6,0,None within 50 metres,No physical crossing within 50 meters,Daylight: Street light present,Fine without high winds,Dry,None,None,1,Yes,E01002444,2005
6374,200501ID60100,508020.0,174260.0,-0.446644,51.456968,1,2,1,1,25/11/2005,6,14:48,57,EHEATHROW,6,0,Dual carriageway,40,None,-1,0,None within 50 metres,No physical crossing within 50 meters,Daylight: Street light present,Fine without high winds,Dry,None,None,1,Yes,E01002444,2005
6375,200501ID60102,507440.0,175820.0,-0.454515,51.471101,1,3,2,1,15/12/2005,5,09:22,57,EHEATHROW,6,0,Single carriageway,30,Giveway or uncontrolled,6,0,None within 50 metres,No physical crossing within 50 meters,Daylight: Street light present,Fine without high winds,Dry,None,None,1,Yes,E01002444,2005
6376,200501ID60105,507330.0,175970.0,-0.456052,51.47247,1,3,1,1,15/12/2005,5,17:00,57,EHEATHROW,6,0,One way street,30,Giveway or uncontrolled,6,0,None within 50 metres,No physical crossing within 50 meters,Darkness: Street lights present and lit,Fine without high winds,Dry,None,None,1,Yes,E01002444,2005
6377,200501ID60106,509630.0,175460.0,-0.423108,51.467445,1,3,2,1,25/12/2005,1,11:25,57,EHEATHROW,6,0,Roundabout,30,Giveway or uncontrolled,6,0,None within 50 metres,No physical crossing within 50 meters,Daylight: Street light present,Fine without high winds,Dry,None,None,1,Yes,E01002444,2005
6378,200501ID60110,508690.0,174650.0,-0.436884,51.460346,1,3,2,3,31/12/2005,7,17:10,26,E09000017,3,30,Dual carriageway,50,Giveway or uncontrolled,6,0,None within 50 metres,No physical crossing within 50 meters,Darkness: Street lights present and lit,Fine without high winds,Dry,None,None,1,Yes,E01002444,2005
6379,200501ID60113,507220.0,175730.0,-0.457708,51.470333,1,3,2,1,19/11/2005,7,14:00,57,EHEATHROW,6,0,Single carriageway,30,None,-1,0,None within 50 metres,No physical crossing within 50 meters,Daylight: Street light present,Fine without high winds,Dry,None,None,1,No,E01002444,2005
6380,200501ID69020,507540.0,176150.0,-0.452975,51.474048,1,3,2,1,18/11/2005,6,19:00,57,EHEATHROW,6,0,Single carriageway,30,Giveway or uncontrolled,6,0,None within 50 metres,No physical crossing within 50 meters,Darkness: Street lights present and lit,Fine without high winds,Dry,None,None,1,No,E01002444,2005
6381,200501JC30003,538780.0,186620.0,0.000697,51.561339,1,3,2,1,02/02/2005,4,17:24,13,E09000031,3,106,Single carriageway,30,Giveway or uncontrolled,6,0,None within 50 metres,No physical crossing within 50 meters,Darkness: Street lights present and lit,Fine without high winds,Dry,None,None,1,Yes,E01004374,2005
6382,200501JC30004,539520.0,187660.0,0.011778,51.570502,1,3,2,5,01/01/2005,7,17:18,13,E09000031,3,106,Single carriageway,30,Automatic traffic signal,6,0,None within 50 metres,Pedestrian phase at traffic signal junction,Darkness: Street lights present and lit,Raining without high winds,Wet/Damp,None,None,1,Yes,E01004438,2005
6383,200501JC30020,538130.0,194480.0,-0.005581,51.632128,1,3,1,1,10/01/2005,2,20:13,13,E09000031,3,110,Single carriageway,30,Giveway or uncontrolled,6,0,None within 50 metres,No physical crossing within 50 meters,Darkness: Street lights present and lit,Raining without high winds,Wet/Damp,None,None,1,Yes,E01004357,2005
6384,200501JC30021,537850.0,186340.0,-0.01282,51.55905,1,3,2,1,09/01/2005,1,07:10,13,E09000031,5,0,Single carriageway,30,Automatic traffic signal,6,0,None within 50 metres,Pedestrian phase at traffic signal junction,Darkness: Street lights present and lit,Fine without high winds,Dry,None,Other object in carriageway,1,Yes,E01004430,2005
6385,200501JC30022,537570.0,188310.0,-0.016086,51.576821,1,3,1,3,05/01/2005,4,17:29,13,E09000031,3,112,Single carriageway,30,None,-1,0,None within 50 metres,No physical crossing within 50 meters,Darkness: Street lights present and lit,Fine without high winds,Dry,None,None,1,Yes,E01004406,2005
6386,200501JC30023,538580.0,191750.0,-0.000162,51.607486,1,3,1,1,04/01/2005,3,19:05,13,E09000031,4,160,Single carriageway,30,Giveway or uncontrolled,6,0,None within 50 metres,Pedestrian phase at traffic signal junction,Darkness: Street lights present and lit,Raining without high winds,Wet/Damp,None,None,1,Yes,E01004381,2005
6387,200501JC30025,539070.0,189140.0,0.005874,51.583912,1,3,1,1,08/01/2005,7,17:31,13,E09000031,3,104,Dual carriageway,30,Automatic traffic signal,3,1007,None within 50 metres,No physical crossing within 50 meters,Darkness: Street lights present and lit,Fine without high winds,Dry,None,None,1,Yes,E01004468,2005
6388,200501JC30029,536590.0,188370.0,-0.030196,51.577599,1,3,1,1,04/01/2005,3,16:29,13,E09000031,3,1006,Single carriageway,30,Automatic traffic signal,6,0,None within 50 metres,Pedestrian phase at traffic signal junction,Darkness: Street lights present and lit,Raining without high winds,Wet/Damp,None,None,1,Yes,E01004444,2005
6389,200501JC30031,539760.0,187970.0,0.015362,51.573228,1,3,2,1,15/01/2005,7,16:15,13,E09000031,3,114,Single carriageway,30,None,-1,0,None within 50 metres,No physical crossing within 50 meters,Darkness: Street lights present and lit,Fine without high winds,Dry,None,None,1,Yes,E01004362,2005
6390,200501JC30032,538120.0,187420.0,-0.008504,51.568689,1,3,2,1,15/01/2005,7,13:43,13,E09000031,3,112,Single carriageway,30,Giveway or uncontrolled,6,0,None within 50 metres,No physical crossing within 50 meters,Daylight: Street light present,Fine without high winds,Dry,None,None,1,Yes,E01004370,2005
6391,200501JC30034,536840.0,189340.0,-0.026213,51.586255,1,3,2,2,13/01/2005,5,19:40,13,E09000031,6,0,Single carriageway,30,Giveway or uncontrolled,6,0,None within 50 metres,No physical crossing within 50 meters,Darkness: Street lights present and lit,Fine without high winds,Dry,None,None,1,Yes,E01004392,2005
6392,200501JC30036,537830.0,188110.0,-0.012415,51.574961,1,3,1,1,06/01/2005,5,16:20,13,E09000031,3,112,Single carriageway,30,None,-1,0,None within 50 metres,No physical crossing within 50 meters,Darkness: Street lights present and lit,Fine without high winds,Dry,None,None,1,Yes,E01004420,2005
6393,200501JC30037,537190.0,187710.0,-0.021801,51.571522,1,3,2,1,07/01/2005,6,19:35,13,E09000031,3,104,Single carriageway,30,Giveway or uncontrolled,6,0,None within 50 metres,No physical crossing within 50 meters,Darkness: Street lights present and lit,Fine with high winds,Dry,None,None,1,Yes,E01004424,2005
6394,200501JC30038,538010.0,186110.0,-0.010604,51.556944,1,3,1,1,07/01/2005,6,18:39,13,E09000031,3,106,Dual carriageway,30,Automatic traffic signal,5,0,None within 50 metres,No physical crossing within 50 meters,Darkness: Street lights present and lit,Other,Dry,None,None,1,Yes,E01004430,2005
6395,200501JC30039,538010.0,186660.0,-0.010388,51.561887,1,3,2,1,08/01/2005,7,13:00,13,E09000031,3,112,Single carriageway,30,Giveway or uncontrolled,6,0,None within 50 metres,No physical crossing within 50 meters,Daylight: Street light present,Fine without high winds,Dry,None,None,1,Yes,E01004373,2005
6396,200501JC30041,536790.0,188890.0,-0.02711,51.582223,1,3,1,1,08/01/2005,7,13:30,13,E09000031,5,0,Single carriageway,30,None,-1,0,None within 50 metres,No physical crossing within 50 meters,Daylight: Street light present,Fine without high winds,Dry,None,None,1,Yes,E01004392,2005
6397,200501JC30042,537390.0,188760.0,-0.018506,51.580909,1,3,2,1,10/01/2005,2,09:20,13,E09000031,3,112,Single carriageway,30,Giveway or uncontrolled,6,0,None within 50 metres,No physical crossing within 50 meters,Daylight: Street light present,Fine without high winds,Dry,None,None,1,Yes,E01004443,2005
6398,200501JC30043,537020.0,190030.0,-0.023347,51.592411,1,3,1,1,12/01/2005,4,21:07,13,E09000031,6,0,Single carriageway,30,None,-1,0,None within 50 metres,No physical crossing within 50 meters,Darkness: Street lights present and lit,Fine without high winds,Dry,None,None,1,Yes,E01004463,2005
6399,200501JC30045,539120.0,186340.0,0.005488,51.558739,1,3,1,1,15/01/2005,7,17:01,13,E09000031,6,0,Single carriageway,30,Giveway or uncontrolled,4,161,None within 50 metres,No physical crossing within 50 meters,Daylight: Street light present,Fine without high winds,Wet/Damp,None,None,1,Yes,E01004341,2005
6400,200501JC30047,539180.0,186160.0,0.006281,51.557106,1,3,2,1,19/01/2005,4,11:56,13,E09000031,3,11,Single carriageway,30,None,-1,0,None within 50 metres,No physical crossing within 50 meters,Daylight: Street light present,Fine without high winds,Dry,None,None,1,Yes,E01004328,2005
6401,200501JC30048,535390.0,192070.0,-0.046077,51.611137,1,2,1,1,17/01/2005,2,11:23,32,E09000010,3,406,Dual carriageway,50,None,-1,0,None within 50 metres,No physical crossing within 50 meters,Daylight: Street light present,Raining without high winds,Wet/Damp,None,None,1,Yes,E01001559,2005
6402,200501JC30049,539190.0,190540.0,0.00816,51.596463,1,3,2,1,09/01/2005,1,01:15,13,E09000031,3,406,Single carriageway,30,None,-1,0,None within 50 metres,No physical crossing within 50 meters,Darkness: Street lights present and lit,Fine without high winds,Dry,None,None,1,Yes,E01004377,2005
6403,200501JC30050,537670.0,189760.0,-0.014076,51.589827,1,3,2,1,25/01/2005,3,22:41,13,E09000031,3,503,Single carriageway,30,Giveway or uncontrolled,6,0,None within 50 metres,No physical crossing within 50 meters,Darkness: Street lights present and lit,Fine without high winds,Wet/Damp,None,None,1,Yes,E01004407,2005
6404,200501JC30051,537160.0,187690.0,-0.022241,51.57135,1,3,2,1,24/01/2005,2,14:28,13,E09000031,3,104,Single carriageway,30,None,-1,0,None within 50 metres,No physical crossing within 50 meters,Daylight: Street light present,Fine without high winds,Dry,None,None,1,Yes,E01004424,2005
6405,200501JC30052,538480.0,191890.0,-0.00155,51.608769,1,3,2,2,23/01/2005,1,11:05,13,E09000031,4,160,Single carriageway,30,Giveway or uncontrolled,6,0,None within 50 metres,No physical crossing within 50 meters,Daylight: Street light present,Fine without high winds,Dry,None,None,1,Yes,E01004379,2005
6406,200501JC30053,539040.0,193920.0,0.007336,51.626872,1,2,2,1,20/01/2005,5,18:23,13,E09000031,4,146,Single carriageway,30,Giveway or uncontrolled,3,110,None within 50 metres,No physical crossing within 50 meters,Darkness: Street lights present and lit,Fine without high winds,Dry,None,None,1,Yes,E01004389,2005
6407,200501JC30054,536080.0,190720.0,-0.036641,51.59884,1,3,2,1,18/01/2005,3,15:40,13,E09000031,4,179,Single carriageway,30,None,-1,0,None within 50 metres,Zebra crossing,Daylight: Street light present,Fine without high winds,Dry,None,None,1,Yes,E01004398,2005
6408,200501JC30055,536850.0,187490.0,-0.026789,51.569628,1,2,2,1,18/01/2005,3,12:00,13,E09000031,3,104,Single carriageway,30,Giveway or uncontrolled,6,0,None within 50 metres,No physical crossing within 50 meters,Daylight: Street light present,Fine without high winds,Dry,None,None,1,Yes,E01004427,2005
6409,200501JC30056,539560.0,192620.0,0.014326,51.615062,1,3,2,2,17/01/2005,2,12:50,13,E09000031,3,1009,Single carriageway,30,Giveway or uncontrolled,6,0,None within 50 metres,Zebra crossing,Daylight: Street light present,Fine without high winds,Dry,None,None,2,Yes,E01004385,2005
6410,200501JC30058,536570.0,192600.0,-0.028839,51.615615,1,3,1,1,17/01/2005,2,11:45,13,E09000031,3,1009,Single carriageway,30,Giveway or uncontrolled,6,0,None within 50 metres,No physical crossing within 50 meters,Daylight: Street light present,Fine without high winds,Dry,None,None,1,No,E01004453,2005
6411,200501JC30060,538650.0,189090.0,-0.000203,51.583566,1,3,1,1,17/01/2005,2,16:30,13,E09000031,4,160,Single carriageway,30,Giveway or uncontrolled,6,0,None within 50 metres,No physical crossing within 50 meters,Darkness: Street lights present and lit,Raining without high winds,Wet/Damp,None,None,1,Yes,E01004467,2005
6412,200501JC30061,537520.0,188410.0,-0.016768,51.577732,1,3,2,2,18/01/2005,3,07:48,13,E09000031,3,112,Single carriageway,30,None,-1,0,None within 50 metres,No physical crossing within 50 meters,Daylight: Street light present,Fine without high winds,Wet/Damp,None,None,1,Yes,E01004406,2005
6413,200501JC30062,539660.0,187610.0,0.013777,51.570018,1,3,2,1,17/01/2005,2,15:00,13,E09000031,6,0,Single carriageway,30,Giveway or uncontrolled,3,11,None within 50 metres,No physical crossing within 50 meters,Daylight: Street light present,Fine without high winds,Dry,None,None,1,Yes,E01004438,2005
6414,200501JC30063,536720.0,188950.0,-0.028096,51.582779,1,3,1,1,20/01/2005,5,17:40,13,E09000031,5,0,Single carriageway,30,Automatic traffic signal,6,0,None within 50 metres,Pedestrian phase at traffic signal junction,Darkness: Street lights present and lit,Fine without high winds,Dry,None,None,1,Yes,E01004392,2005
6415,200501JC30065,538030.0,189860.0,-0.008843,51.590637,1,3,1,1,24/01/2005,2,15:55,13,E09000031,3,503,Dual carriageway,30,Automatic traffic signal,5,0,None within 50 metres,Pedestrian phase at traffic signal junction,Daylight: Street light present,Fine without high winds,Dry,None,None,1,Yes,E01004407,2005
6416,200501JC30066,539120.0,193350.0,0.008264,51.621731,1,3,1,1,21/01/2005,6,14:50,13,E09000031,4,146,Single carriageway,30,None,-1,0,None within 50 metres,No physical crossing within 50 meters,Daylight: Street light present,Fine without high winds,Dry,None,None,1,No,E01004390,2005
6417,200501JC30067,537750.0,190930.0,-0.012463,51.600321,1,3,6,4,01/02/2005,3,18:06,13,E09000031,3,406,Dual carriageway,50,None,-1,0,None within 50 metres,No physical crossing within 50 meters,Darkness: Street lights present and lit,Other,Dry,None,None,1,Yes,E01004344,2005
6418,200501JC30070,536310.0,190770.0,-0.033303,51.599233,1,3,2,1,28/01/2005,6,14:33,13,E09000031,4,179,Roundabout,30,Giveway or uncontrolled,6,0,None within 50 metres,No physical crossing within 50 meters,Daylight: Street light present,Fine without high winds,Dry,None,None,1,Yes,E01004399,2005
6419,200501JC30071,537160.0,192750.0,-0.020264,51.61682,1,3,1,1,29/01/2005,7,05:50,13,E09000031,3,1009,Single carriageway,30,Giveway or uncontrolled,6,0,None within 50 metres,No physical crossing within 50 meters,Darkness: Street lights present and lit,Fine without high winds,Wet/Damp,None,None,1,Yes,E01004452,2005
6420,200501JC30072,537500.0,190250.0,-0.016336,51.594272,1,3,2,1,29/01/2005,7,22:07,13,E09000031,3,112,Single carriageway,30,Giveway or uncontrolled,6,0,None within 50 metres,Zebra crossing,Darkness: Street lights present and lit,Fine without high winds,Wet/Damp,None,None,1,Yes,E01004342,2005
6421,200501JC30073,537790.0,188140.0,-0.01298,51.57524,1,3,2,1,30/01/2005,1,04:05,13,E09000031,3,112,Dual carriageway,30,Automatic traffic signal,3,104,None within 50 metres,No physical crossing within 50 meters,Darkness: Street lights present but unlit,Fine with high winds,Dry,None,None,1,Yes,E01004420,2005
6422,200501JC30074,537740.0,188190.0,-0.013681,51.575702,1,3,1,1,07/02/2005,2,11:47,13,E09000031,6,0,Single carriageway,30,Giveway or uncontrolled,3,112,None within 50 metres,No physical crossing within 50 meters,Daylight: Street light present,Fine without high winds,Dry,None,None,1,Yes,E01004420,2005
6423,200501JC30075,539140.0,185650.0,0.005503,51.552533,1,3,2,1,05/02/2005,7,18:20,13,E09000031,3,11,Single carriageway,30,Automatic traffic signal,5,0,None within 50 metres,Pedestrian phase at traffic signal junction,Darkness: Street lights present and lit,Fine without high winds,Dry,None,None,1,Yes,E01004335,2005
6424,200501JC30076,536820.0,187480.0,-0.027226,51.569545,1,3,1,1,02/02/2005,4,06:20,13,E09000031,3,104,Dual carriageway,30,Giveway or uncontrolled,6,0,None within 50 metres,No physical crossing within 50 meters,Darkness: Street lights present and lit,Fine without high winds,Dry,None,None,1,Yes,E01004427,2005
6425,200501JC30077,537580.0,187900.0,-0.016102,51.573135,1,3,2,1,07/02/2005,2,08:30,13,E09000031,3,104,Single carriageway,30,Giveway or uncontrolled,6,0,None within 50 metres,No physical crossing within 50 meters,Daylight: Street light present,Fine without high winds,Dry,None,None,1,Yes,E01004423,2005
6426,200501JC30078,539240.0,186430.0,0.007253,51.559518,1,3,1,1,01/02/2005,3,15:25,13,E09000031,6,0,Single carriageway,30,Giveway or uncontrolled,3,11,None within 50 metres,non-junction pedestrian crossing,Daylight: Street light present,Fine without high winds,Wet/Damp,None,None,1,Yes,E01004341,2005
6427,200501JC30079,538340.0,188750.0,-0.004808,51.580587,1,3,1,1,29/01/2005,7,09:05,13,E09000031,6,0,Single carriageway,30,Giveway or uncontrolled,6,0,None within 50 metres,No physical crossing within 50 meters,Daylight: Street light present,Fine without high winds,Dry,None,None,1,Yes,E01004467,2005
6428,200501JC30080,536270.0,187130.0,-0.035292,51.566533,1,3,2,2,27/01/2005,5,18:10,13,E09000031,3,104,Dual carriageway,30,Giveway or uncontrolled,3,1006,None within 50 metres,Pedestrian phase at traffic signal junction,Darkness: Street lights present and lit,Raining without high winds,Wet/Damp,None,None,1,Yes,E01004427,2005
6429,200501JC30081,537930.0,189820.0,-0.010301,51.590302,1,3,2,1,19/01/2005,4,09:30,13,E09000031,3,503,Dual carriageway,30,None,-1,0,None within 50 metres,No physical crossing within 50 meters,Daylight: Street light present,Fine without high winds,Dry,None,None,1,Yes,E01004407,2005
6430,200501JC30082,539230.0,186080.0,0.006971,51.556375,1,3,2,1,08/01/2005,7,12:00,13,E09000031,6,0,Single carriageway,30,Giveway or uncontrolled,6,0,None within 50 metres,No physical crossing within 50 meters,Daylight: Street light present,Fine without high winds,Dry,None,None,1,Yes,E01004328,2005
6431,200501JC30083,537840.0,188120.0,-0.012267,51.575048,1,3,1,1,02/02/2005,4,11:18,13,E09000031,3,112,Single carriageway,30,None,-1,0,None within 50 metres,No physical crossing within 50 meters,Daylight: Street light present,Fine without high winds,Flood (Over 3cm of water),Ol or diesel,None,1,Yes,E01004365,2005
6432,200501JC30084,539770.0,187910.0,0.015482,51.572686,1,3,1,2,04/02/2005,6,14:35,13,E09000031,3,12,Roundabout,30,Giveway or uncontrolled,3,114,None within 50 metres,No physical crossing within 50 meters,Daylight: Street light present,Fine without high winds,Dry,Roadworks,None,1,Yes,E01004362,2005
6433,200501JC30086,537390.0,188810.0,-0.018487,51.581358,1,3,2,2,09/02/2005,4,23:59,13,E09000031,6,0,Single carriageway,30,Giveway or uncontrolled,3,112,None within 50 metres,No physical crossing within 50 meters,Darkness: Street lights present and lit,Fine without high winds,Dry,None,None,1,Yes,E01004443,2005
6434,200501JC30087,538150.0,188270.0,-0.007737,51.57632,1,2,1,1,09/02/2005,4,19:00,13,E09000031,4,159,Single carriageway,30,None,-1,0,None within 50 metres,No physical crossing within 50 meters,Darkness: Street lights present and lit,Fine without high winds,Dry,None,None,1,Yes,E01004364,2005
6435,200501JC30088,536560.0,192420.0,-0.029054,51.614,1,3,1,1,11/02/2005,6,00:05,13,E09000031,6,0,Single carriageway,30,Giveway or uncontrolled,3,1009,None within 50 metres,No physical crossing within 50 meters,Darkness: Street lights present and lit,Raining without high winds,Wet/Damp,None,None,1,Yes,E01004453,2005
6436,200501JC30089,539130.0,187260.0,0.005996,51.567003,1,3,2,1,08/02/2005,3,08:22,13,E09000031,3,106,Single carriageway,30,None,-1,0,None within 50 metres,No physical crossing within 50 meters,Daylight: Street light present,Fine without high winds,Dry,None,None,1,Yes,E01004440,2005
6437,200501JC30090,535670.0,186690.0,-0.044113,51.562724,1,3,2,2,14/02/2005,2,11:30,13,E09000031,3,104,Single carriageway,30,None,-1,0,None within 50 metres,No physical crossing within 50 meters,Daylight: Street light present,Fine without high winds,Dry,None,None,1,Yes,E01004422,2005
6438,200501JC30091,538020.0,189690.0,-0.009054,51.589112,1,2,1,1,13/02/2005,1,06:41,13,E09000031,6,0,Single carriageway,30,None,-1,0,None within 50 metres,No physical crossing within 50 meters,Darkness: Street lights present and lit,Raining with high winds,Wet/Damp,None,None,1,Yes,E01004407,2005
6439,200501JC30093,536920.0,189100.0,-0.025153,51.584079,1,3,2,1,02/02/2005,4,18:12,13,E09000031,6,0,Single carriageway,30,Giveway or uncontrolled,6,0,None within 50 metres,No physical crossing within 50 meters,Darkness: Street lights present and lit,Fine without high winds,Dry,None,None,1,No,E01004397,2005
6440,200501JC30094,538020.0,187980.0,-0.009726,51.573746,1,3,2,1,25/01/2005,3,10:00,13,E09000031,3,112,One way street,30,Giveway or uncontrolled,5,0,None within 50 metres,No physical crossing within 50 meters,Daylight: Street light present,Fine without high winds,Dry,None,None,1,Yes,E01004364,2005
6441,200501JC30095,538720.0,187290.0,9.6e-05,51.567374,1,3,2,1,11/02/2005,6,13:04,13,E09000031,6,0,Single carriageway,30,Giveway or uncontrolled,6,0,None within 50 metres,No physical crossing within 50 meters,Daylight: Street light present,Raining without high winds,Wet/Damp,None,None,1,No,E01004439,2005
6442,200501JC30096,538000.0,186690.0,-0.01052,51.562159,1,3,2,1,12/02/2005,7,18:20,13,E09000031,3,112,Single carriageway,30,Giveway or uncontrolled,6,0,None within 50 metres,No physical crossing within 50 meters,Darkness: Street lights present and lit,Fine without high winds,Wet/Damp,None,None,1,Yes,E01004373,2005
6443,200501JC30097,537420.0,191020.0,-0.017189,51.60121,1,3,1,1,04/02/2005,6,17:20,13,E09000031,3,406,Single carriageway,50,Giveway or uncontrolled,3,112,None within 50 metres,No physical crossing within 50 meters,Daylight: Street light present,Fine without high winds,Dry,None,None,1,Yes,E01004403,2005
6444,200501JC30098,538130.0,187490.0,-0.008332,51.569316,1,3,2,1,31/01/2005,2,21:30,13,E09000031,3,112,Single carriageway,30,None,-1,0,None within 50 metres,No physical crossing within 50 meters,Darkness: Street lights present and lit,Fine without high winds,Dry,None,None,1,No,E01004370,2005
6445,200501JC30099,537470.0,187830.0,-0.017716,51.572532,1,3,1,1,12/02/2005,7,14:01,13,E09000031,3,104,Single carriageway,30,Giveway or uncontrolled,6,0,None within 50 metres,No physical crossing within 50 meters,Daylight: Street light present,Raining without high winds,Wet/Damp,None,None,1,Yes,E01004423,2005
6446,200501JC30100,537450.0,190990.0,-0.016768,51.600933,1,3,3,2,14/02/2005,2,19:50,13,E09000031,3,406,Dual carriageway,50,None,-1,0,None within 50 metres,No physical crossing within 50 meters,Daylight: Street light present,Fine without high winds,Dry,None,None,1,Yes,E01004403,2005
6447,200501JC30103,539840.0,187910.0,0.016491,51.572669,1,3,2,1,21/02/2005,2,18:00,13,E09000031,3,11,Roundabout,30,Automatic traffic signal,3,11,None within 50 metres,No physical crossing within 50 meters,Darkness: Street lights present and lit,Raining without high winds,Wet/Damp,None,None,1,Yes,E01004362,2005
6448,200501JC30104,538770.0,188800.0,0.001413,51.580931,1,3,3,1,21/02/2005,2,13:10,13,E09000031,3,104,Roundabout,30,Giveway or uncontrolled,3,114,None within 50 metres,No physical crossing within 50 meters,Daylight: Street light present,Fine without high winds,Dry,None,None,1,Yes,E01004363,2005
6449,200501JC30105,537890.0,186120.0,-0.01233,51.557064,1,3,2,1,21/02/2005,2,10:20,13,E09000031,6,0,Single carriageway,30,Giveway or uncontrolled,3,106,None within 50 metres,No physical crossing within 50 meters,Daylight: Street light present,Raining without high winds,Wet/Damp,None,None,1,Yes,E01004430,2005
6450,200501JC30108,538900.0,189010.0,0.003371,51.582786,1,3,2,1,17/02/2005,5,08:57,13,E09000031,3,114,Single carriageway,30,Giveway or uncontrolled,3,104,None within 50 metres,No physical crossing within 50 meters,Daylight: Street light present,Fine without high winds,Dry,None,None,1,Yes,E01004467,2005
6451,200501JC30109,538910.0,188720.0,0.0034,51.580177,1,3,2,1,14/02/2005,2,12:45,13,E09000031,3,114,Single carriageway,30,None,-1,0,None within 50 metres,No physical crossing within 50 meters,Daylight: Street light present,Fine without high winds,Dry,None,None,1,Yes,E01004362,2005
6452,200501JC30110,538080.0,187940.0,-0.008876,51.573372,1,3,2,1,06/02/2005,1,12:15,13,E09000031,3,112,Single carriageway,30,Giveway or uncontrolled,4,159,None within 50 metres,No physical crossing within 50 meters,Daylight: Street light present,Fine without high winds,Dry,None,None,1,Yes,E01004364,2005
6453,200501JC30111,536330.0,187170.0,-0.034412,51.566878,1,3,1,1,15/02/2005,3,14:57,13,E09000031,3,104,Single carriageway,30,None,-1,0,None within 50 metres,No physical crossing within 50 meters,Daylight: Street light present,Fine without high winds,Dry,None,None,1,No,E01004422,2005
6454,200501JC30112,537980.0,186760.0,-0.010781,51.562793,1,3,2,1,02/02/2005,4,13:30,13,E09000031,3,112,One way street,30,Giveway or uncontrolled,3,112,None within 50 metres,No physical crossing within 50 meters,Daylight: Street light present,Fine without high winds,Dry,None,None,1,Yes,E01004373,2005
6455,200501JC30113,537960.0,187010.0,-0.010971,51.565044,1,3,1,1,02/02/2005,4,13:10,13,E09000031,3,112,Single carriageway,30,Giveway or uncontrolled,6,0,None within 50 metres,No physical crossing within 50 meters,Daylight: Street light present,Fine without high winds,Dry,None,None,1,Yes,E01004435,2005
6456,200501JC30114,538130.0,187550.0,-0.008308,51.569855,1,3,2,1,11/02/2005,6,13:20,13,E09000031,6,0,Single carriageway,30,Giveway or uncontrolled,3,112,None within 50 metres,No physical crossing within 50 meters,Daylight: Street light present,Fine without high winds,Dry,None,None,1,Yes,E01004432,2005
6457,200501JC30116,538780.0,188800.0,0.001557,51.580928,1,3,2,1,22/02/2005,3,14:15,13,E09000031,3,114,Roundabout,30,Giveway or uncontrolled,3,104,None within 50 metres,No physical crossing within 50 meters,Daylight: Street light present,Raining without high winds,Wet/Damp,None,None,1,Yes,E01004363,2005
6458,200501JC30117,537370.0,191930.0,-0.017554,51.6094,1,3,2,1,17/02/2005,5,15:05,13,E09000031,6,0,Single carriageway,30,Giveway or uncontrolled,3,112,None within 50 metres,No physical crossing within 50 meters,Daylight: Street light present,Fine without high winds,Dry,None,None,1,Yes,E01004418,2005
6459,200501JC30118,536940.0,189760.0,-0.024607,51.590005,1,3,2,1,17/02/2005,5,07:40,13,E09000031,6,0,Single carriageway,30,Giveway or uncontrolled,3,503,None within 50 metres,Zebra crossing,Daylight: Street light present,Fine without high winds,Dry,None,None,1,Yes,E01004457,2005
6460,200501JC30120,536550.0,189640.0,-0.03028,51.589021,1,3,2,1,18/02/2005,6,16:05,13,E09000031,5,0,Single carriageway,30,Automatic traffic signal,3,503,None within 50 metres,No physical crossing within 50 meters,Daylight: Street light present,Fine without high winds,Dry,None,None,1,Yes,E01004458,2005
6461,200501JC30121,536760.0,193010.0,-0.025937,51.619253,1,3,4,1,27/02/2005,1,12:35,13,E09000031,3,1037,Dual carriageway,30,None,-1,0,None within 50 metres,No physical crossing within 50 meters,Daylight: Street light present,Fine without high winds,Dry,None,None,1,Yes,E01004450,2005
6462,200501JC30122,537440.0,192760.0,-0.016219,51.616841,1,3,2,1,22/02/2005,3,21:20,13,E09000031,3,1009,Single carriageway,30,Giveway or uncontrolled,6,0,None within 50 metres,No physical crossing within 50 meters,Darkness: Street lights present and lit,Raining without high winds,Frost/Ice,None,None,1,Yes,E01004414,2005
6463,200501JC30124,538980.0,186710.0,0.003616,51.562098,1,3,4,1,09/02/2005,4,19:00,13,E09000031,6,0,Single carriageway,30,None,-1,0,None within 50 metres,No physical crossing within 50 meters,Darkness: Street lights present and lit,Fine without high winds,Dry,None,Other object in carriageway,1,Yes,E01004340,2005
6464,200501JC30125,539310.0,192820.0,0.010797,51.616921,1,3,2,1,17/02/2005,5,19:54,13,E09000031,6,0,Single carriageway,30,Giveway or uncontrolled,3,1009,None within 50 metres,No physical crossing within 50 meters,Darkness: Street lights present and lit,Raining without high winds,Wet/Damp,None,None,2,Yes,E01004386,2005
6465,200501JC30128,535870.0,189910.0,-0.039985,51.591611,1,3,2,1,24/02/2005,5,16:51,13,E09000031,4,179,Single carriageway,30,None,-1,0,None within 50 metres,No physical crossing within 50 meters,Daylight: Street light present,Raining without high winds,Wet/Damp,None,None,1,Yes,E01004401,2005
6466,200501JC30129,538290.0,190940.0,-0.004667,51.600279,1,3,1,1,28/02/2005,2,12:25,13,E09000031,3,406,Dual carriageway,50,None,-1,0,None within 50 metres,No physical crossing within 50 meters,Daylight: Street light present,Fine without high winds,Dry,None,None,1,Yes,E01004343,2005
6467,200501JC30130,536660.0,189470.0,-0.028759,51.587467,1,3,2,1,09/02/2005,4,15:45,13,E09000031,6,0,Single carriageway,30,Giveway or uncontrolled,6,0,None within 50 metres,No physical crossing within 50 meters,Daylight: Street light present,Fine without high winds,Dry,None,None,1,No,E01004458,2005
6468,200501JC30131,537460.0,191150.0,-0.016561,51.602369,1,3,2,1,21/02/2005,2,18:35,13,E09000031,3,112,Single carriageway,30,None,-1,0,None within 50 metres,Pedestrian phase at traffic signal junction,Darkness: Street lights present and lit,Raining without high winds,Wet/Damp,None,None,1,No,E01004455,2005
6469,200501JC30132,538530.0,190680.0,-0.001306,51.597883,1,3,2,1,03/03/2005,5,09:20,13,E09000031,5,0,Single carriageway,30,Giveway or uncontrolled,6,0,None within 50 metres,Zebra crossing,Daylight: Street light present,Fine without high winds,Dry,None,None,1,Yes,E01004378,2005
6470,200501JC30133,536340.0,188230.0,-0.033856,51.576401,1,3,2,1,01/03/2005,3,14:23,13,E09000031,6,0,Single carriageway,30,None,-1,0,None within 50 metres,No physical crossing within 50 meters,Daylight: Street light present,Fine without high winds,Dry,None,None,1,Yes,E01004448,2005
6471,200501JC30134,537790.0,188150.0,-0.012976,51.57533,1,3,1,1,01/03/2005,3,20:05,13,E09000031,3,104,Single carriageway,30,Automatic traffic signal,3,112,None within 50 metres,Pedestrian phase at traffic signal junction,Darkness: Street lights present and lit,Fine without high winds,Dry,None,None,1,No,E01004420,2005
6472,200501JC30135,537660.0,188220.0,-0.014823,51.575991,1,3,1,1,02/03/2005,4,19:50,13,E09000031,3,112,Single carriageway,30,Giveway or uncontrolled,6,0,None within 50 metres,No physical crossing within 50 meters,Darkness: Street lights present and lit,Raining without high winds,Wet/Damp,None,None,1,Yes,E01004420,2005
6473,200501JC30136,538070.0,189880.0,-0.008258,51.590807,1,3,1,1,05/03/2005,7,02:23,13,E09000031,3,503,Single carriageway,30,Giveway or uncontrolled,5,0,None within 50 metres,No physical crossing within 50 meters,Darkness: Street lights present and lit,Fine without high winds,Dry,None,None,1,Yes,E01004470,2005
6474,200501JC30138,537550.0,185840.0,-0.01734,51.55463,1,3,2,2,05/03/2005,7,05:05,13,E09000031,3,106,Dual carriageway,30,Automatic traffic signal,6,0,None within 50 metres,Pedestrian phase at traffic signal junction,Darkness: Street lights present and lit,Fine without high winds,Dry,None,None,1,Yes,E01004429,2005
6475,200501JC30139,538050.0,188150.0,-0.009226,51.575266,1,3,2,1,05/03/2005,7,21:35,13,E09000031,6,0,Single carriageway,30,Giveway or uncontrolled,6,0,None within 50 metres,No physical crossing within 50 meters,Darkness: Street lights present and lit,Raining without high winds,Wet/Damp,None,None,1,Yes,E01004365,2005
6476,200501JC30140,539890.0,187680.0,0.017121,51.57059,1,3,1,1,21/02/2005,2,13:41,13,E09000031,3,114,Single carriageway,30,None,-1,0,None within 50 metres,No physical crossing within 50 meters,Daylight: Street light present,Fine without high winds,Dry,None,None,1,Yes,E01004438,2005
6477,200501JC30141,537610.0,194830.0,-0.012952,51.635401,1,3,2,1,26/02/2005,7,20:40,13,E09000031,3,112,Single carriageway,30,None,-1,0,None within 50 metres,No physical crossing within 50 meters,Darkness: Street lights present and lit,Raining without high winds,Wet/Damp,None,None,1,Yes,E01004350,2005
6478,200501JC30142,537360.0,192540.0,-0.01746,51.614884,1,3,2,1,26/02/2005,7,14:15,13,E09000031,6,0,Single carriageway,30,Giveway or uncontrolled,3,112,None within 50 metres,No physical crossing within 50 meters,Daylight: Street light present,Raining without high winds,Wet/Damp,None,None,1,Yes,E01004452,2005
6479,200501JC30143,537950.0,186990.0,-0.011124,51.564867,1,3,2,1,27/02/2005,1,21:10,13,E09000031,3,1006,Single carriageway,30,Giveway or uncontrolled,3,112,None within 50 metres,No physical crossing within 50 meters,Darkness: Street lights present and lit,Fine without high winds,Dry,None,None,1,Yes,E01004435,2005
6480,200501JC30144,538250.0,190980.0,-0.005228,51.600648,1,3,1,1,28/02/2005,2,06:25,13,E09000031,4,160,Single carriageway,30,Giveway or uncontrolled,4,160,None within 50 metres,No physical crossing within 50 meters,Daylight: Street light present,Fine without high winds,Frost/Ice,None,None,1,Yes,E01004343,2005
6481,200501JC30145,538670.0,185610.0,-0.001286,51.55229,1,3,3,1,27/02/2005,1,19:15,13,E09000031,6,0,Single carriageway,30,None,-1,0,None within 50 metres,No physical crossing within 50 meters,Darkness: Street lights present and lit,Fine without high winds,Dry,None,None,1,Yes,E01004337,2005
6482,200501JC30146,539830.0,187840.0,0.016319,51.572042,1,2,2,3,06/03/2005,1,20:35,13,E09000031,3,12,Dual carriageway,40,None,-1,0,None within 50 metres,No physical crossing within 50 meters,Darkness: Street lights present and lit,Fine without high winds,Dry,None,None,1,Yes,E01004438,2005
6483,200501JC30147,537980.0,187060.0,-0.010664,51.565489,1,3,1,1,18/02/2005,6,09:00,13,E09000031,6,0,Single carriageway,30,Giveway or uncontrolled,3,112,None within 50 metres,Zebra crossing,Daylight: Street light present,Fine without high winds,Dry,None,None,1,Yes,E01004369,2005
6484,200501JC30148,538140.0,193520.0,-0.005815,51.623499,1,3,2,1,08/03/2005,3,09:50,13,E09000031,6,0,Single carriageway,30,None,-1,0,None within 50 metres,No physical crossing within 50 meters,Daylight: Street light present,Fine without high winds,Dry,None,None,1,Yes,E01004355,2005
6485,200501JC30149,538570.0,188770.0,-0.001483,51.58071,1,3,1,1,11/03/2005,6,17:48,13,E09000031,3,104,Single carriageway,30,None,-1,0,None within 50 metres,No physical crossing within 50 meters,Darkness: Street lights present and lit,Fine without high winds,Dry,None,None,1,Yes,E01004363,2005
6486,200501JC30166,537310.0,186990.0,-0.020351,51.565023,1,3,1,1,16/03/2005,4,16:36,13,E09000031,3,1006,Single carriageway,30,Giveway or uncontrolled,6,0,None within 50 metres,No physical crossing within 50 meters,Daylight: Street light present,Fine without high winds,Dry,None,None,1,Yes,E01004434,2005
6487,200501JC30167,537450.0,190940.0,-0.016787,51.600484,1,3,2,2,15/03/2005,3,22:00,13,E09000031,3,112,Roundabout,30,Automatic traffic signal,4,179,None within 50 metres,No physical crossing within 50 meters,Darkness: Street lights present and lit,Fine without high winds,Dry,None,None,1,Yes,E01004344,2005
6488,200501JC30168,535560.0,186610.0,-0.04573,51.562031,1,3,1,1,14/03/2005,2,10:28,4,E09000012,3,104,Single carriageway,30,None,-1,0,None within 50 metres,No physical crossing within 50 meters,Daylight: Street light present,Fine without high winds,Dry,None,None,1,No,E01001797,2005
6489,200501JC30169,537480.0,191020.0,-0.016323,51.601196,1,3,2,1,15/03/2005,3,08:50,13,E09000031,5,0,Roundabout,30,Giveway or uncontrolled,3,112,None within 50 metres,No physical crossing within 50 meters,Daylight: Street light present,Fine without high winds,Dry,None,None,1,No,E01004344,2005
6490,200501JC30170,539340.0,190380.0,0.010261,51.594988,1,3,2,1,01/03/2005,3,13:15,13,E09000031,3,104,Roundabout,30,Giveway or uncontrolled,3,406,None within 50 metres,No physical crossing within 50 meters,Daylight: Street light present,Fine without high winds,Dry,None,None,1,Yes,E01004377,2005
6491,200501JC30171,537320.0,189200.0,-0.019344,51.58488,1,3,2,1,03/03/2005,5,18:00,13,E09000031,3,112,Single carriageway,30,Automatic traffic signal,3,112,None within 50 metres,Pedestrian phase at traffic signal junction,Darkness: Street lights present and lit,Fine without high winds,Dry,None,None,1,Yes,E01004411,2005
6492,200501JC30172,537490.0,194400.0,-0.014854,51.631566,1,3,2,1,07/03/2005,2,13:20,13,E09000031,3,1037,Single carriageway,30,Giveway or uncontrolled,6,0,None within 50 metres,No physical crossing within 50 meters,Daylight: Street light present,Raining without high winds,Wet/Damp,None,None,1,Yes,E01004356,2005
6493,200501JC30173,536720.0,188260.0,-0.028364,51.576579,1,3,1,1,05/03/2005,7,15:37,13,E09000031,6,0,Single carriageway,30,Giveway or uncontrolled,6,0,None within 50 metres,No physical crossing within 50 meters,Daylight: Street light present,Fine without high winds,Dry,None,None,1,Yes,E01004445,2005
6494,200501JC30174,538260.0,188560.0,-0.006036,51.578899,1,3,3,1,05/03/2005,7,23:59,13,E09000031,6,0,Single carriageway,30,Giveway or uncontrolled,3,104,None within 50 metres,No physical crossing within 50 meters,Darkness: Street lights present and lit,Raining without high winds,Wet/Damp,None,None,1,Yes,E01004364,2005
6495,200501JC30175,538050.0,190950.0,-0.008126,51.600427,1,3,2,3,04/03/2005,6,21:48,13,E09000031,3,406,Dual carriageway,50,None,-1,0,None within 50 metres,No physical crossing within 50 meters,Darkness: Street lights present and lit,Fine without high winds,Dry,None,None,1,Yes,E01004345,2005
6496,200501JC30177,537380.0,190030.0,-0.018154,51.592324,1,3,2,1,09/03/2005,4,22:55,13,E09000031,3,112,Single carriageway,30,Giveway or uncontrolled,6,0,None within 50 metres,No physical crossing within 50 meters,Darkness: Street lights present and lit,Fine without high winds,Dry,None,None,1,Yes,E01004460,2005
6497,200501JC30178,538350.0,189630.0,-0.004317,51.588492,1,3,2,1,12/03/2005,7,16:23,13,E09000031,4,160,Single carriageway,30,None,-1,0,None within 50 metres,No physical crossing within 50 meters,Daylight: Street light present,Fine without high winds,Dry,None,None,1,Yes,E01004464,2005
6498,200501JC30179,537560.0,186200.0,-0.017056,51.557863,1,3,2,1,16/03/2005,4,16:50,13,E09000031,3,1006,Single carriageway,30,None,-1,0,None within 50 metres,No physical crossing within 50 meters,Darkness: Street lights present and lit,Fine without high winds,Dry,None,None,1,Yes,E01004429,2005
6499,200501JC30180,538290.0,189970.0,-0.005049,51.591562,1,3,2,1,09/03/2005,4,12:53,13,E09000031,3,503,Dual carriageway,30,Automatic traffic signal,4,160,None within 50 metres,Pedestrian phase at traffic signal junction,Daylight: Street light present,Fine without high winds,Dry,None,None,1,Yes,E01004470,2005
6500,200501JC30181,536610.0,188250.0,-0.029955,51.576515,1,3,1,1,16/03/2005,4,13:34,13,E09000031,3,1006,Single carriageway,30,None,-1,0,None within 50 metres,No physical crossing within 50 meters,Daylight: Street light present,Fine without high winds,Dry,None,None,1,Yes,E01004444,2005
6501,200501JC30182,538340.0,186060.0,-0.005866,51.556414,1,3,2,1,14/03/2005,2,16:15,13,E09000031,3,112,Single carriageway,30,None,-1,0,None within 50 metres,No physical crossing within 50 meters,Daylight: Street light present,Fine without high winds,Dry,None,None,1,Yes,E01004336,2005
6502,200501JC30183,538600.0,186490.0,-0.001949,51.560215,1,3,2,2,16/03/2005,4,19:38,13,E09000031,3,106,Single carriageway,30,None,-1,0,None within 50 metres,No physical crossing within 50 meters,Darkness: Street lights present and lit,Fine without high winds,Dry,None,None,1,Yes,E01004374,2005
6503,200501JC30184,539190.0,187370.0,0.006904,51.567977,1,3,2,2,06/03/2005,1,13:00,13,E09000031,3,106,Single carriageway,30,Automatic traffic signal,5,0,None within 50 metres,Pedestrian phase at traffic signal junction,Daylight: Street light present,Fine without high winds,Dry,None,None,1,Yes,E01004439,2005
6504,200501JC30185,537460.0,190940.0,-0.016643,51.600482,1,3,1,1,14/03/2005,2,17:50,13,E09000031,3,112,Single carriageway,30,Automatic traffic signal,4,179,None within 50 metres,No physical crossing within 50 meters,Daylight: Street light present,Fine without high winds,Dry,None,None,1,Yes,E01004344,2005
6505,200501JC30186,539120.0,193390.0,0.00828,51.62209,1,3,1,1,16/03/2005,4,15:25,13,E09000031,6,0,Single carriageway,30,Giveway or uncontrolled,4,146,None within 50 metres,No physical crossing within 50 meters,Daylight: Street light present,Fine without high winds,Dry,None,None,1,Yes,E01004390,2005
6506,200501JC30187,536990.0,190850.0,-0.02346,51.599787,1,3,2,1,21/03/2005,2,19:50,13,E09000031,6,0,Single carriageway,30,Giveway or uncontrolled,4,179,None within 50 metres,No physical crossing within 50 meters,Darkness: Street lights present and lit,Fine without high winds,Dry,None,None,1,Yes,E01004346,2005
6507,200501JC30188,539300.0,188000.0,0.00874,51.573611,1,3,2,1,01/03/2005,3,14:20,13,E09000031,6,0,Dual carriageway,30,Giveway or uncontrolled,6,0,None within 50 metres,No physical crossing within 50 meters,Daylight: Street light present,Fine without high winds,Dry,None,None,1,Yes,E01004442,2005
6508,200501JC30189,535840.0,190700.0,-0.040112,51.598718,1,3,1,1,10/03/2005,5,14:35,13,E09000031,6,0,Single carriageway,30,Giveway or uncontrolled,4,179,None within 50 metres,No physical crossing within 50 meters,Daylight: Street light present,Fine without high winds,Dry,None,None,1,Yes,E01004398,2005
6509,200501JC30190,537820.0,188110.0,-0.012559,51.574963,1,3,1,1,19/03/2005,7,06:20,13,E09000031,3,112,Single carriageway,30,Giveway or uncontrolled,3,112,None within 50 metres,No physical crossing within 50 meters,Daylight: Street light present,Fine without high winds,Dry,None,None,1,Yes,E01004420,2005
6510,200501JC30191,538460.0,192980.0,-0.001409,51.618568,1,3,2,1,12/03/2005,7,18:45,13,E09000031,3,1009,Dual carriageway,30,None,-1,0,None within 50 metres,No physical crossing within 50 meters,Daylight: Street light present,Fine without high winds,Dry,None,None,1,Yes,E01004413,2005
6511,200501JC30192,539920.0,187670.0,0.01755,51.570492,1,3,2,2,19/03/2005,7,13:23,13,E09000031,3,114,Single carriageway,30,None,-1,0,None within 50 metres,No physical crossing within 50 meters,Daylight: Street light present,Fine without high winds,Dry,None,None,1,Yes,E01004438,2005
6512,200501JC30193,537630.0,190920.0,-0.014198,51.60026,1,3,2,2,18/03/2005,6,17:10,13,E09000031,3,406,Dual carriageway,30,None,-1,0,None within 50 metres,No physical crossing within 50 meters,Darkness: Street lights present and lit,Fine without high winds,Dry,None,None,1,Yes,E01004344,2005
6513,200501JC30194,538030.0,186580.0,-0.010131,51.561163,1,3,2,1,17/03/2005,5,20:50,13,E09000031,3,112,Single carriageway,30,None,-1,0,None within 50 metres,No physical crossing within 50 meters,Darkness: Street lights present and lit,Fine without high winds,Dry,None,None,1,No,E01004430,2005
6514,200501JC30195,542470.0,191730.0,0.055966,51.606336,1,3,2,1,18/03/2005,6,21:30,14,E09000026,6,0,Dual carriageway,30,Automatic traffic signal,4,173,None within 50 metres,No physical crossing within 50 meters,Darkness: Street lights present and lit,Fine without high winds,Dry,None,None,1,No,E01003657,2005
6515,200501JC30197,537520.0,185760.0,-0.017804,51.553919,1,3,2,1,19/03/2005,7,12:15,4,E09000012,3,106,Dual carriageway,30,Giveway or uncontrolled,3,106,None within 50 metres,No physical crossing within 50 meters,Daylight: Street light present,Fine without high winds,Dry,None,None,1,No,E01004430,2005
6516,200501JC30199,538540.0,193010.0,-0.000242,51.618818,1,3,2,1,15/03/2005,3,10:00,13,E09000031,3,1009,Roundabout,30,Giveway or uncontrolled,4,160,None within 50 metres,No physical crossing within 50 meters,Daylight: Street light present,Fine without high winds,Dry,None,None,1,No,E01004413,2005
6517,200501JC30203,539140.0,193000.0,0.008414,51.618581,1,3,1,1,16/03/2005,4,16:03,13,E09000031,3,1009,Roundabout,30,Giveway or uncontrolled,3,1009,None within 50 metres,No physical crossing within 50 meters,Darkness: Street lights present and lit,Raining without high winds,Wet/Damp,None,None,1,Yes,E01004386,2005
6518,200501JC30204,538180.0,186580.0,-0.007968,51.561126,1,3,2,1,20/03/2005,1,23:20,13,E09000031,6,0,Single carriageway,30,None,-1,0,None within 50 metres,No physical crossing within 50 meters,Darkness: Street lights present and lit,Fine without high winds,Dry,None,None,1,Yes,E01004375,2005
6519,200501JC30205,538010.0,191490.0,-0.008491,51.60529,1,3,2,1,21/02/2005,2,16:30,13,E09000031,6,0,Single carriageway,30,Giveway or uncontrolled,6,0,None within 50 metres,No physical crossing within 50 meters,Daylight: Street light present,Fine without high winds,Dry,None,None,1,No,E01004382,2005
6520,200501JC30206,537770.0,188120.0,-0.013276,51.575065,1,3,1,1,24/02/2005,5,11:00,13,E09000031,3,104,Single carriageway,30,None,-1,0,None within 50 metres,No physical crossing within 50 meters,Daylight: Street light present,Raining without high winds,Wet/Damp,None,None,1,Yes,E01004420,2005
6521,200501JC30207,538670.0,194160.0,0.002089,51.62912,1,3,1,1,16/03/2005,4,15:34,13,E09000031,3,110,Single carriageway,30,None,-1,0,None within 50 metres,No physical crossing within 50 meters,Daylight: Street light present,Fine without high winds,Dry,None,None,1,Yes,E01004359,2005
6522,200501JC30209,539660.0,186050.0,0.013157,51.555999,1,3,1,1,22/03/2005,3,14:23,13,E09000031,5,0,Single carriageway,30,None,-1,0,None within 50 metres,No physical crossing within 50 meters,Daylight: Street light present,Fine without high winds,Dry,None,None,1,Yes,E01004330,2005
6523,200501JC30210,538070.0,187260.0,-0.009287,51.567264,1,3,2,1,25/03/2005,6,18:50,13,E09000031,6,0,Single carriageway,30,Giveway or uncontrolled,3,112,None within 50 metres,No physical crossing within 50 meters,Darkness: Street lights present and lit,Fine without high winds,Dry,None,None,1,Yes,E01004432,2005
6524,200501JC30211,535570.0,186630.0,-0.045578,51.562209,1,3,1,1,26/03/2005,7,15:07,13,E09000031,3,104,Single carriageway,30,None,-1,0,None within 50 metres,No physical crossing within 50 meters,Daylight: Street light present,Fine without high winds,Dry,None,None,1,Yes,E01004422,2005
6525,200501JC30212,536280.0,189500.0,-0.034229,51.587828,1,3,2,2,26/03/2005,7,17:50,13,E09000031,6,0,Single carriageway,30,Giveway or uncontrolled,3,503,None within 50 metres,No physical crossing within 50 meters,Darkness: Street lights present and lit,Raining without high winds,Wet/Damp,None,None,1,Yes,E01004396,2005
6526,200501JC30214,538380.0,192280.0,-0.00284,51.612298,1,3,2,2,24/02/2005,5,14:56,13,E09000031,6,0,Single carriageway,30,Giveway or uncontrolled,4,160,None within 50 metres,No physical crossing within 50 meters,Daylight: Street light present,Snowing without high winds,Frost/Ice,None,None,1,Yes,E01004379,2005
6527,200501JC30215,537460.0,192010.0,-0.016224,51.610097,1,3,1,1,05/04/2005,3,15:40,13,E09000031,6,0,Dual carriageway,30,None,-1,0,None within 50 metres,No physical crossing within 50 meters,Daylight: Street light present,Fine without high winds,Dry,None,None,1,Yes,E01004418,2005
6528,200501JC30217,538390.0,186370.0,-0.005023,51.559188,1,3,2,1,08/03/2005,3,12:00,13,E09000031,3,106,Single carriageway,30,None,-1,0,None within 50 metres,No physical crossing within 50 meters,Daylight: Street light present,Fine without high winds,Dry,None,None,1,No,E01004376,2005
6529,200501JC30218,537930.0,193880.0,-0.008705,51.626786,1,3,2,1,31/03/2005,5,17:30,13,E09000031,4,169,Single carriageway,30,Giveway or uncontrolled,5,0,None within 50 metres,No physical crossing within 50 meters,Daylight: Street light present,Fine without high winds,Dry,None,None,1,No,E01004355,2005
6530,200501JC30220,538070.0,189700.0,-0.008329,51.58919,1,3,2,1,05/03/2005,7,09:45,13,E09000031,5,0,Single carriageway,30,Giveway or uncontrolled,6,0,None within 50 metres,No physical crossing within 50 meters,Daylight: Street light present,Fine without high winds,Dry,None,None,1,No,E01004470,2005
6531,200501JC30221,535950.0,190970.0,-0.03842,51.601117,1,3,1,1,19/03/2005,7,11:10,13,E09000031,6,0,Single carriageway,30,Giveway or uncontrolled,6,0,None within 50 metres,No physical crossing within 50 meters,Daylight: Street light present,Fine without high winds,Dry,None,None,1,Yes,E01004398,2005
6532,200501JC30222,537590.0,189290.0,-0.015414,51.585623,1,3,3,3,28/03/2005,2,02:45,13,E09000031,6,0,Single carriageway,30,Giveway or uncontrolled,6,0,None within 50 metres,No physical crossing within 50 meters,Darkness: Street lights present and lit,Fine without high winds,Dry,None,None,1,Yes,E01004410,2005
6533,200501JC30224,537540.0,190530.0,-0.015649,51.596778,1,3,3,1,05/04/2005,3,09:15,13,E09000031,3,112,Single carriageway,30,Giveway or uncontrolled,6,0,None within 50 metres,non-junction pedestrian crossing,Daylight: Street light present,Fine without high winds,Dry,None,None,1,Yes,E01004347,2005
6534,200501JC30225,538370.0,189570.0,-0.004052,51.587948,1,3,1,1,10/04/2005,1,19:33,13,E09000031,6,0,Single carriageway,30,Giveway or uncontrolled,4,160,None within 50 metres,No physical crossing within 50 meters,Daylight: Street light present,Fine without high winds,Dry,None,None,1,Yes,E01004464,2005
6535,200501JC30226,538840.0,192280.0,0.003799,51.612185,1,3,2,1,25/01/2005,3,13:30,13,E09000031,6,0,Dual carriageway,30,None,-1,0,None within 50 metres,No physical crossing within 50 meters,Daylight: Street light present,Fine without high winds,Dry,None,None,1,No,E01004388,2005
6536,200501JC30227,538500.0,190910.0,-0.001648,51.599958,1,3,1,1,03/04/2005,1,21:55,13,E09000031,3,406,Dual carriageway,50,None,-1,0,None within 50 metres,No physical crossing within 50 meters,Darkness: Street lights present and lit,Fine without high winds,Dry,None,None,1,Yes,E01004377,2005
6537,200501JC30228,536370.0,192170.0,-0.031894,51.611799,1,3,2,2,03/04/2005,1,14:20,13,E09000031,3,406,Single carriageway,30,Giveway or uncontrolled,3,1009,None within 50 metres,No physical crossing within 50 meters,Daylight: Street light present,Fine without high winds,Dry,None,None,1,Yes,E01004453,2005
6538,200501JC30229,537380.0,188750.0,-0.018654,51.580822,1,3,1,1,16/03/2005,4,14:05,13,E09000031,6,0,Single carriageway,30,Giveway or uncontrolled,3,112,None within 50 metres,No physical crossing within 50 meters,Daylight: Street light present,Fine without high winds,Dry,None,None,1,No,E01004443,2005
6539,200501JC30230,538490.0,193630.0,-0.000719,51.624402,1,3,3,1,11/02/2005,6,19:10,13,E09000031,5,0,Single carriageway,30,None,-1,0,None within 50 metres,No physical crossing within 50 meters,Darkness: Street lights present and lit,Fine without high winds,Dry,None,None,1,Yes,E01004360,2005
6540,200501JC30231,536900.0,188910.0,-0.025515,51.582376,1,3,1,1,16/03/2005,4,16:36,13,E09000031,5,0,Single carriageway,30,None,-1,0,None within 50 metres,No physical crossing within 50 meters,Daylight: Street light present,Fine without high winds,Dry,None,None,1,Yes,E01004397,2005
6541,200501JC30232,537250.0,188990.0,-0.020436,51.58301,1,3,1,1,25/03/2005,6,22:10,13,E09000031,5,0,Single carriageway,30,None,-1,0,None within 50 metres,No physical crossing within 50 meters,Darkness: Street lights present and lit,Fine without high winds,Dry,None,None,1,Yes,E01004397,2005
6542,200501JC30233,539500.0,187690.0,0.011501,51.570776,1,3,1,1,06/04/2005,4,15:57,13,E09000031,3,106,Dual carriageway,30,None,-1,0,None within 50 metres,Pedestrian phase at traffic signal junction,Daylight: Street light present,Raining without high winds,Wet/Damp,None,None,1,Yes,E01004438,2005
6543,200501JC30234,535670.0,186690.0,-0.044113,51.562724,1,3,1,1,07/04/2005,5,09:00,13,E09000031,3,104,Single carriageway,30,None,-1,0,None within 50 metres,No physical crossing within 50 meters,Daylight: Street light present,Fine without high winds,Dry,None,None,1,Yes,E01004422,2005
6544,200501JC30235,538040.0,189270.0,-0.008931,51.585333,1,3,2,1,03/04/2005,1,18:30,13,E09000031,6,0,Single carriageway,30,Giveway or uncontrolled,6,0,None within 50 metres,No physical crossing within 50 meters,Daylight: Street light present,Fine without high winds,Dry,None,None,1,No,E01004410,2005
6545,200501JC30236,537600.0,194810.0,-0.013104,51.635224,1,3,3,2,08/04/2005,6,12:28,13,E09000031,3,112,Slip road,30,Giveway or uncontrolled,6,0,None within 50 metres,No physical crossing within 50 meters,Daylight: Street light present,Fine without high winds,Dry,None,None,1,Yes,E01004350,2005
6546,200501JC30237,539320.0,190250.0,0.009921,51.593825,1,3,1,1,08/04/2005,6,08:15,13,E09000031,3,104,Single carriageway,40,Automatic traffic signal,3,503,None within 50 metres,Pedestrian phase at traffic signal junction,Daylight: Street light present,Fine without high winds,Dry,None,None,1,Yes,E01004468,2005
6547,200501JC30238,536600.0,188270.0,-0.030091,51.576698,1,3,2,1,09/04/2005,7,22:01,13,E09000031,3,1006,Single carriageway,30,None,-1,0,None within 50 metres,No physical crossing within 50 meters,Darkness: Street lights present and lit,Fine without high winds,Dry,None,None,1,Yes,E01004444,2005
6548,200501JC30240,537200.0,188580.0,-0.021317,51.579338,1,3,2,1,23/03/2005,4,13:36,13,E09000031,6,0,Single carriageway,30,Giveway or uncontrolled,6,0,None within 50 metres,Zebra crossing,Daylight: Street light present,Fine without high winds,Dry,None,None,1,Yes,E01004443,2005
6549,200501JC30242,537720.0,186510.0,-0.014628,51.56061,1,3,2,1,06/04/2005,4,08:34,13,E09000031,5,0,Single carriageway,30,Giveway or uncontrolled,6,0,None within 50 metres,No physical crossing within 50 meters,Daylight: Street light present,Fine without high winds,Dry,None,None,1,Yes,E01004429,2005
6550,200501JC30243,535970.0,189230.0,-0.038806,51.585477,1,3,1,1,06/04/2005,4,16:00,13,E09000031,6,0,One way street,30,Giveway or uncontrolled,3,1006,None within 50 metres,No physical crossing within 50 meters,Daylight: Street light present,Fine without high winds,Dry,None,None,1,Yes,E01004393,2005
6551,200501JC30246,538560.0,188770.0,-0.001627,51.580713,1,3,4,2,10/04/2005,1,15:25,13,E09000031,3,104,Single carriageway,30,None,-1,0,None within 50 metres,No physical crossing within 50 meters,Daylight: Street light present,Fine without high winds,Dry,None,None,1,Yes,E01004467,2005
6552,200501JC30247,538070.0,189540.0,-0.008392,51.587752,1,3,3,1,15/04/2005,6,13:19,13,E09000031,5,0,Single carriageway,30,Giveway or uncontrolled,6,0,None within 50 metres,No physical crossing within 50 meters,Daylight: Street light present,Raining without high winds,Wet/Damp,None,None,1,Yes,E01004410,2005
6553,200501JC30248,539900.0,192120.0,0.019034,51.610485,1,3,1,1,15/04/2005,6,14:15,13,E09000031,6,0,Single carriageway,30,Giveway or uncontrolled,3,1009,None within 50 metres,Zebra crossing,Daylight: Street light present,Raining without high winds,Wet/Damp,None,None,1,Yes,E01004385,2005
6554,200501JC30249,536760.0,187840.0,-0.027951,51.572795,1,3,2,1,17/04/2005,1,17:45,13,E09000031,3,1006,Single carriageway,30,None,-1,0,None within 50 metres,No physical crossing within 50 meters,Daylight: Street light present,Fine without high winds,Dry,None,None,1,No,E01004425,2005
6555,200501JC30250,537770.0,188110.0,-0.01328,51.574975,1,2,1,1,16/04/2005,7,12:02,13,E09000031,3,104,Single carriageway,30,None,-1,0,None within 50 metres,No physical crossing within 50 meters,Daylight: Street light present,Fine without high winds,Dry,None,None,1,Yes,E01004420,2005
6556,200501JC30251,539430.0,190390.0,0.011563,51.595056,1,3,2,1,20/04/2005,4,09:30,13,E09000031,3,104,Dual carriageway,30,Giveway or uncontrolled,3,406,None within 50 metres,No physical crossing within 50 meters,Daylight: Street light present,Fine without high winds,Dry,None,None,1,Yes,E01004468,2005
6557,200501JC30252,537800.0,188130.0,-0.012839,51.575148,1,3,1,1,22/03/2005,3,09:09,13,E09000031,3,112,Single carriageway,30,Automatic traffic signal,3,104,None within 50 metres,Pedestrian phase at traffic signal junction,Daylight: Street light present,Raining without high winds,Wet/Damp,None,None,1,Yes,E01004420,2005
6558,200501JC30253,536500.0,187280.0,-0.031918,51.567825,1,3,2,1,02/04/2005,7,14:00,13,E09000031,6,0,Single carriageway,30,Giveway or uncontrolled,3,104,None within 50 metres,No physical crossing within 50 meters,Daylight: Street light present,Fine without high winds,Dry,None,None,1,No,E01004422,2005
6559,200501JC30254,536640.0,189690.0,-0.028962,51.589448,1,3,1,1,15/04/2005,6,08:09,13,E09000031,3,503,Single carriageway,30,None,-1,0,None within 50 metres,No physical crossing within 50 meters,Daylight: Street light present,Fine without high winds,Dry,None,None,1,Yes,E01004458,2005
6560,200501JC30255,539330.0,190390.0,0.01012,51.59508,1,3,2,1,19/04/2005,3,19:58,13,E09000031,3,104,Roundabout,30,Automatic traffic signal,3,406,None within 50 metres,No physical crossing within 50 meters,Daylight: Street light present,Fine without high winds,Dry,None,None,1,Yes,E01004377,2005
6561,200501JC30256,539460.0,187330.0,0.010782,51.567551,1,2,2,1,19/04/2005,3,09:31,13,E09000031,6,0,Single carriageway,30,Giveway or uncontrolled,3,11,None within 50 metres,Pedestrian phase at traffic signal junction,Daylight: Street light present,Fine without high winds,Dry,None,None,1,Yes,E01004440,2005
6562,200501JC30258,539930.0,186220.0,0.017117,51.55746,1,3,2,1,22/03/2005,3,12:17,13,E09000031,5,0,Single carriageway,30,Giveway or uncontrolled,6,0,None within 50 metres,No physical crossing within 50 meters,Daylight: Street light present,Fine without high winds,Dry,None,None,1,Yes,E01004329,2005
6563,200501JC30259,537450.0,190980.0,-0.016772,51.600844,1,3,1,1,23/04/2005,7,00:01,13,E09000031,3,406,Dual carriageway,50,None,-1,0,None within 50 metres,No physical crossing within 50 meters,Darkness: Street lights present and lit,Fine without high winds,Dry,None,None,1,Yes,E01004403,2005
6564,200501JC30260,536070.0,189460.0,-0.037274,51.587519,1,3,2,2,25/04/2005,2,13:15,13,E09000031,3,503,Single carriageway,30,None,-1,0,None within 50 metres,No physical crossing within 50 meters,Daylight: Street light present,Fine without high winds,Dry,None,None,1,Yes,E01004461,2005
6565,200501JC30261,538430.0,194420.0,-0.001273,51.631516,1,3,2,1,26/04/2005,3,11:52,13,E09000031,3,110,Single carriageway,30,Automatic traffic signal,3,110,None within 50 metres,Pedestrian phase at traffic signal junction,Daylight: Street light present,Raining without high winds,Wet/Damp,None,None,1,Yes,E01004357,2005
6566,200501JC30262,538750.0,188880.0,0.001156,51.581654,1,3,4,1,26/04/2005,3,11:31,13,E09000031,3,104,Roundabout,30,Giveway or uncontrolled,3,114,None within 50 metres,No physical crossing within 50 meters,Daylight: Street light present,Raining without high winds,Wet/Damp,None,None,1,Yes,E01004363,2005
6567,200501JC30263,537360.0,193030.0,-0.017268,51.619287,1,2,1,2,26/04/2005,3,16:07,13,E09000031,6,0,Single carriageway,30,Giveway or uncontrolled,3,112,None within 50 metres,No physical crossing within 50 meters,Daylight: Street light present,Raining without high winds,Wet/Damp,None,None,1,Yes,E01004451,2005
6568,200501JC30264,538530.0,190670.0,-0.00131,51.597793,1,3,1,1,27/04/2005,4,09:06,13,E09000031,5,0,Single carriageway,30,None,-1,0,Control by school crossing patrol,No physical crossing within 50 meters,Daylight: Street light present,Fine without high winds,Dry,None,None,1,Yes,E01004378,2005
6569,200501JC30265,538830.0,186010.0,0.001177,51.555845,1,3,2,1,28/04/2005,5,18:15,13,E09000031,6,0,Single carriageway,30,None,-1,0,None within 50 metres,No physical crossing within 50 meters,Daylight: Street light present,Fine without high winds,Dry,None,None,1,Yes,E01004340,2005
6570,200501JC30266,536410.0,189390.0,-0.032396,51.586808,1,3,2,1,24/04/2005,1,16:45,13,E09000031,6,0,Single carriageway,30,Giveway or uncontrolled,6,0,None within 50 metres,No physical crossing within 50 meters,Daylight: Street light present,Fine without high winds,Dry,None,None,1,No,E01004396,2005
6571,200501JC30267,538290.0,186900.0,-0.006257,51.563975,1,3,2,1,27/03/2005,1,19:25,13,E09000031,4,161,Single carriageway,30,Giveway or uncontrolled,6,0,None within 50 metres,No physical crossing within 50 meters,Daylight: Street light present,Fine without high winds,Dry,None,None,1,Yes,E01004373,2005
6572,200501JC30268,538820.0,188770.0,0.002122,51.580649,1,3,1,1,21/04/2005,5,23:55,13,E09000031,3,114,Roundabout,30,Giveway or uncontrolled,3,104,None within 50 metres,No physical crossing within 50 meters,Darkness: Street lights present and lit,Fine without high winds,Dry,None,None,1,Yes,E01004363,2005
6573,200501JC30269,538300.0,189960.0,-0.004908,51.59147,1,3,2,1,23/04/2005,7,19:10,13,E09000031,3,503,Single carriageway,30,Automatic traffic signal,4,160,None within 50 metres,Pedestrian phase at traffic signal junction,Darkness: Street lights present and lit,Fine without high winds,Dry,None,None,1,Yes,E01004470,2005
6574,200501JC30270,538190.0,185870.0,-0.008103,51.554744,1,2,3,1,26/04/2005,3,17:45,13,E09000031,3,12,Dual carriageway,50,None,-1,0,None within 50 metres,No physical crossing within 50 meters,Daylight: Street light present,Fine without high winds,Dry,None,None,1,Yes,E01004430,2005
6575,200501JC30271,536650.0,187360.0,-0.029724,51.568508,1,2,2,1,27/04/2005,4,16:47,13,E09000031,6,0,Single carriageway,30,Giveway or uncontrolled,3,104,None within 50 metres,No physical crossing within 50 meters,Daylight: Street light present,Raining without high winds,Wet/Damp,None,None,1,Yes,E01004427,2005
6576,200501JC30272,538570.0,194300.0,0.0007,51.630403,1,3,2,1,30/04/2005,7,18:12,13,E09000031,3,1069,Single carriageway,30,Automatic traffic signal,3,110,None within 50 metres,No physical crossing within 50 meters,Daylight: Street light present,Fine without high winds,Dry,None,None,1,Yes,E01004358,2005
6577,200501JC30273,539350.0,192780.0,0.011358,51.616552,1,3,1,1,30/04/2005,7,19:32,13,E09000031,3,1009,Single carriageway,40,None,-1,0,None within 50 metres,No physical crossing within 50 meters,Darkness: Street lights present and lit,Fine without high winds,Dry,None,None,2,Yes,E01004386,2005
6578,200501JC30274,537440.0,189800.0,-0.017378,51.590242,1,3,1,1,30/04/2005,7,22:49,13,E09000031,3,112,Single carriageway,30,Automatic traffic signal,3,503,None within 50 metres,Pedestrian phase at traffic signal junction,Darkness: Street lights present and lit,Fine without high winds,Dry,Auto traffic singal out,None,1,Yes,E01004460,2005
6579,200501JC30275,537550.0,191020.0,-0.015313,51.601179,1,3,1,1,02/05/2005,2,13:01,13,E09000031,5,0,Single carriageway,30,Giveway or uncontrolled,5,0,None within 50 metres,No physical crossing within 50 meters,Daylight: Street light present,Fine without high winds,Dry,None,None,1,Yes,E01004344,2005
6580,200501JC30276,538300.0,189970.0,-0.004905,51.59156,1,3,3,2,08/05/2005,1,19:31,13,E09000031,4,160,Single carriageway,30,Automatic traffic signal,3,503,None within 50 metres,Pedestrian phase at traffic signal junction,Darkness: Street lights present and lit,Fine without high winds,Dry,None,None,1,Yes,E01004470,2005
6581,200501JC30277,538270.0,190140.0,-0.00527,51.593095,1,3,2,1,25/04/2005,2,10:00,13,E09000031,6,0,Single carriageway,30,Giveway or uncontrolled,4,160,None within 50 metres,No physical crossing within 50 meters,Daylight: Street light present,Raining without high winds,Wet/Damp,None,None,1,Yes,E01004348,2005
6582,200501JC30278,537170.0,187700.0,-0.022093,51.571437,1,3,2,1,25/04/2005,2,17:53,13,E09000031,3,104,Single carriageway,30,None,-1,0,None within 50 metres,No physical crossing within 50 meters,Daylight: Street light present,Fine without high winds,Dry,None,None,1,Yes,E01004424,2005
6583,200501JC30279,535900.0,190120.0,-0.039471,51.593491,1,3,1,1,27/04/2005,4,08:40,13,E09000031,6,0,Single carriageway,30,None,-1,0,None within 50 metres,No physical crossing within 50 meters,Daylight: Street light present,Fine without high winds,Dry,None,None,1,Yes,E01004401,2005
6584,200501JC30280,535900.0,190700.0,-0.039246,51.598703,1,3,1,1,27/04/2005,4,13:05,13,E09000031,4,179,Single carriageway,30,None,-1,0,None within 50 metres,No physical crossing within 50 meters,Daylight: Street light present,Fine without high winds,Dry,None,None,1,Yes,E01004398,2005
6585,200501JC30281,537560.0,186650.0,-0.01688,51.561907,1,3,2,1,05/05/2005,5,17:27,13,E09000031,6,0,Single carriageway,30,Giveway or uncontrolled,6,0,None within 50 metres,No physical crossing within 50 meters,Daylight: Street light present,Fine without high winds,Dry,None,None,1,Yes,E01004429,2005
6586,200501JC30282,539260.0,186460.0,0.007553,51.559783,1,3,2,1,06/04/2005,4,17:30,13,E09000031,3,11,Single carriageway,30,Giveway or uncontrolled,6,0,None within 50 metres,non-junction pedestrian crossing,Daylight: Street light present,Fine without high winds,Dry,None,None,1,No,E01004341,2005
6587,200501JC30284,537380.0,191890.0,-0.017426,51.609038,1,2,2,1,22/04/2005,6,15:00,13,E09000031,3,112,Single carriageway,30,None,-1,0,None within 50 metres,No physical crossing within 50 meters,Daylight: Street light present,Fine without high winds,Dry,None,None,1,No,E01004418,2005
6588,200501JC30285,539300.0,194720.0,0.011407,51.633997,1,3,2,1,03/05/2005,3,19:20,13,E09000031,5,0,Single carriageway,30,Giveway or uncontrolled,3,1069,None within 50 metres,No physical crossing within 50 meters,Daylight: Street light present,Raining without high winds,Wet/Damp,None,None,1,Yes,E01004352,2005
6589,200501JC30286,537280.0,189830.0,-0.019675,51.590551,1,2,1,2,03/05/2005,3,15:15,13,E09000031,6,0,Single carriageway,30,Giveway or uncontrolled,3,503,None within 50 metres,Zebra crossing,Daylight: Street light present,Fine without high winds,Dry,None,None,1,Yes,E01004460,2005
6590,200501JC30287,537820.0,188190.0,-0.012528,51.575682,1,3,2,1,03/05/2005,3,21:17,13,E09000031,3,112,Single carriageway,30,Automatic traffic signal,3,112,None within 50 metres,Pedestrian phase at traffic signal junction,Darkness: Street lights present and lit,Fine without high winds,Dry,None,None,1,Yes,E01004365,2005
6591,200501JC30288,537290.0,188810.0,-0.019929,51.581383,1,2,1,1,06/05/2005,6,08:13,13,E09000031,6,0,Single carriageway,30,None,-1,0,None within 50 metres,No physical crossing within 50 meters,Daylight: Street light present,Fine without high winds,Dry,None,None,1,Yes,E01004443,2005
6592,200501JC30289,539410.0,187080.0,0.009962,51.565317,1,3,2,1,09/05/2005,2,17:00,13,E09000031,6,0,Single carriageway,30,Giveway or uncontrolled,3,11,None within 50 metres,No physical crossing within 50 meters,Daylight: Street light present,Fine without high winds,Dry,None,None,1,Yes,E01004440,2005
6593,200501JC30290,537360.0,193070.0,-0.017252,51.619646,1,3,1,1,04/05/2005,4,23:55,13,E09000031,3,112,Single carriageway,30,None,-1,0,None within 50 metres,No physical crossing within 50 meters,Darkness: Street lights present and lit,Fine without high winds,Dry,None,None,1,Yes,E01004451,2005
6594,200501JC30291,539490.0,188360.0,0.011623,51.576799,1,2,2,1,12/05/2005,5,17:50,13,E09000031,3,114,Single carriageway,40,Giveway or uncontrolled,6,0,None within 50 metres,No physical crossing within 50 meters,Daylight: Street light present,Fine without high winds,Dry,None,None,1,Yes,E01004362,2005
6595,200501JC30292,537140.0,190910.0,-0.021272,51.60029,1,3,2,1,01/04/2005,6,17:20,13,E09000031,4,179,Single carriageway,30,None,-1,0,None within 50 metres,No physical crossing within 50 meters,Daylight: Street light present,Fine without high winds,Dry,None,None,1,Yes,E01004403,2005
6596,200501JC30293,540090.0,189260.0,0.020635,51.584738,1,3,2,1,03/05/2005,3,07:15,14,E09000026,3,11,Single carriageway,30,None,-1,0,None within 50 metres,No physical crossing within 50 meters,Daylight: Street light present,Raining without high winds,Wet/Damp,None,None,1,No,E01003775,2005
6597,200501JC30294,537420.0,187820.0,-0.018441,51.572455,1,3,2,2,28/04/2005,5,14:25,13,E09000031,3,104,Single carriageway,30,Giveway or uncontrolled,6,0,None within 50 metres,No physical crossing within 50 meters,Daylight: Street light present,Fine without high winds,Dry,None,None,1,Yes,E01004423,2005
6598,200501JC30295,538720.0,185630.0,-0.000558,51.552457,1,3,2,1,20/04/2005,4,19:05,13,E09000031,6,0,Single carriageway,30,Giveway or uncontrolled,6,0,None within 50 metres,No physical crossing within 50 meters,Daylight: Street light present,Fine without high winds,Dry,None,None,1,Yes,E01004337,2005
6599,200501JC30296,539420.0,187180.0,0.010145,51.566213,1,3,2,1,20/04/2005,4,12:10,13,E09000031,6,0,Single carriageway,30,Giveway or uncontrolled,3,11,None within 50 metres,No physical crossing within 50 meters,Daylight: Street light present,Fine without high winds,Dry,None,None,1,Yes,E01004440,2005
6600,200501JC30297,538690.0,188850.0,0.000279,51.5814,1,3,2,1,19/04/2005,3,08:20,13,E09000031,3,104,Roundabout,30,Giveway or uncontrolled,4,160,None within 50 metres,No physical crossing within 50 meters,Daylight: Street light present,Fine without high winds,Dry,None,None,1,No,E01004363,2005
6601,200501JC30299,537370.0,190040.0,-0.018294,51.592416,1,3,2,1,06/05/2005,6,14:50,13,E09000031,6,0,Dual carriageway,30,Automatic traffic signal,3,112,None within 50 metres,No physical crossing within 50 meters,Daylight: Street light present,Fine without high winds,Dry,None,None,1,Yes,E01004460,2005
6602,200501JC30300,536040.0,190720.0,-0.037219,51.598849,1,3,2,1,15/05/2005,1,14:00,13,E09000031,4,179,Single carriageway,30,None,-1,0,None within 50 metres,No physical crossing within 50 meters,Daylight: Street light present,Fine without high winds,Dry,None,None,1,No,E01004398,2005
6603,200501JC30301,539290.0,193760.0,0.010881,51.625373,1,2,1,1,07/04/2005,5,15:15,13,E09000031,6,0,Single carriageway,30,None,-1,0,None within 50 metres,No physical crossing within 50 meters,Daylight: Street light present,Raining without high winds,Wet/Damp,None,None,1,Yes,E01004389,2005
6604,200501JC30302,537760.0,188090.0,-0.013432,51.574798,1,3,1,1,03/05/2005,3,16:54,13,E09000031,3,104,Single carriageway,30,Giveway or uncontrolled,6,0,None within 50 metres,No physical crossing within 50 meters,Daylight: Street light present,Fine without high winds,Dry,None,None,1,Yes,E01004420,2005
6605,200501JC30303,537540.0,190970.0,-0.015477,51.600732,1,3,2,1,10/05/2005,3,20:30,13,E09000031,3,406,Slip road,40,Giveway or uncontrolled,3,112,None within 50 metres,No physical crossing within 50 meters,Daylight: Street light present,Fine without high winds,Dry,None,None,1,Yes,E01004344,2005
6606,200501JC30304,537340.0,192760.0,-0.017662,51.616866,1,3,2,3,18/04/2005,2,15:50,13,E09000031,3,112,Single carriageway,30,Giveway or uncontrolled,3,1009,None within 50 metres,No physical crossing within 50 meters,Daylight: Street light present,Fine without high winds,Dry,None,None,1,No,E01004452,2005
6607,200501JC30305,537910.0,186810.0,-0.011771,51.563259,1,3,2,1,23/04/2005,7,15:46,13,E09000031,5,0,Single carriageway,30,Giveway or uncontrolled,6,0,None within 50 metres,No physical crossing within 50 meters,Daylight: Street light present,Fine without high winds,Dry,None,None,1,No,E01004435,2005
6608,200501JC30306,537670.0,187980.0,-0.014773,51.573832,1,3,1,1,04/05/2005,4,17:45,13,E09000031,6,0,Single carriageway,30,Giveway or uncontrolled,3,104,None within 50 metres,No physical crossing within 50 meters,Daylight: Street light present,Fine without high winds,Dry,None,None,1,Yes,E01004420,2005
6609,200501JC30307,537440.0,189780.0,-0.017386,51.590063,1,3,2,1,10/05/2005,3,10:42,13,E09000031,3,112,Single carriageway,30,Automatic traffic signal,3,503,None within 50 metres,Pedestrian phase at traffic signal junction,Daylight: Street light present,Fine without high winds,Dry,None,None,1,Yes,E01004408,2005
6610,200501JC30308,539140.0,185630.0,0.005495,51.552354,1,3,2,1,13/05/2005,6,23:15,13,E09000031,3,11,Single carriageway,30,Giveway or uncontrolled,5,0,None within 50 metres,No physical crossing within 50 meters,Darkness: Street lights present and lit,Fine without high winds,Dry,None,None,1,Yes,E01004335,2005
6611,200501JC30309,536410.0,188470.0,-0.032754,51.578541,1,3,2,1,02/06/2005,5,12:00,13,E09000031,6,0,Single carriageway,30,Giveway or uncontrolled,6,0,None within 50 metres,No physical crossing within 50 meters,Daylight: Street light present,Fine without high winds,Dry,None,None,1,Yes,E01004446,2005
6612,200501JC30310,539520.0,194720.0,0.014584,51.633942,1,3,2,1,27/05/2005,6,18:00,13,E09000031,5,0,Dual carriageway,30,Giveway or uncontrolled,3,1069,None within 50 metres,No physical crossing within 50 meters,Daylight: Street light present,Fine without high winds,Dry,None,None,2,Yes,E01004352,2005
6613,200501JC30311,537360.0,189810.0,-0.018528,51.590352,1,2,1,1,11/05/2005,4,09:32,13,E09000031,3,503,Single carriageway,30,Giveway or uncontrolled,6,0,None within 50 metres,No physical crossing within 50 meters,Daylight: Street light present,Fine without high winds,Dry,None,None,1,Yes,E01004460,2005
6614,200501JC30312,536320.0,192210.0,-0.0326,51.612171,1,3,2,1,10/05/2005,3,16:40,13,E09000031,3,406,Dual carriageway,50,None,-1,0,None within 50 metres,No physical crossing within 50 meters,Daylight: Street light present,Fine without high winds,Dry,None,None,1,Yes,E01004453,2005
6615,200501JC30315,539430.0,187230.0,0.010309,51.56666,1,3,2,1,21/05/2005,7,13:00,13,E09000031,3,11,Single carriageway,30,None,-1,0,None within 50 metres,No physical crossing within 50 meters,Daylight: Street light present,Fine without high winds,Dry,None,None,1,No,E01004440,2005
6616,200501JC30316,538610.0,188800.0,-0.000894,51.58097,1,3,2,2,21/05/2005,7,23:00,13,E09000031,3,104,Single carriageway,30,None,-1,0,None within 50 metres,non-junction pedestrian crossing,Darkness: Street lights present and lit,Fine without high winds,Dry,None,None,1,Yes,E01004363,2005
6617,200501JC30317,539420.0,187170.0,0.010141,51.566123,1,3,2,1,14/05/2005,7,23:40,13,E09000031,6,0,Single carriageway,30,Giveway or uncontrolled,3,11,None within 50 metres,No physical crossing within 50 meters,Darkness: Street lights present and lit,Fine without high winds,Dry,None,None,1,No,E01004440,2005
6618,200501JC30318,537360.0,192650.0,-0.017417,51.615872,1,3,1,1,15/05/2005,1,09:03,13,E09000031,6,0,Single carriageway,30,Automatic traffic signal,3,112,None within 50 metres,Pedestrian phase at traffic signal junction,Daylight: Street light present,Fine without high winds,Dry,None,None,1,Yes,E01004417,2005
6619,200501JC30319,537390.0,189670.0,-0.01815,51.589086,1,3,1,1,15/05/2005,1,21:48,13,E09000031,6,0,Single carriageway,30,None,-1,0,None within 50 metres,No physical crossing within 50 meters,Darkness: Street lights present and lit,Fine without high winds,Dry,None,None,1,Yes,E01004408,2005
6620,200501JC30320,536440.0,192190.0,-0.030875,51.611962,1,3,1,1,16/05/2005,2,16:35,13,E09000031,5,0,Single carriageway,30,Giveway or uncontrolled,3,1009,None within 50 metres,No physical crossing within 50 meters,Daylight: Street light present,Raining without high winds,Wet/Damp,None,None,1,Yes,E01004453,2005
6621,200501JC30321,537390.0,188790.0,-0.018494,51.581179,1,3,3,1,08/05/2005,1,05:30,13,E09000031,6,0,Single carriageway,30,Giveway or uncontrolled,3,112,None within 50 metres,No physical crossing within 50 meters,Daylight: Street light present,Fine without high winds,Dry,None,None,1,No,E01004443,2005
6622,200501JC30324,536640.0,188700.0,-0.029347,51.580552,1,3,2,1,23/05/2005,2,00:15,13,E09000031,5,0,Single carriageway,30,Giveway or uncontrolled,6,0,None within 50 metres,No physical crossing within 50 meters,Darkness: Street lights present and lit,Fine without high winds,Dry,None,None,1,No,E01004444,2005
6623,200501JC30325,539400.0,186880.0,0.009738,51.563522,1,2,2,1,12/05/2005,5,11:20,13,E09000031,3,11,Single carriageway,30,Giveway or uncontrolled,6,0,None within 50 metres,No physical crossing within 50 meters,Daylight: Street light present,Fine without high winds,Dry,None,None,1,Yes,E01004333,2005
6624,200501JC30326,535840.0,189410.0,-0.040611,51.587125,1,3,2,1,11/05/2005,4,21:47,13,E09000031,3,1006,Single carriageway,30,Automatic traffic signal,3,503,None within 50 metres,No physical crossing within 50 meters,Daylight: Street light present,Fine without high winds,Dry,None,None,1,Yes,E01004391,2005
6625,200501JC30327,537680.0,187980.0,-0.014629,51.573829,1,3,1,1,11/05/2005,4,20:12,13,E09000031,6,0,Single carriageway,30,Giveway or uncontrolled,3,104,None within 50 metres,No physical crossing within 50 meters,Daylight: Street light present,Fine without high winds,Dry,None,None,1,Yes,E01004420,2005
6626,200501JC30328,538620.0,191730.0,0.000406,51.607297,1,3,2,1,16/05/2005,2,18:41,13,E09000031,5,0,Single carriageway,30,Giveway or uncontrolled,6,0,None within 50 metres,Zebra crossing,Daylight: Street light present,Raining without high winds,Wet/Damp,None,None,1,Yes,E01004381,2005
6627,200501JC30329,538590.0,189170.0,-0.001036,51.5843,1,3,2,1,05/05/2005,5,18:45,13,E09000031,4,160,Single carriageway,30,Giveway or uncontrolled,6,0,None within 50 metres,No physical crossing within 50 meters,Daylight: Street light present,Fine without high winds,Dry,None,None,1,Yes,E01004467,2005
6628,200501JC30330,537450.0,191420.0,-0.0166,51.604797,1,3,2,1,17/05/2005,3,06:47,13,E09000031,6,0,Single carriageway,30,Giveway or uncontrolled,3,112,None within 50 metres,No physical crossing within 50 meters,Darkeness: No street lighting,Fine without high winds,Dry,None,None,1,Yes,E01004419,2005
6629,200501JC30331,538000.0,190940.0,-0.008851,51.60035,1,3,4,2,17/05/2005,3,17:39,13,E09000031,3,406,Dual carriageway,50,None,-1,0,None within 50 metres,No physical crossing within 50 meters,Daylight: Street light present,Fine without high winds,Dry,None,None,1,Yes,E01004345,2005
6630,200501JC30333,539620.0,194690.0,0.016016,51.633648,1,3,1,2,20/05/2005,6,09:00,13,E09000031,3,1069,Single carriageway,30,None,-1,0,None within 50 metres,No physical crossing within 50 meters,Daylight: Street light present,Raining without high winds,Wet/Damp,None,None,2,Yes,E01004352,2005
6631,200501JC30335,539160.0,187640.0,0.006579,51.570411,1,3,1,1,20/05/2005,6,16:00,13,E09000031,6,0,Single carriageway,30,None,-1,0,None within 50 metres,No physical crossing within 50 meters,Daylight: Street light present,Fine without high winds,Dry,None,None,1,Yes,E01004436,2005
6632,200501JC30336,538300.0,186160.0,-0.006403,51.557323,1,3,1,1,20/05/2005,6,16:21,13,E09000031,3,112,Single carriageway,30,Automatic traffic signal,6,0,None within 50 metres,Pedestrian phase at traffic signal junction,Daylight: Street light present,Fine without high winds,Dry,None,None,1,Yes,E01004430,2005
6633,200501JC30337,538920.0,186480.0,0.00266,51.560046,1,3,2,1,20/05/2005,6,17:50,13,E09000031,4,161,Single carriageway,30,Giveway or uncontrolled,6,0,None within 50 metres,No physical crossing within 50 meters,Daylight: Street light present,Fine without high winds,Dry,None,None,1,Yes,E01004341,2005
6634,200501JC30339,535860.0,189770.0,-0.040183,51.590356,1,3,2,1,18/05/2005,4,09:10,13,E09000031,4,179,Single carriageway,30,None,-1,0,None within 50 metres,No physical crossing within 50 meters,Daylight: Street light present,Fine without high winds,Dry,None,None,1,Yes,E01004401,2005
6635,200501JC30340,537600.0,194330.0,-0.013293,51.63091,1,3,2,1,23/05/2005,2,17:30,13,E09000031,3,112,Single carriageway,30,None,-1,0,None within 50 metres,No physical crossing within 50 meters,Daylight: Street light present,Fine without high winds,Dry,None,None,1,Yes,E01004357,2005
6636,200501JC30341,536480.0,187260.0,-0.032214,51.567651,1,3,1,1,24/05/2005,3,13:59,13,E09000031,3,104,Single carriageway,30,Giveway or uncontrolled,6,0,None within 50 metres,No physical crossing within 50 meters,Daylight: Street light present,Fine without high winds,Dry,None,None,1,Yes,E01004422,2005
6637,200501JC30342,536620.0,187350.0,-0.03016,51.568425,1,2,1,1,24/05/2005,3,16:00,13,E09000031,3,104,Single carriageway,40,None,-1,0,None within 50 metres,Zebra crossing,Daylight: Street light present,Fine without high winds,Dry,None,None,1,Yes,E01004427,2005
6638,200501JC30343,536360.0,187190.0,-0.033971,51.567051,1,3,2,2,24/05/2005,3,16:49,13,E09000031,3,104,Single carriageway,30,Giveway or uncontrolled,3,104,None within 50 metres,No physical crossing within 50 meters,Daylight: Street light present,Fine without high winds,Dry,None,None,1,Yes,E01004422,2005
6639,200501JC30344,539160.0,190560.0,0.007735,51.59665,1,3,3,4,24/05/2005,3,20:55,13,E09000031,3,406,Dual carriageway,50,None,-1,0,None within 50 metres,No physical crossing within 50 meters,Darkness: Street lights present and lit,Fine without high winds,Dry,None,None,1,Yes,E01004377,2005
6640,200501JC30346,538540.0,188980.0,-0.001833,51.582605,1,3,2,1,24/05/2005,3,16:30,13,E09000031,6,0,Single carriageway,30,None,-1,0,None within 50 metres,No physical crossing within 50 meters,Daylight: Street light present,Fine without high winds,Dry,None,None,1,Yes,E01004465,2005
6641,200501JC30348,535930.0,189260.0,-0.039371,51.585756,1,3,3,1,27/05/2005,6,09:00,13,E09000031,3,1006,Single carriageway,30,Giveway or uncontrolled,6,0,None within 50 metres,No physical crossing within 50 meters,Daylight: Street light present,Fine without high winds,Dry,None,None,1,Yes,E01004393,2005
6642,200501JC30349,539400.0,187810.0,0.010107,51.571879,1,3,2,1,27/05/2005,6,11:08,13,E09000031,6,0,Single carriageway,30,None,-1,0,None within 50 metres,No physical crossing within 50 meters,Daylight: Street light present,Raining without high winds,Wet/Damp,None,None,1,Yes,E01004442,2005
6643,200501JC30350,538490.0,191870.0,-0.001414,51.608587,1,3,2,1,28/05/2005,7,08:09,13,E09000031,4,160,Single carriageway,30,Giveway or uncontrolled,6,0,None within 50 metres,No physical crossing within 50 meters,Daylight: Street light present,Fine without high winds,Dry,None,None,1,Yes,E01004379,2005
6644,200501JC30351,537520.0,190940.0,-0.015777,51.600467,1,3,2,1,19/04/2005,3,09:00,13,E09000031,3,406,Dual carriageway,40,Giveway or uncontrolled,3,112,None within 50 metres,No physical crossing within 50 meters,Daylight: Street light present,Fine without high winds,Dry,None,None,1,No,E01004344,2005
6645,200501JC30352,538420.0,188660.0,-0.003689,51.579759,1,3,2,1,29/05/2005,1,13:15,13,E09000031,6,0,Single carriageway,30,Giveway or uncontrolled,3,104,None within 50 metres,No physical crossing within 50 meters,Daylight: Street light present,Fine without high winds,Dry,None,None,1,Yes,E01004364,2005
6646,200501JC30353,537740.0,186090.0,-0.014504,51.556831,1,3,2,1,29/05/2005,1,16:01,13,E09000031,3,1006,Single carriageway,30,Automatic traffic signal,3,106,None within 50 metres,Pedestrian phase at traffic signal junction,Daylight: Street light present,Fine without high winds,Dry,None,None,1,Yes,E01004429,2005
6647,200501JC30354,536390.0,188390.0,-0.033073,51.577827,1,3,1,1,03/06/2005,6,09:38,13,E09000031,6,0,Single carriageway,30,None,-1,0,None within 50 metres,No physical crossing within 50 meters,Daylight: Street light present,Fine without high winds,Dry,None,None,1,Yes,E01004446,2005
6648,200501JC30355,537280.0,187080.0,-0.020749,51.565839,1,3,1,1,12/05/2005,5,15:23,13,E09000031,6,0,Single carriageway,30,Giveway or uncontrolled,3,1006,None within 50 metres,No physical crossing within 50 meters,Daylight: Street light present,Fine without high winds,Dry,None,None,1,Yes,E01004434,2005
6649,200501JC30356,537440.0,191020.0,-0.0169,51.601205,1,3,1,1,09/05/2005,2,11:09,13,E09000031,3,406,Roundabout,30,Automatic traffic signal,3,112,None within 50 metres,Pedestrian phase at traffic signal junction,Daylight: Street light present,Fine without high winds,Dry,None,None,1,No,E01004455,2005
6650,200501JC30358,537350.0,192410.0,-0.017655,51.613718,1,3,2,1,23/05/2005,2,17:58,13,E09000031,6,0,Single carriageway,30,Giveway or uncontrolled,3,112,None within 50 metres,No physical crossing within 50 meters,Daylight: Street light present,Fine without high winds,Dry,None,None,1,Yes,E01004454,2005
6651,200501JC30360,538220.0,186320.0,-0.007494,51.55878,1,3,1,1,21/05/2005,7,14:49,13,E09000031,3,112,Single carriageway,30,Giveway or uncontrolled,6,0,None within 50 metres,No physical crossing within 50 meters,Daylight: Street light present,Fine without high winds,Dry,None,None,1,Yes,E01004430,2005
6652,200501JC30361,539200.0,187290.0,0.007017,51.567256,1,3,2,1,19/05/2005,5,21:15,13,E09000031,3,12,Dual carriageway,70,None,-1,0,None within 50 metres,No physical crossing within 50 meters,Darkness: Street lights present and lit,Fine without high winds,Dry,None,None,1,Yes,E01004440,2005
6653,200501JC30362,537680.0,190910.0,-0.01348,51.600158,1,3,3,1,10/05/2005,3,16:50,13,E09000031,3,406,Dual carriageway,50,None,-1,0,None within 50 metres,No physical crossing within 50 meters,Daylight: Street light present,Fine without high winds,Dry,None,None,1,Yes,E01004344,2005
6654,200501JC30363,537220.0,189420.0,-0.0207,51.586881,1,3,2,2,07/05/2005,7,14:29,13,E09000031,3,112,Single carriageway,30,Giveway or uncontrolled,6,0,None within 50 metres,No physical crossing within 50 meters,Daylight: Street light present,Fine without high winds,Dry,None,None,1,Yes,E01004409,2005
6655,200501JC30364,537780.0,186750.0,-0.013669,51.562752,1,3,2,1,13/05/2005,6,01:05,13,E09000031,6,0,Single carriageway,30,Giveway or uncontrolled,6,0,None within 50 metres,No physical crossing within 50 meters,Darkness: Street lights present and lit,Fine without high winds,Dry,None,None,1,Yes,E01004429,2005
6656,200501JC30365,537360.0,188950.0,-0.018864,51.582624,1,3,2,1,02/06/2005,5,08:35,13,E09000031,6,0,Dual carriageway,30,Automatic traffic signal,3,112,None within 50 metres,Pedestrian phase at traffic signal junction,Daylight: Street light present,Fine without high winds,Dry,None,None,1,Yes,E01004443,2005
6657,200501JC30366,538390.0,192160.0,-0.002743,51.611217,1,3,3,1,18/04/2005,2,15:40,13,E09000031,4,160,Single carriageway,30,Giveway or uncontrolled,6,0,None within 50 metres,No physical crossing within 50 meters,Daylight: Street light present,Fine without high winds,Dry,None,None,1,Yes,E01004416,2005
6658,200501JC30367,537590.0,194760.0,-0.013269,51.634777,1,3,1,1,06/05/2005,6,19:02,13,E09000031,3,112,Single carriageway,30,Giveway or uncontrolled,6,0,None within 50 metres,No physical crossing within 50 meters,Daylight: Street light present,Fine without high winds,Dry,None,None,1,Yes,E01004350,2005
6659,200501JC30368,538570.0,191740.0,-0.000311,51.607399,1,3,1,1,13/05/2005,6,12:00,13,E09000031,4,160,Single carriageway,30,Giveway or uncontrolled,4,160,None within 50 metres,No physical crossing within 50 meters,Daylight: Street light present,Fine without high winds,Dry,None,None,1,Yes,E01004381,2005
6660,200501JC30369,536190.0,190430.0,-0.035167,51.596207,1,3,2,1,03/06/2005,6,14:35,13,E09000031,5,0,Single carriageway,30,Giveway or uncontrolled,6,0,None within 50 metres,No physical crossing within 50 meters,Daylight: Street light present,Fine without high winds,Dry,None,None,1,Yes,E01004400,2005
6661,200501JC30370,536920.0,190000.0,-0.024802,51.592166,1,3,1,1,06/06/2005,2,20:56,13,E09000031,6,0,Single carriageway,30,Giveway or uncontrolled,6,0,None within 50 metres,No physical crossing within 50 meters,Darkness: Street lights present and lit,Fine without high winds,Dry,None,None,1,Yes,E01004463,2005
6662,200501JC30371,536590.0,189240.0,-0.029858,51.585417,1,3,2,1,06/06/2005,2,20:38,13,E09000031,6,0,Single carriageway,30,Giveway or uncontrolled,6,0,None within 50 metres,No physical crossing within 50 meters,Daylight: Street light present,Fine without high winds,Dry,None,None,1,Yes,E01004392,2005
6663,200501JC30372,536920.0,193020.0,-0.023623,51.619304,1,3,2,1,01/06/2005,4,17:04,13,E09000031,6,0,Single carriageway,30,None,-1,0,None within 50 metres,No physical crossing within 50 meters,Daylight: Street light present,Raining without high winds,Wet/Damp,None,None,1,Yes,E01004450,2005
6664,200501JC30373,537070.0,191280.0,-0.022138,51.603632,1,3,2,2,07/06/2005,3,08:02,13,E09000031,3,406,Dual carriageway,50,None,-1,0,None within 50 metres,No physical crossing within 50 meters,Daylight: Street light present,Fine without high winds,Dry,None,None,1,Yes,E01004403,2005
6665,200501JC30374,537190.0,191860.0,-0.02018,51.608815,1,3,1,1,07/06/2005,3,17:45,13,E09000031,6,0,Single carriageway,30,None,-1,0,None within 50 metres,No physical crossing within 50 meters,Daylight: Street light present,Fine without high winds,Dry,None,None,1,Yes,E01004455,2005
6666,200501JC30376,537300.0,191090.0,-0.018893,51.601869,1,3,2,1,07/06/2005,3,08:29,13,E09000031,3,406,Dual carriageway,70,None,-1,0,None within 50 metres,No physical crossing within 50 meters,Daylight: Street light present,Fine without high winds,Dry,None,None,1,Yes,E01004403,2005
6667,200501JC30377,536670.0,189090.0,-0.028763,51.584049,1,3,2,1,12/06/2005,1,16:25,13,E09000031,5,0,Single carriageway,30,Giveway or uncontrolled,6,0,None within 50 metres,No physical crossing within 50 meters,Daylight: Street light present,Fine without high winds,Dry,None,None,1,No,E01004392,2005
6668,200501JC30378,539390.0,193990.0,0.012417,51.627415,1,2,1,1,07/06/2005,3,17:00,13,E09000031,3,110,Single carriageway,30,Giveway or uncontrolled,6,0,None within 50 metres,No physical crossing within 50 meters,Daylight: Street light present,Fine without high winds,Dry,None,None,1,Yes,E01004389,2005
6669,200501JC30380,538190.0,186360.0,-0.007911,51.559147,1,3,2,1,09/06/2005,5,22:45,13,E09000031,6,0,Single carriageway,30,Giveway or uncontrolled,3,112,None within 50 metres,No physical crossing within 50 meters,Darkness: Street lights present and lit,Fine without high winds,Dry,None,None,1,Yes,E01004430,2005
6670,200501JC30381,536560.0,189640.0,-0.030135,51.589018,1,3,3,1,29/05/2005,1,16:26,13,E09000031,3,503,Single carriageway,30,Giveway or uncontrolled,5,0,None within 50 metres,No physical crossing within 50 meters,Daylight: Street light present,Fine without high winds,Dry,None,None,1,No,E01004458,2005
6671,200501JC30382,539110.0,185330.0,0.004944,51.549665,1,3,2,1,31/05/2005,3,23:15,17,E09000025,3,112,Single carriageway,30,Giveway or uncontrolled,3,11,None within 50 metres,No physical crossing within 50 meters,Darkness: Street lights present and lit,Fine without high winds,Dry,None,None,1,No,E01003615,2005
6672,200501JC30383,538280.0,187390.0,-0.006208,51.568381,1,3,2,2,27/05/2005,6,07:45,13,E09000031,5,0,Single carriageway,30,Giveway or uncontrolled,6,0,None within 50 metres,No physical crossing within 50 meters,Daylight: Street light present,Fine without high winds,Dry,None,None,1,No,E01004370,2005
6673,200501JC30384,538720.0,187290.0,9.6e-05,51.567374,1,3,2,1,07/06/2005,3,17:45,13,E09000031,6,0,Single carriageway,30,Giveway or uncontrolled,6,0,None within 50 metres,No physical crossing within 50 meters,Daylight: Street light present,Fine without high winds,Dry,None,None,1,No,E01004439,2005
6674,200501JC30385,536680.0,189020.0,-0.028646,51.583418,1,3,1,1,15/04/2005,6,11:40,13,E09000031,5,0,Single carriageway,30,Giveway or uncontrolled,6,0,None within 50 metres,non-junction pedestrian crossing,Daylight: Street light present,Fine without high winds,Dry,None,None,1,Yes,E01004392,2005
6675,200501JC30387,538640.0,189530.0,-0.000173,51.587522,1,3,2,1,14/06/2005,3,15:30,13,E09000031,6,0,Single carriageway,30,None,-1,0,None within 50 metres,No physical crossing within 50 meters,Daylight: Street light present,Fine without high winds,Dry,None,None,1,No,E01004471,2005
6676,200501JC30388,538310.0,185650.0,-0.00646,51.552737,1,3,1,1,20/05/2005,6,19:22,13,E09000031,6,0,Single carriageway,30,None,-1,0,None within 50 metres,No physical crossing within 50 meters,Daylight: Street light present,Fine without high winds,Dry,None,None,1,Yes,E01004336,2005
6677,200501JC30389,539810.0,187750.0,0.015995,51.571239,1,3,2,1,06/05/2005,6,19:35,13,E09000031,3,11,Dual carriageway,30,None,-1,0,None within 50 metres,No physical crossing within 50 meters,Darkness: Street lights present and lit,Fine without high winds,Dry,None,None,1,No,E01004438,2005
6678,200501JC30390,537750.0,186090.0,-0.01436,51.556828,1,3,2,1,13/06/2005,2,14:45,13,E09000031,3,1006,Roundabout,30,Giveway or uncontrolled,3,106,None within 50 metres,No physical crossing within 50 meters,Daylight: Street light present,Fine without high winds,Dry,None,None,1,No,E01004429,2005
6679,200501JC30391,539120.0,185890.0,0.00531,51.554695,1,3,2,1,21/05/2005,7,12:40,13,E09000031,3,11,Single carriageway,30,None,-1,0,None within 50 metres,No physical crossing within 50 meters,Daylight: Street light present,Fine without high winds,Dry,None,None,1,No,E01004328,2005
6680,200501JC30392,538190.0,186370.0,-0.007907,51.559237,1,3,2,1,07/06/2005,3,13:45,13,E09000031,3,112,Single carriageway,30,Giveway or uncontrolled,6,0,None within 50 metres,No physical crossing within 50 meters,Daylight: Street light present,Fine without high winds,Dry,None,None,1,Yes,E01004375,2005
6681,200501JC30393,538560.0,187560.0,-0.002104,51.56984,1,2,2,2,14/06/2005,3,08:00,13,E09000031,5,0,Single carriageway,30,Giveway or uncontrolled,6,0,None within 50 metres,No physical crossing within 50 meters,Daylight: Street light present,Fine without high winds,Dry,None,None,1,Yes,E01004437,2005
6682,200501JC30394,536790.0,187780.0,-0.027542,51.572248,1,3,1,1,10/06/2005,6,08:35,13,E09000031,3,1006,Single carriageway,30,Giveway or uncontrolled,5,0,None within 50 metres,No physical crossing within 50 meters,Daylight: Street light present,Fine without high winds,Dry,None,None,1,Yes,E01004425,2005
6683,200501JC30395,538270.0,186290.0,-0.006785,51.558498,1,3,1,1,04/06/2005,7,21:34,13,E09000031,3,106,Single carriageway,30,Automatic traffic signal,3,112,None within 50 metres,Pedestrian phase at traffic signal junction,Darkness: Street lights present and lit,Fine without high winds,Dry,None,None,1,Yes,E01004376,2005
6684,200501JC30396,539340.0,190350.0,0.010249,51.594718,1,3,2,2,17/06/2005,6,17:50,13,E09000031,3,104,Single carriageway,30,None,-1,0,None within 50 metres,No physical crossing within 50 meters,Daylight: Street light present,Fine without high winds,Dry,None,None,1,Yes,E01004377,2005
6685,200501JC30397,537830.0,189330.0,-0.011936,51.585924,1,3,2,1,18/06/2005,7,16:25,13,E09000031,6,0,Single carriageway,30,None,-1,0,None within 50 metres,No physical crossing within 50 meters,Daylight: Street light present,Fine without high winds,Dry,None,None,1,Yes,E01004410,2005
6686,200501JC30398,538400.0,189260.0,-0.003742,51.585155,1,3,1,1,01/06/2005,4,12:00,13,E09000031,6,0,Single carriageway,30,Giveway or uncontrolled,6,0,None within 50 metres,No physical crossing within 50 meters,Daylight: Street light present,Fine without high winds,Dry,None,None,1,Yes,E01004465,2005
6687,200501JC30399,536570.0,190490.0,-0.029661,51.596654,1,3,2,1,23/06/2005,5,19:45,13,E09000031,6,0,Single carriageway,30,Giveway or uncontrolled,6,0,None within 50 metres,No physical crossing within 50 meters,Daylight: Street light present,Fine without high winds,Dry,None,None,1,No,E01004402,2005
6688,200501JC30400,539120.0,185970.0,0.005341,51.555414,1,3,2,1,22/06/2005,4,20:00,13,E09000031,3,11,Single carriageway,30,None,-1,0,None within 50 metres,No physical crossing within 50 meters,Darkness: Street lights present and lit,Fine without high winds,Dry,None,None,1,No,E01004341,2005
6689,200501JC30402,538020.0,187980.0,-0.009726,51.573746,1,3,2,1,26/05/2005,5,11:00,13,E09000031,5,0,Single carriageway,30,Automatic traffic signal,3,112,None within 50 metres,No physical crossing within 50 meters,Daylight: Street light present,Fine without high winds,Dry,None,None,1,No,E01004364,2005
6690,200501JC30403,536670.0,189070.0,-0.02877,51.58387,1,3,2,2,05/06/2005,1,13:11,13,E09000031,5,0,Single carriageway,30,None,-1,0,None within 50 metres,No physical crossing within 50 meters,Daylight: Street light present,Fine without high winds,Dry,None,None,1,No,E01004392,2005
6691,200501JC30405,539270.0,187520.0,0.008117,51.569305,1,3,2,1,23/02/2005,4,20:17,13,E09000031,3,106,Single carriageway,30,Giveway or uncontrolled,3,106,None within 50 metres,No physical crossing within 50 meters,Darkness: Street lights present and lit,Fine without high winds,Dry,None,None,1,No,E01004440,2005
6692,200501JC30406,539150.0,188550.0,0.006795,51.57859,1,3,2,1,03/07/2005,1,09:45,13,E09000031,3,114,Single carriageway,30,None,-1,0,None within 50 metres,No physical crossing within 50 meters,Daylight: Street light present,Fine without high winds,Dry,None,None,1,No,E01004363,2005
6693,200501JC30407,535570.0,189350.0,-0.044529,51.586651,1,3,2,1,18/06/2005,7,14:45,13,E09000031,6,0,Single carriageway,30,Automatic traffic signal,3,503,None within 50 metres,No physical crossing within 50 meters,Daylight: Street light present,Fine without high winds,Dry,None,None,1,No,E01004391,2005
6694,200501JC30408,536620.0,187350.0,-0.03016,51.568425,1,3,1,1,26/05/2005,5,10:35,13,E09000031,3,104,Single carriageway,30,Giveway or uncontrolled,6,0,None within 50 metres,non-junction pedestrian crossing,Daylight: Street light present,Fine without high winds,Dry,None,None,1,Yes,E01004427,2005
6695,200501JC30409,538130.0,189920.0,-0.007377,51.591152,1,3,2,1,18/06/2005,7,01:00,13,E09000031,3,503,Single carriageway,30,Giveway or uncontrolled,6,0,None within 50 metres,No physical crossing within 50 meters,Darkness: Street lights present and lit,Fine without high winds,Dry,None,None,1,No,E01004348,2005
6696,200501JC30410,537370.0,188900.0,-0.01874,51.582172,1,3,2,1,30/04/2005,7,01:15,13,E09000031,6,0,Single carriageway,30,Automatic traffic signal,3,112,None within 50 metres,Pedestrian phase at traffic signal junction,Darkness: Street lights present and lit,Fine without high winds,Dry,None,None,1,No,E01004443,2005
6697,200501JC30411,537500.0,188430.0,-0.017049,51.577917,1,3,2,1,08/06/2005,4,13:35,13,E09000031,6,0,Single carriageway,30,Giveway or uncontrolled,3,112,None within 50 metres,No physical crossing within 50 meters,Daylight: Street light present,Fine without high winds,Dry,None,None,1,No,E01004406,2005
6698,200501JC30412,536330.0,187170.0,-0.034412,51.566878,1,3,2,2,02/06/2005,5,19:05,13,E09000031,3,104,Single carriageway,30,None,-1,0,None within 50 metres,No physical crossing within 50 meters,Daylight: Street light present,Fine without high winds,Dry,None,None,1,No,E01004422,2005
6699,200501JC30413,539150.0,188550.0,0.006795,51.57859,1,2,2,2,18/06/2005,7,00:15,13,E09000031,3,114,Single carriageway,40,None,-1,0,None within 50 metres,No physical crossing within 50 meters,Darkness: Street lights present and lit,Fine without high winds,Dry,None,None,1,No,E01004363,2005
6700,200501JC30414,536670.0,192880.0,-0.027287,51.618107,1,3,2,1,20/06/2005,2,14:30,13,E09000031,3,1037,Single carriageway,30,Giveway or uncontrolled,6,0,None within 50 metres,No physical crossing within 50 meters,Daylight: Street light present,Fine without high winds,Dry,None,None,1,Yes,E01004450,2005
6701,200501JC30415,537820.0,188120.0,-0.012555,51.575053,1,3,2,1,22/06/2005,4,16:40,13,E09000031,3,112,Single carriageway,30,Giveway or uncontrolled,3,104,None within 50 metres,No physical crossing within 50 meters,Daylight: Street light present,Fine without high winds,Dry,None,None,1,Yes,E01004420,2005
6702,200501JC30416,537750.0,186050.0,-0.014375,51.556469,1,3,2,1,11/06/2005,7,16:22,13,E09000031,3,1006,Roundabout,30,Giveway or uncontrolled,3,1006,None within 50 metres,No physical crossing within 50 meters,Daylight: Street light present,Fine without high winds,Dry,None,None,1,Yes,E01004430,2005
6703,200501JC30417,539220.0,186330.0,0.006925,51.558624,1,3,2,1,04/06/2005,7,10:57,13,E09000031,6,0,Single carriageway,30,Giveway or uncontrolled,3,11,None within 50 metres,No physical crossing within 50 meters,Daylight: Street light present,Fine without high winds,Dry,None,None,1,Yes,E01004341,2005
6704,200501JC30418,537360.0,193050.0,-0.01726,51.619467,1,2,1,1,15/05/2005,1,21:32,13,E09000031,3,112,Single carriageway,40,Giveway or uncontrolled,6,0,None within 50 metres,non-junction pedestrian crossing,Daylight: Street light present,Fine without high winds,Dry,None,None,1,Yes,E01004451,2005
6705,200501JC30419,536230.0,192270.0,-0.033875,51.612732,1,3,2,1,03/06/2005,6,22:50,13,E09000031,3,406,Dual carriageway,50,None,-1,0,None within 50 metres,No physical crossing within 50 meters,Darkness: Street lights present and lit,Fine without high winds,Dry,None,None,1,No,E01004453,2005
6706,200501JC30420,538250.0,188570.0,-0.006177,51.578991,1,3,2,1,03/07/2005,1,17:15,13,E09000031,6,0,Single carriageway,30,Giveway or uncontrolled,3,104,None within 50 metres,No physical crossing within 50 meters,Daylight: Street light present,Fine without high winds,Dry,None,None,1,No,E01004466,2005
6707,200501JC30421,537010.0,189540.0,-0.023683,51.588011,1,3,1,1,09/06/2005,5,21:00,13,E09000031,6,0,Single carriageway,30,None,-1,0,None within 50 metres,No physical crossing within 50 meters,Darkness: Street lights present and lit,Fine without high winds,Dry,None,None,1,Yes,E01004462,2005
6708,200501JC30422,537320.0,191060.0,-0.018616,51.601594,1,3,2,1,16/06/2005,5,07:40,13,E09000031,3,406,Dual carriageway,40,None,-1,0,None within 50 metres,No physical crossing within 50 meters,Daylight: Street light present,Fine without high winds,Dry,None,None,1,Yes,E01004403,2005
6709,200501JC30423,537310.0,191090.0,-0.018749,51.601866,1,3,2,1,09/06/2005,5,09:00,13,E09000031,3,406,Dual carriageway,40,None,-1,0,None within 50 metres,No physical crossing within 50 meters,Daylight: Street light present,Fine without high winds,Dry,None,None,1,Yes,E01004403,2005
6710,200501JC30425,538330.0,188610.0,-0.005007,51.579331,1,3,2,4,13/06/2005,2,12:50,13,E09000031,3,104,Single carriageway,30,Giveway or uncontrolled,6,0,None within 50 metres,No physical crossing within 50 meters,Daylight: Street light present,Fine without high winds,Dry,None,None,1,Yes,E01004364,2005
6711,200501JC30426,537570.0,185840.0,-0.017052,51.554626,1,3,2,1,09/06/2005,5,16:15,13,E09000031,3,106,Single carriageway,30,Automatic traffic signal,6,0,None within 50 metres,Pedestrian phase at traffic signal junction,Daylight: Street light present,Fine without high winds,Dry,None,None,1,Yes,E01004430,2005
6712,200501JC30427,536060.0,187070.0,-0.038343,51.566045,1,3,2,1,13/06/2005,2,10:20,13,E09000031,6,0,Single carriageway,30,None,-1,0,None within 50 metres,No physical crossing within 50 meters,Daylight: Street light present,Fine without high winds,Dry,None,None,1,Yes,E01004422,2005
6713,200501JC30428,539410.0,187090.0,0.009966,51.565407,1,3,2,1,05/07/2005,3,19:10,13,E09000031,3,11,Single carriageway,30,Giveway or uncontrolled,6,0,None within 50 metres,Zebra crossing,Daylight: Street light present,Fine without high winds,Dry,None,None,1,No,E01004440,2005
6714,200501JC30429,537690.0,195290.0,-0.011616,51.639515,1,3,2,1,29/06/2005,4,07:45,13,E09000031,3,112,Single carriageway,30,Giveway or uncontrolled,6,0,None within 50 metres,No physical crossing within 50 meters,Daylight: Street light present,Fine without high winds,Dry,None,None,1,Yes,E01004349,2005
6715,200501JC30430,539530.0,185970.0,0.011252,51.555313,1,3,2,1,03/07/2005,1,10:20,13,E09000031,5,0,Single carriageway,30,Giveway or uncontrolled,6,0,None within 50 metres,No physical crossing within 50 meters,Daylight: Street light present,Fine without high winds,Dry,None,None,1,Yes,E01004329,2005
6716,200501JC30431,537980.0,188760.0,-0.009996,51.580765,1,3,1,1,04/07/2005,2,18:48,13,E09000031,6,0,Single carriageway,30,Giveway or uncontrolled,6,0,None within 50 metres,No physical crossing within 50 meters,Daylight: Street light present,Raining without high winds,Wet/Damp,None,None,1,Yes,E01004412,2005
6717,200501JC30432,538420.0,188810.0,-0.00363,51.581106,1,3,1,1,12/06/2005,1,13:40,13,E09000031,5,0,Single carriageway,30,Giveway or uncontrolled,6,0,None within 50 metres,No physical crossing within 50 meters,Daylight: Street light present,Fine without high winds,Dry,None,None,1,Yes,E01004467,2005
6718,200501JC30433,536860.0,188900.0,-0.026096,51.582296,1,3,2,1,24/06/2005,6,07:15,13,E09000031,5,0,Single carriageway,30,Giveway or uncontrolled,6,0,None within 50 metres,No physical crossing within 50 meters,Daylight: Street light present,Fine without high winds,Dry,None,None,1,Yes,E01004397,2005
6719,200501JC30434,539220.0,186330.0,0.006925,51.558624,1,3,2,1,05/07/2005,3,17:55,13,E09000031,3,11,Single carriageway,30,Giveway or uncontrolled,6,0,None within 50 metres,No physical crossing within 50 meters,Daylight: Street light present,Fine without high winds,Dry,None,None,1,Yes,E01004341,2005
6720,200501JC30435,538200.0,186370.0,-0.007763,51.559234,1,3,1,1,06/07/2005,4,15:25,13,E09000031,6,0,Single carriageway,30,Giveway or uncontrolled,3,112,None within 50 metres,No physical crossing within 50 meters,Daylight: Street light present,Fine without high winds,Dry,None,None,1,Yes,E01004375,2005
6721,200501JC30436,538860.0,192300.0,0.004095,51.612359,1,3,2,1,05/07/2005,3,01:00,13,E09000031,6,0,Single carriageway,30,Giveway or uncontrolled,6,0,None within 50 metres,No physical crossing within 50 meters,Darkness: Street lights present and lit,Fine without high winds,Dry,None,None,1,Yes,E01004388,2005
6722,200501JC30437,536400.0,187210.0,-0.033387,51.567221,1,3,2,1,28/06/2005,3,15:40,13,E09000031,3,104,Single carriageway,30,None,-1,0,None within 50 metres,No physical crossing within 50 meters,Daylight: Street light present,Fine without high winds,Dry,None,None,1,Yes,E01004427,2005
6723,200501JC30438,536940.0,187560.0,-0.025464,51.570235,1,3,3,1,14/06/2005,3,11:26,13,E09000031,3,1006,Single carriageway,30,Automatic traffic signal,3,104,None within 50 metres,No physical crossing within 50 meters,Daylight: Street light present,Fine without high winds,Dry,None,None,1,Yes,E01004425,2005
6724,200501JC30439,536810.0,187800.0,-0.027245,51.572423,1,3,2,1,11/07/2005,2,20:02,13,E09000031,5,0,Single carriageway,30,None,-1,0,None within 50 metres,No physical crossing within 50 meters,Daylight: Street light present,Fine without high winds,Dry,None,None,1,No,E01004421,2005
6725,200501JC30440,539270.0,186460.0,0.007698,51.55978,1,3,4,1,26/06/2005,1,20:35,13,E09000031,3,11,Single carriageway,30,Giveway or uncontrolled,6,0,None within 50 metres,No physical crossing within 50 meters,Darkness: Street lights present and lit,Fine without high winds,Dry,None,None,1,Yes,E01004334,2005
6726,200501JC30441,537600.0,189540.0,-0.015172,51.587867,1,3,2,1,04/07/2005,2,19:40,13,E09000031,6,0,Single carriageway,30,Giveway or uncontrolled,6,0,None within 50 metres,No physical crossing within 50 meters,Daylight: Street light present,Fine without high winds,Dry,None,None,1,No,E01004409,2005
6727,200501JC30442,536600.0,188210.0,-0.030114,51.576158,1,3,1,1,25/06/2005,7,13:10,13,E09000031,6,0,Dual carriageway,30,Giveway or uncontrolled,3,1006,None within 50 metres,No physical crossing within 50 meters,Daylight: Street light present,Fine without high winds,Dry,None,None,1,Yes,E01004448,2005
6728,200501JC30443,537080.0,189150.0,-0.022825,51.584489,1,3,1,1,21/06/2005,3,13:37,13,E09000031,6,0,Single carriageway,30,Giveway or uncontrolled,6,0,None within 50 metres,No physical crossing within 50 meters,Daylight: Street light present,Fine without high winds,Dry,None,None,1,Yes,E01004397,2005
6729,200501JC30444,536180.0,190550.0,-0.035265,51.597288,1,2,3,2,07/06/2005,3,14:40,13,E09000031,5,0,Single carriageway,30,None,-1,0,None within 50 metres,No physical crossing within 50 meters,Daylight: Street light present,Fine without high winds,Dry,None,None,1,Yes,E01004400,2005
6730,200501JC30445,537140.0,191230.0,-0.021147,51.603166,1,3,2,1,13/06/2005,2,07:58,13,E09000031,3,406,Dual carriageway,50,None,-1,0,None within 50 metres,No physical crossing within 50 meters,Daylight: Street light present,Fine without high winds,Dry,None,None,1,Yes,E01004403,2005
6731,200501JC30448,539690.0,188080.0,0.014396,51.574234,1,3,1,1,26/06/2005,1,21:50,13,E09000031,3,114,Single carriageway,40,None,-1,0,None within 50 metres,Pedestrian phase at traffic signal junction,Darkness: Street lights present and lit,Fine without high winds,Dry,None,None,1,Yes,E01004362,2005
6732,200501JC30449,535720.0,189380.0,-0.042354,51.586885,1,3,1,1,12/06/2005,1,11:05,13,E09000031,3,503,Single carriageway,30,None,-1,0,None within 50 metres,No physical crossing within 50 meters,Daylight: Street light present,Fine without high winds,Dry,None,None,1,Yes,E01004391,2005
6733,200501JC30450,536960.0,190440.0,-0.024053,51.59611,1,3,1,1,14/06/2005,3,07:10,13,E09000031,6,0,Single carriageway,30,Giveway or uncontrolled,6,0,None within 50 metres,No physical crossing within 50 meters,Daylight: Street light present,Fine without high winds,Dry,None,None,1,Yes,E01004463,2005
6734,200501JC30451,539070.0,185710.0,0.004518,51.55309,1,3,1,1,04/06/2005,7,17:05,13,E09000031,6,0,Single carriageway,20,None,-1,0,None within 50 metres,No physical crossing within 50 meters,Daylight: Street light present,Fine without high winds,Dry,None,None,1,Yes,E01004335,2005
6735,200501JC30452,537090.0,187380.0,-0.023371,51.568581,1,3,2,1,13/06/2005,2,21:30,13,E09000031,6,0,Single carriageway,30,Giveway or uncontrolled,3,1006,None within 50 metres,No physical crossing within 50 meters,Darkness: Street lights present and lit,Fine without high winds,Dry,None,None,1,Yes,E01004424,2005
6736,200501JC30453,538430.0,188660.0,-0.003545,51.579756,1,3,2,1,11/06/2005,7,08:21,13,E09000031,6,0,Single carriageway,30,Giveway or uncontrolled,3,104,None within 50 metres,No physical crossing within 50 meters,Daylight: Street light present,Fine without high winds,Dry,None,None,1,Yes,E01004363,2005
6737,200501JC30455,536740.0,189940.0,-0.027422,51.591671,1,3,2,2,30/06/2005,5,00:28,13,E09000031,6,0,Single carriageway,30,Giveway or uncontrolled,6,0,None within 50 metres,No physical crossing within 50 meters,Darkness: Street lights present and lit,Fine without high winds,Wet/Damp,None,None,1,Yes,E01004459,2005
6738,200501JC30456,539690.0,187900.0,0.014324,51.572616,1,2,3,2,28/06/2005,3,09:35,13,E09000031,3,12,Dual carriageway,50,None,-1,0,None within 50 metres,No physical crossing within 50 meters,Daylight: Street light present,Fine without high winds,Dry,None,None,1,Yes,E01004436,2005
6739,200501JC30457,538480.0,188700.0,-0.002808,51.580103,1,3,2,1,23/06/2005,5,17:12,13,E09000031,3,104,One way street,30,Giveway or uncontrolled,5,0,None within 50 metres,No physical crossing within 50 meters,Daylight: Street light present,Fine without high winds,Dry,None,None,1,Yes,E01004363,2005
6740,200501JC30458,537450.0,191380.0,-0.016615,51.604438,1,3,3,1,11/06/2005,7,15:37,13,E09000031,3,112,Single carriageway,30,None,-1,0,None within 50 metres,Zebra crossing,Daylight: Street light present,Fine without high winds,Dry,None,None,1,Yes,E01004419,2005
6741,200501JC30460,538210.0,194160.0,-0.004552,51.629233,1,3,1,2,01/06/2005,4,19:28,13,E09000031,4,169,Single carriageway,30,None,-1,0,None within 50 metres,No physical crossing within 50 meters,Daylight: Street light present,Raining without high winds,Wet/Damp,None,None,1,Yes,E01004358,2005
6742,200501JC30461,537290.0,191130.0,-0.019022,51.60223,1,3,2,2,28/06/2005,3,19:55,13,E09000031,3,406,One way street,30,Giveway or uncontrolled,6,0,None within 50 metres,No physical crossing within 50 meters,Daylight: Street light present,Fine without high winds,Dry,None,None,1,Yes,E01004403,2005
6743,200501JC30462,538260.0,188560.0,-0.006036,51.578899,1,3,2,1,11/07/2005,2,16:30,13,E09000031,3,104,Single carriageway,30,Giveway or uncontrolled,6,0,None within 50 metres,No physical crossing within 50 meters,Daylight: Street light present,Fine without high winds,Dry,None,None,1,No,E01004364,2005
6744,200501JC30464,536930.0,187550.0,-0.025612,51.570148,1,3,1,1,20/06/2005,2,15:15,13,E09000031,3,1006,Single carriageway,30,Automatic traffic signal,3,104,None within 50 metres,Pedestrian phase at traffic signal junction,Daylight: Street light present,Fine without high winds,Dry,None,None,1,Yes,E01004425,2005
6745,200501JC30465,536850.0,189740.0,-0.025913,51.589847,1,3,2,1,15/06/2005,4,16:00,13,E09000031,3,503,Single carriageway,30,Giveway or uncontrolled,6,0,None within 50 metres,No physical crossing within 50 meters,Daylight: Street light present,Fine without high winds,Dry,None,None,1,Yes,E01004457,2005
6746,200501JC30466,536540.0,187300.0,-0.031333,51.567996,1,2,1,2,03/06/2005,6,14:20,13,E09000031,6,0,Single carriageway,30,Giveway or uncontrolled,3,104,None within 50 metres,Central refuge,Daylight: Street light present,Fine without high winds,Dry,None,None,1,Yes,E01004422,2005
6747,200501JC30467,536680.0,187390.0,-0.029279,51.56877,1,3,2,1,26/05/2005,5,09:09,13,E09000031,6,0,Dual carriageway,30,Giveway or uncontrolled,3,104,None within 50 metres,No physical crossing within 50 meters,Daylight: Street light present,Fine without high winds,Dry,None,None,1,Yes,E01004425,2005
6748,200501JC30468,539130.0,193330.0,0.008401,51.621548,1,3,2,1,16/06/2005,5,07:35,13,E09000031,4,146,Single carriageway,30,None,-1,0,None within 50 metres,No physical crossing within 50 meters,Daylight: Street light present,Fine without high winds,Dry,None,None,1,Yes,E01004390,2005
6749,200501JC30470,538180.0,192900.0,-0.005482,51.617918,1,2,2,1,26/06/2005,1,19:13,13,E09000031,3,1009,Single carriageway,30,None,-1,0,None within 50 metres,No physical crossing within 50 meters,Daylight: Street light present,Fine without high winds,Dry,None,None,1,Yes,E01004413,2005
6750,200501JC30471,538470.0,188690.0,-0.002957,51.580016,1,3,2,1,30/06/2005,5,16:07,13,E09000031,5,0,Single carriageway,30,Giveway or uncontrolled,3,104,None within 50 metres,No physical crossing within 50 meters,Daylight: Street light present,Fine without high winds,Dry,None,None,1,Yes,E01004363,2005
6751,200501JC30472,539550.0,192620.0,0.014181,51.615064,1,3,2,1,07/07/2005,5,08:26,13,E09000031,3,1009,Single carriageway,30,Giveway or uncontrolled,6,0,None within 50 metres,No physical crossing within 50 meters,Daylight: Street light present,Fine without high winds,Dry,None,None,2,Yes,E01004386,2005
6752,200501JC30473,537460.0,191020.0,-0.016612,51.601201,1,3,3,1,04/07/2005,2,22:46,13,E09000031,3,112,Roundabout,30,Giveway or uncontrolled,5,0,None within 50 metres,No physical crossing within 50 meters,Darkness: Street lights present and lit,Fine without high winds,Dry,None,None,1,Yes,E01004455,2005
6753,200501JC30475,538550.0,193000.0,-0.000102,51.618726,1,3,2,1,14/07/2005,5,15:15,13,E09000031,4,160,Single carriageway,30,Giveway or uncontrolled,3,1009,None within 50 metres,No physical crossing within 50 meters,Daylight: Street light present,Fine without high winds,Dry,None,None,1,No,E01004413,2005
6754,200501JC30476,538070.0,195580.0,-0.006014,51.642028,1,3,2,1,14/07/2005,5,10:42,13,E09000031,6,0,Dual carriageway,30,Giveway or uncontrolled,6,0,None within 50 metres,No physical crossing within 50 meters,Daylight: Street light present,Fine without high winds,Dry,None,None,1,Yes,E01004349,2005
6755,200501JC30477,537760.0,193500.0,-0.011309,51.623413,1,2,1,1,14/07/2005,5,08:40,13,E09000031,6,0,Single carriageway,30,None,-1,0,None within 50 metres,No physical crossing within 50 meters,Daylight: Street light present,Fine without high winds,Dry,None,None,1,Yes,E01004355,2005
6756,200501JC30480,538790.0,191330.0,0.002701,51.60366,1,3,1,2,09/07/2005,7,17:05,13,E09000031,5,0,Single carriageway,30,Giveway or uncontrolled,6,0,None within 50 metres,No physical crossing within 50 meters,Daylight: Street light present,Fine without high winds,Dry,None,None,1,Yes,E01004383,2005
6757,200501JC30481,538080.0,189480.0,-0.008271,51.58721,1,3,3,1,14/07/2005,5,11:45,13,E09000031,5,0,Single carriageway,30,Giveway or uncontrolled,6,0,None within 50 metres,No physical crossing within 50 meters,Daylight: Street light present,Fine without high winds,Dry,None,None,1,Yes,E01004410,2005
6758,200501JC30482,538830.0,188760.0,0.002262,51.580556,1,3,2,1,22/07/2005,6,09:25,13,E09000031,3,114,Roundabout,30,Giveway or uncontrolled,3,104,None within 50 metres,No physical crossing within 50 meters,Daylight: Street light present,Fine without high winds,Dry,None,None,1,Yes,E01004363,2005
6759,200501JC30483,536840.0,187480.0,-0.026937,51.56954,1,3,3,2,17/07/2005,1,11:06,13,E09000031,3,104,Single carriageway,30,None,-1,0,None within 50 metres,No physical crossing within 50 meters,Daylight: Street light present,Fine without high winds,Dry,None,None,1,Yes,E01004427,2005
6760,200501JC30484,536810.0,187750.0,-0.027265,51.571974,1,3,2,1,25/07/2005,2,15:32,13,E09000031,3,1006,Single carriageway,30,Giveway or uncontrolled,6,0,None within 50 metres,No physical crossing within 50 meters,Daylight: Street light present,Fine without high winds,Dry,None,None,1,Yes,E01004425,2005
6761,200501JC30485,538950.0,193950.0,0.006048,51.627164,1,3,1,1,21/07/2005,5,09:05,13,E09000031,3,110,Single carriageway,30,None,-1,0,None within 50 metres,No physical crossing within 50 meters,Daylight: Street light present,Fine without high winds,Dry,None,None,1,Yes,E01004389,2005
6762,200501JC30486,536650.0,188060.0,-0.029452,51.574798,1,3,2,1,15/07/2005,6,08:30,13,E09000031,3,1006,Single carriageway,30,None,-1,0,None within 50 metres,No physical crossing within 50 meters,Daylight: Street light present,Fine without high winds,Dry,None,None,1,Yes,E01004448,2005
6763,200501JC30487,537700.0,190730.0,-0.013262,51.598536,1,3,1,1,21/07/2005,5,14:37,13,E09000031,6,0,One way street,30,None,-1,0,None within 50 metres,No physical crossing within 50 meters,Daylight: Street light present,Fine without high winds,Dry,None,None,1,Yes,E01004344,2005
6764,200501JC30488,535770.0,186180.0,-0.042868,51.558117,1,3,2,1,23/07/2005,7,19:53,4,E09000012,6,0,Single carriageway,30,None,-1,0,None within 50 metres,No physical crossing within 50 meters,Daylight: Street light present,Fine without high winds,Dry,None,None,1,Yes,E01001787,2005
6765,200501JC30489,537590.0,185500.0,-0.016897,51.551565,1,3,1,1,30/07/2005,7,02:05,4,E09000012,3,12,Dual carriageway,50,Giveway or uncontrolled,3,12,None within 50 metres,No physical crossing within 50 meters,Darkness: Street lights present and lit,Fine without high winds,Dry,None,None,1,Yes,E01004430,2005
6766,200501JC30490,536530.0,190800.0,-0.030117,51.59945,1,2,2,1,21/07/2005,5,18:59,13,E09000031,4,179,Single carriageway,30,Giveway or uncontrolled,6,0,None within 50 metres,No physical crossing within 50 meters,Daylight: Street light present,Fine without high winds,Dry,None,None,1,Yes,E01004400,2005
6767,200501JC30491,538780.0,191390.0,0.002581,51.604202,1,3,1,1,10/07/2005,1,20:39,13,E09000031,5,0,Single carriageway,30,None,-1,0,None within 50 metres,No physical crossing within 50 meters,Daylight: Street light present,Fine without high winds,Dry,Ol or diesel,None,1,Yes,E01004381,2005
6768,200501JC30492,538850.0,193380.0,0.004378,51.622067,1,3,2,1,18/07/2005,2,18:10,13,E09000031,6,0,Single carriageway,30,None,-1,0,None within 50 metres,No physical crossing within 50 meters,Daylight: Street light present,Fine without high winds,Dry,None,None,1,Yes,E01004384,2005
6769,200501JC30493,537730.0,193900.0,-0.011585,51.627014,1,3,1,1,20/07/2005,4,15:50,13,E09000031,3,112,Single carriageway,30,Giveway or uncontrolled,3,112,None within 50 metres,No physical crossing within 50 meters,Daylight: Street light present,Fine without high winds,Dry,None,None,1,Yes,E01004356,2005
6770,200501JC30495,536060.0,186980.0,-0.038378,51.565236,1,3,2,1,29/07/2005,6,17:12,13,E09000031,3,104,Single carriageway,30,Giveway or uncontrolled,6,0,None within 50 metres,No physical crossing within 50 meters,Daylight: Street light present,Fine without high winds,Dry,None,None,1,Yes,E01004422,2005
6771,200501JC30496,535670.0,186690.0,-0.044113,51.562724,1,3,2,1,14/07/2005,5,09:35,13,E09000031,3,104,Single carriageway,30,Giveway or uncontrolled,6,0,None within 50 metres,No physical crossing within 50 meters,Daylight: Street light present,Fine without high winds,Dry,None,None,1,Yes,E01004422,2005
6772,200501JC30497,539810.0,187770.0,0.016003,51.571418,1,3,2,1,20/07/2005,4,17:46,13,E09000031,3,11,Roundabout,40,Giveway or uncontrolled,3,12,None within 50 metres,non-junction pedestrian crossing,Daylight: Street light present,Fine without high winds,Dry,None,None,1,Yes,E01004438,2005
6773,200501JC30498,537660.0,188220.0,-0.014823,51.575991,1,3,2,1,09/07/2005,7,15:31,13,E09000031,3,112,Single carriageway,30,Giveway or uncontrolled,6,0,None within 50 metres,No physical crossing within 50 meters,Daylight: Street light present,Fine without high winds,Dry,None,None,1,Yes,E01004420,2005
6774,200501JC30499,536040.0,186960.0,-0.038674,51.565061,1,3,2,1,31/07/2005,1,18:18,13,E09000031,3,104,Single carriageway,30,None,-1,0,None within 50 metres,No physical crossing within 50 meters,Daylight: Street light present,Fine without high winds,Dry,None,None,1,Yes,E01004422,2005
6775,200501JC30500,538140.0,188370.0,-0.007842,51.577221,1,2,1,1,31/07/2005,1,12:25,13,E09000031,4,159,Single carriageway,30,None,-1,0,None within 50 metres,No physical crossing within 50 meters,Daylight: Street light present,Fine without high winds,Dry,None,None,1,Yes,E01004365,2005
6776,200501JC30501,538270.0,190970.0,-0.004944,51.600553,1,3,2,1,25/07/2005,2,17:12,13,E09000031,4,160,Single carriageway,30,Giveway or uncontrolled,4,160,None within 50 metres,No physical crossing within 50 meters,Daylight: Street light present,Fine without high winds,Dry,None,None,1,Yes,E01004343,2005
6777,200501JC30502,539530.0,187660.0,0.011922,51.570499,1,2,2,3,21/07/2005,5,10:35,13,E09000031,3,106,Single carriageway,30,Automatic traffic signal,6,0,None within 50 metres,Pedestrian phase at traffic signal junction,Daylight: Street light present,Fine without high winds,Dry,None,None,1,Yes,E01004438,2005
6778,200501JC30503,539230.0,189890.0,0.008479,51.590612,1,3,4,4,18/07/2005,2,11:05,13,E09000031,3,104,Single carriageway,40,None,-1,0,None within 50 metres,No physical crossing within 50 meters,Daylight: Street light present,Fine without high winds,Dry,None,None,1,Yes,E01004468,2005
6779,200501JC30504,535930.0,189260.0,-0.039371,51.585756,1,3,2,2,22/07/2005,6,11:40,13,E09000031,3,1006,Single carriageway,30,Giveway or uncontrolled,6,0,None within 50 metres,No physical crossing within 50 meters,Daylight: Street light present,Fine without high winds,Dry,None,None,1,Yes,E01004393,2005
6780,200501JC30505,536850.0,187490.0,-0.026789,51.569628,1,3,1,1,21/07/2005,5,11:51,13,E09000031,3,104,Single carriageway,30,Giveway or uncontrolled,6,0,None within 50 metres,No physical crossing within 50 meters,Daylight: Street light present,Fine without high winds,Dry,None,None,1,Yes,E01004427,2005
6781,200501JC30506,536640.0,187370.0,-0.029864,51.5686,1,3,1,1,26/07/2005,3,19:42,13,E09000031,3,104,Single carriageway,30,Giveway or uncontrolled,6,0,None within 50 metres,Zebra crossing,Daylight: Street light present,Fine without high winds,Dry,None,None,1,Yes,E01004425,2005
6782,200501JC30507,536720.0,187910.0,-0.0285,51.573434,1,3,2,1,25/07/2005,2,21:34,13,E09000031,3,1006,Single carriageway,30,None,-1,0,None within 50 metres,No physical crossing within 50 meters,Darkness: Street lights present and lit,Fine without high winds,Dry,None,None,1,Yes,E01004448,2005
6783,200501JC30508,537530.0,190970.0,-0.015621,51.600734,1,3,2,1,21/07/2005,5,10:14,13,E09000031,3,406,Single carriageway,30,Giveway or uncontrolled,6,0,None within 50 metres,No physical crossing within 50 meters,Daylight: Street light present,Fine without high winds,Dry,None,None,1,Yes,E01004344,2005
6784,200501JC30509,539460.0,187400.0,0.010809,51.56818,1,3,2,1,20/07/2005,4,18:12,13,E09000031,3,11,Single carriageway,30,Automatic traffic signal,6,0,None within 50 metres,Pedestrian phase at traffic signal junction,Daylight: Street light present,Fine without high winds,Dry,None,None,1,Yes,E01004438,2005
6785,200501JC30510,536590.0,187500.0,-0.030534,51.569781,1,3,2,1,29/07/2005,6,13:45,13,E09000031,6,0,Single carriageway,30,None,-1,0,None within 50 metres,No physical crossing within 50 meters,Daylight: Street light present,Fine without high winds,Dry,None,None,1,Yes,E01004425,2005
6786,200501JC30511,536530.0,189650.0,-0.030564,51.589116,1,2,1,1,10/08/2005,4,15:00,13,E09000031,5,0,Single carriageway,30,Giveway or uncontrolled,3,503,None within 50 metres,No physical crossing within 50 meters,Daylight: Street light present,Fine without high winds,Dry,None,None,1,Yes,E01004458,2005
6787,200501JC30512,540020.0,187230.0,0.018816,51.566514,1,3,2,1,08/08/2005,2,16:55,13,E09000031,6,0,Single carriageway,30,Giveway or uncontrolled,6,0,None within 50 metres,No physical crossing within 50 meters,Daylight: Street light present,Fine without high winds,Dry,None,None,1,Yes,E01004441,2005
6788,200501JC30513,538100.0,186240.0,-0.009255,51.558091,1,3,1,1,29/07/2005,6,16:43,13,E09000031,6,0,Single carriageway,30,Giveway or uncontrolled,6,0,None within 50 metres,No physical crossing within 50 meters,Daylight: Street light present,Fine without high winds,Dry,None,None,1,Yes,E01004430,2005
6789,200501JC30514,538060.0,186130.0,-0.009875,51.557112,1,2,2,1,05/08/2005,6,08:15,13,E09000031,3,106,Single carriageway,30,None,-1,0,None within 50 metres,No physical crossing within 50 meters,Daylight: Street light present,Fine without high winds,Dry,None,None,1,Yes,E01004430,2005
6790,200501JC30515,538060.0,186480.0,-0.009738,51.560257,1,3,2,1,06/08/2005,7,22:23,13,E09000031,3,112,Dual carriageway,30,Giveway or uncontrolled,6,0,None within 50 metres,No physical crossing within 50 meters,Darkness: Street lights present and lit,Fine without high winds,Dry,None,None,1,Yes,E01004430,2005
6791,200501JC30516,538540.0,192680.0,-0.000372,51.615853,1,3,2,1,25/07/2005,2,06:30,13,E09000031,4,160,Single carriageway,30,Giveway or uncontrolled,6,0,None within 50 metres,No physical crossing within 50 meters,Daylight: Street light present,Raining without high winds,Wet/Damp,None,None,1,Yes,E01004416,2005
6792,200501JC30519,538490.0,191890.0,-0.001406,51.608766,1,3,1,1,13/07/2005,4,19:20,13,E09000031,4,160,Single carriageway,30,Giveway or uncontrolled,6,0,None within 50 metres,No physical crossing within 50 meters,Daylight: Street light present,Fine without high winds,Dry,None,None,1,Yes,E01004379,2005
6793,200501JC30520,537790.0,188150.0,-0.012976,51.57533,1,3,2,1,24/07/2005,1,11:00,13,E09000031,3,104,Single carriageway,30,Automatic traffic signal,3,112,None within 50 metres,Pedestrian phase at traffic signal junction,Daylight: Street light present,Fine without high winds,Dry,None,None,1,No,E01004420,2005
6794,200501JC30521,537210.0,189550.0,-0.020794,51.588052,1,3,2,1,23/07/2005,7,10:40,13,E09000031,3,112,Single carriageway,30,Giveway or uncontrolled,6,0,None within 50 metres,No physical crossing within 50 meters,Daylight: Street light present,Fine without high winds,Dry,None,None,1,No,E01004462,2005
6795,200501JC30522,537820.0,192520.0,-0.010828,51.614592,1,3,2,1,13/07/2005,4,07:20,13,E09000031,6,0,Single carriageway,30,None,-1,0,None within 50 metres,No physical crossing within 50 meters,Daylight: Street light present,Fine without high winds,Dry,None,None,1,No,E01004416,2005
6796,200501JC30523,537420.0,187830.0,-0.018437,51.572545,1,3,2,1,29/07/2005,6,16:30,13,E09000031,6,0,Single carriageway,30,Giveway or uncontrolled,3,104,None within 50 metres,No physical crossing within 50 meters,Daylight: Street light present,Fine without high winds,Dry,None,None,1,No,E01004423,2005
6797,200501JC30524,537600.0,194780.0,-0.013116,51.634954,1,3,3,1,25/07/2005,2,11:50,13,E09000031,3,112,Single carriageway,30,None,-1,0,None within 50 metres,No physical crossing within 50 meters,Daylight: Street light present,Fine without high winds,Dry,None,None,1,No,E01004350,2005
6798,200501JC30525,538580.0,194290.0,0.00084,51.63031,1,3,2,1,25/07/2005,2,08:30,13,E09000031,3,110,Single carriageway,30,Automatic traffic signal,3,1069,None within 50 metres,Pedestrian phase at traffic signal junction,Daylight: Street light present,Fine without high winds,Dry,None,None,1,No,E01004358,2005
6799,200501JC30526,536930.0,187550.0,-0.025612,51.570148,1,3,2,1,15/05/2005,1,14:05,13,E09000031,3,104,Single carriageway,40,Automatic traffic signal,3,1006,None within 50 metres,Pedestrian phase at traffic signal junction,Daylight: Street light present,Fine without high winds,Dry,None,None,1,No,E01004425,2005
6800,200501JC30527,538560.0,189020.0,-0.001528,51.582959,1,3,3,1,12/08/2005,6,15:00,13,E09000031,6,0,Single carriageway,30,None,-1,0,None within 50 metres,No physical crossing within 50 meters,Daylight: Street light present,Fine without high winds,Dry,None,None,1,No,E01004465,2005
6801,200501JC30529,537350.0,190940.0,-0.01823,51.600508,1,3,2,1,23/07/2005,7,12:00,13,E09000031,4,179,Single carriageway,30,None,-1,0,None within 50 metres,No physical crossing within 50 meters,Daylight: Street light present,Fine without high winds,Dry,None,None,1,No,E01004344,2005
6802,200501JC30530,537460.0,191290.0,-0.016506,51.603627,1,3,2,1,29/07/2005,6,19:25,13,E09000031,3,112,Single carriageway,30,None,-1,0,None within 50 metres,No physical crossing within 50 meters,Daylight: Street light present,Fine without high winds,Dry,Roadworks,None,1,Yes,E01004419,2005
6803,200501JC30531,537230.0,189420.0,-0.020556,51.586879,1,3,2,1,31/07/2005,1,19:25,13,E09000031,3,112,Single carriageway,30,Giveway or uncontrolled,6,0,None within 50 metres,No physical crossing within 50 meters,Daylight: Street light present,Fine without high winds,Dry,None,None,1,No,E01004409,2005
6804,200501JC30532,538400.0,187640.0,-0.00438,51.570598,1,3,2,1,26/07/2005,3,10:30,13,E09000031,6,0,Single carriageway,30,Giveway or uncontrolled,6,0,None within 50 metres,No physical crossing within 50 meters,Daylight: Street light present,Fine without high winds,Dry,None,None,1,No,E01004368,2005
6805,200501JC30533,537690.0,195490.0,-0.011538,51.641312,1,3,2,1,17/07/2005,1,12:00,13,E09000031,3,112,Single carriageway,30,Giveway or uncontrolled,6,0,None within 50 metres,No physical crossing within 50 meters,Daylight: Street light present,Fine without high winds,Dry,None,None,1,No,E01004349,2005
6806,200501JC30535,539110.0,189440.0,0.00657,51.586598,1,3,2,1,31/07/2005,1,13:40,13,E09000031,3,104,Single carriageway,30,None,-1,0,None within 50 metres,No physical crossing within 50 meters,Daylight: Street light present,Fine without high winds,Dry,None,None,1,No,E01004468,2005
6807,200501JC30536,538130.0,187540.0,-0.008312,51.569765,1,3,2,1,16/08/2005,3,16:15,13,E09000031,3,112,Single carriageway,30,Giveway or uncontrolled,6,0,None within 50 metres,non-junction pedestrian crossing,Daylight: Street light present,Fine without high winds,Dry,None,None,1,Yes,E01004432,2005
6808,200501JC30537,537710.0,186050.0,-0.014952,51.556479,1,3,1,1,17/08/2005,4,11:32,13,E09000031,3,106,Single carriageway,30,Automatic traffic signal,6,0,None within 50 metres,Pedestrian phase at traffic signal junction,Daylight: Street light present,Fine without high winds,Dry,None,None,1,Yes,E01004429,2005
6809,200501JC30538,537550.0,189750.0,-0.015811,51.589766,1,3,2,1,11/08/2005,5,19:20,13,E09000031,3,503,Single carriageway,30,Giveway or uncontrolled,6,0,None within 50 metres,No physical crossing within 50 meters,Daylight: Street light present,Fine without high winds,Dry,None,None,1,Yes,E01004408,2005
6810,200501JC30539,538600.0,188800.0,-0.001038,51.580972,1,3,3,2,15/08/2005,2,14:11,13,E09000031,3,104,Single carriageway,30,None,-1,0,None within 50 metres,No physical crossing within 50 meters,Daylight: Street light present,Fine without high winds,Dry,None,None,1,Yes,E01004467,2005
6811,200501JC30540,536360.0,187190.0,-0.033971,51.567051,1,3,2,1,11/08/2005,5,19:55,13,E09000031,3,104,Single carriageway,30,Automatic traffic signal,3,104,None within 50 metres,Pedestrian phase at traffic signal junction,Daylight: Street light present,Fine without high winds,Dry,None,None,1,Yes,E01004422,2005
6812,200501JC30541,537960.0,188330.0,-0.010454,51.576906,1,3,1,1,11/08/2005,5,12:16,13,E09000031,3,104,Single carriageway,30,None,-1,0,None within 50 metres,No physical crossing within 50 meters,Daylight: Street light present,Fine without high winds,Dry,None,None,1,Yes,E01004365,2005
6813,200501JC30542,539210.0,186260.0,0.006753,51.557998,1,3,2,1,27/07/2005,4,06:43,13,E09000031,3,11,Single carriageway,30,Giveway or uncontrolled,4,161,None within 50 metres,Zebra crossing,Daylight: Street light present,Raining without high winds,Wet/Damp,None,None,1,Yes,E01004328,2005
6814,200501JC30543,535890.0,187450.0,-0.040648,51.5695,1,3,1,1,15/08/2005,2,04:39,13,E09000031,6,0,Roundabout,30,Giveway or uncontrolled,6,0,None within 50 metres,No physical crossing within 50 meters,Darkness: Street lights present and lit,Fine without high winds,Dry,None,None,1,Yes,E01004422,2005
6815,200501JC30544,539300.0,186560.0,0.00817,51.560671,1,3,1,1,10/08/2005,4,14:47,13,E09000031,3,11,Single carriageway,30,None,-1,0,None within 50 metres,No physical crossing within 50 meters,Daylight: Street light present,Fine without high winds,Dry,None,None,1,Yes,E01004341,2005
6816,200501JC30545,536570.0,189650.0,-0.029987,51.589106,1,3,2,1,18/08/2005,5,14:29,13,E09000031,3,503,Single carriageway,30,Giveway or uncontrolled,5,0,None within 50 metres,No physical crossing within 50 meters,Daylight: Street light present,Fine without high winds,Dry,None,None,1,Yes,E01004458,2005
6817,200501JC30546,537030.0,188470.0,-0.023812,51.578391,1,3,2,1,11/08/2005,5,22:35,13,E09000031,6,0,Single carriageway,30,Giveway or uncontrolled,6,0,None within 50 metres,No physical crossing within 50 meters,Darkness: Street lights present and lit,Fine without high winds,Dry,None,None,1,No,E01004445,2005
6818,200501JC30547,537460.0,186290.0,-0.018462,51.558696,1,3,2,2,20/08/2005,7,20:03,13,E09000031,3,1006,Single carriageway,30,None,-1,0,None within 50 metres,No physical crossing within 50 meters,Darkness: Street lights present and lit,Fine without high winds,Dry,None,None,1,Yes,E01004429,2005
6819,200501JC30548,537380.0,188890.0,-0.018599,51.58208,1,3,3,2,15/08/2005,2,22:00,13,E09000031,3,112,Single carriageway,30,Giveway or uncontrolled,6,0,None within 50 metres,Zebra crossing,Darkness: Street lights present and lit,Fine without high winds,Dry,None,None,1,Yes,E01004443,2005
6820,200501JC30549,537720.0,189770.0,-0.01335,51.589904,1,3,2,1,19/08/2005,6,13:00,13,E09000031,3,503,Dual carriageway,30,Giveway or uncontrolled,6,0,None within 50 metres,Zebra crossing,Daylight: Street light present,Raining without high winds,Wet/Damp,None,None,1,No,E01004407,2005
6821,200501JC30550,538350.0,187440.0,-0.005179,51.568813,1,3,4,1,19/08/2005,6,08:11,13,E09000031,5,0,Single carriageway,30,Giveway or uncontrolled,6,0,None within 50 metres,No physical crossing within 50 meters,Daylight: Street light present,Raining without high winds,Wet/Damp,None,None,1,Yes,E01004439,2005
6822,200501JC30551,537120.0,189380.0,-0.022158,51.586546,1,3,1,1,21/08/2005,1,21:00,13,E09000031,6,0,Single carriageway,30,Giveway or uncontrolled,6,0,None within 50 metres,No physical crossing within 50 meters,Darkness: Street lights present and lit,Fine without high winds,Dry,None,None,1,No,E01004397,2005
6823,200501JC30552,536940.0,192740.0,-0.023444,51.616783,1,3,1,1,12/08/2005,6,13:35,13,E09000031,3,1009,Single carriageway,30,None,-1,0,None within 50 metres,No physical crossing within 50 meters,Daylight: Street light present,Fine without high winds,Dry,None,None,1,Yes,E01004452,2005
6824,200501JC30553,538940.0,188140.0,0.003604,51.574958,1,3,2,1,11/08/2005,5,09:00,13,E09000031,6,0,Single carriageway,30,Giveway or uncontrolled,6,0,None within 50 metres,No physical crossing within 50 meters,Daylight: Street light present,Fine without high winds,Dry,None,None,1,No,E01004366,2005
6825,200501JC30554,539420.0,187190.0,0.010149,51.566303,1,3,1,1,21/05/2005,7,09:30,13,E09000031,3,11,Single carriageway,30,Giveway or uncontrolled,6,0,None within 50 metres,No physical crossing within 50 meters,Daylight: Street light present,Fine without high winds,Dry,None,None,1,No,E01004440,2005
6826,200501JC30555,536650.0,188700.0,-0.029203,51.58055,1,3,2,1,20/08/2005,7,08:31,13,E09000031,5,0,Single carriageway,30,Giveway or uncontrolled,6,0,None within 50 metres,No physical crossing within 50 meters,Daylight: Street light present,Fine without high winds,Dry,None,None,1,Yes,E01004444,2005
6827,200501JC30556,538020.0,187980.0,-0.009726,51.573746,1,3,2,1,26/08/2005,6,17:20,13,E09000031,3,112,Single carriageway,30,Giveway or uncontrolled,5,0,None within 50 metres,No physical crossing within 50 meters,Daylight: Street light present,Fine without high winds,Dry,None,None,1,Yes,E01004364,2005
6828,200501JC30557,539050.0,190610.0,0.006168,51.597126,1,2,2,1,09/08/2005,3,13:10,13,E09000031,3,406,Dual carriageway,50,None,-1,0,None within 50 metres,No physical crossing within 50 meters,Daylight: Street light present,Fine without high winds,Dry,None,None,1,Yes,E01004377,2005
6829,200501JC30558,535850.0,189380.0,-0.040479,51.586853,1,3,2,1,29/08/2005,2,13:50,13,E09000031,3,1006,Single carriageway,30,None,-1,0,None within 50 metres,No physical crossing within 50 meters,Daylight: Street light present,Fine without high winds,Dry,None,None,1,Yes,E01004391,2005
6830,200501JC30559,537520.0,191510.0,-0.015554,51.605589,1,3,2,1,28/08/2005,1,17:50,13,E09000031,6,0,Single carriageway,30,None,-1,0,None within 50 metres,No physical crossing within 50 meters,Daylight: Street light present,Fine without high winds,Dry,None,None,1,Yes,E01004419,2005
6831,200501JC30560,535790.0,190670.0,-0.040845,51.59846,1,2,3,2,22/08/2005,2,16:36,13,E09000031,4,179,Single carriageway,30,None,-1,0,None within 50 metres,No physical crossing within 50 meters,Daylight: Street light present,Raining without high winds,Wet/Damp,None,None,1,Yes,E01004398,2005
6832,200501JC30561,538110.0,187760.0,-0.008514,51.571747,1,3,2,1,22/08/2005,2,17:55,13,E09000031,3,112,Single carriageway,30,Giveway or uncontrolled,6,0,None within 50 metres,No physical crossing within 50 meters,Daylight: Street light present,Raining without high winds,Wet/Damp,None,None,1,Yes,E01004431,2005
6833,200501JC30567,537390.0,188770.0,-0.018502,51.580999,1,3,2,1,26/08/2005,6,23:10,13,E09000031,3,112,Single carriageway,30,Giveway or uncontrolled,6,0,None within 50 metres,No physical crossing within 50 meters,Darkness: Street lights present and lit,Fine without high winds,Dry,None,None,1,No,E01004443,2005
6834,200501JC30569,537660.0,188220.0,-0.014823,51.575991,1,3,3,1,20/08/2005,7,13:30,13,E09000031,3,112,Single carriageway,30,Giveway or uncontrolled,6,0,None within 50 metres,No physical crossing within 50 meters,Daylight: Street light present,Fine without high winds,Dry,None,None,1,No,E01004420,2005
6835,200501JC30571,537420.0,191020.0,-0.017189,51.60121,1,3,2,2,31/07/2005,1,02:43,13,E09000031,3,406,Dual carriageway,50,Giveway or uncontrolled,3,112,None within 50 metres,No physical crossing within 50 meters,Darkness: Street lights present and lit,Fine without high winds,Dry,None,None,1,Yes,E01004403,2005
6836,200501JC30572,538730.0,190100.0,0.001349,51.592622,1,2,1,1,04/08/2005,5,05:06,13,E09000031,3,503,Single carriageway,30,None,-1,0,None within 50 metres,No physical crossing within 50 meters,Daylight: Street light present,Fine without high winds,Dry,None,None,1,Yes,E01004469,2005
6837,200501JC30573,537980.0,192870.0,-0.008381,51.617698,1,3,2,1,04/08/2005,5,19:00,13,E09000031,3,1009,Single carriageway,30,Giveway or uncontrolled,6,0,None within 50 metres,No physical crossing within 50 meters,Daylight: Street light present,Fine without high winds,Dry,None,None,1,Yes,E01004415,2005
6838,200501JC30574,537980.0,186100.0,-0.01104,51.556862,1,3,2,1,05/08/2005,6,17:58,13,E09000031,3,106,Single carriageway,30,Giveway or uncontrolled,5,0,None within 50 metres,Pedestrian phase at traffic signal junction,Daylight: Street light present,Fine without high winds,Dry,None,None,1,Yes,E01004430,2005
6839,200501JC30575,537400.0,188660.0,-0.018401,51.580008,1,3,2,1,23/08/2005,3,23:25,13,E09000031,3,112,Single carriageway,30,Giveway or uncontrolled,6,0,None within 50 metres,No physical crossing within 50 meters,Darkness: Street lights present and lit,Fine without high winds,Dry,None,None,1,Yes,E01004406,2005
6840,200501JC30576,538930.0,188700.0,0.003681,51.579993,1,3,1,1,23/08/2005,3,05:30,13,E09000031,3,114,Single carriageway,40,None,-1,0,None within 50 metres,No physical crossing within 50 meters,Daylight: Street light present,Fine without high winds,Dry,None,None,1,Yes,E01004363,2005
6841,200501JC30577,538310.0,187700.0,-0.005654,51.571159,1,3,3,1,22/08/2005,2,10:31,13,E09000031,6,0,Single carriageway,30,Giveway or uncontrolled,6,0,None within 50 metres,No physical crossing within 50 meters,Daylight: Street light present,Raining without high winds,Wet/Damp,None,None,1,Yes,E01004368,2005
6842,200501JC30578,537990.0,186160.0,-0.010872,51.557399,1,3,2,1,18/08/2005,5,15:44,13,E09000031,5,0,Single carriageway,30,Giveway or uncontrolled,6,0,None within 50 metres,Zebra crossing,Daylight: Street light present,Fine without high winds,Dry,None,None,1,Yes,E01004430,2005
6843,200501JC30579,539520.0,187660.0,0.011778,51.570502,1,3,2,1,20/08/2005,7,15:41,13,E09000031,3,106,Single carriageway,30,Automatic traffic signal,6,0,None within 50 metres,No physical crossing within 50 meters,Daylight: Street light present,Fine without high winds,Dry,None,None,1,Yes,E01004438,2005
6844,200501JC30580,536380.0,188710.0,-0.033093,51.580705,1,3,2,1,02/09/2005,6,20:55,13,E09000031,3,1006,Single carriageway,30,Giveway or uncontrolled,6,0,None within 50 metres,No physical crossing within 50 meters,Daylight: Street light present,Fine without high winds,Dry,None,None,1,Yes,E01004444,2005
6845,200501JC30581,537360.0,192550.0,-0.017456,51.614974,1,3,2,1,05/09/2005,2,19:00,13,E09000031,3,112,Single carriageway,30,Giveway or uncontrolled,6,0,None within 50 metres,No physical crossing within 50 meters,Daylight: Street light present,Fine without high winds,Dry,None,None,1,Yes,E01004452,2005
6846,200501JC30582,537710.0,189760.0,-0.013499,51.589817,1,3,1,1,22/08/2005,2,23:12,13,E09000031,3,503,Single carriageway,30,Giveway or uncontrolled,6,0,None within 50 metres,No physical crossing within 50 meters,Darkness: Street lights present and lit,Fine without high winds,Dry,None,None,1,Yes,E01004407,2005
6847,200501JC30584,537490.0,190230.0,-0.016488,51.594094,1,2,2,6,13/08/2005,7,21:38,13,E09000031,3,112,Single carriageway,30,None,-1,0,None within 50 metres,No physical crossing within 50 meters,Darkness: Street lights present and lit,Raining without high winds,Wet/Damp,None,None,1,Yes,E01004342,2005
6848,200501JC30586,539830.0,187780.0,0.016296,51.571503,1,3,2,1,03/09/2005,7,17:35,13,E09000031,3,12,Roundabout,30,Giveway or uncontrolled,3,11,None within 50 metres,No physical crossing within 50 meters,Daylight: Street light present,Fine without high winds,Dry,None,None,1,Yes,E01004438,2005
6849,200501JC30588,536420.0,188560.0,-0.032574,51.579347,1,3,2,1,31/08/2005,4,19:32,13,E09000031,6,0,Single carriageway,30,Giveway or uncontrolled,6,0,None within 50 metres,No physical crossing within 50 meters,Daylight: Street light present,Fine without high winds,Dry,None,None,1,Yes,E01004446,2005
6850,200501JC30589,538010.0,187980.0,-0.00987,51.573748,1,3,2,1,11/09/2005,1,01:30,13,E09000031,3,112,Single carriageway,30,Automatic traffic signal,5,0,None within 50 metres,No physical crossing within 50 meters,Darkness: Street lights present and lit,Fine without high winds,Dry,None,None,1,Yes,E01004364,2005
6851,200501JC30590,538660.0,193570.0,0.001711,51.623821,1,2,1,1,27/08/2005,7,19:11,13,E09000031,4,160,Single carriageway,30,Giveway or uncontrolled,4,160,None within 50 metres,No physical crossing within 50 meters,Daylight: Street light present,Fine without high winds,Dry,None,None,1,Yes,E01004359,2005
6852,200501JC30592,537910.0,186810.0,-0.011771,51.563259,1,3,2,3,03/09/2005,7,12:06,13,E09000031,5,0,Single carriageway,30,Giveway or uncontrolled,6,0,None within 50 metres,No physical crossing within 50 meters,Daylight: Street light present,Fine without high winds,Dry,None,None,1,Yes,E01004435,2005
6853,200501JC30594,539080.0,189130.0,0.006015,51.58382,1,3,1,1,07/08/2005,1,20:32,13,E09000031,3,104,Single carriageway,30,Automatic traffic signal,3,104,None within 50 metres,No physical crossing within 50 meters,Daylight: Street light present,Fine without high winds,Dry,None,None,1,Yes,E01004468,2005
6854,200501JC30595,535900.0,189640.0,-0.039657,51.589178,1,2,2,3,10/08/2005,4,20:15,13,E09000031,4,179,Single carriageway,30,None,-1,0,None within 50 metres,No physical crossing within 50 meters,Daylight: Street light present,Fine without high winds,Dry,None,None,1,Yes,E01004461,2005
6855,200501JC30596,537390.0,187800.0,-0.018881,51.572282,1,3,2,1,02/08/2005,3,08:48,13,E09000031,3,104,Single carriageway,30,Giveway or uncontrolled,6,0,None within 50 metres,No physical crossing within 50 meters,Daylight: Street light present,Fine without high winds,Dry,None,None,1,Yes,E01004423,2005
6856,200501JC30597,535870.0,190700.0,-0.039679,51.598711,1,3,2,2,06/08/2005,7,09:55,13,E09000031,4,179,Single carriageway,30,Giveway or uncontrolled,6,0,None within 50 metres,No physical crossing within 50 meters,Daylight: Street light present,Fine without high winds,Dry,None,None,1,Yes,E01004398,2005
6857,200501JC30598,537800.0,188120.0,-0.012843,51.575058,1,3,1,1,06/08/2005,7,09:57,13,E09000031,3,112,Single carriageway,30,Automatic traffic signal,3,104,None within 50 metres,Pedestrian phase at traffic signal junction,Daylight: Street light present,Fine without high winds,Dry,None,None,1,Yes,E01004420,2005
6858,200501JC30599,536410.0,188630.0,-0.032692,51.579979,1,3,2,1,02/08/2005,3,07:20,13,E09000031,3,1006,Single carriageway,30,Giveway or uncontrolled,6,0,None within 50 metres,No physical crossing within 50 meters,Daylight: Street light present,Fine without high winds,Dry,None,None,1,Yes,E01004446,2005
6859,200501JC30601,537770.0,188120.0,-0.013276,51.575065,1,3,2,1,03/09/2005,7,10:30,13,E09000031,3,104,Single carriageway,30,None,-1,0,None within 50 metres,No physical crossing within 50 meters,Daylight: Street light present,Fine without high winds,Dry,None,None,1,No,E01004420,2005
6860,200501JC30602,537080.0,187390.0,-0.023512,51.568673,1,3,2,1,09/08/2005,3,13:06,13,E09000031,3,1006,Single carriageway,30,Giveway or uncontrolled,6,0,None within 50 metres,No physical crossing within 50 meters,Daylight: Street light present,Fine without high winds,Dry,None,None,1,Yes,E01004424,2005
6861,200501JC30603,538130.0,187540.0,-0.008312,51.569765,1,3,1,1,08/08/2005,2,16:25,13,E09000031,3,112,Single carriageway,30,Giveway or uncontrolled,6,0,None within 50 metres,Zebra crossing,Daylight: Street light present,Fine without high winds,Dry,None,None,1,Yes,E01004432,2005
6862,200501JC30605,537780.0,186750.0,-0.013669,51.562752,1,3,3,1,29/07/2005,6,14:22,13,E09000031,6,0,Single carriageway,30,Giveway or uncontrolled,6,0,None within 50 metres,No physical crossing within 50 meters,Daylight: Street light present,Fine without high winds,Dry,None,None,1,Yes,E01004429,2005
6863,200501JC30606,539620.0,194320.0,0.015869,51.630323,1,3,2,1,12/09/2005,2,17:30,13,E09000031,5,0,Single carriageway,30,Giveway or uncontrolled,6,0,None within 50 metres,No physical crossing within 50 meters,Daylight: Street light present,Fine without high winds,Dry,None,None,1,No,E01004353,2005
6864,200501JC30607,539050.0,190610.0,0.006168,51.597126,1,3,2,1,05/08/2005,6,08:55,13,E09000031,3,406,Dual carriageway,50,None,-1,0,None within 50 metres,No physical crossing within 50 meters,Daylight: Street light present,Raining without high winds,Wet/Damp,None,None,1,Yes,E01004377,2005
6865,200501JC30609,536850.0,189020.0,-0.026193,51.583377,1,3,1,1,03/09/2005,7,23:40,13,E09000031,6,0,Single carriageway,30,Giveway or uncontrolled,6,0,None within 50 metres,No physical crossing within 50 meters,Darkness: Street lights present and lit,Fine without high winds,Dry,None,None,1,Yes,E01004397,2005
6866,200501JC30610,538470.0,186240.0,-0.003921,51.558,1,3,2,1,25/07/2005,2,16:10,13,E09000031,3,12,Dual carriageway,50,None,-1,0,None within 50 metres,No physical crossing within 50 meters,Daylight: Street light present,Fine without high winds,Dry,None,None,1,Yes,E01004376,2005
6867,200501JC30611,536540.0,189630.0,-0.030428,51.588933,1,3,2,1,12/09/2005,2,11:40,13,E09000031,5,0,Single carriageway,30,Giveway or uncontrolled,3,503,None within 50 metres,No physical crossing within 50 meters,Daylight: Street light present,Fine without high winds,Dry,None,None,1,No,E01004458,2005
6868,200501JC30612,538180.0,190450.0,-0.006447,51.595902,1,2,3,2,08/09/2005,5,11:14,13,E09000031,6,0,Single carriageway,30,Giveway or uncontrolled,4,160,None within 50 metres,Zebra crossing,Daylight: Street light present,Fine without high winds,Dry,None,None,1,Yes,E01004348,2005
6869,200501JC30613,537260.0,190930.0,-0.019533,51.600441,1,3,3,1,29/08/2005,2,18:00,13,E09000031,4,179,Single carriageway,30,Giveway or uncontrolled,6,0,None within 50 metres,No physical crossing within 50 meters,Daylight: Street light present,Fine without high winds,Dry,None,None,1,Yes,E01004403,2005
6870,200501JC30614,535980.0,190700.0,-0.038092,51.598684,1,3,2,2,30/08/2005,3,07:58,13,E09000031,4,179,Single carriageway,30,Giveway or uncontrolled,6,0,None within 50 metres,No physical crossing within 50 meters,Daylight: Street light present,Fine without high winds,Dry,None,None,1,Yes,E01004398,2005
6871,200501JC30615,536420.0,187230.0,-0.033091,51.567395,1,3,2,1,03/09/2005,7,09:08,13,E09000031,3,104,Single carriageway,30,Giveway or uncontrolled,6,0,None within 50 metres,No physical crossing within 50 meters,Daylight: Street light present,Fine without high winds,Dry,None,None,1,No,E01004427,2005
6872,200501JC30616,538030.0,189840.0,-0.008851,51.590458,1,3,2,1,11/09/2005,1,10:00,13,E09000031,5,0,Single carriageway,30,Automatic traffic signal,3,503,None within 50 metres,Pedestrian phase at traffic signal junction,Daylight: Street light present,Fine without high winds,Dry,None,None,1,Yes,E01004407,2005
6873,200501JC30617,538290.0,189960.0,-0.005053,51.591472,1,2,1,1,16/08/2005,3,14:04,13,E09000031,3,503,Single carriageway,30,Automatic traffic signal,4,160,None within 50 metres,Pedestrian phase at traffic signal junction,Daylight: Street light present,Fine without high winds,Dry,None,None,1,Yes,E01004470,2005
6874,200501JC30618,536810.0,193130.0,-0.025168,51.620319,1,3,2,1,05/09/2005,2,12:05,13,E09000031,3,1037,Dual carriageway,50,None,-1,0,None within 50 metres,No physical crossing within 50 meters,Daylight: Street light present,Fine without high winds,Dry,None,None,1,Yes,E01004450,2005
6875,200501JC30620,538740.0,186570.0,0.0001,51.560899,1,3,2,1,10/09/2005,7,16:55,13,E09000031,3,12,Dual carriageway,50,None,-1,0,None within 50 metres,No physical crossing within 50 meters,Daylight: Street light present,Raining without high winds,Wet/Damp,None,None,1,Yes,E01004374,2005
6876,200501JC30621,536790.0,189730.0,-0.026782,51.589771,1,3,2,1,10/09/2005,7,13:00,13,E09000031,3,503,Single carriageway,30,Giveway or uncontrolled,6,0,None within 50 metres,No physical crossing within 50 meters,Daylight: Street light present,Fine without high winds,Dry,None,None,1,Yes,E01004457,2005
6877,200501JC30623,536800.0,188890.0,-0.026965,51.582221,1,3,1,1,09/09/2005,6,12:30,13,E09000031,5,0,Single carriageway,30,None,-1,0,None within 50 metres,No physical crossing within 50 meters,Daylight: Street light present,Fine without high winds,Dry,None,None,1,No,E01004392,2005
6878,200501JC30624,539550.0,187510.0,0.012151,51.569146,1,3,2,1,06/09/2005,3,08:00,13,E09000031,3,11,Single carriageway,30,Giveway or uncontrolled,6,0,None within 50 metres,No physical crossing within 50 meters,Daylight: Street light present,Fine without high winds,Dry,None,None,1,Yes,E01004438,2005
6879,200501JC30625,536860.0,187490.0,-0.026645,51.569625,1,3,2,1,06/09/2005,3,07:35,13,E09000031,3,104,Single carriageway,30,Giveway or uncontrolled,6,0,None within 50 metres,No physical crossing within 50 meters,Daylight: Street light present,Fine without high winds,Dry,None,None,1,Yes,E01004427,2005
6880,200501JC30626,539450.0,187340.0,0.010641,51.567643,1,3,2,1,04/09/2005,1,14:30,13,E09000031,3,11,Single carriageway,30,Giveway or uncontrolled,6,0,None within 50 metres,No physical crossing within 50 meters,Daylight: Street light present,Fine without high winds,Dry,None,None,1,No,E01004438,2005
6881,200501JC30627,538210.0,186340.0,-0.00763,51.558962,1,3,1,1,23/09/2005,6,09:40,13,E09000031,3,112,Single carriageway,30,Giveway or uncontrolled,6,0,None within 50 metres,No physical crossing within 50 meters,Daylight: Street light present,Fine without high winds,Dry,None,None,1,Yes,E01004430,2005
6882,200501JC30628,537610.0,194890.0,-0.012929,51.63594,1,2,1,1,03/09/2005,7,22:29,13,E09000031,3,112,Single carriageway,30,Automatic traffic signal,3,110,None within 50 metres,Pedestrian phase at traffic signal junction,Daylight: Street light present,Fine without high winds,Dry,None,None,1,No,E01004350,2005
6883,200501JC30629,537720.0,193910.0,-0.011725,51.627107,1,3,1,1,26/09/2005,2,17:55,13,E09000031,3,112,Single carriageway,30,Giveway or uncontrolled,3,112,None within 50 metres,No physical crossing within 50 meters,Daylight: Street light present,Fine without high winds,Dry,None,None,1,Yes,E01004356,2005
6884,200501JC30630,539140.0,185980.0,0.005634,51.555499,1,3,2,1,06/09/2005,3,12:15,13,E09000031,3,11,Single carriageway,30,Giveway or uncontrolled,6,0,None within 50 metres,No physical crossing within 50 meters,Daylight: Street light present,Fine without high winds,Dry,None,None,1,Yes,E01004328,2005
6885,200501JC30631,538620.0,191730.0,0.000406,51.607297,1,3,1,1,15/09/2005,5,15:27,13,E09000031,5,0,Single carriageway,30,Giveway or uncontrolled,6,0,None within 50 metres,No physical crossing within 50 meters,Daylight: Street light present,Fine without high winds,Dry,None,None,1,Yes,E01004381,2005
6886,200501JC30632,537620.0,189750.0,-0.014801,51.589749,1,2,3,1,09/09/2005,6,08:53,13,E09000031,3,503,Dual carriageway,40,Giveway or uncontrolled,6,0,None within 50 metres,No physical crossing within 50 meters,Daylight: Street light present,Fine without high winds,Dry,None,None,1,Yes,E01004407,2005
6887,200501JC30633,535930.0,186880.0,-0.040291,51.564369,1,3,2,1,12/09/2005,2,15:30,13,E09000031,3,104,Single carriageway,30,Giveway or uncontrolled,6,0,None within 50 metres,non-junction pedestrian crossing,Daylight: Street light present,Fine without high winds,Dry,None,None,1,Yes,E01004422,2005
6888,200501JC30634,538180.0,189930.0,-0.006651,51.59123,1,3,2,1,10/09/2005,7,11:40,13,E09000031,3,503,Single carriageway,30,Giveway or uncontrolled,6,0,None within 50 metres,No physical crossing within 50 meters,Daylight: Street light present,Raining without high winds,Wet/Damp,None,None,1,Yes,E01004470,2005
6889,200501JC30635,536350.0,188760.0,-0.033506,51.581161,1,3,2,1,29/08/2005,2,12:45,13,E09000031,3,1006,Single carriageway,30,Giveway or uncontrolled,6,0,None within 50 metres,No physical crossing within 50 meters,Daylight: Street light present,Fine without high winds,Dry,None,None,1,Yes,E01004392,2005
6890,200501JC30636,536440.0,190790.0,-0.03142,51.599382,1,3,1,1,11/09/2005,1,12:55,13,E09000031,4,179,Single carriageway,30,None,-1,0,None within 50 metres,No physical crossing within 50 meters,Daylight: Street light present,Raining without high winds,Wet/Damp,None,None,1,Yes,E01004400,2005
6891,200501JC30637,538750.0,188880.0,0.001156,51.581654,1,3,2,1,07/09/2005,4,11:43,13,E09000031,3,104,Roundabout,30,Giveway or uncontrolled,3,114,None within 50 metres,No physical crossing within 50 meters,Daylight: Street light present,Fine without high winds,Dry,None,None,1,Yes,E01004363,2005
6892,200501JC30638,537450.0,191210.0,-0.016682,51.60291,1,2,4,1,23/09/2005,6,14:00,13,E09000031,3,112,Single carriageway,30,Automatic traffic signal,3,112,None within 50 metres,Pedestrian phase at traffic signal junction,Daylight: Street light present,Raining without high winds,Wet/Damp,None,None,1,Yes,E01004455,2005
6893,200501JC30639,537320.0,189000.0,-0.019422,51.583083,1,3,2,1,12/09/2005,2,13:25,13,E09000031,5,0,Single carriageway,30,None,-1,0,None within 50 metres,No physical crossing within 50 meters,Daylight: Street light present,Fine without high winds,Dry,None,None,1,Yes,E01004397,2005
6894,200501JC30640,538120.0,187890.0,-0.008319,51.572913,1,3,1,1,19/09/2005,2,15:51,13,E09000031,6,0,Single carriageway,30,Giveway or uncontrolled,3,112,None within 50 metres,No physical crossing within 50 meters,Daylight: Street light present,Fine without high winds,Dry,None,None,1,Yes,E01004364,2005
6895,200501JC30642,538150.0,189030.0,-0.007438,51.58315,1,3,2,1,20/09/2005,3,13:15,13,E09000031,5,0,Single carriageway,30,None,-1,0,None within 50 metres,No physical crossing within 50 meters,Daylight: Street light present,Fine without high winds,Dry,None,None,1,Yes,E01004466,2005
6896,200501JC30643,535620.0,186650.0,-0.04485,51.562376,1,3,2,1,21/09/2005,4,07:15,13,E09000031,3,104,Single carriageway,30,Giveway or uncontrolled,6,0,None within 50 metres,No physical crossing within 50 meters,Daylight: Street light present,Fine without high winds,Dry,None,None,1,Yes,E01004422,2005
6897,200501JC30645,536660.0,192780.0,-0.02747,51.617211,1,3,1,1,10/09/2005,7,06:45,13,E09000031,3,1009,Roundabout,30,Giveway or uncontrolled,3,1037,None within 50 metres,No physical crossing within 50 meters,Daylight: Street light present,Fine without high winds,Wet/Damp,None,None,1,Yes,E01004450,2005
6898,200501JC30646,538260.0,186280.0,-0.006933,51.558411,1,3,2,1,16/09/2005,6,10:06,13,E09000031,3,106,One way street,30,Automatic traffic signal,3,112,None within 50 metres,Pedestrian phase at traffic signal junction,Daylight: Street light present,Fine without high winds,Dry,None,None,1,Yes,E01004376,2005
6899,200501JC30647,538660.0,187930.0,-0.000516,51.57314,1,3,2,1,07/09/2005,4,19:11,13,E09000031,5,0,Single carriageway,30,Giveway or uncontrolled,6,0,None within 50 metres,No physical crossing within 50 meters,Daylight: Street light present,Fine without high winds,Dry,None,None,1,Yes,E01004366,2005
6900,200501JC30648,539360.0,186730.0,0.009102,51.562184,1,3,1,1,15/09/2005,5,15:40,13,E09000031,3,11,Single carriageway,30,Giveway or uncontrolled,6,0,None within 50 metres,No physical crossing within 50 meters,Daylight: Street light present,Fine without high winds,Wet/Damp,None,None,1,Yes,E01004333,2005
6901,200501JC30649,538340.0,186260.0,-0.005787,51.558212,1,3,2,1,13/09/2005,3,16:26,13,E09000031,3,106,Single carriageway,30,None,-1,0,None within 50 metres,No physical crossing within 50 meters,Daylight: Street light present,Fine without high winds,Dry,None,None,1,No,E01004376,2005
6902,200501JC30650,537450.0,191380.0,-0.016615,51.604438,1,3,1,1,14/09/2005,4,17:15,13,E09000031,3,112,Single carriageway,30,None,-1,0,None within 50 metres,Zebra crossing,Daylight: Street light present,Fine without high winds,Dry,None,None,1,No,E01004419,2005
6903,200501JC30651,539170.0,185560.0,0.0059,51.551717,1,3,2,1,20/08/2005,7,13:30,13,E09000031,6,0,Single carriageway,30,Giveway or uncontrolled,3,11,None within 50 metres,No physical crossing within 50 meters,Daylight: Street light present,Fine without high winds,Dry,None,None,1,No,E01004332,2005
6904,200501JC30653,538150.0,188420.0,-0.007678,51.577668,1,3,2,1,02/10/2005,1,01:05,13,E09000031,3,104,Single carriageway,30,Automatic traffic signal,4,159,None within 50 metres,Pedestrian phase at traffic signal junction,Darkness: Street lights present and lit,Fine without high winds,Dry,None,None,1,No,E01004365,2005
6905,200501JC30654,539780.0,187950.0,0.015642,51.573043,1,3,2,1,23/03/2005,4,16:30,13,E09000031,3,114,Roundabout,30,Giveway or uncontrolled,3,11,None within 50 metres,No physical crossing within 50 meters,Daylight: Street light present,Fine without high winds,Dry,None,None,1,No,E01004362,2005
6906,200501JC30655,538410.0,188890.0,-0.003743,51.581828,1,3,1,1,14/09/2005,4,09:10,13,E09000031,5,0,Single carriageway,30,Giveway or uncontrolled,6,0,None within 50 metres,No physical crossing within 50 meters,Daylight: Street light present,Fine without high winds,Dry,None,None,1,Yes,E01004467,2005
6907,200501JC30656,537490.0,190230.0,-0.016488,51.594094,1,3,2,1,12/07/2005,3,17:45,13,E09000031,6,0,Single carriageway,30,Giveway or uncontrolled,3,112,None within 50 metres,Zebra crossing,Daylight: Street light present,Fine without high winds,Dry,None,None,1,No,E01004342,2005
6908,200501JC30657,536210.0,190130.0,-0.034995,51.593506,1,2,1,1,21/09/2005,4,09:30,13,E09000031,6,0,Single carriageway,30,Giveway or uncontrolled,6,0,None within 50 metres,No physical crossing within 50 meters,Daylight: Street light present,Fine without high winds,Dry,None,None,1,Yes,E01004404,2005
6909,200501JC30660,537410.0,191810.0,-0.017024,51.608312,1,3,2,1,16/09/2005,6,18:09,13,E09000031,3,112,Single carriageway,30,None,-1,0,None within 50 metres,No physical crossing within 50 meters,Daylight: Street light present,Fine without high winds,Dry,None,None,1,Yes,E01004418,2005
6910,200501JC30661,538380.0,189550.0,-0.003916,51.587766,1,3,2,1,16/09/2005,6,08:22,13,E09000031,6,0,Single carriageway,30,Giveway or uncontrolled,4,160,None within 50 metres,Zebra crossing,Daylight: Street light present,Fine without high winds,Dry,None,None,1,Yes,E01004464,2005
6911,200501JC30662,540470.0,186970.0,0.025201,51.564066,1,3,2,1,05/09/2005,2,21:30,14,E09000026,3,116,Single carriageway,30,None,-1,0,None within 50 metres,Pedestrian phase at traffic signal junction,Darkness: Street lights present and lit,Fine without high winds,Dry,None,None,1,No,E01003793,2005
6912,200501JC30663,538690.0,187670.0,-0.000186,51.570796,1,3,2,1,01/09/2005,5,11:30,13,E09000031,5,0,Single carriageway,30,None,-1,0,None within 50 metres,No physical crossing within 50 meters,Daylight: Street light present,Fine without high winds,Dry,None,None,1,No,E01004437,2005
6913,200501JC30664,539400.0,186870.0,0.009734,51.563432,1,2,2,1,17/09/2005,7,15:10,13,E09000031,6,0,Single carriageway,30,Giveway or uncontrolled,3,11,None within 50 metres,Zebra crossing,Daylight: Street light present,Fine without high winds,Dry,None,None,1,No,E01004333,2005
6914,200501JC30665,537690.0,189760.0,-0.013787,51.589822,1,3,2,1,28/06/2005,3,10:30,13,E09000031,3,503,Single carriageway,30,None,-1,0,None within 50 metres,No physical crossing within 50 meters,Daylight: Street light present,Fine without high winds,Dry,None,None,1,Yes,E01004407,2005
6915,200501JC30667,539100.0,185810.0,0.00499,51.553981,1,3,1,1,08/10/2005,7,18:40,13,E09000031,3,11,Single carriageway,30,None,-1,0,None within 50 metres,No physical crossing within 50 meters,Daylight: Street light present,Fine without high winds,Dry,None,None,1,No,E01004335,2005
6916,200501JC30668,537670.0,187990.0,-0.014769,51.573921,1,3,1,1,10/10/2005,2,08:45,13,E09000031,6,0,Single carriageway,30,Giveway or uncontrolled,3,104,None within 50 metres,No physical crossing within 50 meters,Daylight: Street light present,Fine without high winds,Dry,None,None,1,No,E01004420,2005
6917,200501JC30669,536280.0,188310.0,-0.034691,51.577134,1,3,2,1,07/10/2005,6,19:50,13,E09000031,6,0,Single carriageway,30,Giveway or uncontrolled,6,0,None within 50 metres,No physical crossing within 50 meters,Darkness: Street lights present and lit,Fine without high winds,Dry,None,None,1,No,E01004446,2005
6918,200501JC30670,538380.0,187120.0,-0.004873,51.56593,1,3,2,1,08/10/2005,7,12:01,13,E09000031,6,0,Single carriageway,30,None,-1,0,None within 50 metres,No physical crossing within 50 meters,Daylight: Street light present,Fine without high winds,Dry,None,None,1,No,E01004370,2005
6919,200501JC30671,538020.0,186620.0,-0.010259,51.561525,1,3,2,1,10/09/2005,7,18:35,13,E09000031,6,0,Single carriageway,30,Giveway or uncontrolled,3,112,None within 50 metres,No physical crossing within 50 meters,Daylight: Street light present,Fine without high winds,Dry,None,None,1,No,E01004430,2005
6920,200501JC30672,539540.0,192610.0,0.014033,51.614977,1,3,2,1,07/10/2005,6,20:45,13,E09000031,6,0,Single carriageway,30,Automatic traffic signal,3,1009,None within 50 metres,Pedestrian phase at traffic signal junction,Darkness: Street lights present and lit,Fine without high winds,Dry,None,None,2,No,E01004386,2005
6921,200501JC30673,539890.0,187830.0,0.017181,51.571938,1,3,2,1,24/09/2005,7,16:35,13,E09000031,3,114,Roundabout,30,Giveway or uncontrolled,3,12,None within 50 metres,No physical crossing within 50 meters,Daylight: Street light present,Fine without high winds,Dry,None,None,1,Yes,E01004438,2005
6922,200501JC30674,538790.0,191910.0,0.002931,51.608872,1,3,2,1,14/10/2005,6,18:40,13,E09000031,6,0,Single carriageway,30,None,-1,0,None within 50 metres,No physical crossing within 50 meters,Daylight: Street light present,Fine without high winds,Dry,None,None,1,No,E01004388,2005
6923,200501JC30675,536860.0,187500.0,-0.026641,51.569715,1,3,2,1,03/10/2005,2,11:45,13,E09000031,3,104,Single carriageway,30,Giveway or uncontrolled,6,0,None within 50 metres,No physical crossing within 50 meters,Daylight: Street light present,Fine without high winds,Dry,None,None,1,Yes,E01004427,2005
6924,200501JC30676,536930.0,187550.0,-0.025612,51.570148,1,3,1,1,10/10/2005,2,13:38,13,E09000031,3,104,Single carriageway,30,Giveway or uncontrolled,3,1006,None within 50 metres,No physical crossing within 50 meters,Daylight: Street light present,Fine without high winds,Dry,None,None,1,Yes,E01004425,2005
6925,200501JC30677,537820.0,190450.0,-0.011641,51.595991,1,3,1,1,15/10/2005,7,01:50,13,E09000031,6,0,Single carriageway,30,Giveway or uncontrolled,6,0,None within 50 metres,No physical crossing within 50 meters,Darkness: Street lights present and lit,Fine without high winds,Dry,None,None,1,Yes,E01004342,2005
6926,200501JC30678,538470.0,188690.0,-0.002957,51.580016,1,3,2,1,26/09/2005,2,20:40,13,E09000031,5,0,Single carriageway,30,Giveway or uncontrolled,3,104,None within 50 metres,No physical crossing within 50 meters,Darkness: Street lights present and lit,Fine without high winds,Dry,None,None,1,Yes,E01004363,2005
6927,200501JC30679,539090.0,189160.0,0.006171,51.584087,1,3,2,1,27/09/2005,3,13:13,13,E09000031,3,104,Dual carriageway,50,None,-1,0,None within 50 metres,No physical crossing within 50 meters,Daylight: Street light present,Fine without high winds,Dry,None,None,1,Yes,E01004468,2005
6928,200501JC30680,537700.0,194830.0,-0.011653,51.635379,1,3,4,2,14/10/2005,6,21:19,13,E09000031,3,110,Single carriageway,30,None,-1,0,None within 50 metres,No physical crossing within 50 meters,Darkness: Street lights present and lit,Fine without high winds,Dry,None,None,1,Yes,E01004350,2005
6929,200501JC30681,536880.0,193360.0,-0.024068,51.622369,1,3,2,1,26/09/2005,2,19:20,13,E09000031,3,1037,Single carriageway,30,None,-1,0,None within 50 metres,No physical crossing within 50 meters,Darkness: Street lights present and lit,Fine without high winds,Dry,None,None,1,No,E01004361,2005
6930,200501JC30683,537680.0,195210.0,-0.011792,51.638798,1,3,3,1,14/09/2005,4,08:00,13,E09000031,3,112,Single carriageway,30,Giveway or uncontrolled,6,0,None within 50 metres,No physical crossing within 50 meters,Daylight: Street light present,Fine without high winds,Dry,None,None,1,Yes,E01004349,2005
6931,200501JC30684,537420.0,190980.0,-0.017205,51.600851,1,3,2,1,24/09/2005,7,15:15,13,E09000031,3,112,Roundabout,30,Giveway or uncontrolled,4,179,None within 50 metres,No physical crossing within 50 meters,Daylight: Street light present,Fine without high winds,Dry,None,None,1,Yes,E01004403,2005
6932,200501JC30685,536790.0,188290.0,-0.027343,51.576831,1,3,2,1,20/09/2005,3,18:36,13,E09000031,6,0,Single carriageway,30,Giveway or uncontrolled,6,0,None within 50 metres,No physical crossing within 50 meters,Daylight: Street light present,Fine without high winds,Dry,None,None,1,Yes,E01004449,2005
6933,200501JC30686,539520.0,187660.0,0.011778,51.570502,1,3,1,1,15/09/2005,5,18:00,13,E09000031,3,106,Single carriageway,30,Giveway or uncontrolled,6,0,None within 50 metres,No physical crossing within 50 meters,Daylight: Street light present,Raining without high winds,Wet/Damp,None,None,1,No,E01004438,2005
6934,200501JC30687,539710.0,192050.0,0.016264,51.609903,1,3,2,1,28/09/2005,4,23:32,13,E09000031,6,0,Single carriageway,30,None,-1,0,None within 50 metres,No physical crossing within 50 meters,Darkness: Street lights present and lit,Fine without high winds,Dry,None,None,1,Yes,E01004385,2005
6935,200501JC30688,538360.0,186280.0,-0.005491,51.558386,1,3,2,1,16/10/2005,1,11:35,13,E09000031,3,106,Single carriageway,30,None,-1,0,None within 50 metres,No physical crossing within 50 meters,Daylight: Street light present,Fine without high winds,Dry,None,None,1,No,E01004376,2005
6936,200501JC30689,538680.0,189670.0,0.000458,51.588771,1,3,2,2,25/09/2005,1,18:35,13,E09000031,6,0,Single carriageway,30,Giveway or uncontrolled,6,0,None within 50 metres,No physical crossing within 50 meters,Daylight: Street light present,Fine without high winds,Dry,None,None,1,Yes,E01004471,2005
6937,200501JC30690,537250.0,187740.0,-0.020924,51.571777,1,3,2,1,17/10/2005,2,08:30,13,E09000031,5,0,Single carriageway,30,Giveway or uncontrolled,3,104,None within 50 metres,No physical crossing within 50 meters,Daylight: Street light present,Fine without high winds,Dry,None,None,1,No,E01004424,2005
6938,200501JC30691,538610.0,194310.0,0.001282,51.630483,1,3,1,1,01/10/2005,7,15:00,13,E09000031,3,1069,Single carriageway,30,Automatic traffic signal,3,110,None within 50 metres,Pedestrian phase at traffic signal junction,Daylight: Street light present,Fine without high winds,Dry,None,Involvement with previous accident,1,Yes,E01004354,2005
6939,200501JC30692,537470.0,191020.0,-0.016468,51.601198,1,3,2,1,17/09/2005,7,10:20,13,E09000031,3,112,Roundabout,30,Giveway or uncontrolled,5,0,None within 50 metres,No physical crossing within 50 meters,Daylight: Street light present,Fine without high winds,Dry,None,None,1,No,E01004455,2005
6940,200501JC30693,537120.0,189830.0,-0.021983,51.59059,1,3,2,1,04/10/2005,3,15:45,13,E09000031,3,503,Single carriageway,30,Giveway or uncontrolled,6,0,None within 50 metres,No physical crossing within 50 meters,Daylight: Street light present,Fine without high winds,Dry,None,None,1,No,E01004460,2005
6941,200501JC30694,538040.0,186540.0,-0.010002,51.560801,1,3,2,1,18/10/2005,3,15:39,13,E09000031,6,0,Single carriageway,30,Giveway or uncontrolled,3,112,None within 50 metres,No physical crossing within 50 meters,Daylight: Street light present,Fine without high winds,Dry,None,None,1,No,E01004430,2005
6942,200501JC30695,539300.0,190180.0,0.009604,51.593201,1,3,3,1,02/10/2005,1,19:15,13,E09000031,3,104,Single carriageway,30,None,-1,0,None within 50 metres,No physical crossing within 50 meters,Darkness: Street lights present and lit,Fine without high winds,Dry,None,None,1,Yes,E01004468,2005
6943,200501JC30696,538410.0,185430.0,-0.005105,51.550736,1,3,2,1,08/09/2005,5,10:20,13,E09000031,6,0,Single carriageway,30,Giveway or uncontrolled,6,0,None within 50 metres,No physical crossing within 50 meters,Daylight: Street light present,Fine without high winds,Dry,None,None,1,Yes,E01003614,2005
6944,200501JC30699,536510.0,189610.0,-0.030868,51.588761,1,3,2,1,26/09/2005,2,19:30,13,E09000031,3,503,Single carriageway,30,Automatic traffic signal,5,0,None within 50 metres,Pedestrian phase at traffic signal junction,Darkness: Street lights present and lit,Fine without high winds,Dry,None,None,1,No,E01004396,2005
6945,200501JC30700,535750.0,190520.0,-0.04148,51.597122,1,3,3,1,07/10/2005,6,06:19,13,E09000031,4,179,Dual carriageway,30,None,-1,0,None within 50 metres,No physical crossing within 50 meters,Darkness: Street lights present and lit,Fine without high winds,Dry,None,None,1,Yes,E01004398,2005
6946,200501JC30701,537510.0,191930.0,-0.015534,51.609366,1,3,2,2,04/10/2005,3,15:20,13,E09000031,6,0,Single carriageway,30,Giveway or uncontrolled,6,0,None within 50 metres,No physical crossing within 50 meters,Daylight: Street light present,Fine without high winds,Dry,None,None,1,Yes,E01004418,2005
6947,200501JC30702,537710.0,187720.0,-0.014298,51.571485,1,3,2,1,12/10/2005,4,17:00,13,E09000031,5,0,Single carriageway,30,Giveway or uncontrolled,6,0,None within 50 metres,No physical crossing within 50 meters,Daylight: Street light present,Raining without high winds,Wet/Damp,None,None,1,Yes,E01004423,2005
6948,200501JC30703,538170.0,187900.0,-0.007594,51.57299,1,3,2,1,13/09/2005,3,07:44,13,E09000031,6,0,Single carriageway,30,Giveway or uncontrolled,6,0,None within 50 metres,No physical crossing within 50 meters,Daylight: Street light present,Fine without high winds,Dry,None,None,1,Yes,E01004367,2005
6949,200501JC30704,539250.0,186430.0,0.007397,51.559515,1,3,1,1,07/10/2005,6,08:40,13,E09000031,6,0,Single carriageway,30,Giveway or uncontrolled,3,11,None within 50 metres,non-junction pedestrian crossing,Daylight: Street light present,Fine without high winds,Dry,None,None,1,Yes,E01004341,2005
6950,200501JC30705,537680.0,187990.0,-0.014625,51.573919,1,3,3,1,27/09/2005,3,12:36,13,E09000031,3,104,Single carriageway,30,Giveway or uncontrolled,6,0,None within 50 metres,No physical crossing within 50 meters,Daylight: Street light present,Fine without high winds,Dry,None,None,1,Yes,E01004420,2005
6951,200501JC30706,537570.0,185860.0,-0.017044,51.554805,1,3,2,1,15/10/2005,7,19:00,13,E09000031,3,106,Single carriageway,30,Giveway or uncontrolled,6,0,None within 50 metres,No physical crossing within 50 meters,Daylight: Street light present,Fine without high winds,Dry,None,None,1,Yes,E01004429,2005
6952,200501JC30707,536590.0,187350.0,-0.030593,51.568433,1,3,2,1,25/09/2005,1,16:50,13,E09000031,3,104,Single carriageway,30,Giveway or uncontrolled,6,0,None within 50 metres,Zebra crossing,Daylight: Street light present,Fine without high winds,Dry,None,None,1,Yes,E01004425,2005
6953,200501JC30708,536590.0,187340.0,-0.030597,51.568343,1,3,2,1,22/09/2005,5,17:05,13,E09000031,6,0,Single carriageway,30,Giveway or uncontrolled,3,104,None within 50 metres,No physical crossing within 50 meters,Daylight: Street light present,Fine without high winds,Dry,None,None,1,No,E01004425,2005
6954,200501JC30709,538800.0,191930.0,0.003083,51.609049,1,3,2,1,28/09/2005,4,23:06,13,E09000031,6,0,Single carriageway,30,Giveway or uncontrolled,6,0,None within 50 metres,No physical crossing within 50 meters,Darkness: Street lights present and lit,Fine without high winds,Dry,None,None,1,Yes,E01004388,2005
6955,200501JC30710,537500.0,190940.0,-0.016066,51.600472,1,3,2,1,05/10/2005,4,23:00,13,E09000031,3,406,Roundabout,30,Giveway or uncontrolled,3,112,None within 50 metres,No physical crossing within 50 meters,Darkness: Street lights present and lit,Fine without high winds,Dry,None,None,1,No,E01004344,2005
6956,200501JC30711,537460.0,191340.0,-0.016487,51.604076,1,3,2,1,28/09/2005,4,08:25,13,E09000031,6,0,Single carriageway,30,Giveway or uncontrolled,3,112,None within 50 metres,No physical crossing within 50 meters,Daylight: Street light present,Fine without high winds,Dry,None,None,1,No,E01004419,2005
6957,200501JC30712,537610.0,190930.0,-0.014483,51.600355,1,3,1,2,02/10/2005,1,08:00,13,E09000031,3,406,Single carriageway,30,None,-1,0,None within 50 metres,No physical crossing within 50 meters,Daylight: Street light present,Fine without high winds,Dry,None,None,1,Yes,E01004344,2005
6958,200501JC30713,537810.0,189360.0,-0.012213,51.586198,1,3,2,4,23/09/2005,6,16:31,13,E09000031,6,0,Single carriageway,30,None,-1,0,None within 50 metres,No physical crossing within 50 meters,Daylight: Street light present,Raining without high winds,Wet/Damp,None,None,1,Yes,E01004410,2005
6959,200501JC30714,538340.0,186060.0,-0.005866,51.556414,1,3,1,1,03/10/2005,2,15:19,13,E09000031,3,112,Single carriageway,30,None,-1,0,None within 50 metres,No physical crossing within 50 meters,Daylight: Street light present,Fine without high winds,Dry,None,None,1,Yes,E01004336,2005
6960,200501JC30715,536810.0,189450.0,-0.026603,51.58725,1,3,2,1,21/09/2005,4,19:42,13,E09000031,6,0,Single carriageway,30,Giveway or uncontrolled,6,0,None within 50 metres,No physical crossing within 50 meters,Darkness: Street lights present and lit,Fine without high winds,Dry,None,None,1,Yes,E01004462,2005
6961,200501JC30716,538000.0,187990.0,-0.01001,51.573841,1,3,1,1,15/09/2005,5,09:59,13,E09000031,3,112,Single carriageway,30,Giveway or uncontrolled,5,0,None within 50 metres,Zebra crossing,Daylight: Street light present,Raining without high winds,Wet/Damp,None,None,1,Yes,E01004364,2005
6962,200501JC30717,539280.0,186730.0,0.007949,51.562204,1,3,1,1,21/10/2005,6,21:12,13,E09000031,6,0,Single carriageway,30,Giveway or uncontrolled,6,0,None within 50 metres,No physical crossing within 50 meters,Darkness: Street lights present and lit,Fine without high winds,Dry,None,None,1,Yes,E01004339,2005
6963,200501JC30718,537720.0,188690.0,-0.013774,51.580199,1,3,2,1,10/10/2005,2,09:56,13,E09000031,6,0,Single carriageway,30,Giveway or uncontrolled,6,0,None within 50 metres,No physical crossing within 50 meters,Daylight: Street light present,Fine without high winds,Dry,None,None,1,Yes,E01004412,2005
6964,200501JC30719,537400.0,188780.0,-0.018354,51.581086,1,3,3,1,19/10/2005,4,09:39,13,E09000031,3,112,Single carriageway,30,None,-1,0,None within 50 metres,No physical crossing within 50 meters,Daylight: Street light present,Fine without high winds,Dry,None,None,1,Yes,E01004411,2005
6965,200501JC30720,537550.0,190600.0,-0.015478,51.597404,1,3,2,1,17/10/2005,2,14:25,13,E09000031,3,112,Single carriageway,30,Giveway or uncontrolled,6,0,None within 50 metres,No physical crossing within 50 meters,Daylight: Street light present,Fine without high winds,Dry,None,None,1,Yes,E01004347,2005
6966,200501JC30721,537620.0,194910.0,-0.012776,51.636117,1,3,2,1,13/10/2005,5,08:15,13,E09000031,3,112,Single carriageway,30,Automatic traffic signal,3,110,None within 50 metres,No physical crossing within 50 meters,Daylight: Street light present,Fine without high winds,Dry,None,None,1,Yes,E01004350,2005
6967,200501JC30722,537830.0,190960.0,-0.011296,51.600571,1,3,2,1,20/10/2005,5,13:20,13,E09000031,5,0,Single carriageway,30,None,-1,0,None within 50 metres,No physical crossing within 50 meters,Daylight: Street light present,Fine without high winds,Dry,None,None,1,Yes,E01004344,2005
6968,200501JC30724,537580.0,189270.0,-0.015566,51.585446,1,3,2,1,22/10/2005,7,14:00,13,E09000031,6,0,Single carriageway,30,Giveway or uncontrolled,6,0,None within 50 metres,No physical crossing within 50 meters,Daylight: Street light present,Fine without high winds,Dry,None,None,1,Yes,E01004409,2005
6969,200501JC30725,536540.0,189570.0,-0.030451,51.588394,1,3,1,1,14/09/2005,4,12:34,13,E09000031,5,0,Single carriageway,30,None,-1,0,None within 50 metres,No physical crossing within 50 meters,Daylight: Street light present,Fine without high winds,Dry,None,None,1,Yes,E01004396,2005
6970,200501JC30726,537260.0,189640.0,-0.020037,51.588848,1,3,1,1,22/10/2005,7,13:48,13,E09000031,6,0,Single carriageway,30,Giveway or uncontrolled,3,112,None within 50 metres,No physical crossing within 50 meters,Daylight: Street light present,Fine without high winds,Dry,None,None,1,Yes,E01004460,2005
6971,200501JC30728,537660.0,195140.0,-0.012108,51.638174,1,3,1,1,05/10/2005,4,17:45,13,E09000031,3,112,Single carriageway,30,None,-1,0,None within 50 metres,No physical crossing within 50 meters,Daylight: Street light present,Fine without high winds,Dry,None,None,1,Yes,E01004350,2005
6972,200501JC30729,538670.0,189760.0,0.000349,51.589582,1,3,2,1,21/10/2005,6,17:54,13,E09000031,6,0,Single carriageway,30,Giveway or uncontrolled,6,0,None within 50 metres,No physical crossing within 50 meters,Daylight: Street light present,Fine without high winds,Dry,None,None,1,Yes,E01004471,2005
6973,200501JC30730,536970.0,187560.0,-0.025031,51.570228,1,3,2,1,11/10/2005,3,13:45,13,E09000031,3,1006,Single carriageway,30,Automatic traffic signal,3,104,None within 50 metres,Pedestrian phase at traffic signal junction,Daylight: Street light present,Fine without high winds,Dry,None,None,1,Yes,E01004424,2005
6974,200501JC30732,536410.0,188540.0,-0.032726,51.57917,1,3,1,1,12/08/2005,6,11:00,13,E09000031,6,0,Single carriageway,30,None,-1,0,None within 50 metres,No physical crossing within 50 meters,Daylight: Street light present,Fine without high winds,Dry,None,None,1,Yes,E01004446,2005
6975,200501JC30733,537430.0,188570.0,-0.018003,51.579192,1,3,2,1,03/10/2005,2,07:40,13,E09000031,6,0,Single carriageway,30,Giveway or uncontrolled,3,112,None within 50 metres,No physical crossing within 50 meters,Daylight: Street light present,Fine without high winds,Dry,None,None,1,Yes,E01004406,2005
6976,200501JC30734,540440.0,187090.0,0.024816,51.565151,1,3,2,2,01/11/2005,3,12:32,14,E09000026,6,0,Single carriageway,30,Giveway or uncontrolled,3,114,None within 50 metres,No physical crossing within 50 meters,Daylight: Street light present,Fine without high winds,Dry,None,None,1,Yes,E01003791,2005
6977,200501JC30736,537330.0,192010.0,-0.0181,51.610128,1,3,3,2,14/10/2005,6,23:05,13,E09000031,6,0,Single carriageway,30,Giveway or uncontrolled,3,112,None within 50 metres,No physical crossing within 50 meters,Darkness: Street lights present and lit,Fine without high winds,Dry,None,None,1,Yes,E01004455,2005
6978,200501JC30737,538290.0,189990.0,-0.005041,51.591742,1,3,1,1,01/09/2005,5,12:00,13,E09000031,4,160,Single carriageway,30,Automatic traffic signal,3,503,None within 50 metres,Pedestrian phase at traffic signal junction,Daylight: Street light present,Fine without high winds,Dry,None,None,1,Yes,E01004348,2005
6979,200501JC30738,539150.0,190580.0,0.007599,51.596832,1,3,2,1,29/09/2005,5,15:30,13,E09000031,6,0,Slip road,30,Giveway or uncontrolled,3,406,None within 50 metres,No physical crossing within 50 meters,Daylight: Street light present,Fine without high winds,Dry,None,None,1,Yes,E01004377,2005
6980,200501JC30739,536910.0,187540.0,-0.025904,51.570063,1,3,2,1,01/08/2005,2,16:30,13,E09000031,3,104,Single carriageway,30,None,-1,0,None within 50 metres,No physical crossing within 50 meters,Daylight: Street light present,Fine without high winds,Dry,None,None,1,No,E01004427,2005
6981,200501JC30740,537110.0,188300.0,-0.022724,51.576843,1,2,1,1,07/10/2005,6,18:18,13,E09000031,6,0,Single carriageway,30,None,-1,0,None within 50 metres,No physical crossing within 50 meters,Daylight: Street light present,Fine without high winds,Dry,None,None,1,Yes,E01004445,2005
6982,200501JC30741,539840.0,187910.0,0.016491,51.572669,1,3,2,1,18/10/2005,3,16:00,13,E09000031,3,11,Roundabout,30,Giveway or uncontrolled,3,11,None within 50 metres,No physical crossing within 50 meters,Daylight: Street light present,Fine without high winds,Dry,None,None,1,Yes,E01004362,2005
6983,200501JC30742,538550.0,187550.0,-0.002252,51.569752,1,3,2,1,06/11/2005,1,06:48,13,E09000031,5,0,Single carriageway,30,Giveway or uncontrolled,6,0,None within 50 metres,No physical crossing within 50 meters,Darkness: Street lights present and lit,Fine without high winds,Dry,None,None,1,Yes,E01004439,2005
6984,200501JC30743,538970.0,186470.0,0.003377,51.559944,1,3,2,1,18/10/2005,3,23:45,13,E09000031,4,161,Single carriageway,30,None,-1,0,None within 50 metres,No physical crossing within 50 meters,Darkness: Street lights present and lit,Fine without high winds,Dry,None,None,1,No,E01004341,2005
6985,200501JC30747,537590.0,190940.0,-0.014767,51.60045,1,3,5,2,01/11/2005,3,17:13,13,E09000031,3,406,Dual carriageway,50,None,-1,0,None within 50 metres,No physical crossing within 50 meters,Darkness: Street lights present and lit,Fine without high winds,Dry,None,None,1,Yes,E01004344,2005
6986,200501JC30748,536880.0,189750.0,-0.025476,51.589929,1,3,2,1,26/10/2005,4,17:10,13,E09000031,3,503,Single carriageway,30,Giveway or uncontrolled,6,0,None within 50 metres,No physical crossing within 50 meters,Daylight: Street light present,Fine without high winds,Dry,None,None,1,Yes,E01004457,2005
6987,200501JC30749,539940.0,191810.0,0.019487,51.607689,1,3,2,1,07/10/2005,6,18:26,14,E09000026,3,1009,Single carriageway,30,Giveway or uncontrolled,6,0,None within 50 metres,No physical crossing within 50 meters,Darkness: Street lights present and lit,Fine without high winds,Dry,None,None,1,Yes,E01003750,2005
6988,200501JC30750,538610.0,189130.0,-0.000764,51.583935,1,3,2,1,16/10/2005,1,14:50,13,E09000031,4,160,Single carriageway,30,Giveway or uncontrolled,6,0,None within 50 metres,No physical crossing within 50 meters,Daylight: Street light present,Unknown,Dry,None,None,1,Yes,E01004465,2005
6989,200501JC30752,537710.0,195940.0,-0.011072,51.645351,1,3,2,1,27/10/2005,5,20:38,13,E09000031,3,112,Single carriageway,30,None,-1,0,None within 50 metres,No physical crossing within 50 meters,Darkness: Street lights present and lit,Fine without high winds,Dry,None,None,2,Yes,E01004349,2005
6990,200501JC30753,536430.0,191710.0,-0.031206,51.607651,1,3,1,1,03/10/2005,2,01:00,13,E09000031,6,0,Roundabout,30,Giveway or uncontrolled,6,0,None within 50 metres,No physical crossing within 50 meters,Darkness: Street lights present and lit,Fine without high winds,Dry,None,None,1,No,E01004456,2005
6991,200501JC30754,538920.0,193040.0,0.005254,51.618994,1,3,1,1,31/10/2005,2,15:10,13,E09000031,3,1009,Single carriageway,30,Giveway or uncontrolled,6,0,None within 50 metres,No physical crossing within 50 meters,Daylight: Street light present,Fine without high winds,Dry,None,None,1,No,E01004384,2005
6992,200501JC30756,536590.0,188360.0,-0.0302,51.577509,1,3,2,3,25/10/2005,3,16:55,13,E09000031,3,1006,Single carriageway,30,Giveway or uncontrolled,6,0,None within 50 metres,No physical crossing within 50 meters,Daylight: Street light present,Fine without high winds,Dry,None,None,1,Yes,E01004444,2005
6993,200501JC30759,535790.0,190670.0,-0.040845,51.59846,1,3,2,1,29/10/2005,7,17:00,13,E09000031,4,179,Single carriageway,30,None,-1,0,None within 50 metres,No physical crossing within 50 meters,Daylight: Street light present,Fine without high winds,Dry,None,None,1,Yes,E01004398,2005
6994,200501JC30760,538910.0,187570.0,0.002946,51.569843,1,3,2,1,20/10/2005,5,13:41,13,E09000031,5,0,Single carriageway,30,Automatic traffic signal,6,0,None within 50 metres,No physical crossing within 50 meters,Daylight: Street light present,Fine without high winds,Dry,Roadworks,Other object in carriageway,1,Yes,E01004437,2005
6995,200501JC30762,537780.0,186750.0,-0.013669,51.562752,1,3,2,1,05/11/2005,7,13:40,13,E09000031,6,0,Single carriageway,30,Giveway or uncontrolled,6,0,None within 50 metres,No physical crossing within 50 meters,Daylight: Street light present,Fine without high winds,Dry,None,None,1,Yes,E01004429,2005
6996,200501JC30765,537390.0,188760.0,-0.018506,51.580909,1,3,2,1,01/11/2005,3,07:40,13,E09000031,3,112,Single carriageway,30,Giveway or uncontrolled,6,0,None within 50 metres,No physical crossing within 50 meters,Daylight: Street light present,Fine without high winds,Dry,None,None,1,Yes,E01004443,2005
6997,200501JC30768,537120.0,191260.0,-0.021424,51.60344,1,3,2,1,08/11/2005,3,09:30,13,E09000031,3,406,Dual carriageway,50,None,-1,0,None within 50 metres,No physical crossing within 50 meters,Daylight: Street light present,Fine without high winds,Dry,None,None,1,Yes,E01004403,2005
6998,200501JC30769,537570.0,188330.0,-0.016078,51.577001,1,3,1,1,27/09/2005,3,20:05,13,E09000031,3,112,Single carriageway,30,None,-1,0,None within 50 metres,No physical crossing within 50 meters,Daylight: Street light present,Fine without high winds,Dry,None,None,1,Yes,E01004406,2005
6999,200501JC30770,535800.0,190680.0,-0.040697,51.598548,1,3,2,2,24/10/2005,2,20:00,13,E09000031,4,179,Single carriageway,30,None,-1,0,None within 50 metres,No physical crossing within 50 meters,Darkness: Street lights present and lit,Raining without high winds,Wet/Damp,None,None,1,Yes,E01004398,2005
7000,200501JC30771,536940.0,187570.0,-0.02546,51.570325,1,3,1,2,09/11/2005,4,16:05,13,E09000031,3,104,Single carriageway,30,Automatic traffic signal,3,1006,None within 50 metres,Pedestrian phase at traffic signal junction,Daylight: Street light present,Fine without high winds,Dry,None,None,1,Yes,E01004425,2005
7001,200501JC30772,536670.0,188730.0,-0.028903,51.580814,1,3,1,1,11/10/2005,3,15:39,13,E09000031,5,0,Single carriageway,30,None,-1,0,None within 50 metres,No physical crossing within 50 meters,Daylight: Street light present,Fine without high winds,Dry,None,None,1,Yes,E01004444,2005
7002,200501JC30774,537660.0,194120.0,-0.012509,51.629009,1,3,2,1,29/09/2005,5,13:40,13,E09000031,3,112,Single carriageway,30,None,-1,0,None within 50 metres,No physical crossing within 50 meters,Daylight: Street light present,Fine without high winds,Dry,None,None,1,No,E01004357,2005
7003,200501JC30775,539060.0,188600.0,0.005516,51.579062,1,3,3,1,05/11/2005,7,00:40,13,E09000031,3,114,Dual carriageway,40,None,-1,0,None within 50 metres,No physical crossing within 50 meters,Darkness: Street lights present and lit,Fine without high winds,Dry,None,None,1,Yes,E01004363,2005
7004,200501JC30776,537170.0,191940.0,-0.020437,51.609538,1,3,1,1,13/11/2005,1,14:24,13,E09000031,6,0,Single carriageway,30,None,-1,0,None within 50 metres,No physical crossing within 50 meters,Daylight: Street light present,Fine without high winds,Dry,None,None,1,Yes,E01004455,2005
7005,200501JC30777,536930.0,187580.0,-0.0256,51.570417,1,3,1,1,02/10/2005,1,14:10,13,E09000031,3,1006,Single carriageway,30,Giveway or uncontrolled,3,104,None within 50 metres,No physical crossing within 50 meters,Daylight: Street light present,Fine without high winds,Dry,None,None,1,Yes,E01004425,2005
7006,200501JC30778,537900.0,194620.0,-0.008847,51.633443,1,3,1,1,16/09/2005,6,20:33,13,E09000031,6,0,Single carriageway,30,Giveway or uncontrolled,3,110,None within 50 metres,No physical crossing within 50 meters,Daylight: Street light present,Fine without high winds,Dry,None,None,1,Yes,E01004350,2005
7007,200501JC30779,536940.0,191410.0,-0.023963,51.604832,1,3,2,1,13/11/2005,1,23:32,13,E09000031,3,406,Dual carriageway,50,None,-1,0,None within 50 metres,No physical crossing within 50 meters,Darkness: Street lights present and lit,Fine without high winds,Dry,None,None,1,Yes,E01004399,2005
7008,200501JC30780,539310.0,187400.0,0.008647,51.568217,1,3,1,1,05/11/2005,7,00:30,13,E09000031,6,0,Single carriageway,30,Automatic traffic signal,6,0,None within 50 metres,Pedestrian phase at traffic signal junction,Darkness: Street lights present and lit,Fine without high winds,Dry,None,None,1,No,E01004440,2005
7009,200501JC30781,536220.0,187150.0,-0.036005,51.566725,1,3,2,1,11/11/2005,6,18:12,13,E09000031,6,0,Single carriageway,30,None,-1,0,None within 50 metres,No physical crossing within 50 meters,Darkness: Street lights present and lit,Fine without high winds,Dry,None,None,1,Yes,E01004422,2005
7010,200501JC30782,539270.0,187520.0,0.008117,51.569305,1,2,2,1,05/11/2005,7,19:15,13,E09000031,3,106,Single carriageway,30,Giveway or uncontrolled,3,106,None within 50 metres,No physical crossing within 50 meters,Darkness: Street lights present and lit,Fine without high winds,Dry,None,None,1,No,E01004440,2005
7011,200501JC30783,538320.0,191490.0,-0.004017,51.605214,1,3,2,1,30/10/2005,1,15:20,13,E09000031,6,0,One way street,30,Giveway or uncontrolled,6,0,None within 50 metres,No physical crossing within 50 meters,Daylight: Street light present,Fine without high winds,Dry,None,None,1,Yes,E01004382,2005
7012,200501JC30784,537340.0,190940.0,-0.018375,51.600511,1,3,1,1,13/11/2005,1,06:02,13,E09000031,4,179,Single carriageway,40,None,-1,0,None within 50 metres,No physical crossing within 50 meters,Darkness: Street lights present and lit,Fine without high winds,Dry,None,None,1,Yes,E01004344,2005
7013,200501JC30785,538090.0,189900.0,-0.007962,51.590982,1,3,1,1,16/11/2005,4,08:56,13,E09000031,3,503,Single carriageway,30,None,-1,0,None within 50 metres,No physical crossing within 50 meters,Daylight: Street light present,Fine without high winds,Dry,None,None,1,Yes,E01004470,2005
7014,200501JC30786,537330.0,190930.0,-0.018523,51.600424,1,2,1,2,09/11/2005,4,17:45,13,E09000031,4,179,Dual carriageway,30,None,-1,0,None within 50 metres,No physical crossing within 50 meters,Darkness: Street lights present and lit,Fine without high winds,Dry,None,None,1,Yes,E01004344,2005
7015,200501JC30787,537310.0,192810.0,-0.018076,51.617322,1,3,2,1,17/11/2005,5,14:00,13,E09000031,6,0,Roundabout,30,Giveway or uncontrolled,6,0,None within 50 metres,No physical crossing within 50 meters,Daylight: Street light present,Fine without high winds,Dry,None,None,1,No,E01004452,2005
7016,200501JC30788,538350.0,188620.0,-0.004715,51.579416,1,3,2,1,15/11/2005,3,19:30,13,E09000031,6,0,Single carriageway,30,Giveway or uncontrolled,3,104,None within 50 metres,No physical crossing within 50 meters,Darkness: Street lights present and lit,Fine without high winds,Dry,None,None,1,No,E01004364,2005
7017,200501JC30789,537500.0,190250.0,-0.016336,51.594272,1,3,2,1,01/11/2005,3,14:40,13,E09000031,3,112,Single carriageway,30,None,-1,0,None within 50 metres,Zebra crossing,Daylight: Street light present,Fine without high winds,Dry,None,None,1,No,E01004342,2005
7018,200501JC30790,539140.0,191940.0,0.007994,51.609055,1,3,3,1,16/09/2005,6,05:03,13,E09000031,6,0,Single carriageway,30,Giveway or uncontrolled,6,0,None within 50 metres,No physical crossing within 50 meters,Daylight: Street light present,Fine without high winds,Dry,None,None,1,Yes,E01004388,2005
7019,200501JC30791,538590.0,194300.0,0.000989,51.630398,1,3,2,1,31/10/2005,2,18:40,13,E09000031,3,110,Single carriageway,30,Automatic traffic signal,3,1069,None within 50 metres,Pedestrian phase at traffic signal junction,Darkness: Street lights present and lit,Raining without high winds,Wet/Damp,None,None,1,Yes,E01004354,2005
7020,200501JC30792,536630.0,188930.0,-0.029402,51.582621,1,3,1,1,12/11/2005,7,12:10,13,E09000031,6,0,Single carriageway,30,Giveway or uncontrolled,6,0,None within 50 metres,No physical crossing within 50 meters,Daylight: Street light present,Fine without high winds,Dry,None,None,1,Yes,E01004392,2005
7021,200501JC30794,539300.0,190200.0,0.009612,51.59338,1,3,3,1,16/11/2005,4,18:15,13,E09000031,3,104,Dual carriageway,50,None,-1,0,None within 50 metres,No physical crossing within 50 meters,Daylight: Street light present,Fine without high winds,Dry,None,None,1,No,E01004468,2005
7022,200501JC30795,537390.0,188750.0,-0.01851,51.580819,1,3,1,1,08/11/2005,3,14:40,13,E09000031,6,0,Single carriageway,30,Giveway or uncontrolled,3,112,None within 50 metres,No physical crossing within 50 meters,Daylight: Street light present,Fine without high winds,Dry,None,None,1,No,E01004443,2005
7023,200501JC30796,539890.0,187810.0,0.017173,51.571758,1,3,3,1,31/10/2005,2,11:21,13,E09000031,3,11,Dual carriageway,50,Giveway or uncontrolled,3,12,None within 50 metres,No physical crossing within 50 meters,Daylight: Street light present,Fine without high winds,Dry,None,None,1,Yes,E01004438,2005
7024,200501JC30798,537440.0,189780.0,-0.017386,51.590063,1,3,2,1,12/07/2005,3,21:50,13,E09000031,3,503,Single carriageway,30,Automatic traffic signal,3,112,None within 50 metres,Pedestrian phase at traffic signal junction,Darkness: Street lights present and lit,Fine without high winds,Dry,None,None,1,Yes,E01004408,2005
7025,200501JC30799,537420.0,189790.0,-0.01767,51.590157,1,3,1,1,08/11/2005,3,16:00,13,E09000031,3,503,Dual carriageway,30,Automatic traffic signal,3,112,None within 50 metres,Pedestrian phase at traffic signal junction,Daylight: Street light present,Fine without high winds,Dry,None,None,1,Yes,E01004460,2005
7026,200501JC30800,535850.0,189440.0,-0.040455,51.587393,1,2,2,1,05/11/2005,7,17:00,13,E09000031,4,179,Single carriageway,30,None,-1,0,None within 50 metres,No physical crossing within 50 meters,Daylight: Street light present,Fine without high winds,Dry,None,None,1,No,E01004461,2005
7027,200501JC30801,538840.0,194430.0,0.00465,51.631504,1,3,2,1,23/11/2005,4,22:00,13,E09000031,3,1069,Single carriageway,30,Giveway or uncontrolled,6,0,None within 50 metres,No physical crossing within 50 meters,Darkness: Street lights present and lit,Fine without high winds,Dry,None,None,1,Yes,E01004354,2005
7028,200501JC30802,537400.0,189940.0,-0.0179,51.59151,1,2,1,1,12/11/2005,7,12:30,13,E09000031,3,112,Single carriageway,30,None,-1,0,None within 50 metres,No physical crossing within 50 meters,Daylight: Street light present,Fine without high winds,Dry,None,None,1,Yes,E01004460,2005
7029,200501JC30803,539630.0,186360.0,0.012848,51.558793,1,3,1,1,30/10/2005,1,14:15,13,E09000031,6,0,Single carriageway,30,None,-1,0,None within 50 metres,No physical crossing within 50 meters,Daylight: Street light present,Fine without high winds,Dry,None,None,1,Yes,E01004327,2005
7030,200501JC30804,537200.0,185420.0,-0.022549,51.550941,1,3,2,1,25/10/2005,3,17:39,4,E09000012,3,12,Dual carriageway,50,None,-1,0,None within 50 metres,No physical crossing within 50 meters,Daylight: Street light present,Fine without high winds,Dry,None,None,1,Yes,E01001846,2005
7031,200501JC30805,536930.0,190830.0,-0.024334,51.599622,1,3,2,2,15/11/2005,3,11:18,13,E09000031,4,179,Single carriageway,30,None,-1,0,None within 50 metres,No physical crossing within 50 meters,Daylight: Street light present,Fine without high winds,Dry,None,None,1,Yes,E01004346,2005
7032,200501JC30806,536370.0,188810.0,-0.033199,51.581606,1,3,1,1,14/11/2005,2,18:00,13,E09000031,6,0,Single carriageway,30,Giveway or uncontrolled,6,0,None within 50 metres,No physical crossing within 50 meters,Darkness: Street lights present and lit,Fine without high winds,Dry,None,None,1,Yes,E01004392,2005
7033,200501JC30807,537150.0,188970.0,-0.021886,51.582854,1,3,2,1,28/11/2005,2,08:45,13,E09000031,5,0,Single carriageway,30,None,-1,0,None within 50 metres,No physical crossing within 50 meters,Daylight: Street light present,Fine without high winds,Dry,None,None,1,Yes,E01004397,2005
7034,200501JC30808,539110.0,185760.0,0.005114,51.553529,1,3,2,1,21/11/2005,2,14:20,13,E09000031,3,11,Single carriageway,30,Giveway or uncontrolled,6,0,None within 50 metres,No physical crossing within 50 meters,Daylight: Street light present,Fine without high winds,Dry,None,Other object in carriageway,1,Yes,E01004335,2005
7035,200501JC30809,536540.0,187310.0,-0.031329,51.568085,1,3,2,1,25/11/2005,6,19:05,13,E09000031,3,104,Single carriageway,30,Giveway or uncontrolled,6,0,None within 50 metres,No physical crossing within 50 meters,Darkness: Street lights present and lit,Fine without high winds,Dry,None,None,1,Yes,E01004422,2005
7036,200501JC30810,537800.0,188140.0,-0.012836,51.575238,1,3,1,1,19/11/2005,7,10:28,13,E09000031,3,104,Single carriageway,30,Automatic traffic signal,3,112,None within 50 metres,Pedestrian phase at traffic signal junction,Daylight: Street light present,Fine without high winds,Dry,None,None,1,Yes,E01004420,2005
7037,200501JC30811,537810.0,186880.0,-0.013185,51.563913,1,3,2,1,25/10/2005,3,20:10,13,E09000031,3,1006,Single carriageway,30,None,-1,0,None within 50 metres,Zebra crossing,Darkness: Street lights present and lit,Fine without high winds,Dry,None,None,1,Yes,E01004435,2005
7038,200501JC30812,537140.0,189830.0,-0.021694,51.590585,1,2,2,3,30/11/2005,4,18:20,13,E09000031,3,503,Single carriageway,30,Giveway or uncontrolled,6,0,None within 50 metres,No physical crossing within 50 meters,Darkness: Street lights present and lit,Fine without high winds,Dry,None,None,1,Yes,E01004460,2005
7039,200501JC30814,538920.0,186490.0,0.002664,51.560136,1,3,2,1,22/11/2005,3,10:50,13,E09000031,4,161,Roundabout,30,Giveway or uncontrolled,6,0,None within 50 metres,No physical crossing within 50 meters,Daylight: Street light present,Fine without high winds,Dry,None,None,1,Yes,E01004341,2005
7040,200501JC30815,539200.0,191930.0,0.008856,51.608951,1,3,1,1,30/11/2005,4,09:15,13,E09000031,6,0,Single carriageway,30,None,-1,0,None within 50 metres,No physical crossing within 50 meters,Daylight: Street light present,Fine without high winds,Dry,None,None,1,Yes,E01004388,2005
7041,200501JC30816,539400.0,192720.0,0.012056,51.616,1,3,2,2,21/11/2005,2,08:42,13,E09000031,3,1009,Single carriageway,30,Giveway or uncontrolled,6,0,None within 50 metres,No physical crossing within 50 meters,Daylight: Street light present,Fine without high winds,Wet/Damp,None,None,1,Yes,E01004386,2005
7042,200501JC30817,539370.0,189080.0,0.010178,51.583299,1,3,2,1,16/11/2005,4,16:20,13,E09000031,3,1007,Single carriageway,30,Giveway or uncontrolled,6,0,None within 50 metres,No physical crossing within 50 meters,Daylight: Street light present,Fine without high winds,Dry,None,None,1,No,E01004362,2005
7043,200501JC30818,538340.0,186050.0,-0.00587,51.556324,1,3,1,1,19/11/2005,7,12:56,13,E09000031,3,112,Single carriageway,30,None,-1,0,None within 50 metres,No physical crossing within 50 meters,Daylight: Street light present,Fine without high winds,Dry,None,None,1,Yes,E01004336,2005
7044,200501JC30819,537620.0,189750.0,-0.014801,51.589749,1,2,2,1,30/11/2005,4,17:13,13,E09000031,3,503,Single carriageway,30,Giveway or uncontrolled,6,0,None within 50 metres,No physical crossing within 50 meters,Darkness: Street lights present and lit,Fine without high winds,Wet/Damp,None,None,1,Yes,E01004407,2005
7045,200501JC30820,539790.0,187830.0,0.015739,51.571962,1,3,2,1,24/11/2005,5,16:20,13,E09000031,3,11,Single carriageway,30,Giveway or uncontrolled,3,12,None within 50 metres,No physical crossing within 50 meters,Darkness: Street lights present but unlit,Fine without high winds,Dry,None,None,1,Yes,E01004436,2005
7046,200501JC30821,536850.0,187500.0,-0.026785,51.569718,1,3,2,1,17/11/2005,5,08:30,13,E09000031,3,104,Single carriageway,30,Giveway or uncontrolled,6,0,None within 50 metres,No physical crossing within 50 meters,Daylight: Street light present,Fine without high winds,Dry,None,None,1,No,E01004427,2005
7047,200501JC30823,536630.0,189680.0,-0.02911,51.589361,1,3,1,1,26/11/2005,7,18:07,13,E09000031,3,503,Single carriageway,30,Giveway or uncontrolled,6,0,None within 50 metres,No physical crossing within 50 meters,Darkness: Street lights present and lit,Fine without high winds,Dry,None,None,1,Yes,E01004458,2005
7048,200501JC30824,538580.0,192960.0,0.000315,51.618359,1,2,1,4,02/12/2005,6,08:50,13,E09000031,4,160,Single carriageway,30,None,-1,0,None within 50 metres,No physical crossing within 50 meters,Daylight: Street light present,Raining without high winds,Wet/Damp,None,None,1,Yes,E01004413,2005
7049,200501JC30826,538650.0,193570.0,0.001566,51.623823,1,3,2,1,07/12/2005,4,18:52,13,E09000031,4,160,Roundabout,30,Giveway or uncontrolled,5,0,None within 50 metres,No physical crossing within 50 meters,Darkness: Street lights present and lit,Raining without high winds,Wet/Damp,None,None,1,Yes,E01004359,2005
7050,200501JC30827,535990.0,186930.0,-0.039407,51.564803,1,3,2,1,23/11/2005,4,15:32,13,E09000031,3,104,Single carriageway,30,None,-1,0,None within 50 metres,No physical crossing within 50 meters,Daylight: Street light present,Fine without high winds,Dry,None,None,1,No,E01004422,2005
7051,200501JC30828,536490.0,189600.0,-0.031161,51.588676,1,3,2,1,03/12/2005,7,07:40,13,E09000031,3,503,Single carriageway,30,None,-1,0,None within 50 metres,No physical crossing within 50 meters,Daylight: Street light present,Fine without high winds,Dry,None,None,1,Yes,E01004396,2005
7052,200501JC30829,537750.0,188090.0,-0.013576,51.5748,1,3,1,1,30/11/2005,4,14:56,13,E09000031,3,104,Single carriageway,30,Giveway or uncontrolled,6,0,None within 50 metres,No physical crossing within 50 meters,Daylight: Street light present,Fine without high winds,Dry,None,None,1,Yes,E01004420,2005
7053,200501JC30831,536850.0,190420.0,-0.025648,51.595957,1,3,2,1,21/11/2005,2,10:40,13,E09000031,6,0,Single carriageway,30,Giveway or uncontrolled,6,0,None within 50 metres,No physical crossing within 50 meters,Daylight: Street light present,Fine without high winds,Dry,None,None,1,No,E01004403,2005
7054,200501JC30832,539830.0,187770.0,0.016292,51.571413,1,3,2,1,22/11/2005,3,13:30,13,E09000031,3,114,Roundabout,30,Giveway or uncontrolled,3,11,None within 50 metres,No physical crossing within 50 meters,Daylight: Street light present,Fine without high winds,Dry,None,None,1,No,E01004438,2005
7055,200501JC30833,539120.0,186340.0,0.005488,51.558739,1,3,1,1,19/11/2005,7,13:40,13,E09000031,4,161,Single carriageway,30,Giveway or uncontrolled,6,0,None within 50 metres,No physical crossing within 50 meters,Daylight: Street light present,Fine without high winds,Dry,None,None,1,Yes,E01004341,2005
7056,200501JC30834,537810.0,195950.0,-0.009623,51.645416,1,3,3,1,10/11/2005,5,18:40,13,E09000031,6,0,Single carriageway,30,None,-1,0,None within 50 metres,No physical crossing within 50 meters,Darkness: Street lights present and lit,Fine without high winds,Dry,None,None,1,Yes,E01004349,2005
7057,200501JC30836,536390.0,191740.0,-0.031772,51.607931,1,3,4,2,01/11/2005,3,09:45,13,E09000031,6,0,Single carriageway,30,None,-1,0,None within 50 metres,No physical crossing within 50 meters,Daylight: Street light present,Fine without high winds,Dry,None,None,1,Yes,E01004456,2005
7058,200501JC30838,535980.0,189210.0,-0.038669,51.585294,1,3,1,1,12/12/2005,2,18:13,13,E09000031,3,1006,Single carriageway,30,Giveway or uncontrolled,6,0,None within 50 metres,No physical crossing within 50 meters,Darkness: Street lights present and lit,Fine without high winds,Dry,None,None,1,Yes,E01004393,2005
7059,200501JC30839,538650.0,194350.0,0.001875,51.630832,1,3,1,1,13/12/2005,3,19:15,13,E09000031,3,1069,Single carriageway,30,None,-1,0,None within 50 metres,Zebra crossing,Darkness: Street lights present and lit,Fine without high winds,Dry,None,None,1,Yes,E01004354,2005
7060,200501JC30841,537420.0,190990.0,-0.017201,51.600941,1,3,2,1,09/12/2005,6,13:10,13,E09000031,3,406,Roundabout,30,Automatic traffic signal,3,112,None within 50 metres,Pedestrian phase at traffic signal junction,Daylight: Street light present,Fine without high winds,Dry,None,None,1,No,E01004403,2005
7061,200501JC30842,536110.0,189460.0,-0.036697,51.58751,1,3,2,1,10/12/2005,7,02:14,13,E09000031,3,503,Single carriageway,30,Giveway or uncontrolled,6,0,None within 50 metres,No physical crossing within 50 meters,Darkness: Street lights present and lit,Fine without high winds,Dry,None,None,1,No,E01004393,2005
7062,200501JC30843,538470.0,188700.0,-0.002953,51.580106,1,3,1,1,04/11/2005,6,14:16,13,E09000031,3,104,Single carriageway,30,Giveway or uncontrolled,3,104,None within 50 metres,No physical crossing within 50 meters,Daylight: Street light present,Fine without high winds,Dry,None,None,1,No,E01004363,2005
7063,200501JC30844,536880.0,193330.0,-0.02408,51.6221,1,3,2,1,05/12/2005,2,04:38,13,E09000031,3,1037,Single carriageway,30,Giveway or uncontrolled,6,0,None within 50 metres,No physical crossing within 50 meters,Darkness: Street lights present and lit,Fine without high winds,Wet/Damp,None,None,1,Yes,E01004451,2005
7064,200501JC30845,537420.0,188570.0,-0.018148,51.579194,1,3,2,3,06/12/2005,3,06:40,13,E09000031,3,112,Single carriageway,30,Giveway or uncontrolled,6,0,None within 50 metres,No physical crossing within 50 meters,Darkness: Street lights present and lit,Fine without high winds,Dry,None,None,1,Yes,E01004406,2005
7065,200501JC30846,539180.0,187370.0,0.00676,51.56798,1,2,2,1,13/12/2005,3,17:05,13,E09000031,3,106,Single carriageway,30,Giveway or uncontrolled,5,0,None within 50 metres,No physical crossing within 50 meters,Darkness: Street lights present and lit,Fine without high winds,Dry,None,None,1,Yes,E01004439,2005
7066,200501JC30847,537860.0,190930.0,-0.010875,51.600294,1,3,2,1,13/12/2005,3,11:00,13,E09000031,3,406,Dual carriageway,50,Giveway or uncontrolled,6,0,None within 50 metres,No physical crossing within 50 meters,Daylight: Street light present,Fine without high winds,Dry,None,None,1,Yes,E01004344,2005
7067,200501JC30848,539330.0,188470.0,0.009359,51.577827,1,3,2,1,30/11/2005,4,12:11,13,E09000031,6,0,Single carriageway,40,Automatic traffic signal,3,114,None within 50 metres,Pedestrian phase at traffic signal junction,Daylight: Street light present,Fine without high winds,Dry,Auto traffic signal partly defective,None,1,Yes,E01004362,2005
7068,200501JC30849,536270.0,189710.0,-0.034292,51.589718,1,3,2,1,12/12/2005,2,08:05,13,E09000031,6,0,Single carriageway,30,Giveway or uncontrolled,6,0,None within 50 metres,No physical crossing within 50 meters,Daylight: Street light present,Fine without high winds,Dry,None,None,1,Yes,E01004461,2005
7069,200501JC30850,537980.0,190930.0,-0.009144,51.600265,1,3,2,1,05/12/2005,2,18:50,13,E09000031,3,406,Dual carriageway,50,None,-1,0,None within 50 metres,No physical crossing within 50 meters,Darkness: Street lights present and lit,Raining without high winds,Wet/Damp,None,None,1,No,E01004345,2005
7070,200501JC30851,538410.0,191330.0,-0.002781,51.603754,1,3,2,4,14/12/2005,4,03:45,13,E09000031,4,160,Single carriageway,30,Giveway or uncontrolled,6,0,None within 50 metres,Zebra crossing,Darkness: Street lights present and lit,Fine without high winds,Dry,None,None,1,No,E01004343,2005
7071,200501JC30852,537730.0,188060.0,-0.013876,51.574536,1,3,3,1,12/12/2005,2,11:50,13,E09000031,3,104,Single carriageway,30,None,-1,0,None within 50 metres,No physical crossing within 50 meters,Daylight: Street light present,Fine without high winds,Dry,None,None,1,Yes,E01004420,2005
7072,200501JC30854,536230.0,188910.0,-0.035179,51.582538,1,3,2,4,29/11/2005,3,21:00,13,E09000031,3,1006,Single carriageway,30,Giveway or uncontrolled,6,0,None within 50 metres,No physical crossing within 50 meters,Darkness: Street lights present and lit,Fine without high winds,Dry,None,None,1,No,E01004391,2005
7073,200501JC30855,536630.0,188090.0,-0.029728,51.575073,1,3,2,1,26/11/2005,7,19:18,13,E09000031,6,0,Single carriageway,30,Giveway or uncontrolled,3,1006,None within 50 metres,No physical crossing within 50 meters,Darkness: Street lights present and lit,Fine without high winds,Dry,None,None,1,No,E01004448,2005
7074,200501JC30856,536440.0,192240.0,-0.030856,51.612412,1,3,2,3,18/12/2005,1,14:12,13,E09000031,3,1009,Single carriageway,30,None,-1,0,None within 50 metres,No physical crossing within 50 meters,Daylight: Street light present,Fine without high winds,Dry,None,None,1,Yes,E01004453,2005
7075,200501JC30858,536760.0,187430.0,-0.02811,51.56911,1,3,1,1,07/12/2005,4,14:31,13,E09000031,3,104,Single carriageway,30,Giveway or uncontrolled,6,0,None within 50 metres,non-junction pedestrian crossing,Daylight: Street light present,Fine without high winds,Dry,None,None,1,Yes,E01004427,2005
7076,200501JC30859,537260.0,187470.0,-0.020885,51.569348,1,3,1,1,17/12/2005,7,09:12,13,E09000031,6,0,Single carriageway,30,Giveway or uncontrolled,6,0,None within 50 metres,No physical crossing within 50 meters,Daylight: Street light present,Fine without high winds,Dry,None,None,1,Yes,E01004426,2005
7077,200501JC30860,535750.0,190520.0,-0.04148,51.597122,1,3,2,1,17/12/2005,7,23:35,13,E09000031,4,179,Single carriageway,30,Giveway or uncontrolled,6,0,None within 50 metres,No physical crossing within 50 meters,Darkness: Street lights present and lit,Fine without high winds,Dry,None,None,1,Yes,E01004398,2005
7078,200501JC30861,537780.0,194760.0,-0.010525,51.63473,1,3,2,1,21/12/2005,4,18:00,13,E09000031,3,110,Single carriageway,30,Giveway or uncontrolled,6,0,None within 50 metres,No physical crossing within 50 meters,Darkness: Street lights present and lit,Fine without high winds,Dry,None,None,1,Yes,E01004350,2005
7079,200501JC30862,539190.0,194660.0,0.009795,51.633485,1,2,1,1,24/12/2005,7,23:34,13,E09000031,3,1069,Single carriageway,30,Giveway or uncontrolled,6,0,None within 50 metres,Zebra crossing,Darkness: Street lights present and lit,Fine without high winds,Wet/Damp,None,None,1,Yes,E01004352,2005
7080,200501JC30863,537080.0,188730.0,-0.022989,51.580715,1,3,2,1,24/11/2005,5,17:37,13,E09000031,6,0,Single carriageway,30,Giveway or uncontrolled,6,0,None within 50 metres,No physical crossing within 50 meters,Darkness: Street lights present and lit,Raining without high winds,Wet/Damp,None,None,1,Yes,E01004443,2005
7081,200501JC30865,538960.0,190690.0,0.004901,51.597867,1,3,3,1,09/12/2005,6,15:45,13,E09000031,3,406,Dual carriageway,50,None,-1,0,None within 50 metres,No physical crossing within 50 meters,Daylight: Street light present,Fine without high winds,Dry,None,None,1,Yes,E01004377,2005
7082,200501JC30866,539520.0,194730.0,0.014588,51.634032,1,2,1,1,17/12/2005,7,18:30,13,E09000031,3,1069,Single carriageway,30,Giveway or uncontrolled,5,0,None within 50 metres,No physical crossing within 50 meters,Darkness: Street lights present and lit,Fine without high winds,Frost/Ice,None,None,2,Yes,E01004352,2005
7083,200501JC30867,538580.0,191730.0,-0.00017,51.607306,1,3,1,1,23/12/2005,6,13:11,13,E09000031,5,0,Single carriageway,30,Giveway or uncontrolled,6,0,None within 50 metres,Zebra crossing,Daylight: Street light present,Fine without high winds,Dry,None,None,1,Yes,E01004381,2005
7084,200501JC30868,537470.0,188500.0,-0.017454,51.578553,1,2,1,1,10/12/2005,7,15:30,13,E09000031,3,112,Single carriageway,30,Giveway or uncontrolled,6,0,None within 50 metres,No physical crossing within 50 meters,Darkness: Street lights present and lit,Fine without high winds,Dry,None,None,1,No,E01004406,2005
7085,200501JC30870,535930.0,190960.0,-0.038713,51.601032,1,3,2,1,02/09/2005,6,20:00,13,E09000031,6,0,Single carriageway,30,Giveway or uncontrolled,6,0,None within 50 metres,No physical crossing within 50 meters,Daylight: Street light present,Fine without high winds,Dry,None,None,1,Yes,E01004398,2005
7086,200501JC30871,537940.0,186930.0,-0.011291,51.56433,1,3,1,1,21/11/2005,2,19:10,13,E09000031,3,1006,Single carriageway,30,Giveway or uncontrolled,3,112,None within 50 metres,Zebra crossing,Darkness: Street lights present and lit,Fog or mist,Wet/Damp,None,None,1,Yes,E01004435,2005
7087,200501JC30872,537680.0,189310.0,-0.014108,51.585781,1,3,2,1,09/12/2005,6,08:05,13,E09000031,6,0,Single carriageway,30,Giveway or uncontrolled,6,0,None within 50 metres,No physical crossing within 50 meters,Daylight: Street light present,Fog or mist,Dry,None,None,1,No,E01004410,2005
7088,200501JC30873,536770.0,187800.0,-0.027822,51.572433,1,3,2,1,01/11/2005,3,14:36,13,E09000031,3,1006,Single carriageway,30,Giveway or uncontrolled,3,1006,None within 50 metres,No physical crossing within 50 meters,Daylight: Street light present,Fine without high winds,Dry,None,None,1,No,E01004425,2005
7089,200501JC30875,537680.0,195490.0,-0.011682,51.641315,1,3,2,1,02/12/2005,6,11:50,13,E09000031,3,112,Single carriageway,30,Giveway or uncontrolled,6,0,None within 50 metres,No physical crossing within 50 meters,Daylight: Street light present,Fine without high winds,Dry,None,None,2,No,E01004349,2005
7090,200501JC30876,537720.0,186510.0,-0.014628,51.56061,1,3,2,1,23/12/2005,6,00:08,13,E09000031,5,0,Single carriageway,30,Giveway or uncontrolled,6,0,None within 50 metres,No physical crossing within 50 meters,Darkness: Street lights present and lit,Fine without high winds,Wet/Damp,None,None,1,Yes,E01004429,2005
7091,200501JC30877,536390.0,188690.0,-0.032957,51.580523,1,3,2,1,19/12/2005,2,23:00,13,E09000031,3,1006,Single carriageway,30,None,-1,0,None within 50 metres,No physical crossing within 50 meters,Darkness: Street lights present and lit,Fine without high winds,Dry,None,None,1,No,E01004444,2005
7092,200501JC30878,538640.0,191960.0,0.000786,51.609358,1,3,1,1,21/12/2005,4,11:50,13,E09000031,6,0,Single carriageway,30,Giveway or uncontrolled,6,0,None within 50 metres,No physical crossing within 50 meters,Daylight: Street light present,Fine without high winds,Dry,None,None,1,Yes,E01004388,2005
7093,200501JC30880,537900.0,194620.0,-0.008847,51.633443,1,3,2,2,24/12/2005,7,18:55,13,E09000031,3,110,Single carriageway,30,Giveway or uncontrolled,6,0,None within 50 metres,No physical crossing within 50 meters,Darkness: Street lights present and lit,Fine without high winds,Dry,None,None,1,No,E01004350,2005
7094,200501JC30881,537390.0,188820.0,-0.018483,51.581448,1,3,2,1,20/12/2005,3,17:40,13,E09000031,3,112,Single carriageway,30,Giveway or uncontrolled,6,0,None within 50 metres,No physical crossing within 50 meters,Darkness: Street lights present and lit,Fine without high winds,Wet/Damp,None,None,1,Yes,E01004443,2005
7095,200501JC30882,538250.0,189950.0,-0.005634,51.591392,1,3,3,1,24/12/2005,7,23:00,13,E09000031,3,503,Single carriageway,30,Giveway or uncontrolled,6,0,None within 50 metres,Pedestrian phase at traffic signal junction,Darkness: Street lights present and lit,Fine without high winds,Dry,None,None,1,Yes,E01004470,2005
7096,200501JC30885,538310.0,187700.0,-0.005654,51.571159,1,3,2,1,23/12/2005,6,08:55,13,E09000031,6,0,Single carriageway,30,Giveway or uncontrolled,6,0,None within 50 metres,No physical crossing within 50 meters,Daylight: Street light present,Fine without high winds,Dry,None,None,1,Yes,E01004368,2005
7097,200501JC30889,539390.0,186860.0,0.009586,51.563345,1,3,1,1,29/11/2005,3,13:43,13,E09000031,3,11,Single carriageway,30,Giveway or uncontrolled,6,0,None within 50 metres,No physical crossing within 50 meters,Daylight: Street light present,Fine without high winds,Dry,None,None,1,Yes,E01004440,2005
7098,200501JC30890,539480.0,190390.0,0.012285,51.595043,1,3,2,1,01/11/2005,3,12:40,13,E09000031,3,406,Dual carriageway,50,None,-1,0,None within 50 metres,No physical crossing within 50 meters,Daylight: Street light present,Fine without high winds,Dry,None,None,1,No,E01004468,2005
7099,200501JC30891,537200.0,189490.0,-0.020961,51.587515,1,3,2,1,13/12/2005,3,21:03,13,E09000031,6,0,Single carriageway,30,Giveway or uncontrolled,3,112,None within 50 metres,No physical crossing within 50 meters,Darkness: Street lights present and lit,Fine without high winds,Dry,None,None,1,Yes,E01004462,2005
7100,200501JC30892,537790.0,188140.0,-0.01298,51.57524,1,3,2,1,13/11/2005,1,19:45,13,E09000031,3,104,Single carriageway,30,Automatic traffic signal,3,112,None within 50 metres,Pedestrian phase at traffic signal junction,Darkness: Street lighting unknown,Fine without high winds,Dry,None,None,1,No,E01004420,2005
7101,200501JC30893,538530.0,186390.0,-0.002997,51.559333,1,3,2,1,02/12/2005,6,04:50,13,E09000031,3,106,Single carriageway,30,Giveway or uncontrolled,6,0,None within 50 metres,No physical crossing within 50 meters,Darkness: Street lights present and lit,Raining with high winds,Wet/Damp,None,None,1,Yes,E01004376,2005
7102,200501JC30894,538480.0,189380.0,-0.00254,51.586214,1,3,2,3,27/11/2005,1,14:05,13,E09000031,4,160,Single carriageway,30,Giveway or uncontrolled,4,160,Control by school crossing patrol,Zebra crossing,Daylight: Street light present,Fine without high winds,Dry,None,None,1,Yes,E01004467,2005
7103,200501JC30895,535840.0,190210.0,-0.040302,51.594314,1,3,2,1,30/08/2005,3,21:20,13,E09000031,4,179,Single carriageway,30,Giveway or uncontrolled,6,0,None within 50 metres,No physical crossing within 50 meters,Darkness: Street lights present and lit,Fine without high winds,Dry,None,None,1,No,E01004401,2005
7104,200501JC30898,539170.0,186110.0,0.006117,51.55666,1,3,2,1,27/12/2005,3,19:42,13,E09000031,3,11,Single carriageway,30,Giveway or uncontrolled,6,0,None within 50 metres,No physical crossing within 50 meters,Darkness: Street lights present and lit,Raining without high winds,Wet/Damp,None,None,1,Yes,E01004328,2005
7105,200501JC30899,538160.0,190950.0,-0.006539,51.6004,1,3,2,1,31/12/2005,7,11:15,13,E09000031,3,406,Dual carriageway,50,None,-1,0,None within 50 metres,No physical crossing within 50 meters,Daylight: Street light present,Fine without high winds,Wet/Damp,None,None,1,Yes,E01004343,2005
7106,200501JC30900,537460.0,190980.0,-0.016628,51.600841,1,3,1,2,24/12/2005,7,00:05,13,E09000031,3,406,Dual carriageway,50,None,-1,0,None within 50 metres,No physical crossing within 50 meters,Darkness: Street lights present and lit,Fine without high winds,Dry,None,None,1,Yes,E01004403,2005
7107,200501JC30901,538000.0,188000.0,-0.010006,51.573931,1,3,1,1,19/12/2005,2,16:20,13,E09000031,3,112,Single carriageway,30,Giveway or uncontrolled,3,112,None within 50 metres,No physical crossing within 50 meters,Daylight: Street light present,Fine without high winds,Dry,None,None,1,No,E01004364,2005
7108,200501JC30902,536270.0,187120.0,-0.035296,51.566443,1,2,2,1,05/12/2005,2,20:15,13,E09000031,3,1006,Single carriageway,30,Automatic traffic signal,6,0,None within 50 metres,Pedestrian phase at traffic signal junction,Darkness: Street lights present and lit,Fine without high winds,Wet/Damp,None,None,1,Yes,E01004427,2005
7109,200501JC30903,538030.0,187200.0,-0.009888,51.566734,1,3,2,1,26/11/2005,7,20:20,13,E09000031,3,112,Single carriageway,30,None,-1,0,None within 50 metres,No physical crossing within 50 meters,Darkness: Street lights present and lit,Fine without high winds,Dry,None,None,1,No,E01004432,2005
7110,200501JC30904,538030.0,186570.0,-0.010135,51.561073,1,3,2,1,31/12/2005,7,15:30,13,E09000031,3,112,Single carriageway,30,None,-1,0,None within 50 metres,non-junction pedestrian crossing,Darkness: Street lights present and lit,Fine without high winds,Dry,None,None,1,Yes,E01004430,2005
7111,200501JC30909,538480.0,189380.0,-0.00254,51.586214,1,3,2,1,09/11/2005,4,18:35,13,E09000031,4,160,Single carriageway,30,Giveway or uncontrolled,4,160,None within 50 metres,No physical crossing within 50 meters,Daylight: Street light present,Fine without high winds,Dry,None,None,1,No,E01004467,2005
7112,200501JC39001,538310.0,187700.0,-0.005654,51.571159,1,3,2,1,23/12/2005,6,20:50,13,E09000031,6,0,Single carriageway,30,Giveway or uncontrolled,6,0,None within 50 metres,No physical crossing within 50 meters,Darkness: Street lights present and lit,Fine without high winds,Dry,None,None,1,Yes,E01004368,2005
7113,200501JC39028,536710.0,187930.0,-0.028637,51.573616,1,3,2,1,04/10/2005,3,21:30,13,E09000031,3,1006,Single carriageway,30,None,-1,0,None within 50 metres,No physical crossing within 50 meters,Darkness: Street lights present and lit,Fine without high winds,Dry,None,None,1,No,E01004448,2005
7114,200501JC39056,538180.0,189200.0,-0.006939,51.58467,1,3,2,1,29/12/2005,5,17:30,13,E09000031,6,0,Single carriageway,30,None,-1,0,None within 50 metres,No physical crossing within 50 meters,Daylight: Street light present,Fine without high winds,Dry,None,None,1,Yes,E01004464,2005
7115,200501JC39064,539100.0,185800.0,0.004986,51.553891,1,3,2,1,25/12/2005,1,06:00,13,E09000031,3,11,Single carriageway,30,None,-1,0,None within 50 metres,No physical crossing within 50 meters,Darkness: Street lights present and lit,Fine without high winds,Dry,None,None,1,No,E01004335,2005
7116,200501JC39081,536680.0,187390.0,-0.029279,51.56877,1,3,2,1,25/12/2005,1,14:30,13,E09000031,3,104,Single carriageway,30,Giveway or uncontrolled,6,0,None within 50 metres,Zebra crossing,Daylight: Street light present,Fine without high winds,Dry,None,None,1,No,E01004425,2005
7117,200501JC39089,538240.0,194180.0,-0.004111,51.629406,1,2,1,1,13/12/2005,3,15:02,13,E09000031,4,169,Single carriageway,30,Giveway or uncontrolled,6,0,None within 50 metres,No physical crossing within 50 meters,Daylight: Street light present,Fine without high winds,Dry,None,None,1,Yes,E01004358,2005
7118,200501JC39094,535870.0,188630.0,-0.04048,51.580109,1,3,2,1,27/10/2005,5,16:45,13,E09000031,6,0,Single carriageway,30,Giveway or uncontrolled,6,0,None within 50 metres,No physical crossing within 50 meters,Daylight: Street light present,Fine without high winds,Dry,None,None,1,No,E01004395,2005
7119,200501JC39095,538610.0,193330.0,0.000894,51.621677,1,3,1,1,21/10/2005,6,16:32,13,E09000031,4,160,Single carriageway,30,None,-1,0,None within 50 metres,No physical crossing within 50 meters,Daylight: Street light present,Fine without high winds,Dry,None,None,1,Yes,E01004360,2005
7120,200501JI40001,543680.0,186220.0,0.071174,51.556518,1,3,2,2,07/01/2005,6,19:45,14,E09000026,3,123,Roundabout,30,Giveway or uncontrolled,3,118,None within 50 metres,No physical crossing within 50 meters,Darkness: Street lights present and lit,Fine without high winds,Dry,None,None,1,No,E01003689,2005
7121,200501JI40002,540030.0,191900.0,0.020822,51.608476,1,3,2,2,01/01/2005,7,03:18,14,E09000026,3,104,Dual carriageway,30,Giveway or uncontrolled,3,1009,None within 50 metres,Pedestrian phase at traffic signal junction,Darkness: Street lights present and lit,Fine without high winds,Dry,None,None,1,No,E01003750,2005
7122,200501JI40003,544030.0,186780.0,0.076449,51.561461,1,3,2,1,04/01/2005,3,06:13,14,E09000026,6,0,Single carriageway,30,Giveway or uncontrolled,6,0,None within 50 metres,No physical crossing within 50 meters,Darkness: Street lights present and lit,Fine without high winds,Dry,None,None,1,Yes,E01003783,2005
7123,200501JI40004,545030.0,185570.0,0.090366,51.550332,1,3,1,1,07/01/2005,6,15:51,14,E09000026,6,0,Single carriageway,30,None,-1,0,None within 50 metres,No physical crossing within 50 meters,Daylight: Street light present,Fine without high winds,Dry,None,None,1,Yes,E01003739,2005
7124,200501JI40005,539940.0,191160.0,0.019228,51.601848,1,3,2,4,04/01/2005,3,04:40,14,E09000026,3,11,Single carriageway,30,None,-1,0,None within 50 metres,No physical crossing within 50 meters,Darkness: Street lights present and lit,Fine without high winds,Dry,None,None,1,Yes,E01003670,2005
7125,200501JI40006,540110.0,192100.0,0.022057,51.610253,1,3,5,3,04/01/2005,3,18:05,14,E09000026,3,104,Single carriageway,30,None,-1,0,None within 50 metres,No physical crossing within 50 meters,Darkness: Street lights present and lit,Fine without high winds,Dry,None,None,1,Yes,E01003750,2005
7126,200501JI40007,543610.0,186260.0,0.070181,51.556895,1,3,1,1,04/01/2005,3,12:12,14,E09000026,3,118,Dual carriageway,30,None,-1,0,None within 50 metres,Pedestrian phase at traffic signal junction,Daylight: Street light present,Fine without high winds,Dry,None,None,1,Yes,E01003728,2005
7127,200501JI40008,545300.0,191630.0,0.096763,51.604715,1,3,3,1,07/01/2005,6,17:30,14,E09000026,5,0,Single carriageway,30,Giveway or uncontrolled,6,0,None within 50 metres,No physical crossing within 50 meters,Darkness: Street lights present and lit,Fine without high winds,Dry,None,None,1,Yes,E01003721,2005
7128,200501JI40010,548170.0,191400.0,0.138079,51.601901,1,3,2,2,04/01/2005,3,17:40,14,E09000026,4,174,Roundabout,30,Giveway or uncontrolled,3,1112,None within 50 metres,No physical crossing within 50 meters,Darkness: Street lights present and lit,Raining without high winds,Wet/Damp,None,None,2,Yes,E01003726,2005
7129,200501JI40011,543260.0,188480.0,0.066041,51.576933,1,3,2,1,07/01/2005,6,09:52,14,E09000026,3,1400,Dual carriageway,40,None,-1,0,None within 50 metres,No physical crossing within 50 meters,Daylight: Street light present,Fine without high winds,Dry,None,None,1,Yes,E01003653,2005
7130,200501JI40013,547520.0,192100.0,0.128994,51.608362,1,3,3,3,12/01/2005,4,08:50,14,E09000026,3,1112,Dual carriageway,30,Giveway or uncontrolled,5,0,None within 50 metres,No physical crossing within 50 meters,Daylight: Street light present,Fine without high winds,Dry,None,None,2,Yes,E01003640,2005
7131,200501JI40014,540310.0,191720.0,0.024791,51.606788,1,3,2,1,08/01/2005,7,19:21,14,E09000026,3,1009,Single carriageway,30,Giveway or uncontrolled,6,0,None within 50 metres,No physical crossing within 50 meters,Darkness: Street lights present and lit,Fine without high winds,Dry,None,None,1,Yes,E01003750,2005
7132,200501JI40015,540730.0,190490.0,0.030359,51.595631,1,3,2,2,08/01/2005,7,13:36,14,E09000026,3,406,Dual carriageway,50,None,-1,0,None within 50 metres,No physical crossing within 50 meters,Daylight: Street light present,Fine without high winds,Dry,None,None,1,Yes,E01003765,2005
7133,200501JI40016,540170.0,189800.0,0.022004,51.58957,1,3,3,2,13/01/2005,5,14:50,14,E09000026,3,11,Single carriageway,30,Giveway or uncontrolled,6,0,None within 50 metres,No physical crossing within 50 meters,Daylight: Street light present,Fine without high winds,Dry,None,None,1,Yes,E01003775,2005
7134,200501JI40018,545780.0,187260.0,0.101876,51.565325,1,3,2,1,10/01/2005,2,20:15,14,E09000026,3,118,Single carriageway,30,None,-1,0,None within 50 metres,No physical crossing within 50 meters,Darkness: Street lights present and lit,Raining without high winds,Wet/Damp,None,None,1,Yes,E01003767,2005
7135,200501JI40019,541470.0,192690.0,0.041922,51.615215,1,3,1,1,16/01/2005,1,12:58,14,E09000026,5,0,Single carriageway,30,Giveway or uncontrolled,6,0,None within 50 metres,No physical crossing within 50 meters,Daylight: Street light present,Fine without high winds,Dry,None,None,1,Yes,E01003660,2005
7136,200501JI40020,544930.0,188270.0,0.090037,51.574619,1,3,2,1,14/01/2005,6,13:26,14,E09000026,3,12,Dual carriageway,40,Giveway or uncontrolled,6,0,None within 50 metres,Pedestrian phase at traffic signal junction,Daylight: Street light present,Fine without high winds,Dry,Roadworks,None,1,Yes,E01003753,2005
7137,200501JI40021,540550.0,188400.0,0.026926,51.576896,1,3,1,1,15/01/2005,7,18:30,14,E09000026,5,0,Single carriageway,30,Giveway or uncontrolled,6,0,None within 50 metres,No physical crossing within 50 meters,Darkness: Street lights present and lit,Fine without high winds,Dry,None,None,1,Yes,E01003778,2005
7138,200501JI40022,543980.0,186850.0,0.075756,51.562103,1,2,1,1,21/01/2005,6,13:44,14,E09000026,6,0,Single carriageway,30,Giveway or uncontrolled,6,0,None within 50 metres,No physical crossing within 50 meters,Daylight: Street light present,Fine without high winds,Dry,None,None,1,Yes,E01003783,2005
7139,200501JI40023,545590.0,188320.0,0.099575,51.574898,1,3,1,1,11/01/2005,3,14:16,14,E09000026,5,0,Single carriageway,30,None,-1,0,None within 50 metres,No physical crossing within 50 meters,Daylight: Street light present,Raining without high winds,Wet/Damp,None,None,1,Yes,E01003751,2005
7140,200501JI40025,541570.0,188320.0,0.041604,51.575922,1,3,2,1,13/01/2005,5,11:10,14,E09000026,3,12,Dual carriageway,40,None,-1,0,None within 50 metres,No physical crossing within 50 meters,Daylight: Street light present,Fine without high winds,Dry,None,None,1,Yes,E01003697,2005
7141,200501JI40027,545990.0,187290.0,0.104916,51.56554,1,3,2,1,13/01/2005,5,17:24,14,E09000026,3,118,Dual carriageway,30,Giveway or uncontrolled,6,0,None within 50 metres,No physical crossing within 50 meters,Darkness: Street lights present and lit,Fine without high winds,Dry,None,None,1,Yes,E01003767,2005
7142,200501JI40028,544040.0,185290.0,0.075983,51.54807,1,2,1,1,12/01/2005,4,13:30,14,E09000026,3,123,Single carriageway,30,Giveway or uncontrolled,6,0,None within 50 metres,Zebra crossing,Daylight: Street light present,Fine without high winds,Dry,None,None,1,Yes,E01003734,2005
7143,200501JI40029,545320.0,186390.0,0.094884,51.557626,1,3,2,1,11/01/2005,3,17:40,14,E09000026,6,0,Single carriageway,30,None,-1,0,None within 50 metres,No physical crossing within 50 meters,Darkness: Street lights present and lit,Raining without high winds,Wet/Damp,None,None,1,Yes,E01003742,2005
7144,200501JI40030,541160.0,190250.0,0.036466,51.593367,1,3,2,1,19/01/2005,4,08:17,14,E09000026,3,113,Roundabout,30,Giveway or uncontrolled,3,406,None within 50 metres,No physical crossing within 50 meters,Daylight: Street light present,Fine without high winds,Dry,None,None,1,Yes,E01003764,2005
7145,200501JI40031,540160.0,191860.0,0.022682,51.608084,1,3,2,2,21/01/2005,6,09:00,14,E09000026,3,1009,Dual carriageway,30,Giveway or uncontrolled,5,0,None within 50 metres,No physical crossing within 50 meters,Daylight: Street light present,Fine without high winds,Dry,None,None,1,Yes,E01003750,2005
7146,200501JI40032,546360.0,187140.0,0.110188,51.564096,1,3,2,1,21/01/2005,6,08:50,14,E09000026,4,177,Single carriageway,30,Giveway or uncontrolled,6,0,None within 50 metres,No physical crossing within 50 meters,Daylight: Street light present,Fine without high winds,Dry,None,None,1,Yes,E01003719,2005
7147,200501JI40033,540350.0,189790.0,0.024597,51.589436,1,3,1,1,15/01/2005,7,21:00,14,E09000026,6,0,Single carriageway,30,Giveway or uncontrolled,6,0,None within 50 metres,No physical crossing within 50 meters,Darkness: Street lights present and lit,Fine without high winds,Dry,None,None,1,Yes,E01003668,2005
7148,200501JI40034,544430.0,187040.0,0.082322,51.563695,1,3,1,1,22/01/2005,7,19:05,14,E09000026,5,0,Single carriageway,30,Giveway or uncontrolled,6,0,None within 50 metres,No physical crossing within 50 meters,Darkness: Street lights present and lit,Raining without high winds,Wet/Damp,None,None,1,Yes,E01003758,2005
7149,200501JI40035,544200.0,186560.0,0.078809,51.559441,1,3,2,1,22/01/2005,7,18:35,14,E09000026,3,118,Dual carriageway,40,Giveway or uncontrolled,3,118,None within 50 metres,Pedestrian phase at traffic signal junction,Darkness: Street lights present and lit,Raining without high winds,Wet/Damp,None,None,1,Yes,E01003686,2005
7150,200501JI40036,543330.0,190610.0,0.067919,51.596054,1,3,1,5,18/01/2005,3,21:45,14,E09000026,6,0,Single carriageway,30,Giveway or uncontrolled,6,0,None within 50 metres,No physical crossing within 50 meters,Darkness: Street lights present and lit,Fine without high winds,Frost/Ice,None,None,1,Yes,E01003706,2005
7151,200501JI40037,541480.0,191810.0,0.041712,51.607305,1,3,2,2,21/01/2005,6,15:50,14,E09000026,6,0,Single carriageway,30,Giveway or uncontrolled,6,0,None within 50 metres,No physical crossing within 50 meters,Daylight: Street light present,Fine without high winds,Dry,None,None,1,Yes,E01003658,2005
7152,200501JI40038,541540.0,188330.0,0.041175,51.576019,1,3,3,2,23/01/2005,1,13:03,14,E09000026,3,12,Dual carriageway,40,None,-1,0,None within 50 metres,No physical crossing within 50 meters,Daylight: Street light present,Fine without high winds,Dry,None,None,1,Yes,E01003675,2005
7153,200501JI40039,541010.0,191310.0,0.034728,51.602929,1,3,2,1,16/01/2005,1,20:53,14,E09000026,5,0,Single carriageway,30,Automatic traffic signal,3,1009,None within 50 metres,Pedestrian phase at traffic signal junction,Darkness: Street lights present and lit,Fine without high winds,Dry,Auto traffic singal out,None,1,Yes,E01003654,2005
7154,200501JI40042,543210.0,186250.0,0.064411,51.556907,1,3,3,2,23/01/2005,1,18:00,14,E09000026,3,406,Dual carriageway,50,None,-1,0,None within 50 metres,No physical crossing within 50 meters,Darkness: Street lights present and lit,Fine without high winds,Dry,None,None,1,Yes,E01003728,2005
7155,200501JI40044,541130.0,190330.0,0.036066,51.594093,1,3,2,1,18/01/2005,3,19:55,14,E09000026,3,406,Roundabout,30,Stop Sign,3,1400,None within 50 metres,non-junction pedestrian crossing,Darkness: Street lights present and lit,Fine without high winds,Wet/Damp,None,None,1,Yes,E01003762,2005
7156,200501JI40045,543290.0,188240.0,0.066375,51.574768,1,2,1,1,16/01/2005,1,10:55,14,E09000026,3,123,Single carriageway,30,Giveway or uncontrolled,6,0,None within 50 metres,No physical crossing within 50 meters,Daylight: Street light present,Fine without high winds,Dry,None,None,1,Yes,E01003690,2005
7157,200501JI40047,547140.0,188550.0,0.122023,51.576563,1,3,2,1,14/01/2005,6,14:15,14,E09000026,5,0,Single carriageway,30,Giveway or uncontrolled,6,0,None within 50 metres,No physical crossing within 50 meters,Daylight: Street light present,Fine without high winds,Dry,None,None,1,Yes,E01003667,2005
7158,200501JI40050,545220.0,187010.0,0.093699,51.563223,1,3,2,1,22/01/2005,7,20:39,14,E09000026,3,118,Single carriageway,30,Giveway or uncontrolled,6,0,None within 50 metres,No physical crossing within 50 meters,Darkness: Street lights present and lit,Fine without high winds,Dry,None,None,1,Yes,E01003714,2005
7159,200501JI40052,545950.0,187280.0,0.104335,51.565461,1,3,2,1,12/01/2005,4,16:04,14,E09000026,3,118,Single carriageway,30,Giveway or uncontrolled,6,0,None within 50 metres,No physical crossing within 50 meters,Darkness: Street lights present and lit,Fine without high winds,Wet/Damp,None,None,1,Yes,E01003767,2005
7160,200501JI40053,540070.0,189020.0,0.020251,51.582586,1,3,2,1,23/01/2005,1,23:40,14,E09000026,3,11,Single carriageway,30,None,-1,0,None within 50 metres,No physical crossing within 50 meters,Darkness: Street lights present and lit,Fine without high winds,Wet/Damp,None,None,1,Yes,E01003776,2005
7161,200501JI40054,542680.0,187650.0,0.057339,51.569621,1,3,2,1,25/01/2005,3,17:55,14,E09000026,5,0,Single carriageway,30,Giveway or uncontrolled,6,0,None within 50 metres,No physical crossing within 50 meters,Darkness: Street lights present and lit,Fine without high winds,Wet/Damp,None,None,1,Yes,E01003694,2005
7162,200501JI40055,541580.0,188300.0,0.04174,51.575739,1,3,1,1,18/01/2005,3,00:50,14,E09000026,3,12,Dual carriageway,40,None,-1,0,None within 50 metres,No physical crossing within 50 meters,Darkness: Street lights present and lit,Fine without high winds,Dry,None,None,1,Yes,E01003697,2005
7163,200501JI40056,547670.0,187820.0,0.129359,51.569865,1,3,2,2,27/01/2005,5,18:15,14,E09000026,6,0,Single carriageway,30,None,-1,0,None within 50 metres,No physical crossing within 50 meters,Darkness: Street lights present and lit,Raining without high winds,Wet/Damp,None,None,1,Yes,E01003662,2005
7164,200501JI40057,540140.0,189800.0,0.021571,51.589578,1,3,2,1,27/01/2005,5,10:48,14,E09000026,6,0,Single carriageway,30,Giveway or uncontrolled,6,0,None within 50 metres,No physical crossing within 50 meters,Daylight: Street light present,Fine without high winds,Dry,None,None,1,Yes,E01003775,2005
7165,200501JI40058,546260.0,185980.0,0.108264,51.553699,1,3,2,1,18/01/2005,3,17:40,14,E09000026,4,177,Dual carriageway,30,None,-1,0,None within 50 metres,No physical crossing within 50 meters,Darkness: Street lights present and lit,Fine without high winds,Dry,None,None,1,Yes,E01003716,2005
7166,200501JI40060,546800.0,189180.0,0.117383,51.582312,1,3,2,2,25/01/2005,3,02:42,14,E09000026,4,177,Single carriageway,30,Automatic traffic signal,3,12,None within 50 metres,Pedestrian phase at traffic signal junction,Darkness: Street lights present and lit,Other,Wet/Damp,None,None,1,Yes,E01003770,2005
7167,200501JI40061,541860.0,188110.0,0.045701,51.573962,1,3,1,1,28/01/2005,6,18:40,14,E09000026,3,406,Dual carriageway,50,Giveway or uncontrolled,6,0,None within 50 metres,No physical crossing within 50 meters,Darkness: Street lights present and lit,Fine without high winds,Wet/Damp,None,None,1,Yes,E01003697,2005
7168,200501JI40062,544090.0,185070.0,0.076614,51.54608,1,3,2,1,09/01/2005,1,20:44,14,E09000026,3,123,Single carriageway,30,Giveway or uncontrolled,6,0,None within 50 metres,No physical crossing within 50 meters,Darkness: Street lights present and lit,Fine without high winds,Dry,None,None,1,No,E01003734,2005
7169,200501JI40063,546370.0,187390.0,0.110436,51.56634,1,3,2,1,05/01/2005,4,20:30,14,E09000026,4,177,Single carriageway,30,None,-1,0,None within 50 metres,No physical crossing within 50 meters,Darkness: Street lights present and lit,Raining without high winds,Wet/Damp,None,None,1,No,E01003769,2005
7170,200501JI40064,543810.0,185910.0,0.072921,51.5537,1,3,3,1,13/01/2005,5,17:25,14,E09000026,3,123,Single carriageway,30,Giveway or uncontrolled,6,0,None within 50 metres,No physical crossing within 50 meters,Darkness: Street lights present and lit,Fine without high winds,Dry,None,None,1,No,E01003729,2005
7171,200501JI40066,543220.0,186440.0,0.064633,51.558612,1,3,2,1,13/01/2005,5,19:45,14,E09000026,6,0,Single carriageway,30,Giveway or uncontrolled,6,0,None within 50 metres,No physical crossing within 50 meters,Darkness: Street lights present and lit,Fine without high winds,Dry,None,None,1,No,E01003785,2005
7172,200501JI40067,545270.0,187020.0,0.094424,51.5633,1,3,2,1,18/01/2005,3,21:00,14,E09000026,3,118,Single carriageway,30,Giveway or uncontrolled,6,0,None within 50 metres,No physical crossing within 50 meters,Darkness: Street lights present and lit,Fine without high winds,Dry,None,None,1,No,E01003714,2005
7173,200501JI40068,546670.0,187030.0,0.114611,51.563028,1,3,2,1,23/01/2005,1,13:10,14,E09000026,3,1083,Single carriageway,30,Giveway or uncontrolled,6,0,None within 50 metres,No physical crossing within 50 meters,Daylight: Street light present,Fine without high winds,Dry,None,None,1,No,E01003719,2005
7174,200501JI40069,541880.0,188280.0,0.046058,51.575484,1,3,2,1,05/01/2005,4,11:55,14,E09000026,3,406,Dual carriageway,30,Giveway or uncontrolled,3,12,None within 50 metres,No physical crossing within 50 meters,Daylight: Street light present,Fine without high winds,Dry,None,None,1,No,E01003697,2005
7175,200501JI40071,542650.0,187000.0,0.056643,51.563788,1,3,2,1,29/01/2005,7,14:20,14,E09000026,6,0,Single carriageway,30,Giveway or uncontrolled,6,0,None within 50 metres,No physical crossing within 50 meters,Daylight: Street light present,Fine without high winds,Dry,None,None,1,No,E01003691,2005
7176,200501JI40072,545770.0,187210.0,0.101711,51.564878,1,3,2,1,05/02/2005,7,01:20,14,E09000026,3,118,Single carriageway,30,Giveway or uncontrolled,6,0,None within 50 metres,No physical crossing within 50 meters,Darkness: Street lights present and lit,Fine without high winds,Dry,None,None,1,Yes,E01003767,2005
7177,200501JI40073,532740.0,185470.0,-0.086819,51.552457,1,3,1,1,01/02/2005,3,18:08,4,E09000012,3,105,Single carriageway,30,Giveway or uncontrolled,6,0,None within 50 metres,No physical crossing within 50 meters,Darkness: Street lights present and lit,Raining without high winds,Wet/Damp,None,None,1,Yes,E01002779,2005
7178,200501JI40074,543580.0,186290.0,0.069761,51.557173,1,3,1,1,31/01/2005,2,15:10,14,E09000026,3,118,Single carriageway,30,Automatic traffic signal,3,118,None within 50 metres,Pedestrian phase at traffic signal junction,Daylight: Street light present,Fine without high winds,Dry,None,None,1,Yes,E01003728,2005
7179,200501JI40075,547220.0,192190.0,0.124703,51.609249,1,3,2,1,03/02/2005,5,04:40,14,E09000026,6,0,Single carriageway,30,None,-1,0,None within 50 metres,No physical crossing within 50 meters,Darkness: Street lights present and lit,Fine without high winds,Wet/Damp,None,None,1,Yes,E01003726,2005
7180,200501JI40076,545240.0,185800.0,0.093488,51.552345,1,3,2,1,05/02/2005,7,07:05,14,E09000026,5,0,Roundabout,30,Giveway or uncontrolled,6,0,None within 50 metres,No physical crossing within 50 meters,Daylight: Street light present,Fine without high winds,Dry,None,None,1,Yes,E01003739,2005
7181,200501JI40077,541410.0,190850.0,0.040315,51.598696,1,3,2,1,03/02/2005,5,07:30,14,E09000026,3,113,Single carriageway,30,Giveway or uncontrolled,6,0,None within 50 metres,No physical crossing within 50 meters,Daylight: Street light present,Fine without high winds,Dry,None,None,1,Yes,E01003760,2005
7182,200501JI40078,542300.0,190110.0,0.052856,51.591822,1,3,2,1,02/02/2005,4,18:50,14,E09000026,5,0,Single carriageway,30,Giveway or uncontrolled,6,0,None within 50 metres,No physical crossing within 50 meters,Darkness: Street lights present and lit,Fine without high winds,Dry,None,None,1,Yes,E01003710,2005
7183,200501JI40079,545040.0,185820.0,0.090613,51.552576,1,3,2,1,29/01/2005,7,13:00,14,E09000026,6,0,Single carriageway,30,Giveway or uncontrolled,6,0,None within 50 metres,No physical crossing within 50 meters,Daylight: Street light present,Fine without high winds,Dry,None,None,1,No,E01003739,2005
7184,200501JI40080,543250.0,188420.0,0.065872,51.576396,1,3,2,1,08/02/2005,3,01:55,14,E09000026,3,12,Roundabout,30,Giveway or uncontrolled,3,123,None within 50 metres,No physical crossing within 50 meters,Darkness: Street lighting unknown,Unknown,Dry,None,None,1,No,E01003690,2005
7185,200501JI40081,544180.0,185980.0,0.078283,51.554234,1,3,2,1,21/01/2005,6,08:45,14,E09000026,6,0,Roundabout,30,Giveway or uncontrolled,6,0,None within 50 metres,No physical crossing within 50 meters,Daylight: Street light present,Fine without high winds,Dry,None,None,1,Yes,E01003685,2005
7186,200501JI40082,543180.0,186930.0,0.064256,51.563025,1,3,2,2,29/01/2005,7,12:30,14,E09000026,6,0,Single carriageway,30,None,-1,0,None within 50 metres,No physical crossing within 50 meters,Daylight: Street light present,Fine without high winds,Dry,None,None,1,No,E01003785,2005
7187,200501JI40083,545580.0,187860.0,0.099241,51.570768,1,3,2,1,31/01/2005,2,17:46,14,E09000026,6,0,Single carriageway,30,Giveway or uncontrolled,6,0,None within 50 metres,No physical crossing within 50 meters,Darkness: Street lights present and lit,Fine without high winds,Dry,None,None,1,Yes,E01003772,2005
7188,200501JI40084,548420.0,189060.0,0.140697,51.58081,1,3,2,1,02/02/2005,4,12:24,16,E09000002,3,1112,Single carriageway,30,Automatic traffic signal,3,12,None within 50 metres,Pedestrian phase at traffic signal junction,Daylight: Street light present,Fine without high winds,Dry,None,None,1,Yes,E01000030,2005
7189,200501JI40085,545650.0,186770.0,0.099799,51.560955,1,3,1,1,12/02/2005,7,15:25,14,E09000026,3,1083,Single carriageway,30,None,-1,0,None within 50 metres,No physical crossing within 50 meters,Daylight: Street light present,Fine without high winds,Dry,None,None,1,Yes,E01003715,2005
7190,200501JI40086,545080.0,187170.0,0.091747,51.564696,1,3,2,1,08/02/2005,3,15:50,14,E09000026,6,0,Single carriageway,30,Giveway or uncontrolled,6,0,None within 50 metres,No physical crossing within 50 meters,Daylight: Street light present,Fine without high winds,Dry,None,None,1,Yes,E01003757,2005
7191,200501JI40087,539740.0,191320.0,0.016406,51.603336,1,3,2,2,11/02/2005,6,06:41,14,E09000026,3,104,Single carriageway,30,Giveway or uncontrolled,6,0,None within 50 metres,No physical crossing within 50 meters,Darkness: Street lights present and lit,Raining without high winds,Wet/Damp,None,None,1,Yes,E01003670,2005
7192,200501JI40088,545180.0,185610.0,0.092545,51.550653,1,2,3,2,03/02/2005,5,00:01,14,E09000026,5,0,Single carriageway,30,Giveway or uncontrolled,6,0,None within 50 metres,No physical crossing within 50 meters,Darkness: Street lights present and lit,Fine without high winds,Dry,None,None,1,Yes,E01003739,2005
7193,200501JI40089,542820.0,186740.0,0.058988,51.561409,1,3,2,2,09/02/2005,4,16:25,14,E09000026,6,0,Single carriageway,30,None,-1,0,None within 50 metres,No physical crossing within 50 meters,Daylight: Street light present,Fine without high winds,Dry,None,None,1,Yes,E01003784,2005
7194,200501JI40090,541540.0,186460.0,0.040422,51.559215,1,3,2,1,16/01/2005,1,00:35,14,E09000026,3,116,Single carriageway,30,None,-1,0,None within 50 metres,No physical crossing within 50 meters,Darkness: Street lights present and lit,Fine without high winds,Dry,None,None,1,Yes,E01003792,2005
7195,200501JI40091,543220.0,187490.0,0.06506,51.568047,1,3,1,1,09/02/2005,4,15:52,14,E09000026,6,0,Single carriageway,30,Giveway or uncontrolled,3,123,None within 50 metres,Central refuge,Daylight: Street light present,Fine without high winds,Dry,None,None,1,Yes,E01003788,2005
7196,200501JI40092,541640.0,188330.0,0.042617,51.575994,1,3,2,1,07/02/2005,2,22:04,14,E09000026,3,12,Roundabout,30,Automatic traffic signal,3,406,None within 50 metres,Pedestrian phase at traffic signal junction,Darkness: Street lights present and lit,Fine without high winds,Dry,None,None,1,Yes,E01003675,2005
7197,200501JI40093,543210.0,188380.0,0.065279,51.576047,1,3,1,1,07/02/2005,2,10:33,14,E09000026,6,0,One way street,30,None,-1,0,None within 50 metres,No physical crossing within 50 meters,Daylight: Street light present,Fine without high winds,Dry,None,None,1,Yes,E01003690,2005
7198,200501JI40094,543260.0,186160.0,0.065095,51.556086,1,3,2,2,06/02/2005,1,13:20,14,E09000026,3,118,Single carriageway,30,Automatic traffic signal,3,118,None within 50 metres,Pedestrian phase at traffic signal junction,Daylight: Street light present,Fine without high winds,Dry,None,None,1,Yes,E01003577,2005
7199,200501JI40095,542650.0,189030.0,0.057467,51.582029,1,3,1,1,07/02/2005,2,17:38,14,E09000026,3,1400,Single carriageway,30,None,-1,0,None within 50 metres,No physical crossing within 50 meters,Darkness: Street lights present and lit,Fine without high winds,Dry,None,None,1,Yes,E01003681,2005
7200,200501JI40096,546770.0,189060.0,0.1169,51.581242,1,3,1,1,10/02/2005,5,17:35,14,E09000026,4,177,Single carriageway,30,None,-1,0,None within 50 metres,No physical crossing within 50 meters,Darkness: Street lights present and lit,Raining without high winds,Wet/Damp,None,None,1,Yes,E01003663,2005
7201,200501JI40097,544660.0,186510.0,0.08542,51.558874,1,3,2,1,05/02/2005,7,15:58,14,E09000026,3,1083,Single carriageway,30,Giveway or uncontrolled,6,0,None within 50 metres,No physical crossing within 50 meters,Daylight: Street light present,Fine without high winds,Dry,None,None,1,Yes,E01003686,2005
7202,200501JI40098,543870.0,188370.0,0.074792,51.575789,1,3,2,1,28/01/2005,6,20:17,14,E09000026,6,0,Single carriageway,30,Giveway or uncontrolled,6,0,None within 50 metres,No physical crossing within 50 meters,Darkness: Street lights present and lit,Fine without high winds,Wet/Damp,None,None,1,Yes,E01003647,2005
7203,200501JI40099,540470.0,186970.0,0.025201,51.564066,1,3,2,1,29/01/2005,7,21:25,14,E09000026,3,116,Single carriageway,30,None,-1,0,None within 50 metres,No physical crossing within 50 meters,Darkness: Street lights present and lit,Fine without high winds,Wet/Damp,None,None,1,Yes,E01003793,2005
7204,200501JI40100,540600.0,188300.0,0.027607,51.575984,1,3,2,1,24/01/2005,2,17:51,14,E09000026,5,0,Single carriageway,30,Automatic traffic signal,5,0,None within 50 metres,Pedestrian phase at traffic signal junction,Daylight: Street light present,Fine without high winds,Dry,None,None,1,Yes,E01003778,2005
7205,200501JI40101,546800.0,189170.0,0.117379,51.582222,1,3,2,2,12/02/2005,7,10:55,14,E09000026,3,12,Dual carriageway,30,Automatic traffic signal,4,177,None within 50 metres,No physical crossing within 50 meters,Daylight: Street light present,Fine without high winds,Dry,None,None,1,Yes,E01003770,2005
7206,200501JI40102,546370.0,187030.0,0.110286,51.563105,1,3,2,1,01/02/2005,3,19:10,14,E09000026,3,1083,Single carriageway,30,Giveway or uncontrolled,4,177,None within 50 metres,Zebra crossing,Darkness: Street lights present and lit,Fine without high winds,Dry,None,None,1,No,E01003719,2005
7207,200501JI40103,545270.0,192300.0,0.096607,51.610743,1,3,1,1,15/02/2005,3,09:55,14,E09000026,5,0,Single carriageway,30,None,-1,0,None within 50 metres,No physical crossing within 50 meters,Daylight: Street light present,Fine without high winds,Dry,None,None,1,Yes,E01003724,2005
7208,200501JI40104,540690.0,189910.0,0.02955,51.590429,1,3,2,1,18/02/2005,6,17:02,14,E09000026,4,168,Single carriageway,30,Giveway or uncontrolled,6,0,None within 50 metres,No physical crossing within 50 meters,Darkness: Street lights present and lit,Raining without high winds,Wet/Damp,None,None,1,Yes,E01003764,2005
7209,200501JI40105,543590.0,189000.0,0.071012,51.581521,1,3,3,1,14/02/2005,2,18:00,14,E09000026,6,0,Single carriageway,30,Giveway or uncontrolled,6,0,None within 50 metres,No physical crossing within 50 meters,Darkness: Street lights present and lit,Fine without high winds,Dry,None,None,1,Yes,E01003652,2005
7210,200501JI40106,540180.0,190150.0,0.022288,51.592713,1,3,3,2,19/02/2005,7,19:15,14,E09000026,3,11,Single carriageway,30,Automatic traffic signal,6,0,None within 50 metres,Pedestrian phase at traffic signal junction,Darkness: Street lights present and lit,Fine without high winds,Dry,None,None,1,Yes,E01003674,2005
7211,200501JI40107,540880.0,189900.0,0.032286,51.590292,1,3,1,1,05/02/2005,7,21:00,14,E09000026,3,113,Single carriageway,30,None,-1,0,None within 50 metres,No physical crossing within 50 meters,Darkness: Street lights present and lit,Fine without high winds,Dry,None,None,1,Yes,E01003764,2005
7212,200501JI40111,544500.0,188140.0,0.083783,51.573561,1,3,2,1,20/02/2005,1,17:20,14,E09000026,3,12,Dual carriageway,40,Automatic traffic signal,5,0,None within 50 metres,Pedestrian phase at traffic signal junction,Daylight: Street light present,Fine without high winds,Dry,None,None,1,Yes,E01003755,2005
7213,200501JI40112,543590.0,186290.0,0.069905,51.55717,1,2,2,3,15/02/2005,3,10:49,14,E09000026,3,118,Dual carriageway,40,Giveway or uncontrolled,3,118,None within 50 metres,No physical crossing within 50 meters,Daylight: Street light present,Fine without high winds,Dry,None,None,1,Yes,E01003728,2005
7214,200501JI40114,540700.0,188480.0,0.029121,51.577577,1,3,2,1,25/01/2005,3,13:30,14,E09000026,6,0,Single carriageway,30,None,-1,0,None within 50 metres,No physical crossing within 50 meters,Daylight: Street light present,Fine without high winds,Dry,None,None,1,No,E01003777,2005
7215,200501JI40115,543410.0,186930.0,0.067572,51.562967,1,3,3,1,19/02/2005,7,11:30,14,E09000026,3,123,Single carriageway,30,None,-1,0,None within 50 metres,No physical crossing within 50 meters,Daylight: Street light present,Fine without high winds,Dry,None,None,1,No,E01003788,2005
7216,200501JI40116,545470.0,187050.0,0.09732,51.563518,1,3,2,1,18/02/2005,6,14:00,14,E09000026,3,118,Single carriageway,30,Giveway or uncontrolled,3,118,None within 50 metres,Zebra crossing,Daylight: Street light present,Fine without high winds,Dry,None,None,1,No,E01003714,2005
7217,200501JI40117,544410.0,186590.0,0.081849,51.559657,1,3,2,2,18/02/2005,6,18:30,14,E09000026,3,1083,Single carriageway,30,Giveway or uncontrolled,3,1083,None within 50 metres,No physical crossing within 50 meters,Darkness: Street lights present and lit,Fine without high winds,Wet/Damp,None,None,1,No,E01003686,2005
7218,200501JI40118,540260.0,188740.0,0.022879,51.580023,1,3,2,1,05/02/2005,7,17:55,14,E09000026,3,113,Single carriageway,30,Automatic traffic signal,5,0,None within 50 metres,Pedestrian phase at traffic signal junction,Darkness: Street lights present and lit,Fine without high winds,Dry,None,None,1,No,E01003776,2005
7219,200501JI40121,531820.0,188280.0,-0.099027,51.577925,1,3,1,1,23/02/2005,4,17:40,31,E09000014,3,105,Single carriageway,30,None,-1,0,None within 50 metres,No physical crossing within 50 meters,Daylight: Street light present,Fine without high winds,Wet/Damp,None,None,1,Yes,E01002002,2005
7220,200501JI40122,544330.0,188810.0,0.081607,51.579625,1,3,2,1,25/02/2005,6,17:40,14,E09000026,6,0,Single carriageway,30,Giveway or uncontrolled,6,0,None within 50 metres,No physical crossing within 50 meters,Daylight: Street light present,Fine without high winds,Dry,None,None,1,Yes,E01003643,2005
7221,200501JI40123,546400.0,187590.0,0.110952,51.568129,1,3,1,1,21/02/2005,2,20:12,14,E09000026,6,0,Single carriageway,30,Giveway or uncontrolled,4,177,None within 50 metres,Central refuge,Darkness: Street lights present and lit,Raining without high winds,Wet/Damp,None,None,1,Yes,E01003773,2005
7222,200501JI40124,544490.0,190930.0,0.084786,51.598634,1,3,4,1,28/02/2005,2,23:40,14,E09000026,3,123,Single carriageway,30,Giveway or uncontrolled,6,0,None within 50 metres,No physical crossing within 50 meters,Darkness: Street lights present and lit,Snowing without high winds,Wet/Damp,None,None,1,Yes,E01003700,2005
7223,200501JI40125,544420.0,186700.0,0.082038,51.560643,1,3,1,1,27/02/2005,1,02:12,14,E09000026,3,118,Single carriageway,30,None,-1,0,None within 50 metres,No physical crossing within 50 meters,Darkness: Street lights present and lit,Snowing without high winds,Wet/Damp,None,None,1,Yes,E01003687,2005
7224,200501JI40126,541120.0,190340.0,0.035925,51.594186,1,3,2,1,07/03/2005,2,09:15,14,E09000026,3,406,Roundabout,40,Giveway or uncontrolled,3,113,None within 50 metres,No physical crossing within 50 meters,Daylight: Street light present,Fine without high winds,Dry,None,None,1,Yes,E01003762,2005
7225,200501JI40127,542630.0,188520.0,0.056971,51.577452,1,3,3,2,04/03/2005,6,15:40,14,E09000026,6,0,Single carriageway,30,None,-1,0,None within 50 metres,No physical crossing within 50 meters,Daylight: Street light present,Raining without high winds,Wet/Damp,None,None,1,Yes,E01003646,2005
7226,200501JI40128,541820.0,188310.0,0.045205,51.575769,1,3,1,1,06/03/2005,1,07:34,14,E09000026,3,12,Roundabout,30,Giveway or uncontrolled,3,406,None within 50 metres,No physical crossing within 50 meters,Daylight: Street light present,Other,Frost/Ice,None,None,1,Yes,E01003697,2005
7227,200501JI40129,543580.0,186290.0,0.069761,51.557173,1,3,2,1,01/03/2005,3,09:00,14,E09000026,3,118,Roundabout,30,Giveway or uncontrolled,3,118,None within 50 metres,No physical crossing within 50 meters,Daylight: Street light present,Raining without high winds,Wet/Damp,None,None,1,Yes,E01003728,2005
7228,200501JI40130,545690.0,186790.0,0.100384,51.561125,1,2,1,1,02/03/2005,4,21:00,14,E09000026,3,1083,Single carriageway,30,Giveway or uncontrolled,6,0,None within 50 metres,No physical crossing within 50 meters,Darkness: Street lights present and lit,Raining without high winds,Wet/Damp,None,None,1,Yes,E01003715,2005
7229,200501JI40131,540190.0,190100.0,0.022412,51.592261,1,3,3,1,08/03/2005,3,10:30,14,E09000026,3,11,Single carriageway,30,None,-1,0,None within 50 metres,No physical crossing within 50 meters,Daylight: Street light present,Fine without high winds,Dry,None,None,1,Yes,E01003668,2005
7230,200501JI40132,544590.0,185970.0,0.084189,51.554039,1,3,1,1,07/03/2005,2,19:40,14,E09000026,6,0,Roundabout,30,Giveway or uncontrolled,6,0,None within 50 metres,No physical crossing within 50 meters,Darkness: Street lights present and lit,Raining without high winds,Wet/Damp,None,None,1,Yes,E01003683,2005
7231,200501JI40133,543960.0,185500.0,0.074916,51.549977,1,3,2,1,06/03/2005,1,01:40,14,E09000026,3,123,Single carriageway,30,Giveway or uncontrolled,6,0,None within 50 metres,Zebra crossing,Darkness: Street lights present and lit,Fine without high winds,Dry,None,None,1,Yes,E01003733,2005
7232,200501JI40134,543440.0,186300.0,0.067747,51.557298,1,3,3,1,05/03/2005,7,10:05,14,E09000026,3,118,Dual carriageway,30,Automatic traffic signal,3,118,None within 50 metres,No physical crossing within 50 meters,Daylight: Street light present,Fine without high winds,Dry,None,None,1,Yes,E01003728,2005
7233,200501JI40135,544170.0,185980.0,0.078139,51.554237,1,3,2,1,03/03/2005,5,13:40,14,E09000026,6,0,Single carriageway,30,Giveway or uncontrolled,6,0,None within 50 metres,No physical crossing within 50 meters,Daylight: Street light present,Fine without high winds,Dry,None,None,1,Yes,E01003685,2005
7234,200501JI40136,545030.0,186940.0,0.090931,51.562643,1,3,3,1,27/02/2005,1,14:39,14,E09000026,3,118,Single carriageway,30,None,-1,0,None within 50 metres,Zebra crossing,Daylight: Street light present,Fine without high winds,Dry,None,None,1,Yes,E01003687,2005
7235,200501JI40137,546320.0,187330.0,0.10969,51.565814,1,3,2,1,02/03/2005,4,18:25,14,E09000026,6,0,Single carriageway,30,None,-1,0,None within 50 metres,No physical crossing within 50 meters,Darkness: Street lights present and lit,Raining without high winds,Wet/Damp,None,None,1,Yes,E01003769,2005
7236,200501JI40138,543600.0,186400.0,0.070094,51.558156,1,3,1,1,01/02/2005,3,09:30,14,E09000026,3,118,Single carriageway,30,Giveway or uncontrolled,3,123,None within 50 metres,Pedestrian phase at traffic signal junction,Daylight: Street light present,Fine without high winds,Dry,None,None,1,Yes,E01003689,2005
7237,200501JI40139,543420.0,186920.0,0.067712,51.562874,1,3,2,1,26/02/2005,7,06:24,14,E09000026,3,123,Single carriageway,30,None,-1,0,None within 50 metres,No physical crossing within 50 meters,Darkness: Street lights present and lit,Fine without high winds,Dry,None,None,1,No,E01003781,2005
7238,200501JI40149,544420.0,187040.0,0.082178,51.563698,1,2,1,1,02/03/2005,4,18:00,14,E09000026,5,0,Single carriageway,30,Giveway or uncontrolled,6,0,None within 50 metres,No physical crossing within 50 meters,Darkness: Street lights present and lit,Raining without high winds,Wet/Damp,None,None,1,No,E01003758,2005
7239,200501JI40150,542060.0,189930.0,0.049321,51.590265,1,3,2,1,05/03/2005,7,11:50,14,E09000026,5,0,Dual carriageway,30,Giveway or uncontrolled,3,1400,None within 50 metres,No physical crossing within 50 meters,Daylight: Street light present,Raining without high winds,Wet/Damp,None,None,1,No,E01003678,2005
7240,200501JI40151,547280.0,186940.0,0.123368,51.56206,1,3,2,1,07/03/2005,2,12:45,16,E09000002,3,1083,Single carriageway,30,None,-1,0,None within 50 metres,No physical crossing within 50 meters,Daylight: Street light present,Fine without high winds,Dry,None,None,1,No,E01000026,2005
7241,200501JI40152,541240.0,190300.0,0.037641,51.593796,1,3,2,2,17/03/2005,5,19:00,14,E09000026,3,1400,Roundabout,30,Giveway or uncontrolled,3,113,None within 50 metres,No physical crossing within 50 meters,Darkness: Street lights present and lit,Fine without high winds,Dry,None,None,1,No,E01003764,2005
7242,200501JI40153,547490.0,192080.0,0.128553,51.60819,1,3,2,1,17/03/2005,5,16:45,14,E09000026,5,0,Single carriageway,30,None,-1,0,None within 50 metres,No physical crossing within 50 meters,Daylight: Street light present,Fine without high winds,Dry,None,None,2,No,E01003640,2005
7243,200501JI40154,543290.0,186210.0,0.065548,51.556528,1,3,2,3,28/02/2005,2,14:50,14,E09000026,3,406,Dual carriageway,30,Giveway or uncontrolled,3,118,None within 50 metres,No physical crossing within 50 meters,Daylight: Street light present,Fine without high winds,Dry,None,None,1,Yes,E01003728,2005
7244,200501JI40155,543110.0,186360.0,0.063015,51.557921,1,3,2,2,04/03/2005,6,15:50,14,E09000026,3,406,Dual carriageway,50,None,-1,0,None within 50 metres,No physical crossing within 50 meters,Daylight: Street light present,Raining without high winds,Wet/Damp,None,None,1,Yes,E01003785,2005
7245,200501JI40156,540290.0,188780.0,0.023328,51.580375,1,3,2,1,10/01/2005,2,16:20,14,E09000026,3,113,Single carriageway,30,None,-1,0,None within 50 metres,No physical crossing within 50 meters,Darkness: Street lights present and lit,Fine without high winds,Dry,None,None,1,No,E01003777,2005
7246,200501JI40157,541580.0,191070.0,0.042856,51.60063,1,3,2,1,09/03/2005,4,18:08,14,E09000026,3,1009,Single carriageway,30,Automatic traffic signal,3,113,None within 50 metres,No physical crossing within 50 meters,Darkness: Street lights present and lit,Fine without high winds,Dry,None,None,1,Yes,E01003761,2005
7247,200501JI40158,545590.0,187150.0,0.099091,51.564385,1,3,2,1,05/02/2005,7,09:40,14,E09000026,3,118,Single carriageway,30,Giveway or uncontrolled,6,0,None within 50 metres,No physical crossing within 50 meters,Daylight: Street light present,Fine without high winds,Dry,None,None,1,No,E01003767,2005
7248,200501JI40159,546800.0,189170.0,0.117379,51.582222,1,3,2,1,09/03/2005,4,17:55,14,E09000026,3,12,Dual carriageway,50,Automatic traffic signal,5,0,None within 50 metres,Pedestrian phase at traffic signal junction,Darkness: Street lights present and lit,Fine without high winds,Dry,None,None,1,Yes,E01003770,2005
7249,200501JI40160,544970.0,188320.0,0.090635,51.575058,1,3,2,1,09/03/2005,4,15:20,14,E09000026,3,12,Single carriageway,40,None,-1,0,None within 50 metres,No physical crossing within 50 meters,Daylight: Street light present,Fine without high winds,Dry,None,None,1,Yes,E01003641,2005
7250,200501JI40162,540620.0,189660.0,0.02844,51.5882,1,3,3,1,10/03/2005,5,19:40,14,E09000026,3,113,Single carriageway,30,None,-1,0,None within 50 metres,No physical crossing within 50 meters,Darkness: Street lights present and lit,Fine without high winds,Dry,None,None,1,Yes,E01003764,2005
7251,200501JI40163,544280.0,189880.0,0.081325,51.589253,1,3,1,1,10/03/2005,5,11:50,14,E09000026,3,123,Single carriageway,30,None,-1,0,None within 50 metres,No physical crossing within 50 meters,Daylight: Street light present,Fine without high winds,Wet/Damp,None,None,1,Yes,E01003711,2005
7252,200501JI40165,544660.0,186510.0,0.08542,51.558874,1,3,2,2,11/03/2005,6,02:24,14,E09000026,6,0,Dual carriageway,30,Giveway or uncontrolled,3,1083,None within 50 metres,No physical crossing within 50 meters,Darkness: Street lights present and lit,Fine without high winds,Dry,None,None,1,Yes,E01003686,2005
7253,200501JI40166,540050.0,190760.0,0.020656,51.598227,1,3,1,1,17/03/2005,5,10:08,14,E09000026,3,11,Single carriageway,30,None,-1,0,None within 50 metres,No physical crossing within 50 meters,Daylight: Street light present,Fine without high winds,Dry,None,None,1,Yes,E01003672,2005
7254,200501JI40167,543990.0,186730.0,0.075851,51.561022,1,3,1,1,17/03/2005,5,12:45,14,E09000026,6,0,Single carriageway,30,Giveway or uncontrolled,6,0,None within 50 metres,No physical crossing within 50 meters,Daylight: Street light present,Fine without high winds,Dry,None,None,1,Yes,E01003783,2005
7255,200501JI40168,541460.0,190200.0,0.040774,51.592843,1,2,1,1,17/03/2005,5,13:15,14,E09000026,6,0,Single carriageway,40,Automatic traffic signal,3,1400,None within 50 metres,No physical crossing within 50 meters,Daylight: Street light present,Fine without high winds,Dry,None,None,1,Yes,E01003763,2005
7256,200501JI40169,546200.0,192070.0,0.109933,51.608436,1,3,2,3,17/03/2005,5,14:14,14,E09000026,5,0,Single carriageway,30,Giveway or uncontrolled,6,0,None within 50 metres,No physical crossing within 50 meters,Daylight: Street light present,Fine without high winds,Dry,None,None,1,Yes,E01003720,2005
7257,200501JI40172,539950.0,188170.0,0.018181,51.574978,1,3,1,1,18/03/2005,6,18:45,14,E09000026,3,113,Single carriageway,30,None,-1,0,None within 50 metres,No physical crossing within 50 meters,Darkness: Street lights present and lit,Fine without high winds,Dry,None,None,1,Yes,E01003778,2005
7258,200501JI40173,540560.0,189550.0,0.02753,51.587227,1,2,1,1,19/03/2005,7,17:06,14,E09000026,6,0,Single carriageway,30,Giveway or uncontrolled,3,113,None within 50 metres,No physical crossing within 50 meters,Daylight: Street light present,Fine without high winds,Dry,None,None,1,Yes,E01003759,2005
7259,200501JI40174,541740.0,188410.0,0.044092,51.576688,1,3,2,1,13/03/2005,1,13:10,14,E09000026,3,406,Roundabout,30,Giveway or uncontrolled,3,12,None within 50 metres,No physical crossing within 50 meters,Daylight: Street light present,Fine without high winds,Dry,None,None,1,Yes,E01003675,2005
7260,200501JI40175,540160.0,192200.0,0.022818,51.611139,1,3,2,1,13/03/2005,1,21:00,14,E09000026,3,104,Single carriageway,30,Giveway or uncontrolled,6,0,None within 50 metres,No physical crossing within 50 meters,Darkness: Street lights present and lit,Fine without high winds,Dry,None,None,1,Yes,E01003750,2005
7261,200501JI40176,545970.0,192030.0,0.106597,51.608136,1,3,1,1,14/03/2005,2,18:38,14,E09000026,6,0,Single carriageway,30,Giveway or uncontrolled,6,0,None within 50 metres,No physical crossing within 50 meters,Darkness: Street lights present and lit,Fine without high winds,Dry,None,None,1,Yes,E01003720,2005
7262,200501JI40177,544290.0,191460.0,0.082119,51.603447,1,3,2,1,14/03/2005,2,08:25,14,E09000026,6,0,Single carriageway,30,Giveway or uncontrolled,6,0,None within 50 metres,No physical crossing within 50 meters,Daylight: Street light present,Fine without high winds,Dry,None,None,1,Yes,E01003698,2005
7263,200501JI40178,540040.0,191910.0,0.02097,51.608563,1,3,3,3,15/03/2005,3,12:09,14,E09000026,3,104,Single carriageway,30,Automatic traffic signal,3,1009,None within 50 metres,Pedestrian phase at traffic signal junction,Daylight: Street light present,Fine without high winds,Dry,None,None,1,Yes,E01003750,2005
7264,200501JI40179,547530.0,189110.0,0.127882,51.581493,1,3,1,2,13/03/2005,1,03:17,14,E09000026,3,12,One way street,50,None,-1,0,None within 50 metres,No physical crossing within 50 meters,Darkness: Street lights present and lit,Fine without high winds,Dry,None,None,1,Yes,E01003663,2005
7265,200501JI40180,542150.0,187860.0,0.049782,51.571642,1,3,4,1,12/03/2005,7,16:25,14,E09000026,6,0,Single carriageway,30,None,-1,0,None within 50 metres,No physical crossing within 50 meters,Daylight: Street light present,Fine without high winds,Dry,None,None,1,Yes,E01003693,2005
7266,200501JI40181,542290.0,190110.0,0.052712,51.591825,1,3,4,1,12/03/2005,7,07:21,14,E09000026,5,0,Single carriageway,30,Giveway or uncontrolled,6,0,None within 50 metres,No physical crossing within 50 meters,Daylight: Street light present,Fine without high winds,Wet/Damp,None,None,1,Yes,E01003710,2005
7267,200501JI40182,544430.0,189900.0,0.083497,51.589394,1,3,3,1,15/03/2005,3,07:40,14,E09000026,6,0,Single carriageway,30,Giveway or uncontrolled,6,0,None within 50 metres,No physical crossing within 50 meters,Daylight: Street light present,Fine without high winds,Dry,None,None,1,Yes,E01003701,2005
7268,200501JI40183,543510.0,186280.0,0.068748,51.557101,1,3,1,1,20/03/2005,1,20:59,14,E09000026,3,118,Dual carriageway,30,None,-1,0,None within 50 metres,non-junction pedestrian crossing,Darkness: Street lights present and lit,Fine without high winds,Dry,None,None,1,Yes,E01003728,2005
7269,200501JI40184,544530.0,189300.0,0.084693,51.583977,1,2,2,1,19/03/2005,7,20:00,14,E09000026,5,0,Single carriageway,30,Giveway or uncontrolled,6,0,None within 50 metres,non-junction pedestrian crossing,Darkness: Street lights present and lit,Fine without high winds,Dry,None,None,1,Yes,E01003639,2005
7270,200501JI40185,541240.0,190360.0,0.037665,51.594335,1,3,2,1,22/03/2005,3,10:00,14,E09000026,3,113,Roundabout,30,Giveway or uncontrolled,3,1400,None within 50 metres,No physical crossing within 50 meters,Daylight: Street light present,Raining without high winds,Wet/Damp,None,None,1,Yes,E01003762,2005
7271,200501JI40186,544980.0,188320.0,0.090779,51.575056,1,3,4,1,18/03/2005,6,15:40,14,E09000026,3,12,Dual carriageway,50,None,-1,0,None within 50 metres,No physical crossing within 50 meters,Daylight: Street light present,Fine without high winds,Dry,None,None,1,Yes,E01003641,2005
7272,200501JI40187,540690.0,190050.0,0.029606,51.591687,1,3,2,1,11/03/2005,6,08:15,14,E09000026,4,168,One way street,30,Giveway or uncontrolled,4,168,None within 50 metres,No physical crossing within 50 meters,Daylight: Street light present,Fine without high winds,Dry,None,None,1,Yes,E01003764,2005
7273,200501JI40188,547580.0,187930.0,0.128108,51.570877,1,3,2,1,22/03/2005,3,17:41,14,E09000026,6,0,Single carriageway,30,Giveway or uncontrolled,6,0,None within 50 metres,No physical crossing within 50 meters,Darkness: Street lights present and lit,Fine without high winds,Dry,None,None,1,Yes,E01003662,2005
7274,200501JI40189,546370.0,187030.0,0.110286,51.563105,1,3,2,1,22/03/2005,3,16:35,14,E09000026,3,1083,Single carriageway,30,Giveway or uncontrolled,4,177,None within 50 metres,No physical crossing within 50 meters,Daylight: Street light present,Fine without high winds,Dry,None,None,1,Yes,E01003719,2005
7275,200501JI40190,543610.0,186470.0,0.070267,51.558782,1,3,2,1,22/03/2005,3,16:15,14,E09000026,6,0,Single carriageway,30,Giveway or uncontrolled,3,123,None within 50 metres,non-junction pedestrian crossing,Daylight: Street light present,Fine without high winds,Dry,None,None,1,Yes,E01003689,2005
7276,200501JI40191,542960.0,188260.0,0.061625,51.575032,1,3,1,1,16/05/2005,2,22:15,14,E09000026,6,0,Single carriageway,30,Giveway or uncontrolled,4,192,None within 50 metres,No physical crossing within 50 meters,Darkness: Street lights present and lit,Fine without high winds,Dry,None,None,1,Yes,E01003696,2005
7277,200501JI40192,540440.0,190790.0,0.026295,51.598399,1,3,3,1,29/03/2005,3,07:36,14,E09000026,6,0,Single carriageway,30,Giveway or uncontrolled,6,0,None within 50 metres,No physical crossing within 50 meters,Daylight: Street light present,Fine without high winds,Dry,None,None,1,Yes,E01003674,2005
7278,200501JI40193,541520.0,188760.0,0.04106,51.579888,1,3,2,1,22/03/2005,3,11:50,14,E09000026,3,406,Dual carriageway,50,None,-1,0,None within 50 metres,No physical crossing within 50 meters,Daylight: Street light present,Fine without high winds,Dry,None,None,1,Yes,E01003794,2005
7279,200501JI40194,540110.0,190490.0,0.021414,51.595786,1,3,3,1,23/03/2005,4,15:35,14,E09000026,3,406,Dual carriageway,50,None,-1,0,None within 50 metres,No physical crossing within 50 meters,Daylight: Street light present,Fine without high winds,Dry,None,None,1,Yes,E01003673,2005
7280,200501JI40196,544230.0,185190.0,0.07868,51.547123,1,3,2,2,04/03/2005,6,18:20,14,E09000026,6,0,Single carriageway,30,Giveway or uncontrolled,6,0,None within 50 metres,No physical crossing within 50 meters,Darkness: Street lights present and lit,Fine without high winds,Dry,None,None,1,No,E01003734,2005
7281,200501JI40197,543280.0,186320.0,0.065449,51.557518,1,3,2,1,26/03/2005,7,15:28,14,E09000026,6,0,Single carriageway,30,Giveway or uncontrolled,6,0,None within 50 metres,No physical crossing within 50 meters,Daylight: Street light present,Fine without high winds,Dry,None,None,1,Yes,E01003728,2005
7282,200501JI40198,541620.0,191100.0,0.043446,51.60089,1,3,2,1,13/03/2005,1,12:05,14,E09000026,3,1009,Single carriageway,30,Automatic traffic signal,3,113,None within 50 metres,Pedestrian phase at traffic signal junction,Daylight: Street light present,Fine without high winds,Dry,None,None,1,No,E01003659,2005
7283,200501JI40199,546350.0,187420.0,0.11016,51.566615,1,3,1,1,17/03/2005,5,10:08,14,E09000026,3,118,Single carriageway,30,None,-1,0,None within 50 metres,No physical crossing within 50 meters,Daylight: Street light present,Fine without high winds,Dry,None,None,1,Yes,E01003769,2005
7284,200501JI40200,544080.0,185100.0,0.076482,51.546352,1,3,1,1,23/03/2005,4,21:45,14,E09000026,3,123,Single carriageway,30,Giveway or uncontrolled,6,0,None within 50 metres,Zebra crossing,Darkness: Street lights present and lit,Fine without high winds,Dry,None,None,1,Yes,E01003734,2005
7285,200501JI40201,546440.0,187910.0,0.111662,51.570994,1,3,2,2,19/03/2005,7,20:00,14,E09000026,4,177,Single carriageway,30,None,-1,0,None within 50 metres,No physical crossing within 50 meters,Darkness: Street lights present and lit,Fine without high winds,Dry,None,None,1,No,E01003773,2005
7286,200501JI40202,541800.0,188350.0,0.044933,51.576133,1,3,2,1,31/03/2005,5,14:58,14,E09000026,3,406,Roundabout,40,Giveway or uncontrolled,3,12,None within 50 metres,No physical crossing within 50 meters,Daylight: Street light present,Fine without high winds,Dry,None,None,1,Yes,E01003675,2005
7287,200501JI40203,543280.0,188240.0,0.066231,51.574771,1,3,2,1,25/03/2005,6,12:15,14,E09000026,6,0,Single carriageway,30,Giveway or uncontrolled,3,123,None within 50 metres,No physical crossing within 50 meters,Daylight: Street light present,Fine without high winds,Dry,None,None,1,Yes,E01003690,2005
7288,200501JI40205,544580.0,189630.0,0.08555,51.586929,1,3,2,1,23/03/2005,4,18:58,14,E09000026,5,0,Single carriageway,30,Giveway or uncontrolled,5,0,None within 50 metres,No physical crossing within 50 meters,Darkness: Street lights present and lit,Fine without high winds,Dry,None,None,1,Yes,E01003638,2005
7289,200501JI40206,547500.0,189130.0,0.127458,51.58168,1,3,1,2,30/03/2005,4,02:55,14,E09000026,3,12,Dual carriageway,50,None,-1,0,None within 50 metres,No physical crossing within 50 meters,Darkness: Street lights present and lit,Raining without high winds,Wet/Damp,None,None,1,Yes,E01003640,2005
7290,200501JI40208,543790.0,186720.0,0.072964,51.560983,1,3,1,1,02/04/2005,7,15:50,14,E09000026,6,0,Single carriageway,30,Giveway or uncontrolled,6,0,None within 50 metres,No physical crossing within 50 meters,Daylight: Street light present,Fine without high winds,Dry,None,None,1,Yes,E01003783,2005
7291,200501JI40209,541730.0,188430.0,0.043955,51.57687,1,3,1,3,29/03/2005,3,23:45,14,E09000026,3,406,Dual carriageway,50,None,-1,0,None within 50 metres,No physical crossing within 50 meters,Darkness: Street lights present and lit,Raining without high winds,Wet/Damp,None,None,1,Yes,E01003675,2005
7292,200501JI40210,543550.0,186400.0,0.069374,51.558169,1,3,1,1,07/04/2005,5,11:51,14,E09000026,3,118,One way street,30,None,-1,0,None within 50 metres,No physical crossing within 50 meters,Daylight: Street light present,Fine without high winds,Dry,None,None,1,Yes,E01003728,2005
7293,200501JI40214,542390.0,191700.0,0.054799,51.606087,1,3,1,1,01/04/2005,6,19:25,14,E09000026,3,113,Roundabout,30,Giveway or uncontrolled,4,173,None within 50 metres,No physical crossing within 50 meters,Darkness: Street lights present and lit,Fine without high winds,Dry,None,None,1,Yes,E01003656,2005
7294,200501JI40215,543790.0,188020.0,0.073496,51.572664,1,3,1,1,08/04/2005,6,15:50,14,E09000026,6,0,Single carriageway,30,None,-1,0,None within 50 metres,No physical crossing within 50 meters,Daylight: Street light present,Raining without high winds,Wet/Damp,None,None,1,Yes,E01003690,2005
7295,200501JI40216,544820.0,191430.0,0.089754,51.603042,1,3,1,1,27/02/2005,1,15:00,14,E09000026,5,0,Single carriageway,30,None,-1,0,None within 50 metres,No physical crossing within 50 meters,Daylight: Street light present,Fine without high winds,Dry,None,None,1,No,E01003704,2005
7296,200501JI40217,541550.0,188330.0,0.041319,51.576016,1,3,2,1,05/04/2005,3,08:45,14,E09000026,3,12,Dual carriageway,40,None,-1,0,None within 50 metres,No physical crossing within 50 meters,Daylight: Street light present,Fine without high winds,Dry,None,None,1,Yes,E01003675,2005
7297,200501JI40218,540910.0,191800.0,0.033482,51.607358,1,3,1,2,10/04/2005,1,15:30,14,E09000026,5,0,Single carriageway,30,Giveway or uncontrolled,6,0,None within 50 metres,Zebra crossing,Daylight: Street light present,Fine without high winds,Dry,None,None,1,Yes,E01003748,2005
7298,200501JI40219,540040.0,190830.0,0.02054,51.598858,1,3,2,1,07/04/2005,5,07:50,14,E09000026,6,0,Single carriageway,30,Automatic traffic signal,3,11,None within 50 metres,Pedestrian phase at traffic signal junction,Daylight: Street light present,Fine without high winds,Dry,None,None,1,Yes,E01003672,2005
7299,200501JI40220,546440.0,192150.0,0.11343,51.609092,1,3,1,1,08/04/2005,6,15:42,14,E09000026,5,0,Single carriageway,30,None,-1,0,None within 50 metres,No physical crossing within 50 meters,Daylight: Street light present,Fine without high winds,Dry,None,None,1,Yes,E01003723,2005
7300,200501JI40221,545180.0,185430.0,0.09247,51.549036,1,3,2,2,07/04/2005,5,23:04,14,E09000026,5,0,Single carriageway,30,Giveway or uncontrolled,6,0,None within 50 metres,No physical crossing within 50 meters,Darkness: Street lights present and lit,Fine without high winds,Dry,None,None,1,Yes,E01003741,2005
7301,200501JI40222,541330.0,192090.0,0.03966,51.609858,1,3,4,1,09/04/2005,7,10:55,14,E09000026,6,0,Single carriageway,30,Giveway or uncontrolled,6,0,None within 50 metres,No physical crossing within 50 meters,Daylight: Street light present,Fine without high winds,Dry,None,None,1,Yes,E01003658,2005
7302,200501JI40223,545560.0,186750.0,0.098493,51.560799,1,3,2,1,12/04/2005,3,09:15,14,E09000026,3,1083,Single carriageway,30,Giveway or uncontrolled,6,0,None within 50 metres,No physical crossing within 50 meters,Daylight: Street light present,Fine without high winds,Dry,None,None,1,Yes,E01003714,2005
7303,200501JI40224,544260.0,185760.0,0.079346,51.552237,1,3,2,1,21/04/2005,5,21:13,14,E09000026,6,0,Roundabout,30,Giveway or uncontrolled,6,0,None within 50 metres,No physical crossing within 50 meters,Darkness: Street lights present and lit,Fine without high winds,Dry,None,None,1,Yes,E01003730,2005
7304,200501JI40225,545330.0,187170.0,0.095351,51.564632,1,3,2,1,18/04/2005,2,08:15,14,E09000026,5,0,Single carriageway,30,Giveway or uncontrolled,6,0,None within 50 metres,No physical crossing within 50 meters,Daylight: Street light present,Raining without high winds,Wet/Damp,None,None,1,Yes,E01003768,2005
7305,200501JI40226,541840.0,188310.0,0.045493,51.575764,1,3,3,1,23/04/2005,7,13:16,14,E09000026,3,12,Dual carriageway,30,Automatic traffic signal,3,406,None within 50 metres,No physical crossing within 50 meters,Daylight: Street light present,Fine without high winds,Dry,None,None,1,Yes,E01003697,2005
7306,200501JI40227,545530.0,186740.0,0.098056,51.560717,1,3,1,1,21/04/2005,5,08:41,14,E09000026,3,1083,Single carriageway,30,None,-1,0,None within 50 metres,No physical crossing within 50 meters,Daylight: Street light present,Fine without high winds,Dry,None,None,1,Yes,E01003714,2005
7307,200501JI40228,540280.0,192520.0,0.024678,51.613985,1,3,1,1,18/04/2005,2,12:50,14,E09000026,3,104,Single carriageway,30,None,-1,0,Control by school crossing patrol,Zebra crossing,Daylight: Street light present,Fine without high winds,Dry,None,None,1,Yes,E01003746,2005
7308,200501JI40230,542920.0,191810.0,0.062492,51.606941,1,3,2,1,02/04/2005,7,19:18,14,E09000026,4,173,Single carriageway,30,Giveway or uncontrolled,4,173,None within 50 metres,No physical crossing within 50 meters,Daylight: Street light present,Fine without high winds,Dry,None,None,1,Yes,E01003657,2005
7309,200501JI40231,541500.0,190980.0,0.041666,51.599841,1,3,2,2,19/02/2005,7,19:43,14,E09000026,3,113,Single carriageway,30,None,-1,0,None within 50 metres,No physical crossing within 50 meters,Darkness: Street lights present and lit,Fine without high winds,Wet/Damp,None,None,1,Yes,E01003761,2005
7310,200501JI40232,545460.0,188570.0,0.097804,51.577178,1,3,2,1,16/04/2005,7,14:35,14,E09000026,3,12,Dual carriageway,40,Giveway or uncontrolled,6,0,None within 50 metres,No physical crossing within 50 meters,Daylight: Street light present,Fine without high winds,Dry,None,None,1,Yes,E01003641,2005
7311,200501JI40233,543370.0,188480.0,0.067627,51.576905,1,3,2,1,13/04/2005,4,08:15,14,E09000026,3,123,Single carriageway,30,None,-1,0,None within 50 metres,No physical crossing within 50 meters,Daylight: Street light present,Raining without high winds,Wet/Damp,None,None,1,Yes,E01003653,2005
7312,200501JI40234,543340.0,190080.0,0.067847,51.591289,1,2,1,1,13/04/2005,4,13:36,14,E09000026,5,0,Single carriageway,30,Giveway or uncontrolled,6,0,None within 50 metres,No physical crossing within 50 meters,Daylight: Street light present,Fine without high winds,Dry,None,None,1,Yes,E01003712,2005
7313,200501JI40235,544480.0,190710.0,0.084552,51.596659,1,3,3,1,14/04/2005,5,15:20,14,E09000026,3,123,Single carriageway,30,Giveway or uncontrolled,6,0,None within 50 metres,No physical crossing within 50 meters,Daylight: Street light present,Fine without high winds,Wet/Damp,None,None,1,Yes,E01003700,2005
7314,200501JI40236,544610.0,186270.0,0.0846,51.55673,1,3,3,1,13/03/2005,1,07:05,14,E09000026,6,0,Single carriageway,30,Giveway or uncontrolled,6,0,None within 50 metres,No physical crossing within 50 meters,Daylight: Street light present,Fine without high winds,Dry,None,None,1,Yes,E01003686,2005
7315,200501JI40237,546740.0,187030.0,0.11562,51.563009,1,3,3,1,19/04/2005,3,04:51,14,E09000026,3,1083,Single carriageway,30,Giveway or uncontrolled,6,0,None within 50 metres,No physical crossing within 50 meters,Daylight: Street light present,Fine without high winds,Dry,None,None,1,Yes,E01003719,2005
7316,200501JI40238,540990.0,187030.0,0.032722,51.564475,1,2,1,1,17/04/2005,1,14:05,14,E09000026,6,0,Single carriageway,30,None,-1,0,None within 50 metres,No physical crossing within 50 meters,Daylight: Street light present,Fine without high winds,Dry,None,None,1,Yes,E01003793,2005
7317,200501JI40239,546380.0,187430.0,0.110597,51.566697,1,3,2,1,27/03/2005,1,17:15,14,E09000026,4,177,Single carriageway,30,Automatic traffic signal,3,118,None within 50 metres,Pedestrian phase at traffic signal junction,Daylight: Street light present,Fine without high winds,Dry,None,None,1,No,E01003769,2005
7318,200501JI40240,540140.0,190460.0,0.021835,51.595508,1,3,2,1,03/04/2005,1,17:00,14,E09000026,3,11,Single carriageway,30,Automatic traffic signal,6,0,None within 50 metres,Pedestrian phase at traffic signal junction,Daylight: Street light present,Fine without high winds,Dry,None,None,1,No,E01003673,2005
7319,200501JI40242,545670.0,191770.0,0.10216,51.605878,1,3,2,2,06/04/2005,4,11:45,14,E09000026,5,0,Single carriageway,30,None,-1,0,None within 50 metres,No physical crossing within 50 meters,Daylight: Street light present,Fine without high winds,Dry,None,None,1,No,E01003699,2005
7320,200501JI40243,543890.0,190530.0,0.075966,51.595193,1,3,3,2,26/04/2005,3,08:48,14,E09000026,6,0,Single carriageway,30,Giveway or uncontrolled,6,0,None within 50 metres,No physical crossing within 50 meters,Daylight: Street light present,Raining without high winds,Wet/Damp,None,None,1,Yes,E01003706,2005
7321,200501JI40246,542710.0,189000.0,0.05832,51.581745,1,3,2,1,06/04/2005,4,13:00,14,E09000026,3,1400,Roundabout,30,Giveway or uncontrolled,5,0,None within 50 metres,No physical crossing within 50 meters,Daylight: Street light present,Fine without high winds,Dry,None,None,1,No,E01003651,2005
7322,200501JI40247,543680.0,186200.0,0.071166,51.556339,1,3,2,1,02/05/2005,2,22:45,14,E09000026,3,123,Roundabout,30,Giveway or uncontrolled,3,118,None within 50 metres,No physical crossing within 50 meters,Darkness: Street lights present and lit,Fine without high winds,Dry,None,None,1,No,E01003728,2005
7323,200501JI40249,541390.0,189550.0,0.039503,51.587019,1,2,2,2,02/05/2005,2,17:50,14,E09000026,3,406,Dual carriageway,50,None,-1,0,None within 50 metres,No physical crossing within 50 meters,Daylight: Street light present,Fine without high winds,Dry,None,None,1,Yes,E01003764,2005
7324,200501JI40251,542910.0,186520.0,0.060197,51.559409,1,3,1,1,03/05/2005,3,20:57,14,E09000026,3,406,Dual carriageway,50,None,-1,0,None within 50 metres,No physical crossing within 50 meters,Darkness: Street lights present and lit,Fine without high winds,Dry,None,None,1,Yes,E01003785,2005
7325,200501JI40252,542040.0,189890.0,0.049016,51.589911,1,3,1,1,03/05/2005,3,10:27,14,E09000026,3,1400,Single carriageway,30,Giveway or uncontrolled,5,0,None within 50 metres,No physical crossing within 50 meters,Daylight: Street light present,Fine without high winds,Dry,None,None,1,Yes,E01003681,2005
7326,200501JI40253,541770.0,188240.0,0.044456,51.575152,1,3,2,1,02/05/2005,2,19:30,14,E09000026,3,12,Roundabout,30,Giveway or uncontrolled,3,406,None within 50 metres,No physical crossing within 50 meters,Daylight: Street light present,Fine without high winds,Dry,None,None,1,No,E01003697,2005
7327,200501JI40254,544460.0,188620.0,0.083404,51.577885,1,3,2,1,25/04/2005,2,08:45,14,E09000026,5,0,Single carriageway,30,Giveway or uncontrolled,6,0,None within 50 metres,No physical crossing within 50 meters,Daylight: Street light present,Raining without high winds,Wet/Damp,None,None,1,Yes,E01003645,2005
7328,200501JI40255,543450.0,186340.0,0.067908,51.557655,1,3,2,1,01/05/2005,1,10:25,14,E09000026,3,118,Dual carriageway,30,Automatic traffic signal,3,118,None within 50 metres,Pedestrian phase at traffic signal junction,Daylight: Street light present,Fine without high winds,Dry,None,None,1,Yes,E01003728,2005
7329,200501JI40256,543790.0,185080.0,0.072294,51.546247,1,3,1,1,30/04/2005,7,21:11,14,E09000026,6,0,Single carriageway,30,None,-1,0,None within 50 metres,No physical crossing within 50 meters,Darkness: Street lights present and lit,Fine without high winds,Dry,None,None,1,Yes,E01003732,2005
7330,200501JI40257,543970.0,189910.0,0.076866,51.589601,1,2,1,1,28/04/2005,5,21:00,14,E09000026,6,0,Single carriageway,30,None,-1,0,None within 50 metres,No physical crossing within 50 meters,Darkness: Street lights present and lit,Fine without high winds,Dry,None,None,1,Yes,E01003711,2005
7331,200501JI40258,540400.0,193030.0,0.026614,51.618537,1,3,2,1,28/03/2005,2,16:00,14,E09000026,3,104,Single carriageway,30,Automatic traffic signal,3,110,None within 50 metres,Pedestrian phase at traffic signal junction,Daylight: Street light present,Fine without high winds,Dry,None,None,2,No,E01003746,2005
7332,200501JI40259,540210.0,188820.0,0.02219,51.580754,1,3,2,2,03/03/2005,5,18:53,14,E09000026,5,0,Single carriageway,30,Giveway or uncontrolled,6,0,None within 50 metres,No physical crossing within 50 meters,Daylight: Street light present,Fine without high winds,Dry,None,None,1,Yes,E01003776,2005
7333,200501JI40260,544890.0,190560.0,0.090405,51.595206,1,3,1,1,29/04/2005,6,23:35,14,E09000026,5,0,Single carriageway,50,None,-1,0,None within 50 metres,No physical crossing within 50 meters,Darkness: Street lights present and lit,Fine without high winds,Dry,None,None,1,Yes,E01003700,2005
7334,200501JI40261,543350.0,186250.0,0.066429,51.556872,1,3,2,2,26/04/2005,3,20:12,14,E09000026,3,118,Single carriageway,30,Automatic traffic signal,3,118,None within 50 metres,Pedestrian phase at traffic signal junction,Darkness: Street lights present and lit,Fine without high winds,Dry,None,None,1,Yes,E01003728,2005
7335,200501JI40263,539960.0,188730.0,0.018548,51.580008,1,3,1,1,05/04/2005,3,16:08,14,E09000026,3,11,Single carriageway,30,Giveway or uncontrolled,6,0,None within 50 metres,No physical crossing within 50 meters,Daylight: Street light present,Fine without high winds,Dry,None,None,1,Yes,E01003778,2005
7336,200501JI40264,543260.0,186160.0,0.065095,51.556086,1,3,2,1,25/03/2005,6,17:55,14,E09000026,3,118,Single carriageway,30,Giveway or uncontrolled,3,406,None within 50 metres,No physical crossing within 50 meters,Daylight: Street light present,Fine without high winds,Dry,None,None,1,No,E01003577,2005
7337,200501JI40265,542020.0,187910.0,0.047928,51.572124,1,3,4,1,05/04/2005,3,08:45,14,E09000026,3,406,Dual carriageway,50,None,-1,0,None within 50 metres,No physical crossing within 50 meters,Daylight: Street light present,Fine without high winds,Dry,None,None,1,No,E01003693,2005
7338,200501JI40266,546960.0,187040.0,0.118796,51.563042,1,3,2,1,06/04/2005,4,15:30,16,E09000002,3,1083,Single carriageway,30,Giveway or uncontrolled,3,1083,None within 50 metres,Zebra crossing,Daylight: Street light present,Fine without high winds,Dry,None,None,1,No,E01003717,2005
7339,200501JI40267,540040.0,190810.0,0.020532,51.598678,1,3,2,1,12/04/2005,3,10:28,14,E09000026,3,11,Single carriageway,30,Giveway or uncontrolled,6,0,None within 50 metres,Zebra crossing,Daylight: Street light present,Fine without high winds,Dry,None,None,1,No,E01003672,2005
7340,200501JI40268,543290.0,186210.0,0.065548,51.556528,1,3,2,1,09/03/2005,4,12:05,14,E09000026,3,406,Slip road,30,Giveway or uncontrolled,3,118,None within 50 metres,No physical crossing within 50 meters,Daylight: Street light present,Fine without high winds,Dry,None,None,1,No,E01003728,2005
7341,200501JI40269,544480.0,187940.0,0.083412,51.571769,1,3,2,1,14/04/2005,5,11:45,14,E09000026,5,0,Single carriageway,30,Giveway or uncontrolled,6,0,None within 50 metres,No physical crossing within 50 meters,Daylight: Street light present,Fine without high winds,Dry,None,None,1,No,E01003755,2005
7342,200501JI40270,540930.0,188130.0,0.032298,51.574375,1,3,1,1,12/04/2005,3,08:40,14,E09000026,6,0,Single carriageway,30,Giveway or uncontrolled,6,0,None within 50 metres,No physical crossing within 50 meters,Daylight: Street light present,Fine without high winds,Dry,None,None,1,Yes,E01003796,2005
7343,200501JI40271,540570.0,188360.0,0.027198,51.576531,1,3,1,1,12/04/2005,3,12:22,14,E09000026,5,0,Single carriageway,30,Giveway or uncontrolled,6,0,None within 50 metres,No physical crossing within 50 meters,Daylight: Street light present,Fine without high winds,Dry,None,None,1,Yes,E01003778,2005
7344,200501JI40272,541650.0,188490.0,0.042826,51.577429,1,3,2,1,26/04/2005,3,22:00,14,E09000026,3,406,Dual carriageway,50,None,-1,0,None within 50 metres,No physical crossing within 50 meters,Darkness: Street lights present and lit,Raining without high winds,Wet/Damp,None,None,1,No,E01003675,2005
7345,200501JI40273,542650.0,188970.0,0.057442,51.58149,1,3,2,1,18/04/2005,2,17:55,14,E09000026,6,0,Dual carriageway,30,Giveway or uncontrolled,3,1400,None within 50 metres,No physical crossing within 50 meters,Daylight: Street light present,Fine without high winds,Dry,None,None,1,Yes,E01003681,2005
7346,200501JI40274,546450.0,188000.0,0.111844,51.571801,1,3,2,1,21/04/2005,5,17:30,14,E09000026,4,177,Single carriageway,30,Giveway or uncontrolled,6,0,None within 50 metres,No physical crossing within 50 meters,Daylight: Street light present,Fine without high winds,Dry,None,None,1,Yes,E01003773,2005
7347,200501JI40275,540600.0,188230.0,0.027579,51.575355,1,3,2,1,09/04/2005,7,18:00,14,E09000026,3,12,Dual carriageway,40,None,-1,0,None within 50 metres,No physical crossing within 50 meters,Daylight: Street light present,Fine without high winds,Dry,None,None,1,Yes,E01003789,2005
7348,200501JI40276,545830.0,186340.0,0.102215,51.557045,1,3,2,1,23/04/2005,7,10:28,14,E09000026,6,0,Single carriageway,30,Giveway or uncontrolled,6,0,None within 50 metres,No physical crossing within 50 meters,Daylight: Street light present,Fine without high winds,Dry,None,None,1,Yes,E01003737,2005
7349,200501JI40277,541140.0,190330.0,0.03621,51.594091,1,3,2,1,23/04/2005,7,08:45,14,E09000026,3,406,Roundabout,40,Giveway or uncontrolled,3,113,None within 50 metres,No physical crossing within 50 meters,Daylight: Street light present,Fine without high winds,Dry,None,None,1,Yes,E01003762,2005
7350,200501JI40278,546710.0,192920.0,0.117648,51.615941,1,3,2,1,02/04/2005,7,15:40,14,E09000026,6,0,Single carriageway,30,Giveway or uncontrolled,3,1112,None within 50 metres,No physical crossing within 50 meters,Daylight: Street light present,Fine without high winds,Dry,None,None,1,No,E01003722,2005
7351,200501JI40279,547300.0,187750.0,0.123995,51.569333,1,3,2,1,28/04/2005,5,17:40,14,E09000026,6,0,Single carriageway,30,Giveway or uncontrolled,3,118,None within 50 metres,No physical crossing within 50 meters,Daylight: Street light present,Fine without high winds,Dry,None,None,1,No,E01003661,2005
7352,200501JI40280,540540.0,189460.0,0.027206,51.586423,1,3,4,1,28/04/2005,5,17:00,14,E09000026,3,113,Single carriageway,30,None,-1,0,None within 50 metres,No physical crossing within 50 meters,Daylight: Street light present,Fine without high winds,Dry,None,None,1,Yes,E01003759,2005
7353,200501JI40281,542840.0,188870.0,0.060142,51.580544,1,3,2,1,26/04/2005,3,17:04,14,E09000026,6,0,Dual carriageway,40,Giveway or uncontrolled,3,1400,None within 50 metres,No physical crossing within 50 meters,Daylight: Street light present,Fine without high winds,Dry,None,None,1,Yes,E01003651,2005
7354,200501JI40282,543550.0,186290.0,0.069329,51.55718,1,3,2,1,03/05/2005,3,15:37,14,E09000026,3,118,Single carriageway,30,Giveway or uncontrolled,3,118,None within 50 metres,No physical crossing within 50 meters,Daylight: Street light present,Fine without high winds,Dry,None,None,1,Yes,E01003728,2005
7355,200501JI40283,542650.0,190000.0,0.057861,51.590746,1,3,2,3,11/05/2005,4,14:15,14,E09000026,6,0,Single carriageway,30,Giveway or uncontrolled,6,0,None within 50 metres,No physical crossing within 50 meters,Daylight: Street light present,Fine without high winds,Dry,None,None,1,Yes,E01003679,2005
7356,200501JI40284,544910.0,188300.0,0.089761,51.574894,1,3,1,1,25/04/2005,2,22:12,14,E09000026,3,12,Single carriageway,40,Automatic traffic signal,6,0,None within 50 metres,Pedestrian phase at traffic signal junction,Darkness: Street lights present and lit,Raining without high winds,Wet/Damp,None,None,1,Yes,E01003641,2005
7357,200501JI40285,543280.0,190080.0,0.066981,51.591305,1,3,1,1,29/04/2005,6,19:26,14,E09000026,6,0,Single carriageway,30,Giveway or uncontrolled,5,0,None within 50 metres,No physical crossing within 50 meters,Daylight: Street light present,Fine without high winds,Dry,None,None,1,Yes,E01003712,2005
7358,200501JI40286,542920.0,190750.0,0.062061,51.597416,1,3,2,2,26/04/2005,3,18:18,14,E09000026,6,0,Single carriageway,30,Giveway or uncontrolled,6,0,None within 50 metres,No physical crossing within 50 meters,Daylight: Street light present,Fine without high winds,Dry,None,None,1,Yes,E01003708,2005
7359,200501JI40287,543980.0,185490.0,0.0752,51.549882,1,3,2,2,03/05/2005,3,21:55,14,E09000026,6,0,Single carriageway,30,Giveway or uncontrolled,3,123,None within 50 metres,No physical crossing within 50 meters,Darkness: Street lights present and lit,Fine without high winds,Dry,None,None,1,Yes,E01003731,2005
7360,200501JI40288,544320.0,186600.0,0.080556,51.55977,1,3,1,1,11/05/2005,4,20:20,14,E09000026,3,118,Single carriageway,30,Giveway or uncontrolled,3,118,None within 50 metres,No physical crossing within 50 meters,Darkness: Street lights present and lit,Fine without high winds,Dry,None,None,1,Yes,E01003686,2005
7361,200501JI40289,544280.0,188740.0,0.080857,51.579009,1,3,2,2,09/05/2005,2,08:15,14,E09000026,6,0,Single carriageway,30,Giveway or uncontrolled,6,0,None within 50 metres,No physical crossing within 50 meters,Daylight: Street light present,Fine without high winds,Dry,None,None,1,Yes,E01003643,2005
7362,200501JI40290,543040.0,190090.0,0.063523,51.591455,1,3,2,2,09/05/2005,2,13:30,14,E09000026,5,0,Single carriageway,30,Giveway or uncontrolled,6,0,None within 50 metres,No physical crossing within 50 meters,Daylight: Street light present,Fine without high winds,Dry,None,None,1,Yes,E01003679,2005
7363,200501JI40291,546810.0,189170.0,0.117523,51.58222,1,3,2,1,22/05/2005,1,23:20,14,E09000026,3,12,Dual carriageway,50,Automatic traffic signal,4,177,None within 50 metres,No physical crossing within 50 meters,Darkness: Street lights present and lit,Fine without high winds,Dry,None,None,1,Yes,E01003663,2005
7364,200501JI40292,540280.0,190540.0,0.023887,51.596193,1,3,1,1,25/04/2005,2,16:08,14,E09000026,3,406,Dual carriageway,50,None,-1,0,None within 50 metres,No physical crossing within 50 meters,Daylight: Street light present,Fine without high winds,Dry,None,None,1,Yes,E01003674,2005
7365,200501JI40293,539950.0,190420.0,0.019077,51.595196,1,3,3,1,10/05/2005,3,10:12,14,E09000026,3,406,Dual carriageway,50,None,-1,0,None within 50 metres,No physical crossing within 50 meters,Daylight: Street light present,Fine without high winds,Dry,None,None,1,Yes,E01003673,2005
7366,200501JI40294,543430.0,186300.0,0.067603,51.557301,1,2,1,1,15/05/2005,1,20:20,14,E09000026,3,118,Dual carriageway,30,Giveway or uncontrolled,3,118,None within 50 metres,No physical crossing within 50 meters,Daylight: Street light present,Fine without high winds,Dry,None,None,1,Yes,E01003728,2005
7367,200501JI40295,543270.0,186180.0,0.065248,51.556263,1,3,2,1,25/04/2005,2,22:42,14,E09000026,3,118,Single carriageway,30,Automatic traffic signal,3,406,None within 50 metres,Pedestrian phase at traffic signal junction,Darkness: Street lights present and lit,Raining without high winds,Wet/Damp,None,None,1,Yes,E01003728,2005
7368,200501JI40296,544430.0,191290.0,0.084069,51.601884,1,3,2,1,05/05/2005,5,15:05,14,E09000026,5,0,Single carriageway,30,Automatic traffic signal,3,123,None within 50 metres,Pedestrian phase at traffic signal junction,Daylight: Street light present,Fine without high winds,Dry,None,None,1,Yes,E01003704,2005
7369,200501JI40297,546460.0,188030.0,0.112,51.572067,1,3,2,1,08/05/2005,1,16:12,14,E09000026,4,177,Single carriageway,30,None,-1,0,None within 50 metres,No physical crossing within 50 meters,Daylight: Street light present,Fine without high winds,Dry,None,None,1,Yes,E01003771,2005
7370,200501JI40299,542930.0,188250.0,0.061188,51.57495,1,3,2,1,22/04/2005,6,10:00,14,E09000026,6,0,Single carriageway,30,Giveway or uncontrolled,4,192,None within 50 metres,No physical crossing within 50 meters,Daylight: Street light present,Fine without high winds,Dry,None,None,1,No,E01003696,2005
7371,200501JI40300,541700.0,191300.0,0.044681,51.602667,1,3,2,1,11/04/2005,2,10:15,14,E09000026,6,0,Single carriageway,30,None,-1,0,None within 50 metres,No physical crossing within 50 meters,Daylight: Street light present,Fine without high winds,Dry,None,None,1,No,E01003659,2005
7372,200501JI40301,544540.0,190420.0,0.085298,51.594038,1,3,3,2,19/04/2005,3,17:45,14,E09000026,3,123,Roundabout,30,Giveway or uncontrolled,5,0,None within 50 metres,non-junction pedestrian crossing,Daylight: Street light present,Fine without high winds,Dry,None,None,1,No,E01003700,2005
7373,200501JI40302,540470.0,193260.0,0.027717,51.620587,1,3,2,1,11/04/2005,2,13:15,14,E09000026,3,121,Single carriageway,30,Giveway or uncontrolled,3,104,None within 50 metres,No physical crossing within 50 meters,Daylight: Street light present,Fine without high winds,Dry,None,None,2,No,E01003746,2005
7374,200501JI40304,541480.0,190660.0,0.041248,51.596971,1,3,2,1,18/05/2005,4,16:32,14,E09000026,1,11,Dual carriageway,50,None,-1,0,None within 50 metres,No physical crossing within 50 meters,Daylight: Street light present,Fine without high winds,Dry,None,None,2,Yes,E01003763,2005
7375,200501JI40306,543290.0,188240.0,0.066375,51.574768,1,3,2,1,28/04/2005,5,08:45,14,E09000026,3,123,Single carriageway,30,Giveway or uncontrolled,3,12,None within 50 metres,No physical crossing within 50 meters,Daylight: Street light present,Fine without high winds,Dry,None,None,1,No,E01003690,2005
7376,200501JI40307,540020.0,191860.0,0.020662,51.608119,1,3,2,1,23/04/2005,7,01:20,14,E09000026,3,104,Single carriageway,30,None,-1,0,None within 50 metres,No physical crossing within 50 meters,Darkness: Street lights present and lit,Fine without high winds,Wet/Damp,None,None,1,Yes,E01003750,2005
7377,200501JI40308,544430.0,191370.0,0.084102,51.602603,1,3,2,1,07/05/2005,7,16:00,14,E09000026,6,0,Single carriageway,30,Giveway or uncontrolled,3,123,None within 50 metres,No physical crossing within 50 meters,Daylight: Street light present,Fine without high winds,Dry,None,None,1,No,E01003698,2005
7378,200501JI40309,540470.0,188150.0,0.025672,51.574669,1,3,1,1,09/05/2005,2,09:10,14,E09000026,5,0,Single carriageway,30,Giveway or uncontrolled,6,0,None within 50 metres,No physical crossing within 50 meters,Daylight: Street light present,Fine without high winds,Dry,None,None,1,No,E01003789,2005
7379,200501JI40311,544500.0,188130.0,0.083779,51.573471,1,3,2,2,13/05/2005,6,17:10,14,E09000026,5,0,Dual carriageway,40,Automatic traffic signal,3,12,None within 50 metres,Pedestrian phase at traffic signal junction,Daylight: Street light present,Fine without high winds,Dry,None,None,1,Yes,E01003755,2005
7380,200501JI40312,542530.0,189400.0,0.055886,51.585384,1,3,3,1,17/05/2005,3,18:59,14,E09000026,6,0,Single carriageway,30,Giveway or uncontrolled,6,0,None within 50 metres,No physical crossing within 50 meters,Daylight: Street light present,Fine without high winds,Dry,None,None,1,Yes,E01003681,2005
7381,200501JI40313,547700.0,187580.0,0.129691,51.567701,1,3,3,1,13/05/2005,6,18:14,16,E09000002,5,0,Single carriageway,30,Giveway or uncontrolled,6,0,None within 50 metres,No physical crossing within 50 meters,Daylight: Street light present,Fine without high winds,Dry,None,None,1,Yes,E01003717,2005
7382,200501JI40314,539960.0,191020.0,0.019461,51.600585,1,3,2,1,07/05/2005,7,17:45,14,E09000026,3,11,Single carriageway,30,Giveway or uncontrolled,6,0,None within 50 metres,No physical crossing within 50 meters,Daylight: Street light present,Fine without high winds,Dry,None,None,1,Yes,E01003669,2005
7383,200501JI40315,545000.0,186930.0,0.090494,51.56256,1,3,1,1,18/05/2005,4,14:40,14,E09000026,3,118,Single carriageway,30,None,-1,0,None within 50 metres,Zebra crossing,Daylight: Street light present,Fine without high winds,Dry,None,None,1,Yes,E01003687,2005
7384,200501JI40316,543310.0,187240.0,0.066256,51.565778,1,2,1,1,18/05/2005,4,20:45,14,E09000026,3,123,Single carriageway,30,None,-1,0,None within 50 metres,No physical crossing within 50 meters,Daylight: Street light present,Fine without high winds,Dry,None,None,1,Yes,E01003788,2005
7385,200501JI40317,543650.0,185800.0,0.07057,51.552752,1,3,2,1,11/05/2005,4,14:00,14,E09000026,6,0,Single carriageway,30,Giveway or uncontrolled,6,0,None within 50 metres,No physical crossing within 50 meters,Daylight: Street light present,Fine without high winds,Dry,None,None,1,No,E01003729,2005
7386,200501JI40318,546750.0,186840.0,0.115685,51.561299,1,3,2,1,13/05/2005,6,00:40,14,E09000026,6,0,Single carriageway,30,Giveway or uncontrolled,6,0,None within 50 metres,No physical crossing within 50 meters,Darkness: Street lights present and lit,Fine without high winds,Dry,None,None,1,Yes,E01003719,2005
7387,200501JI40319,541940.0,191550.0,0.048245,51.604853,1,3,2,1,28/04/2005,5,13:13,14,E09000026,3,113,Single carriageway,30,Giveway or uncontrolled,3,113,None within 50 metres,No physical crossing within 50 meters,Daylight: Street light present,Fine without high winds,Wet/Damp,None,None,2,Yes,E01003656,2005
7388,200501JI40320,543740.0,185540.0,0.071761,51.550393,1,3,2,1,24/05/2005,3,00:01,14,E09000026,6,0,Single carriageway,30,Giveway or uncontrolled,6,0,None within 50 metres,No physical crossing within 50 meters,Darkness: Street lights present and lit,Fine without high winds,Dry,None,None,1,Yes,E01003729,2005
7389,200501JI40321,539580.0,190990.0,0.013966,51.60041,1,3,1,1,17/05/2005,3,08:13,14,E09000026,3,104,Single carriageway,30,Giveway or uncontrolled,3,104,None within 50 metres,No physical crossing within 50 meters,Daylight: Street light present,Fine without high winds,Dry,None,None,1,Yes,E01003669,2005
7390,200501JI40322,540270.0,188750.0,0.023027,51.58011,1,3,2,1,22/05/2005,1,12:45,14,E09000026,3,113,Single carriageway,30,Giveway or uncontrolled,5,0,None within 50 metres,No physical crossing within 50 meters,Daylight: Street light present,Fine without high winds,Dry,None,None,1,Yes,E01003778,2005
7391,200501JI40323,544520.0,187300.0,0.083726,51.566008,1,3,2,1,17/05/2005,3,18:15,14,E09000026,5,0,Single carriageway,30,Automatic traffic signal,6,0,None within 50 metres,Pedestrian phase at traffic signal junction,Daylight: Street light present,Fine without high winds,Dry,None,None,1,Yes,E01003758,2005
7392,200501JI40324,544340.0,185950.0,0.080577,51.553924,1,3,3,1,16/05/2005,2,21:03,14,E09000026,6,0,Single carriageway,30,Giveway or uncontrolled,6,0,None within 50 metres,No physical crossing within 50 meters,Darkness: Street lights present and lit,Fine without high winds,Wet/Damp,None,None,1,Yes,E01003683,2005
7393,200501JI40325,544540.0,189380.0,0.08487,51.584693,1,3,2,1,16/05/2005,2,18:02,14,E09000026,5,0,Single carriageway,30,Giveway or uncontrolled,6,0,None within 50 metres,No physical crossing within 50 meters,Daylight: Street light present,Fine without high winds,Dry,None,None,1,Yes,E01003639,2005
7394,200501JI40327,544380.0,187970.0,0.081983,51.572064,1,3,2,1,11/05/2005,4,13:30,14,E09000026,6,0,Single carriageway,30,Giveway or uncontrolled,6,0,None within 50 metres,No physical crossing within 50 meters,Daylight: Street light present,Fine without high winds,Dry,None,None,1,Yes,E01003755,2005
7395,200501JI40328,541850.0,191440.0,0.046902,51.603887,1,3,3,2,16/05/2005,2,15:30,14,E09000026,3,113,Single carriageway,30,None,-1,0,None within 50 metres,No physical crossing within 50 meters,Daylight: Street light present,Raining without high winds,Wet/Damp,None,None,1,Yes,E01003659,2005
7396,200501JI40329,546650.0,191450.0,0.116168,51.602748,1,3,3,2,24/05/2005,3,08:10,14,E09000026,5,0,Single carriageway,30,Automatic traffic signal,5,0,None within 50 metres,Pedestrian phase at traffic signal junction,Daylight: Street light present,Fine without high winds,Dry,None,None,2,Yes,E01003640,2005
7397,200501JI40331,543510.0,188230.0,0.069544,51.574623,1,3,1,1,15/05/2005,1,18:25,14,E09000026,6,0,Single carriageway,30,Giveway or uncontrolled,6,0,None within 50 metres,No physical crossing within 50 meters,Daylight: Street light present,Fine without high winds,Dry,None,None,1,Yes,E01003690,2005
7398,200501JI40332,545290.0,186170.0,0.094361,51.555657,1,3,1,1,16/05/2005,2,15:30,14,E09000026,5,0,Single carriageway,30,None,-1,0,None within 50 metres,No physical crossing within 50 meters,Daylight: Street light present,Fine without high winds,Dry,None,None,1,Yes,E01003740,2005
7399,200501JI40333,543670.0,186490.0,0.07114,51.558947,1,3,2,1,09/05/2005,2,10:30,14,E09000026,6,0,Single carriageway,30,None,-1,0,None within 50 metres,No physical crossing within 50 meters,Daylight: Street light present,Fine without high winds,Dry,None,None,1,No,E01003689,2005
7400,200501JI40334,541180.0,190130.0,0.036707,51.592284,1,3,3,3,17/04/2005,1,12:40,14,E09000026,3,406,Dual carriageway,50,None,-1,0,None within 50 metres,No physical crossing within 50 meters,Daylight: Street light present,Fine without high winds,Dry,None,None,1,No,E01003764,2005
7401,200501JI40335,546800.0,189150.0,0.117371,51.582043,1,3,2,1,11/05/2005,4,17:20,14,E09000026,4,177,Single carriageway,30,Giveway or uncontrolled,3,12,None within 50 metres,No physical crossing within 50 meters,Daylight: Street light present,Fine without high winds,Dry,None,None,1,No,E01003770,2005
7402,200501JI40336,541860.0,188320.0,0.045786,51.575849,1,3,1,1,30/05/2005,2,08:44,14,E09000026,3,12,Dual carriageway,50,Giveway or uncontrolled,3,406,None within 50 metres,No physical crossing within 50 meters,Daylight: Street light present,Raining without high winds,Wet/Damp,None,None,1,Yes,E01003697,2005
7403,200501JI40337,543340.0,186250.0,0.066285,51.556874,1,3,2,1,30/05/2005,2,06:35,14,E09000026,3,118,Dual carriageway,30,Automatic traffic signal,3,118,None within 50 metres,Pedestrian phase at traffic signal junction,Daylight: Street light present,Raining without high winds,Wet/Damp,None,None,1,Yes,E01003728,2005
7404,200501JI40339,540450.0,186970.0,0.024912,51.564071,1,3,2,2,16/05/2005,2,05:50,14,E09000026,3,114,Single carriageway,30,Giveway or uncontrolled,3,116,None within 50 metres,No physical crossing within 50 meters,Darkness: Street lights present and lit,Fine without high winds,Dry,None,None,1,Yes,E01003791,2005
7405,200501JI40341,539950.0,188730.0,0.018404,51.58001,1,3,2,1,23/05/2005,2,16:46,14,E09000026,3,11,Single carriageway,30,Giveway or uncontrolled,6,0,None within 50 metres,No physical crossing within 50 meters,Daylight: Street light present,Fine without high winds,Dry,None,None,1,Yes,E01003776,2005
7406,200501JI40343,544520.0,187770.0,0.083919,51.570231,1,3,1,1,23/05/2005,2,15:30,14,E09000026,5,0,Single carriageway,30,Giveway or uncontrolled,6,0,None within 50 metres,No physical crossing within 50 meters,Daylight: Street light present,Fine without high winds,Dry,None,None,1,Yes,E01003756,2005
7407,200501JI40344,543320.0,188440.0,0.066889,51.576558,1,3,2,1,23/05/2005,2,12:20,14,E09000026,3,12,Dual carriageway,50,Giveway or uncontrolled,3,123,None within 50 metres,No physical crossing within 50 meters,Daylight: Street light present,Fine without high winds,Dry,None,None,1,Yes,E01003647,2005
7408,200501JI40345,546830.0,187580.0,0.117148,51.567928,1,3,2,1,27/05/2005,6,16:00,14,E09000026,3,118,Single carriageway,30,None,-1,0,None within 50 metres,No physical crossing within 50 meters,Daylight: Street light present,Fine without high winds,Dry,None,None,1,No,E01003773,2005
7409,200501JI40347,541140.0,190330.0,0.03621,51.594091,1,3,2,1,02/06/2005,5,23:55,14,E09000026,3,113,Roundabout,40,Giveway or uncontrolled,3,406,None within 50 metres,No physical crossing within 50 meters,Darkness: Street lights present and lit,Fine without high winds,Dry,None,None,1,Yes,E01003762,2005
7410,200501JI40348,544000.0,190050.0,0.077356,51.590852,1,3,2,1,16/05/2005,2,11:30,14,E09000026,5,0,Roundabout,30,Giveway or uncontrolled,5,0,None within 50 metres,No physical crossing within 50 meters,Daylight: Street light present,Fine without high winds,Dry,None,None,1,No,E01003711,2005
7411,200501JI40349,542990.0,187330.0,0.061679,51.566668,1,3,3,1,21/05/2005,7,21:30,14,E09000026,5,0,Single carriageway,30,Giveway or uncontrolled,6,0,None within 50 metres,No physical crossing within 50 meters,Darkness: Street lights present and lit,Fine without high winds,Dry,None,None,1,No,E01003695,2005
7412,200501JI40350,547730.0,187920.0,0.130267,51.570748,1,3,2,1,29/04/2005,6,15:00,14,E09000026,3,118,Single carriageway,30,Giveway or uncontrolled,3,118,None within 50 metres,No physical crossing within 50 meters,Daylight: Street light present,Fine without high winds,Dry,None,None,1,No,E01000032,2005
7413,200501JI40351,545150.0,191570.0,0.094574,51.604215,1,3,3,2,26/05/2005,5,08:40,14,E09000026,5,0,Single carriageway,30,Giveway or uncontrolled,6,0,None within 50 metres,No physical crossing within 50 meters,Daylight: Street light present,Fine without high winds,Dry,None,None,1,Yes,E01003721,2005
7414,200501JI40352,547220.0,189620.0,0.123625,51.586156,1,3,2,1,13/05/2005,6,15:25,14,E09000026,5,0,Single carriageway,30,Giveway or uncontrolled,6,0,None within 50 metres,No physical crossing within 50 meters,Daylight: Street light present,Fine without high winds,Dry,None,None,2,Yes,E01003640,2005
7415,200501JI40353,541420.0,189240.0,0.039811,51.584226,1,3,2,1,28/05/2005,7,05:45,14,E09000026,3,406,Dual carriageway,50,None,-1,0,None within 50 metres,No physical crossing within 50 meters,Daylight: Street light present,Fine without high winds,Dry,None,None,1,Yes,E01003794,2005
7416,200501JI40354,545890.0,187020.0,0.103362,51.56314,1,3,2,1,03/06/2005,6,18:18,14,E09000026,6,0,Single carriageway,30,Giveway or uncontrolled,6,0,None within 50 metres,No physical crossing within 50 meters,Daylight: Street light present,Raining without high winds,Wet/Damp,None,None,1,Yes,E01003715,2005
7417,200501JI40355,544530.0,187390.0,0.083907,51.566814,1,3,2,2,31/05/2005,3,15:10,14,E09000026,5,0,Single carriageway,30,Automatic traffic signal,5,0,None within 50 metres,Pedestrian phase at traffic signal junction,Daylight: Street light present,Fine without high winds,Dry,None,None,1,Yes,E01003756,2005
7418,200501JI40356,543250.0,188420.0,0.065872,51.576396,1,3,2,1,23/05/2005,2,17:20,14,E09000026,3,12,Roundabout,40,Giveway or uncontrolled,3,12,None within 50 metres,No physical crossing within 50 meters,Daylight: Street light present,Fine without high winds,Dry,None,None,1,No,E01003690,2005
7419,200501JI40357,541650.0,190130.0,0.043487,51.592166,1,3,2,2,11/05/2005,4,11:10,14,E09000026,3,1400,Dual carriageway,30,None,-1,0,None within 50 metres,No physical crossing within 50 meters,Daylight: Street light present,Fine without high winds,Dry,None,None,1,No,E01003763,2005
7420,200501JI40358,541570.0,188750.0,0.041777,51.579785,1,3,3,1,25/05/2005,4,09:15,14,E09000026,3,406,Dual carriageway,50,None,-1,0,None within 50 metres,No physical crossing within 50 meters,Daylight: Street light present,Fine without high winds,Dry,None,None,1,Yes,E01003794,2005
7421,200501JI40359,540540.0,190090.0,0.027458,51.592084,1,3,1,2,01/06/2005,4,19:57,14,E09000026,5,0,Single carriageway,30,None,-1,0,None within 50 metres,Zebra crossing,Daylight: Street light present,Raining without high winds,Wet/Damp,None,None,1,Yes,E01003668,2005
7422,200501JI40360,544500.0,190370.0,0.0847,51.593599,1,3,2,1,28/05/2005,7,19:07,14,E09000026,5,0,Roundabout,30,Giveway or uncontrolled,3,123,None within 50 metres,No physical crossing within 50 meters,Daylight: Street light present,Fine without high winds,Dry,None,None,1,Yes,E01003705,2005
7423,200501JI40361,544450.0,191220.0,0.084329,51.60125,1,2,1,1,02/06/2005,5,18:40,14,E09000026,3,123,Single carriageway,30,None,-1,0,None within 50 metres,No physical crossing within 50 meters,Daylight: Street light present,Fine without high winds,Dry,None,None,1,Yes,E01003704,2005
7424,200501JI40362,546520.0,191360.0,0.114254,51.601973,1,3,2,1,16/05/2005,2,15:57,14,E09000026,5,0,Roundabout,30,Giveway or uncontrolled,5,0,None within 50 metres,No physical crossing within 50 meters,Daylight: Street light present,Fine without high winds,Dry,Roadworks,None,2,Yes,E01003640,2005
7425,200501JI40363,546240.0,192000.0,0.110481,51.607797,1,3,2,2,26/05/2005,5,11:52,14,E09000026,5,0,Single carriageway,30,Automatic traffic signal,5,0,None within 50 metres,Pedestrian phase at traffic signal junction,Daylight: Street light present,Fine without high winds,Dry,None,None,1,Yes,E01003723,2005
7426,200501JI40364,542020.0,189910.0,0.048736,51.590096,1,3,1,1,27/05/2005,6,15:42,14,E09000026,3,1400,Single carriageway,30,Automatic traffic signal,5,0,None within 50 metres,No physical crossing within 50 meters,Daylight: Street light present,Fine without high winds,Dry,None,None,1,Yes,E01003681,2005
7427,200501JI40366,540400.0,193010.0,0.026606,51.618358,1,3,2,1,17/05/2005,3,16:10,14,E09000026,3,110,Single carriageway,30,Automatic traffic signal,3,104,None within 50 metres,No physical crossing within 50 meters,Daylight: Street light present,Fine without high winds,Dry,None,None,2,No,E01003746,2005
7428,200501JI40367,540660.0,189940.0,0.029129,51.590706,1,3,1,1,18/05/2005,4,17:35,14,E09000026,4,168,Dual carriageway,30,None,-1,0,None within 50 metres,No physical crossing within 50 meters,Daylight: Street light present,Fine without high winds,Dry,None,None,1,No,E01003764,2005
7429,200501JI40369,543920.0,185620.0,0.074388,51.551066,1,3,2,1,30/05/2005,2,09:55,14,E09000026,6,0,Single carriageway,30,Giveway or uncontrolled,3,123,None within 50 metres,No physical crossing within 50 meters,Daylight: Street light present,Fine without high winds,Dry,None,None,1,No,E01003729,2005
7430,200501JI40370,546560.0,188550.0,0.113659,51.576714,1,3,2,1,27/05/2005,6,08:10,14,E09000026,4,177,Single carriageway,30,Giveway or uncontrolled,6,0,None within 50 metres,No physical crossing within 50 meters,Daylight: Street light present,Fine without high winds,Dry,None,None,1,No,E01003770,2005
7431,200501JI40371,544480.0,187980.0,0.083429,51.572129,1,3,2,1,01/06/2005,4,15:45,14,E09000026,5,0,Single carriageway,30,None,-1,0,None within 50 metres,No physical crossing within 50 meters,Daylight: Street light present,Fine without high winds,Dry,None,None,1,No,E01003755,2005
7432,200501JI40372,541020.0,191310.0,0.034872,51.602927,1,3,3,2,01/06/2005,4,16:15,14,E09000026,5,0,Dual carriageway,30,Automatic traffic signal,3,1009,None within 50 metres,No physical crossing within 50 meters,Daylight: Street light present,Fine without high winds,Dry,None,None,1,Yes,E01003654,2005
7433,200501JI40373,545520.0,189100.0,0.098889,51.581925,1,3,2,3,29/05/2005,1,11:15,14,E09000026,6,0,Single carriageway,30,None,-1,0,None within 50 metres,No physical crossing within 50 meters,Daylight: Street light present,Fine without high winds,Dry,None,None,1,Yes,E01003641,2005
7434,200501JI40374,544450.0,190240.0,0.083925,51.592444,1,3,1,1,17/05/2005,3,14:00,14,E09000026,3,123,Single carriageway,30,None,-1,0,None within 50 metres,No physical crossing within 50 meters,Daylight: Street light present,Fine without high winds,Dry,None,None,1,Yes,E01003705,2005
7435,200501JI40375,542680.0,188980.0,0.057879,51.581573,1,3,2,1,03/06/2005,6,21:05,14,E09000026,3,1400,Roundabout,40,Giveway or uncontrolled,4,192,None within 50 metres,Pedestrian phase at traffic signal junction,Darkness: Street lights present and lit,Fine without high winds,Wet/Damp,None,None,1,Yes,E01003646,2005
7436,200501JI40376,546810.0,189170.0,0.117523,51.58222,1,3,2,1,16/05/2005,2,22:40,14,E09000026,3,12,Dual carriageway,50,Automatic traffic signal,4,177,None within 50 metres,Pedestrian phase at traffic signal junction,Darkness: Street lights present and lit,Raining without high winds,Wet/Damp,None,None,1,Yes,E01003663,2005
7437,200501JI40377,540090.0,191870.0,0.021676,51.608191,1,3,2,1,13/05/2005,6,17:25,14,E09000026,3,1009,Single carriageway,30,None,-1,0,None within 50 metres,No physical crossing within 50 meters,Daylight: Street light present,Fine without high winds,Dry,None,None,1,Yes,E01003750,2005
7438,200501JI40378,543850.0,185110.0,0.073171,51.546501,1,3,1,1,15/05/2005,1,13:00,14,E09000026,6,0,Single carriageway,30,Giveway or uncontrolled,6,0,None within 50 metres,No physical crossing within 50 meters,Daylight: Street light present,Fine without high winds,Dry,None,None,1,Yes,E01003734,2005
7439,200501JI40379,545160.0,186990.0,0.092826,51.563058,1,3,2,1,28/05/2005,7,16:30,14,E09000026,3,118,Single carriageway,30,None,-1,0,None within 50 metres,No physical crossing within 50 meters,Daylight: Street light present,Fine without high winds,Dry,None,None,1,No,E01003714,2005
7440,200501JI40380,546280.0,187890.0,0.109347,51.570856,1,3,2,1,30/05/2005,2,20:54,14,E09000026,6,0,Single carriageway,30,Giveway or uncontrolled,6,0,None within 50 metres,No physical crossing within 50 meters,Daylight: Street light present,Fine without high winds,Dry,None,None,1,No,E01003771,2005
7441,200501JI40381,545580.0,188670.0,0.099576,51.578046,1,3,2,1,01/06/2005,4,18:00,14,E09000026,5,0,Dual carriageway,40,Automatic traffic signal,3,12,None within 50 metres,No physical crossing within 50 meters,Daylight: Street light present,Raining without high winds,Wet/Damp,None,None,1,Yes,E01003641,2005
7442,200501JI40382,539570.0,191000.0,0.013826,51.600502,1,3,2,1,25/05/2005,4,09:45,14,E09000026,3,104,Single carriageway,30,Giveway or uncontrolled,3,104,None within 50 metres,Zebra crossing,Daylight: Street light present,Fine without high winds,Dry,None,None,1,Yes,E01004377,2005
7443,200501JI40383,545540.0,187040.0,0.098325,51.56341,1,3,5,1,29/05/2005,1,14:29,14,E09000026,6,0,Single carriageway,30,None,-1,0,None within 50 metres,No physical crossing within 50 meters,Daylight: Street light present,Fine without high winds,Dry,None,None,1,Yes,E01003714,2005
7444,200501JI40384,540460.0,192480.0,0.02726,51.61358,1,3,2,1,01/06/2005,4,11:30,14,E09000026,6,0,Single carriageway,30,Giveway or uncontrolled,6,0,None within 50 metres,No physical crossing within 50 meters,Daylight: Street light present,Fine without high winds,Dry,None,None,1,No,E01003748,2005
7445,200501JI40385,546730.0,187540.0,0.115689,51.567594,1,3,2,1,27/05/2005,6,16:32,14,E09000026,6,0,Single carriageway,30,Automatic traffic signal,3,118,None within 50 metres,No physical crossing within 50 meters,Daylight: Street light present,Fine without high winds,Dry,None,None,1,Yes,E01003769,2005
7446,200501JI40386,544340.0,187610.0,0.081258,51.56884,1,3,1,1,05/05/2005,5,15:50,14,E09000026,6,0,Single carriageway,30,Giveway or uncontrolled,6,0,None within 50 metres,No physical crossing within 50 meters,Daylight: Street light present,Fine without high winds,Dry,None,None,1,No,E01003786,2005
7447,200501JI40387,540080.0,188260.0,0.020092,51.575754,1,3,2,1,06/06/2005,2,16:33,14,E09000026,6,0,Single carriageway,30,None,-1,0,None within 50 metres,No physical crossing within 50 meters,Daylight: Street light present,Fine without high winds,Dry,None,None,1,Yes,E01003779,2005
7448,200501JI40389,543980.0,186550.0,0.075634,51.559407,1,2,2,1,09/06/2005,5,08:32,14,E09000026,6,0,Single carriageway,30,Automatic traffic signal,6,0,None within 50 metres,Pedestrian phase at traffic signal junction,Daylight: Street light present,Fine without high winds,Dry,None,None,1,Yes,E01003687,2005
7449,200501JI40390,542440.0,187210.0,0.0537,51.565728,1,3,1,1,14/06/2005,3,12:35,14,E09000026,3,406,Single carriageway,50,None,-1,0,None within 50 metres,No physical crossing within 50 meters,Daylight: Street light present,Fine without high winds,Dry,None,None,1,Yes,E01003693,2005
7450,200501JI40391,543560.0,186410.0,0.069522,51.558256,1,3,1,1,05/06/2005,1,13:39,14,E09000026,3,118,Single carriageway,30,Automatic traffic signal,3,123,None within 50 metres,Pedestrian phase at traffic signal junction,Daylight: Street light present,Fine without high winds,Dry,None,None,1,Yes,E01003728,2005
7451,200501JI40392,540150.0,190450.0,0.021975,51.595416,1,3,2,1,15/06/2005,4,20:40,14,E09000026,6,0,Dual carriageway,30,Automatic traffic signal,3,11,None within 50 metres,No physical crossing within 50 meters,Daylight: Street light present,Fine without high winds,Dry,None,None,1,Yes,E01003673,2005
7452,200501JI40394,542720.0,186780.0,0.057563,51.561794,1,3,2,1,04/06/2005,7,07:25,14,E09000026,3,406,Dual carriageway,50,None,-1,0,None within 50 metres,No physical crossing within 50 meters,Daylight: Street light present,Fine without high winds,Dry,None,None,1,Yes,E01003785,2005
7453,200501JI40395,546580.0,186700.0,0.113176,51.560086,1,3,2,1,07/06/2005,3,21:11,14,E09000026,6,0,Single carriageway,30,Giveway or uncontrolled,6,0,None within 50 metres,No physical crossing within 50 meters,Darkness: Street lights present and lit,Fine without high winds,Dry,None,None,1,Yes,E01003719,2005
7454,200501JI40397,543930.0,185720.0,0.074573,51.551962,1,3,2,1,10/06/2005,6,15:55,14,E09000026,6,0,Single carriageway,30,None,-1,0,None within 50 metres,No physical crossing within 50 meters,Daylight: Street light present,Fine without high winds,Dry,None,None,1,No,E01003730,2005
7455,200501JI40398,546260.0,186160.0,0.108339,51.555317,1,3,2,1,24/05/2005,3,07:21,14,E09000026,6,0,Single carriageway,30,Giveway or uncontrolled,4,177,None within 50 metres,No physical crossing within 50 meters,Daylight: Street light present,Fine without high winds,Dry,None,None,1,No,E01003716,2005
7456,200501JI40399,544000.0,185370.0,0.075439,51.548799,1,2,1,1,10/06/2005,6,17:35,14,E09000026,3,123,Single carriageway,30,Giveway or uncontrolled,6,0,None within 50 metres,Zebra crossing,Daylight: Street light present,Fine without high winds,Dry,None,None,1,Yes,E01003733,2005
7457,200501JI40400,546630.0,188820.0,0.114781,51.579122,1,3,2,1,02/06/2005,5,18:15,14,E09000026,6,0,Single carriageway,30,Giveway or uncontrolled,4,177,None within 50 metres,No physical crossing within 50 meters,Daylight: Street light present,Fine without high winds,Dry,None,None,1,Yes,E01003770,2005
7458,200501JI40402,540770.0,188200.0,0.030019,51.575043,1,3,2,1,03/06/2005,6,18:50,14,E09000026,6,0,Single carriageway,30,Giveway or uncontrolled,6,0,None within 50 metres,No physical crossing within 50 meters,Daylight: Street light present,Fine without high winds,Dry,None,None,1,Yes,E01003789,2005
7459,200501JI40403,544500.0,187170.0,0.083384,51.564845,1,3,2,2,27/05/2005,6,12:30,14,E09000026,5,0,Single carriageway,30,Giveway or uncontrolled,6,0,None within 50 metres,No physical crossing within 50 meters,Daylight: Street light present,Fine without high winds,Dry,None,None,1,Yes,E01003758,2005
7460,200501JI40405,547170.0,187130.0,0.121861,51.563796,1,3,1,1,07/06/2005,3,15:08,14,E09000026,6,0,Single carriageway,30,Giveway or uncontrolled,6,0,None within 50 metres,No physical crossing within 50 meters,Daylight: Street light present,Fine without high winds,Dry,None,None,1,Yes,E01003717,2005
7461,200501JI40406,540160.0,188540.0,0.021357,51.578251,1,3,2,3,19/06/2005,1,19:15,14,E09000026,6,0,Single carriageway,30,Giveway or uncontrolled,3,113,None within 50 metres,No physical crossing within 50 meters,Darkness: Street lights present and lit,Fine without high winds,Dry,None,None,1,No,E01003778,2005
7462,200501JI40407,544490.0,187870.0,0.083528,51.571138,1,3,2,1,19/05/2005,5,18:45,14,E09000026,5,0,Single carriageway,30,Giveway or uncontrolled,6,0,None within 50 metres,No physical crossing within 50 meters,Daylight: Street light present,Fine without high winds,Dry,None,None,1,Yes,E01003755,2005
7463,200501JI40408,547290.0,188480.0,0.124157,51.575895,1,3,3,1,15/06/2005,4,09:00,14,E09000026,6,0,Roundabout,30,Giveway or uncontrolled,6,0,None within 50 metres,No physical crossing within 50 meters,Daylight: Street light present,Raining without high winds,Wet/Damp,None,None,1,Yes,E01003665,2005
7464,200501JI40409,544520.0,189190.0,0.084503,51.582991,1,3,1,1,23/06/2005,5,08:15,14,E09000026,5,0,Single carriageway,30,None,-1,0,None within 50 metres,No physical crossing within 50 meters,Daylight: Street light present,Fine without high winds,Dry,None,None,1,Yes,E01003639,2005
7465,200501JI40411,544290.0,190690.0,0.081802,51.596528,1,3,2,1,28/05/2005,7,16:56,14,E09000026,5,0,Single carriageway,30,Giveway or uncontrolled,6,0,None within 50 metres,No physical crossing within 50 meters,Daylight: Street light present,Fine without high winds,Dry,None,None,1,Yes,E01003700,2005
7466,200501JI40413,541590.0,188320.0,0.041892,51.575917,1,3,3,2,20/06/2005,2,17:44,14,E09000026,3,12,Dual carriageway,40,Giveway or uncontrolled,3,406,None within 50 metres,No physical crossing within 50 meters,Daylight: Street light present,Fine without high winds,Dry,None,None,1,Yes,E01003697,2005
7467,200501JI40414,540840.0,190460.0,0.031934,51.595334,1,3,3,1,23/06/2005,5,09:00,14,E09000026,3,406,Dual carriageway,50,None,-1,0,None within 50 metres,No physical crossing within 50 meters,Daylight: Street light present,Fine without high winds,Dry,None,None,1,Yes,E01003765,2005
7468,200501JI40415,544430.0,187040.0,0.082322,51.563695,1,3,2,1,04/06/2005,7,13:50,14,E09000026,5,0,Single carriageway,30,Giveway or uncontrolled,6,0,None within 50 metres,No physical crossing within 50 meters,Daylight: Street light present,Fine without high winds,Dry,None,None,1,Yes,E01003758,2005
7469,200501JI40417,541770.0,191300.0,0.045691,51.602649,1,3,2,1,13/06/2005,2,16:15,14,E09000026,3,113,Single carriageway,30,None,-1,0,None within 50 metres,No physical crossing within 50 meters,Daylight: Street light present,Fine without high winds,Dry,None,None,1,Yes,E01003659,2005
7470,200501JI40418,543290.0,188230.0,0.066371,51.574679,1,3,2,1,25/06/2005,7,17:17,14,E09000026,6,0,Single carriageway,30,Giveway or uncontrolled,3,123,None within 50 metres,No physical crossing within 50 meters,Daylight: Street light present,Fine without high winds,Dry,None,None,1,Yes,E01003690,2005
7471,200501JI40419,545330.0,187840.0,0.095628,51.570652,1,3,1,1,01/06/2005,4,15:33,14,E09000026,5,0,Single carriageway,30,None,-1,0,None within 50 metres,No physical crossing within 50 meters,Daylight: Street light present,Raining without high winds,Wet/Damp,None,None,1,Yes,E01003768,2005
7472,200501JI40420,543010.0,190090.0,0.063091,51.591463,1,3,2,1,24/06/2005,6,14:45,14,E09000026,5,0,Single carriageway,30,Giveway or uncontrolled,6,0,None within 50 metres,No physical crossing within 50 meters,Daylight: Street light present,Fine without high winds,Dry,None,None,1,Yes,E01003679,2005
7473,200501JI40422,543450.0,190070.0,0.06943,51.591172,1,3,1,1,27/06/2005,2,14:49,14,E09000026,5,0,Single carriageway,30,Giveway or uncontrolled,6,0,None within 50 metres,No physical crossing within 50 meters,Daylight: Street light present,Fine without high winds,Dry,None,None,1,Yes,E01003712,2005
7474,200501JI40423,542000.0,188330.0,0.047809,51.575903,1,2,2,1,21/06/2005,3,12:00,14,E09000026,3,12,Dual carriageway,40,None,-1,0,None within 50 metres,No physical crossing within 50 meters,Daylight: Street light present,Fine without high winds,Dry,Roadworks,None,1,Yes,E01003697,2005
7475,200501JI40424,546670.0,185760.0,0.114082,51.551616,1,3,2,2,30/06/2005,5,13:00,16,E09000002,5,0,Single carriageway,30,Automatic traffic signal,3,124,None within 50 metres,Pedestrian phase at traffic signal junction,Daylight: Street light present,Fine without high winds,Dry,None,None,1,Yes,E01000021,2005
7476,200501JI40425,540480.0,188160.0,0.02582,51.574756,1,3,2,2,07/01/2005,6,13:50,14,E09000026,5,0,Single carriageway,30,Giveway or uncontrolled,6,0,None within 50 metres,No physical crossing within 50 meters,Daylight: Street light present,Fine without high winds,Dry,None,None,1,No,E01003789,2005
7477,200501JI40426,543330.0,186230.0,0.066133,51.556697,1,3,2,1,11/06/2005,7,17:35,14,E09000026,3,118,Single carriageway,30,Giveway or uncontrolled,3,118,None within 50 metres,No physical crossing within 50 meters,Daylight: Street light present,Fine without high winds,Dry,None,None,1,No,E01003728,2005
7478,200501JI40427,545260.0,192310.0,0.096467,51.610836,1,3,1,1,28/05/2005,7,15:00,14,E09000026,5,0,One way street,30,None,-1,0,None within 50 metres,No physical crossing within 50 meters,Daylight: Street light present,Fine without high winds,Dry,None,None,1,No,E01003724,2005
7479,200501JI40428,540270.0,188750.0,0.023027,51.58011,1,2,2,3,20/06/2005,2,08:05,14,E09000026,5,0,Single carriageway,30,Automatic traffic signal,3,113,None within 50 metres,Pedestrian phase at traffic signal junction,Daylight: Street light present,Fine without high winds,Dry,None,None,1,Yes,E01003778,2005
7480,200501JI40429,542880.0,188410.0,0.060532,51.5764,1,3,2,2,11/06/2005,7,13:00,14,E09000026,3,12,Single carriageway,30,Automatic traffic signal,4,192,None within 50 metres,Pedestrian phase at traffic signal junction,Daylight: Street light present,Fine without high winds,Dry,None,None,1,No,E01003696,2005
7481,200501JI40430,544310.0,185620.0,0.080009,51.550966,1,3,2,1,25/06/2005,7,14:15,14,E09000026,6,0,Roundabout,30,Giveway or uncontrolled,6,0,None within 50 metres,No physical crossing within 50 meters,Daylight: Street light present,Fine without high winds,Dry,None,None,1,No,E01003731,2005
7482,200501JI40431,543480.0,190250.0,0.069936,51.592781,1,3,4,2,29/06/2005,4,07:20,14,E09000026,6,0,Single carriageway,30,Giveway or uncontrolled,6,0,None within 50 metres,No physical crossing within 50 meters,Daylight: Street light present,Fine without high winds,Dry,None,None,1,Yes,E01003709,2005
7483,200501JI40432,543280.0,186210.0,0.065404,51.55653,1,3,2,2,15/06/2005,4,20:00,14,E09000026,3,406,Roundabout,30,Giveway or uncontrolled,3,118,None within 50 metres,No physical crossing within 50 meters,Darkness: Street lights present and lit,Fine without high winds,Dry,None,None,1,No,E01003728,2005
7484,200501JI40433,546200.0,187370.0,0.107977,51.566205,1,3,1,1,03/07/2005,1,00:31,14,E09000026,3,118,Single carriageway,30,Giveway or uncontrolled,6,0,None within 50 metres,No physical crossing within 50 meters,Darkness: Street lights present and lit,Fine without high winds,Dry,None,None,1,Yes,E01003769,2005
7485,200501JI40434,542690.0,188960.0,0.058015,51.58139,1,3,1,1,03/07/2005,1,16:57,14,E09000026,3,1400,Roundabout,30,Giveway or uncontrolled,4,192,None within 50 metres,No physical crossing within 50 meters,Daylight: Street light present,Fine without high winds,Dry,None,None,1,Yes,E01003646,2005
7486,200501JI40435,544100.0,186810.0,0.07747,51.561713,1,3,2,1,03/06/2005,6,17:20,14,E09000026,5,0,Roundabout,30,Giveway or uncontrolled,5,0,None within 50 metres,No physical crossing within 50 meters,Daylight: Street light present,Raining without high winds,Wet/Damp,None,None,1,No,E01003782,2005
7487,200501JI40436,543960.0,185500.0,0.074916,51.549977,1,3,3,2,25/06/2005,7,19:10,14,E09000026,3,123,Single carriageway,30,Giveway or uncontrolled,6,0,None within 50 metres,Zebra crossing,Daylight: Street light present,Fine without high winds,Dry,None,None,1,Yes,E01003733,2005
7488,200501JI40437,540180.0,189810.0,0.022152,51.589658,1,3,2,1,03/07/2005,1,19:40,14,E09000026,6,0,Dual carriageway,30,Giveway or uncontrolled,3,11,None within 50 metres,No physical crossing within 50 meters,Darkness: Street lights present but unlit,Fine without high winds,Dry,None,None,1,Yes,E01003775,2005
7489,200501JI40438,540970.0,192350.0,0.034569,51.612285,1,3,2,1,28/06/2005,3,14:40,14,E09000026,6,0,Single carriageway,30,None,-1,0,None within 50 metres,No physical crossing within 50 meters,Daylight: Street light present,Fine without high winds,Dry,None,None,1,No,E01003747,2005
7490,200501JI40439,546270.0,186040.0,0.108433,51.554236,1,3,2,1,01/06/2005,4,16:00,14,E09000026,4,177,Single carriageway,30,Giveway or uncontrolled,6,0,None within 50 metres,No physical crossing within 50 meters,Daylight: Street light present,Fine without high winds,Dry,None,None,1,No,E01003738,2005
7491,200501JI40441,543110.0,187770.0,0.063588,51.570591,1,3,3,1,06/07/2005,4,18:25,14,E09000026,3,123,Single carriageway,30,Giveway or uncontrolled,6,0,None within 50 metres,No physical crossing within 50 meters,Daylight: Street light present,Fine without high winds,Dry,None,None,1,Yes,E01003692,2005
7492,200501JI40442,544240.0,189770.0,0.080703,51.588274,1,3,2,1,09/07/2005,7,17:30,14,E09000026,3,123,Single carriageway,30,Giveway or uncontrolled,3,123,None within 50 metres,No physical crossing within 50 meters,Daylight: Street light present,Fine without high winds,Dry,None,None,1,No,E01003711,2005
7493,200501JI40443,543840.0,186340.0,0.07353,51.557556,1,3,2,1,25/04/2005,2,15:00,14,E09000026,6,0,Single carriageway,30,Giveway or uncontrolled,6,0,None within 50 metres,No physical crossing within 50 meters,Daylight: Street light present,Fine without high winds,Dry,None,None,1,No,E01003689,2005
7494,200501JI40444,544500.0,190330.0,0.084684,51.59324,1,3,1,1,15/06/2005,4,14:00,14,E09000026,3,123,Single carriageway,30,Giveway or uncontrolled,5,0,None within 50 metres,non-junction pedestrian crossing,Daylight: Street light present,Raining without high winds,Wet/Damp,None,None,1,No,E01003705,2005
7495,200501JI40446,544550.0,186090.0,0.083662,51.555128,1,3,2,1,10/01/2005,2,10:00,14,E09000026,6,0,Roundabout,30,Giveway or uncontrolled,6,0,None within 50 metres,No physical crossing within 50 meters,Daylight: Street light present,Fine without high winds,Dry,None,None,1,No,E01003683,2005
7496,200501JI40448,540100.0,188430.0,0.020448,51.577277,1,3,3,3,15/07/2005,6,12:05,14,E09000026,3,113,Single carriageway,30,Giveway or uncontrolled,6,0,None within 50 metres,No physical crossing within 50 meters,Daylight: Street light present,Fine without high winds,Dry,None,None,1,Yes,E01003778,2005
7497,200501JI40449,544200.0,187720.0,0.079285,51.569864,1,2,2,1,30/06/2005,5,21:48,14,E09000026,6,0,Single carriageway,30,Giveway or uncontrolled,6,0,None within 50 metres,No physical crossing within 50 meters,Darkness: Street lights present and lit,Fine without high winds,Dry,None,None,1,No,E01003786,2005
7498,200501JI40450,546490.0,187170.0,0.112075,51.564332,1,2,2,1,24/06/2005,6,13:45,14,E09000026,6,0,Single carriageway,30,None,-1,0,None within 50 metres,No physical crossing within 50 meters,Daylight: Street light present,Raining without high winds,Wet/Damp,None,None,1,No,E01003718,2005
7499,200501JI40451,543830.0,185080.0,0.072871,51.546236,1,3,2,1,03/06/2005,6,12:10,14,E09000026,6,0,Single carriageway,30,Giveway or uncontrolled,6,0,None within 50 metres,No physical crossing within 50 meters,Daylight: Street light present,Fine without high winds,Dry,None,None,1,No,E01003732,2005
7500,200501JI40452,548570.0,187970.0,0.142399,51.570977,1,3,2,1,01/07/2005,6,17:50,16,E09000002,3,1112,Single carriageway,30,Giveway or uncontrolled,6,0,None within 50 metres,No physical crossing within 50 meters,Daylight: Street light present,Fine without high winds,Dry,None,None,1,No,E01000112,2005
7501,200501JI40453,545040.0,185820.0,0.090613,51.552576,1,3,2,1,05/07/2005,3,18:25,14,E09000026,6,0,Single carriageway,30,Giveway or uncontrolled,6,0,None within 50 metres,No physical crossing within 50 meters,Daylight: Street light present,Fine without high winds,Dry,None,None,1,Yes,E01003739,2005
7502,200501JI40454,540820.0,189860.0,0.031405,51.589948,1,3,2,1,01/07/2005,6,17:40,14,E09000026,3,113,Single carriageway,30,None,-1,0,None within 50 metres,No physical crossing within 50 meters,Daylight: Street light present,Raining without high winds,Wet/Damp,None,None,1,Yes,E01003764,2005
7503,200501JI40455,540330.0,187590.0,0.02343,51.569672,1,2,2,2,02/07/2005,7,17:05,14,E09000026,3,1008,Single carriageway,30,Giveway or uncontrolled,3,114,None within 50 metres,No physical crossing within 50 meters,Daylight: Street light present,Fine without high winds,Dry,None,None,1,Yes,E01003791,2005
7504,200501JI40456,543240.0,187420.0,0.06532,51.567413,1,3,2,1,14/07/2005,5,18:15,14,E09000026,3,123,Single carriageway,30,Giveway or uncontrolled,6,0,None within 50 metres,No physical crossing within 50 meters,Daylight: Street light present,Fine without high winds,Dry,None,None,1,Yes,E01003788,2005
7505,200501JI40457,545080.0,187170.0,0.091747,51.564696,1,3,2,1,08/07/2005,6,17:35,14,E09000026,6,0,Single carriageway,30,Giveway or uncontrolled,6,0,None within 50 metres,No physical crossing within 50 meters,Daylight: Street light present,Fine without high winds,Dry,None,None,1,No,E01003757,2005
7506,200501JI40458,541720.0,188450.0,0.043819,51.577052,1,3,2,2,13/07/2005,4,22:28,14,E09000026,3,406,Slip road,30,Giveway or uncontrolled,3,12,None within 50 metres,No physical crossing within 50 meters,Darkness: Street lights present and lit,Fine without high winds,Dry,None,None,1,Yes,E01003675,2005
7507,200501JI40460,543560.0,186410.0,0.069522,51.558256,1,3,3,2,18/06/2005,7,14:45,14,E09000026,3,118,Single carriageway,30,Automatic traffic signal,3,123,None within 50 metres,Pedestrian phase at traffic signal junction,Daylight: Street light present,Fine without high winds,Dry,None,None,1,Yes,E01003728,2005
7508,200501JI40461,544640.0,185300.0,0.084634,51.548006,1,2,2,3,07/07/2005,5,08:23,14,E09000026,6,0,Single carriageway,30,Giveway or uncontrolled,6,0,None within 50 metres,No physical crossing within 50 meters,Daylight: Street light present,Raining without high winds,Wet/Damp,None,None,1,Yes,E01003735,2005
7509,200501JI40462,544980.0,188310.0,0.090775,51.574966,1,3,2,1,08/07/2005,6,17:50,14,E09000026,3,12,Dual carriageway,40,Giveway or uncontrolled,6,0,None within 50 metres,No physical crossing within 50 meters,Daylight: Street light present,Fine without high winds,Dry,None,None,1,Yes,E01003753,2005
7510,200501JI40463,542310.0,187480.0,0.051935,51.568187,1,2,2,3,16/07/2005,7,18:25,14,E09000026,3,406,Dual carriageway,50,None,-1,0,None within 50 metres,No physical crossing within 50 meters,Daylight: Street light present,Fine without high winds,Dry,None,None,1,Yes,E01003693,2005
7511,200501JI40464,540120.0,192120.0,0.022209,51.61043,1,3,3,1,04/07/2005,2,13:05,14,E09000026,3,104,Single carriageway,30,Giveway or uncontrolled,3,104,None within 50 metres,No physical crossing within 50 meters,Daylight: Street light present,Fine without high winds,Dry,None,None,1,No,E01003750,2005
7512,200501JI40465,541410.0,189100.0,0.03961,51.582971,1,3,2,1,08/07/2005,6,22:33,14,E09000026,3,406,Dual carriageway,50,Giveway or uncontrolled,1,11,None within 50 metres,No physical crossing within 50 meters,Darkness: Street lights present and lit,Fine without high winds,Dry,None,None,1,Yes,E01003794,2005
7513,200501JI40467,544510.0,190350.0,0.084836,51.593417,1,3,2,1,11/07/2005,2,14:05,14,E09000026,3,123,Roundabout,30,Stop Sign,5,0,None within 50 metres,No physical crossing within 50 meters,Daylight: Street light present,Fine without high winds,Dry,None,None,1,No,E01003705,2005
7514,200501JI40468,543510.0,186260.0,0.06874,51.556921,1,3,1,1,06/07/2005,4,13:50,14,E09000026,6,0,Single carriageway,30,Giveway or uncontrolled,3,118,None within 50 metres,No physical crossing within 50 meters,Daylight: Street light present,Fine without high winds,Dry,None,None,1,Yes,E01003728,2005
7515,200501JI40469,540470.0,190960.0,0.026796,51.599919,1,3,2,1,15/07/2005,6,17:10,14,E09000026,6,0,Single carriageway,30,Giveway or uncontrolled,6,0,None within 50 metres,No physical crossing within 50 meters,Daylight: Street light present,Fine without high winds,Dry,None,None,1,Yes,E01003671,2005
7516,200501JI40470,540170.0,190810.0,0.022407,51.598646,1,3,1,1,13/06/2005,2,11:38,14,E09000026,6,0,Single carriageway,30,None,-1,0,None within 50 metres,No physical crossing within 50 meters,Daylight: Street light present,Fine without high winds,Dry,None,None,1,Yes,E01003672,2005
7517,200501JI40471,546650.0,191450.0,0.116168,51.602748,1,3,1,1,17/07/2005,1,11:58,14,E09000026,5,0,Single carriageway,30,Giveway or uncontrolled,5,0,None within 50 metres,No physical crossing within 50 meters,Daylight: Street light present,Fine without high winds,Dry,None,None,2,Yes,E01003640,2005
7518,200501JI40472,547510.0,186530.0,0.126512,51.558316,1,3,2,1,07/07/2005,5,18:05,16,E09000002,4,191,Single carriageway,30,Giveway or uncontrolled,5,0,None within 50 metres,No physical crossing within 50 meters,Daylight: Street light present,Fine without high winds,Dry,None,None,1,No,E01000098,2005
7519,200501JI40473,546440.0,187870.0,0.111645,51.570635,1,3,3,1,17/07/2005,1,20:23,14,E09000026,6,0,Single carriageway,30,Giveway or uncontrolled,4,177,None within 50 metres,No physical crossing within 50 meters,Daylight: Street light present,Fine without high winds,Dry,None,None,1,Yes,E01003773,2005
7520,200501JI40474,547020.0,191730.0,0.121624,51.605168,1,3,3,1,15/07/2005,6,17:10,14,E09000026,5,0,Single carriageway,30,Giveway or uncontrolled,6,0,None within 50 metres,No physical crossing within 50 meters,Daylight: Street light present,Fine without high winds,Dry,None,None,2,Yes,E01003640,2005
7521,200501JI40475,545650.0,187860.0,0.10025,51.57075,1,3,2,1,18/07/2005,2,16:20,14,E09000026,6,0,Single carriageway,30,Giveway or uncontrolled,6,0,None within 50 metres,No physical crossing within 50 meters,Daylight: Street light present,Fine without high winds,Dry,None,None,1,Yes,E01003772,2005
7522,200501JI40476,543990.0,186550.0,0.075778,51.559405,1,3,1,1,29/05/2005,1,19:15,14,E09000026,6,0,Single carriageway,30,None,-1,0,None within 50 metres,No physical crossing within 50 meters,Daylight: Street light present,Fine without high winds,Dry,None,None,1,Yes,E01003687,2005
7523,200501JI40477,545830.0,186330.0,0.102211,51.556955,1,3,2,1,21/07/2005,5,16:50,14,E09000026,6,0,Single carriageway,30,Giveway or uncontrolled,6,0,None within 50 metres,No physical crossing within 50 meters,Daylight: Street light present,Fine without high winds,Dry,None,None,1,Yes,E01003737,2005
7524,200501JI40478,540170.0,190370.0,0.022232,51.594692,1,3,2,1,20/07/2005,4,19:30,14,E09000026,3,11,Single carriageway,30,Automatic traffic signal,4,168,None within 50 metres,Pedestrian phase at traffic signal junction,Daylight: Street light present,Fine without high winds,Dry,None,None,1,Yes,E01003674,2005
7525,200501JI40479,540970.0,189070.0,0.033252,51.582811,1,3,2,1,16/07/2005,7,12:40,14,E09000026,6,0,Single carriageway,30,None,-1,0,None within 50 metres,No physical crossing within 50 meters,Daylight: Street light present,Fine without high winds,Dry,None,None,1,No,E01003794,2005
7526,200501JI40480,545240.0,186690.0,0.093855,51.560342,1,3,2,1,09/07/2005,7,19:28,14,E09000026,6,0,Single carriageway,30,Giveway or uncontrolled,6,0,None within 50 metres,No physical crossing within 50 meters,Daylight: Street light present,Fine without high winds,Dry,None,None,1,Yes,E01003714,2005
7527,200501JI40481,546210.0,187370.0,0.108121,51.566202,1,3,2,1,19/07/2005,3,10:11,14,E09000026,3,118,Single carriageway,30,Giveway or uncontrolled,6,0,None within 50 metres,No physical crossing within 50 meters,Daylight: Street light present,Fine without high winds,Dry,None,None,1,Yes,E01003769,2005
7528,200501JI40482,542840.0,188420.0,0.059959,51.5765,1,3,2,1,22/07/2005,6,01:12,14,E09000026,3,12,Dual carriageway,50,Automatic traffic signal,4,192,None within 50 metres,Pedestrian phase at traffic signal junction,Darkness: Street lights present and lit,Fine without high winds,Dry,None,None,1,Yes,E01003646,2005
7529,200501JI40483,543380.0,186190.0,0.066837,51.556325,1,3,2,1,17/07/2005,1,13:20,14,E09000026,3,118,Single carriageway,30,Giveway or uncontrolled,3,118,None within 50 metres,No physical crossing within 50 meters,Daylight: Street light present,Fine without high winds,Dry,None,None,1,Yes,E01003728,2005
7530,200501JI40484,541810.0,188340.0,0.045073,51.576041,1,2,2,1,21/06/2005,3,08:00,14,E09000026,3,12,Roundabout,30,Giveway or uncontrolled,3,406,None within 50 metres,No physical crossing within 50 meters,Daylight: Street light present,Fine without high winds,Dry,None,None,1,Yes,E01003675,2005
7531,200501JI40485,539930.0,191840.0,0.019355,51.607961,1,3,2,1,22/07/2005,6,23:45,14,E09000026,3,1009,Single carriageway,30,None,-1,0,None within 50 metres,No physical crossing within 50 meters,Darkness: Street lights present and lit,Fine without high winds,Dry,None,None,1,No,E01003750,2005
7532,200501JI40486,540890.0,189900.0,0.032431,51.590289,1,3,2,1,17/07/2005,1,15:00,14,E09000026,3,113,Single carriageway,30,None,-1,0,None within 50 metres,No physical crossing within 50 meters,Daylight: Street light present,Fine without high winds,Dry,None,None,1,No,E01003764,2005
7533,200501JI40487,544620.0,189750.0,0.086176,51.587997,1,3,2,1,22/07/2005,6,23:48,14,E09000026,5,0,Single carriageway,30,Giveway or uncontrolled,6,0,None within 50 metres,Zebra crossing,Darkness: Street lights present and lit,Fine without high winds,Dry,None,None,1,Yes,E01003701,2005
7534,200501JI40488,544490.0,190320.0,0.084535,51.593152,1,3,2,1,25/07/2005,2,17:53,14,E09000026,3,123,Single carriageway,30,Giveway or uncontrolled,5,0,None within 50 metres,No physical crossing within 50 meters,Daylight: Street light present,Fine without high winds,Dry,None,None,1,Yes,E01003705,2005
7535,200501JI40489,547720.0,187760.0,0.130055,51.569313,1,3,2,1,17/07/2005,1,23:30,16,E09000002,5,0,Single carriageway,30,Giveway or uncontrolled,5,0,None within 50 metres,No physical crossing within 50 meters,Darkness: Street lights present and lit,Fine without high winds,Dry,None,None,1,No,E01003662,2005
7536,200501JI40490,544160.0,185480.0,0.07779,51.549746,1,3,2,1,22/07/2005,6,10:47,14,E09000026,6,0,Single carriageway,30,Giveway or uncontrolled,6,0,None within 50 metres,No physical crossing within 50 meters,Daylight: Street light present,Fine without high winds,Dry,None,None,1,Yes,E01003731,2005
7537,200501JI40491,542660.0,188970.0,0.057587,51.581488,1,3,1,1,27/07/2005,4,11:00,14,E09000026,4,192,Roundabout,30,Giveway or uncontrolled,3,1400,None within 50 metres,No physical crossing within 50 meters,Daylight: Street light present,Raining without high winds,Wet/Damp,None,None,1,Yes,E01003646,2005
7538,200501JI40492,541910.0,188080.0,0.04641,51.57368,1,3,3,1,19/07/2005,3,17:45,14,E09000026,3,406,Dual carriageway,30,None,-1,0,None within 50 metres,No physical crossing within 50 meters,Daylight: Street light present,Fine without high winds,Dry,None,None,1,No,E01003693,2005
7539,200501JI40493,544650.0,185830.0,0.084996,51.552766,1,2,3,2,21/07/2005,5,11:45,14,E09000026,6,0,Roundabout,30,Giveway or uncontrolled,6,0,None within 50 metres,No physical crossing within 50 meters,Daylight: Street light present,Fine without high winds,Dry,None,None,1,Yes,E01003683,2005
7540,200501JI40496,543160.0,186310.0,0.063715,51.557459,1,2,2,1,25/07/2005,2,16:10,14,E09000026,3,406,Dual carriageway,50,None,-1,0,None within 50 metres,No physical crossing within 50 meters,Daylight: Street light present,Fine without high winds,Dry,None,None,1,Yes,E01003728,2005
7541,200501JI40497,545330.0,190770.0,0.09684,51.59698,1,3,3,2,15/07/2005,6,17:10,14,E09000026,5,0,Single carriageway,30,None,-1,0,None within 50 metres,No physical crossing within 50 meters,Daylight: Street light present,Fine without high winds,Dry,None,None,2,Yes,E01003640,2005
7542,200501JI40498,544520.0,187380.0,0.083759,51.566727,1,3,2,2,16/06/2005,5,09:35,14,E09000026,5,0,Single carriageway,30,Automatic traffic signal,5,0,None within 50 metres,Pedestrian phase at traffic signal junction,Daylight: Street light present,Fine without high winds,Dry,None,None,1,Yes,E01003756,2005
7543,200501JI40501,540470.0,188540.0,0.025828,51.578173,1,3,2,1,30/07/2005,7,12:03,14,E09000026,5,0,Single carriageway,30,None,-1,0,None within 50 metres,No physical crossing within 50 meters,Daylight: Street light present,Fine without high winds,Dry,None,None,1,Yes,E01003778,2005
7544,200501JI40502,545680.0,187180.0,0.100401,51.564632,1,3,3,2,31/07/2005,1,16:40,14,E09000026,3,118,Single carriageway,30,Giveway or uncontrolled,6,0,None within 50 metres,No physical crossing within 50 meters,Daylight: Street light present,Fine without high winds,Dry,None,None,1,Yes,E01003767,2005
7545,200501JI40503,543210.0,186220.0,0.064399,51.556638,1,2,2,2,27/07/2005,4,00:37,14,E09000026,3,406,Dual carriageway,50,None,-1,0,None within 50 metres,No physical crossing within 50 meters,Darkness: Street lights present and lit,Raining without high winds,Wet/Damp,None,None,1,Yes,E01003576,2005
7546,200501JI40505,540080.0,192000.0,0.021584,51.609362,1,3,2,1,28/07/2005,5,20:38,14,E09000026,3,104,Single carriageway,30,Giveway or uncontrolled,3,104,None within 50 metres,No physical crossing within 50 meters,Daylight: Street light present,Fine without high winds,Dry,None,None,1,Yes,E01003750,2005
7547,200501JI40506,541850.0,188320.0,0.045642,51.575851,1,3,2,1,23/07/2005,7,08:15,14,E09000026,3,406,Roundabout,30,Giveway or uncontrolled,3,12,None within 50 metres,No physical crossing within 50 meters,Daylight: Street light present,Fine without high winds,Dry,None,None,1,Yes,E01003697,2005
7548,200501JI40507,541660.0,188300.0,0.042894,51.575719,1,2,2,1,09/08/2005,3,11:50,14,E09000026,3,12,Roundabout,40,Giveway or uncontrolled,3,406,None within 50 metres,No physical crossing within 50 meters,Daylight: Street light present,Fine without high winds,Dry,None,None,1,Yes,E01003697,2005
7549,200501JI40508,542730.0,188890.0,0.058564,51.580751,1,3,2,1,21/07/2005,5,17:30,14,E09000026,4,192,Single carriageway,30,Giveway or uncontrolled,6,0,None within 50 metres,No physical crossing within 50 meters,Daylight: Street light present,Fine without high winds,Dry,None,None,1,Yes,E01003646,2005
7550,200501JI40509,545550.0,191720.0,0.100408,51.605459,1,3,2,1,04/08/2005,5,15:40,14,E09000026,5,0,Single carriageway,30,Giveway or uncontrolled,6,0,None within 50 metres,No physical crossing within 50 meters,Daylight: Street light present,Fine without high winds,Dry,None,None,1,Yes,E01003699,2005
7551,200501JI40510,547270.0,188660.0,0.123944,51.577517,1,3,2,1,10/08/2005,4,18:29,14,E09000026,6,0,Single carriageway,30,None,-1,0,None within 50 metres,No physical crossing within 50 meters,Daylight: Street light present,Fine without high winds,Dry,None,None,1,Yes,E01003665,2005
7552,200501JI40511,544000.0,185360.0,0.075435,51.548709,1,3,2,1,10/08/2005,4,17:16,14,E09000026,3,123,Single carriageway,30,Giveway or uncontrolled,6,0,None within 50 metres,No physical crossing within 50 meters,Daylight: Street light present,Fine without high winds,Dry,None,None,1,Yes,E01003733,2005
7553,200501JI40512,544930.0,188310.0,0.090054,51.574979,1,3,4,1,18/07/2005,2,18:15,14,E09000026,3,12,Dual carriageway,30,None,-1,0,None within 50 metres,No physical crossing within 50 meters,Daylight: Street light present,Fine without high winds,Dry,None,None,1,Yes,E01003641,2005
7554,200501JI40513,545440.0,188530.0,0.097499,51.576824,1,3,2,1,03/08/2005,4,11:40,14,E09000026,3,12,Dual carriageway,40,Giveway or uncontrolled,6,0,None within 50 metres,No physical crossing within 50 meters,Daylight: Street light present,Fine without high winds,Dry,None,None,1,Yes,E01003751,2005
7555,200501JI40514,543310.0,187100.0,0.066199,51.56452,1,3,2,1,06/08/2005,7,06:50,14,E09000026,3,123,Single carriageway,30,None,-1,0,None within 50 metres,No physical crossing within 50 meters,Daylight: Street light present,Fine without high winds,Dry,None,None,1,Yes,E01003788,2005
7556,200501JI40515,543360.0,190070.0,0.068131,51.591194,1,3,4,1,05/08/2005,6,14:55,14,E09000026,5,0,Single carriageway,30,Giveway or uncontrolled,6,0,None within 50 metres,Zebra crossing,Daylight: Street light present,Fine without high winds,Dry,None,None,1,Yes,E01003712,2005
7557,200501JI40516,544780.0,186830.0,0.087281,51.561718,1,3,1,1,01/08/2005,2,11:15,14,E09000026,3,118,Single carriageway,30,None,-1,0,None within 50 metres,No physical crossing within 50 meters,Daylight: Street light present,Raining without high winds,Wet/Damp,None,None,1,Yes,E01003687,2005
7558,200501JI40517,545620.0,186980.0,0.099453,51.56285,1,3,2,3,15/01/2005,7,12:25,14,E09000026,6,0,Single carriageway,30,Giveway or uncontrolled,6,0,None within 50 metres,No physical crossing within 50 meters,Daylight: Street light present,Fine without high winds,Dry,None,None,1,No,E01003715,2005
7559,200501JI40518,543200.0,186150.0,0.064227,51.556011,1,3,2,3,26/02/2005,7,18:30,17,E09000025,3,118,Single carriageway,30,None,-1,0,None within 50 metres,No physical crossing within 50 meters,Darkness: Street lights present and lit,Fine without high winds,Dry,None,None,1,No,E01003577,2005
7560,200501JI40521,540360.0,188670.0,0.024294,51.579369,1,3,2,1,08/08/2005,2,11:27,14,E09000026,5,0,Single carriageway,30,None,-1,0,None within 50 metres,No physical crossing within 50 meters,Daylight: Street light present,Fine without high winds,Dry,None,None,1,Yes,E01003778,2005
7561,200501JI40522,541120.0,190330.0,0.035921,51.594096,1,3,2,2,17/01/2005,2,15:45,14,E09000026,3,406,Slip road,30,Giveway or uncontrolled,3,113,None within 50 metres,No physical crossing within 50 meters,Daylight: Street light present,Fine without high winds,Wet/Damp,None,None,1,No,E01003762,2005
7562,200501JI40523,541120.0,190330.0,0.035921,51.594096,1,3,2,1,23/02/2005,4,08:35,14,E09000026,3,406,Slip road,30,Giveway or uncontrolled,3,113,None within 50 metres,No physical crossing within 50 meters,Daylight: Street light present,Fine without high winds,Wet/Damp,None,None,1,No,E01003762,2005
7563,200501JI40524,540330.0,187720.0,0.023482,51.57084,1,3,2,1,25/02/2005,6,16:00,14,E09000026,3,1008,Single carriageway,30,Giveway or uncontrolled,6,0,None within 50 metres,No physical crossing within 50 meters,Daylight: Street light present,Fine without high winds,Wet/Damp,None,None,1,No,E01003791,2005
7564,200501JI40525,543320.0,188420.0,0.066881,51.576378,1,3,2,1,23/03/2005,4,18:20,14,E09000026,3,12,Roundabout,30,Giveway or uncontrolled,3,123,None within 50 metres,Footbridge or subway,Darkness: Street lights present and lit,Fine without high winds,Dry,None,None,1,No,E01003690,2005
7565,200501JI40526,545200.0,186600.0,0.093241,51.559544,1,3,2,1,06/07/2005,4,09:15,14,E09000026,3,1083,Single carriageway,30,Automatic traffic signal,3,1083,None within 50 metres,No physical crossing within 50 meters,Daylight: Street light present,Fine without high winds,Dry,None,None,1,No,E01003740,2005
7566,200501JI40527,543350.0,186250.0,0.066429,51.556872,1,3,2,1,06/08/2005,7,07:10,14,E09000026,3,118,Dual carriageway,30,Automatic traffic signal,3,118,None within 50 metres,Pedestrian phase at traffic signal junction,Daylight: Street light present,Fine without high winds,Dry,None,None,1,Yes,E01003728,2005
7567,200501JI40528,543300.0,187110.0,0.066059,51.564612,1,3,2,2,28/02/2005,2,08:45,14,E09000026,3,123,Single carriageway,30,Automatic traffic signal,3,123,None within 50 metres,Pedestrian phase at traffic signal junction,Daylight: Street light present,Raining without high winds,Wet/Damp,None,None,1,No,E01003788,2005
7568,200501JI40529,540330.0,187620.0,0.023442,51.569941,1,3,2,1,23/01/2005,1,17:45,14,E09000026,3,1008,Single carriageway,30,None,-1,0,None within 50 metres,No physical crossing within 50 meters,Darkness: Street lights present and lit,Fine without high winds,Dry,None,None,1,No,E01003791,2005
7569,200501JI40530,546380.0,187430.0,0.110597,51.566697,1,3,1,1,02/03/2005,4,21:10,14,E09000026,3,118,Single carriageway,30,Automatic traffic signal,4,177,None within 50 metres,Pedestrian phase at traffic signal junction,Darkness: Street lights present and lit,Raining without high winds,Wet/Damp,None,None,1,No,E01003769,2005
7570,200501JI40531,545570.0,186490.0,0.09853,51.55846,1,3,2,2,27/03/2005,1,23:24,14,E09000026,6,0,Single carriageway,30,Giveway or uncontrolled,6,0,None within 50 metres,No physical crossing within 50 meters,Darkness: Street lights present and lit,Fine without high winds,Dry,None,None,1,No,E01003742,2005
7571,200501JI40532,543710.0,186190.0,0.071594,51.556241,1,3,2,1,10/01/2005,2,18:05,14,E09000026,3,118,Roundabout,30,Giveway or uncontrolled,3,123,None within 50 metres,No physical crossing within 50 meters,Darkness: Street lights present and lit,Fine without high winds,Wet/Damp,None,None,1,No,E01003689,2005
7572,200501JI40533,543300.0,187200.0,0.066096,51.565421,1,3,2,1,02/08/2005,3,15:14,14,E09000026,3,123,Single carriageway,30,None,-1,0,None within 50 metres,No physical crossing within 50 meters,Daylight: Street light present,Fine without high winds,Dry,None,None,1,Yes,E01003788,2005
7573,200501JI40534,540140.0,190480.0,0.021843,51.595688,1,3,2,2,15/02/2005,3,09:30,14,E09000026,3,11,Single carriageway,30,Giveway or uncontrolled,6,0,None within 50 metres,No physical crossing within 50 meters,Daylight: Street light present,Fine without high winds,Wet/Damp,None,None,1,No,E01003673,2005
7574,200501JI40535,546210.0,192070.0,0.110077,51.608433,1,3,2,1,30/07/2005,7,19:30,14,E09000026,6,0,Single carriageway,30,Giveway or uncontrolled,6,0,None within 50 metres,No physical crossing within 50 meters,Daylight: Street light present,Fine without high winds,Dry,None,None,1,No,E01003723,2005
7575,200501JI40536,545630.0,186760.0,0.099506,51.560871,1,3,2,1,08/07/2005,6,15:35,14,E09000026,3,1083,Single carriageway,30,Giveway or uncontrolled,3,1083,None within 50 metres,No physical crossing within 50 meters,Daylight: Street light present,Fine without high winds,Dry,None,None,1,No,E01003715,2005
7576,200501JI40537,543340.0,186250.0,0.066285,51.556874,1,3,2,1,01/07/2005,6,18:40,14,E09000026,3,118,Single carriageway,30,Giveway or uncontrolled,3,118,None within 50 metres,No physical crossing within 50 meters,Daylight: Street light present,Fine without high winds,Dry,None,None,1,No,E01003728,2005
7577,200501JI40538,544510.0,191300.0,0.085227,51.601953,1,2,3,7,15/08/2005,2,12:35,14,E09000026,5,0,Single carriageway,30,Giveway or uncontrolled,6,0,None within 50 metres,No physical crossing within 50 meters,Daylight: Street light present,Fine without high winds,Dry,None,None,1,Yes,E01003704,2005
7578,200501JI40539,544540.0,187390.0,0.084052,51.566812,1,3,2,1,29/07/2005,6,11:40,14,E09000026,5,0,Single carriageway,30,Giveway or uncontrolled,5,0,None within 50 metres,No physical crossing within 50 meters,Daylight: Street light present,Fine without high winds,Dry,None,None,1,No,E01003756,2005
7579,200501JI40540,543600.0,186060.0,0.069956,51.555101,1,3,1,1,28/07/2005,5,14:45,14,E09000026,6,0,Single carriageway,30,None,-1,0,None within 50 metres,No physical crossing within 50 meters,Daylight: Street light present,Fine without high winds,Dry,None,None,1,Yes,E01003728,2005
7580,200501JI40541,542830.0,188420.0,0.059815,51.576503,1,3,2,1,28/05/2005,7,15:30,14,E09000026,3,12,Single carriageway,30,Giveway or uncontrolled,4,192,None within 50 metres,No physical crossing within 50 meters,Daylight: Street light present,Fine without high winds,Dry,None,None,1,No,E01003646,2005
7581,200501JI40542,541290.0,190480.0,0.038434,51.595401,1,3,2,1,21/07/2005,5,19:10,14,E09000026,3,113,Single carriageway,30,Giveway or uncontrolled,6,0,None within 50 metres,No physical crossing within 50 meters,Daylight: Street light present,Fine without high winds,Dry,None,None,1,No,E01003763,2005
7582,200501JI40543,540490.0,188500.0,0.026101,51.577809,1,3,3,1,02/08/2005,3,11:45,14,E09000026,5,0,Single carriageway,30,None,-1,0,None within 50 metres,No physical crossing within 50 meters,Daylight: Street light present,Fine without high winds,Dry,None,None,1,No,E01003778,2005
7583,200501JI40544,540260.0,188760.0,0.022887,51.580203,1,3,1,1,18/08/2005,5,15:10,14,E09000026,5,0,Single carriageway,30,Automatic traffic signal,3,113,None within 50 metres,Pedestrian phase at traffic signal junction,Daylight: Street light present,Fine without high winds,Dry,None,None,1,Yes,E01003776,2005
7584,200501JI40546,547160.0,186980.0,0.121654,51.562451,1,3,1,2,20/08/2005,7,09:10,16,E09000002,3,1083,Single carriageway,30,Giveway or uncontrolled,6,0,None within 50 metres,No physical crossing within 50 meters,Daylight: Street light present,Fine without high winds,Dry,None,None,1,Yes,E01000026,2005
7585,200501JI40547,541540.0,190730.0,0.042142,51.597585,1,3,2,1,14/08/2005,1,14:56,14,E09000026,1,11,Dual carriageway,50,None,-1,0,None within 50 metres,No physical crossing within 50 meters,Daylight: Street light present,Fine without high winds,Dry,None,None,2,Yes,E01003763,2005
7586,200501JI40548,540610.0,188260.0,0.027735,51.575623,1,3,2,1,06/08/2005,7,14:00,14,E09000026,5,0,Single carriageway,30,Automatic traffic signal,5,0,None within 50 metres,Pedestrian phase at traffic signal junction,Daylight: Street light present,Fine without high winds,Dry,None,None,1,Yes,E01003778,2005
7587,200501JI40550,542350.0,191670.0,0.05421,51.605827,1,3,2,1,29/07/2005,6,17:50,14,E09000026,3,113,Single carriageway,30,Giveway or uncontrolled,6,0,None within 50 metres,No physical crossing within 50 meters,Daylight: Street light present,Fine without high winds,Dry,None,None,1,Yes,E01003657,2005
7588,200501JI40551,542580.0,191760.0,0.057566,51.606578,1,3,2,1,04/08/2005,5,17:20,14,E09000026,6,0,Single carriageway,30,Automatic traffic signal,4,173,None within 50 metres,Pedestrian phase at traffic signal junction,Daylight: Street light present,Fine without high winds,Dry,None,None,1,No,E01003657,2005
7589,200501JI40553,543190.0,186290.0,0.064139,51.557272,1,3,2,1,19/08/2005,6,09:00,14,E09000026,3,406,Single carriageway,30,None,-1,0,None within 50 metres,No physical crossing within 50 meters,Daylight: Street light present,Raining without high winds,Wet/Damp,None,None,1,Yes,E01003728,2005
7590,200501JI40554,542860.0,187010.0,0.059675,51.563825,1,3,2,1,07/08/2005,1,17:49,14,E09000026,6,0,Single carriageway,30,Giveway or uncontrolled,6,0,None within 50 metres,No physical crossing within 50 meters,Daylight: Street light present,Fine without high winds,Dry,None,None,1,Yes,E01003784,2005
7591,200501JI40555,544260.0,186170.0,0.079514,51.555921,1,3,1,1,19/08/2005,6,16:08,14,E09000026,6,0,Single carriageway,30,None,-1,0,None within 50 metres,No physical crossing within 50 meters,Daylight: Street light present,Fine without high winds,Dry,None,None,1,Yes,E01003688,2005
7592,200501JI40556,540300.0,188040.0,0.023177,51.573723,1,3,2,1,23/08/2005,3,07:00,14,E09000026,3,1008,Single carriageway,30,Automatic traffic signal,3,1008,None within 50 metres,Pedestrian phase at traffic signal junction,Daylight: Street light present,Fine without high winds,Dry,None,None,1,No,E01003789,2005
7593,200501JI40557,544340.0,190000.0,0.08224,51.590315,1,3,1,1,04/08/2005,5,12:00,14,E09000026,3,123,Single carriageway,30,None,-1,0,None within 50 metres,No physical crossing within 50 meters,Daylight: Street light present,Fine without high winds,Dry,None,None,1,No,E01003701,2005
7594,200501JI40558,541190.0,190120.0,0.036847,51.592191,1,3,2,1,23/08/2005,3,08:45,14,E09000026,3,406,Dual carriageway,50,None,-1,0,None within 50 metres,No physical crossing within 50 meters,Daylight: Street light present,Fine without high winds,Dry,None,None,1,Yes,E01003764,2005
7595,200501JI40559,541650.0,188360.0,0.042773,51.576261,1,3,2,1,25/08/2005,5,08:50,14,E09000026,3,12,Roundabout,30,Giveway or uncontrolled,3,406,None within 50 metres,No physical crossing within 50 meters,Daylight: Street light present,Fine without high winds,Dry,None,None,1,Yes,E01003675,2005
7596,200501JI40560,544350.0,191780.0,0.083116,51.606307,1,3,2,2,19/08/2005,6,18:50,14,E09000026,3,123,Single carriageway,30,Giveway or uncontrolled,3,123,None within 50 metres,No physical crossing within 50 meters,Daylight: Street light present,Fine without high winds,Dry,None,None,1,No,E01003702,2005
7597,200501JI40561,541820.0,188420.0,0.045249,51.576757,1,3,2,1,22/08/2005,2,19:55,14,E09000026,5,0,Roundabout,30,Giveway or uncontrolled,3,12,None within 50 metres,No physical crossing within 50 meters,Daylight: Street light present,Raining without high winds,Wet/Damp,None,None,1,Yes,E01003675,2005
7598,200501JI40562,541650.0,188360.0,0.042773,51.576261,1,3,2,1,13/08/2005,7,16:50,14,E09000026,3,12,Slip road,30,Giveway or uncontrolled,3,406,None within 50 metres,No physical crossing within 50 meters,Daylight: Street light present,Fine without high winds,Dry,None,None,1,No,E01003675,2005
7599,200501JI40563,541750.0,188400.0,0.044232,51.576595,1,3,2,1,24/07/2005,1,15:36,14,E09000026,3,12,Roundabout,30,Giveway or uncontrolled,3,406,None within 50 metres,No physical crossing within 50 meters,Daylight: Street light present,Fine without high winds,Dry,None,None,1,No,E01003675,2005
7600,200501JI40564,546240.0,186320.0,0.108117,51.556759,1,3,2,1,22/08/2005,2,12:33,14,E09000026,4,177,Single carriageway,30,None,-1,0,None within 50 metres,No physical crossing within 50 meters,Daylight: Street light present,Raining without high winds,Wet/Damp,None,None,1,Yes,E01003737,2005
7601,200501JI40565,546240.0,185790.0,0.107897,51.551997,1,3,1,1,07/08/2005,1,19:45,14,E09000026,3,124,Single carriageway,30,Giveway or uncontrolled,4,177,None within 50 metres,No physical crossing within 50 meters,Daylight: Street light present,Fine without high winds,Dry,None,None,1,Yes,E01000023,2005
7602,200501JI40567,543590.0,189000.0,0.071012,51.581521,1,2,2,1,08/08/2005,2,11:25,14,E09000026,6,0,Single carriageway,30,Giveway or uncontrolled,6,0,None within 50 metres,No physical crossing within 50 meters,Daylight: Street light present,Fine without high winds,Dry,None,None,1,Yes,E01003652,2005
7603,200501JI40569,540390.0,193030.0,0.02647,51.61854,1,3,2,2,14/08/2005,1,01:10,14,E09000026,3,110,Dual carriageway,40,Automatic traffic signal,3,104,None within 50 metres,Pedestrian phase at traffic signal junction,Darkness: Street lights present and lit,Raining without high winds,Wet/Damp,None,None,1,Yes,E01003746,2005
7604,200501JI40570,539490.0,190830.0,0.012604,51.598995,1,3,2,2,19/08/2005,6,16:36,13,E09000031,6,0,Single carriageway,40,Giveway or uncontrolled,3,104,None within 50 metres,non-junction pedestrian crossing,Daylight: Street light present,Raining without high winds,Wet/Damp,None,None,1,Yes,E01004377,2005
7605,200501JI40572,542710.0,187600.0,0.057752,51.569165,1,3,3,1,14/08/2005,1,18:50,14,E09000026,5,0,Single carriageway,30,Giveway or uncontrolled,6,0,None within 50 metres,No physical crossing within 50 meters,Darkness: Street lights present and lit,Fine without high winds,Dry,None,None,1,Yes,E01003694,2005
7606,200501JI40574,546580.0,186920.0,0.113268,51.562062,1,2,1,1,04/09/2005,1,14:10,14,E09000026,6,0,Single carriageway,30,None,-1,0,None within 50 metres,No physical crossing within 50 meters,Daylight: Street light present,Fine without high winds,Dry,None,None,1,Yes,E01003716,2005
7607,200501JI40575,544320.0,189970.0,0.081939,51.590051,1,3,2,2,30/08/2005,3,18:43,14,E09000026,5,0,Single carriageway,30,Automatic traffic signal,3,123,None within 50 metres,Pedestrian phase at traffic signal junction,Daylight: Street light present,Fine without high winds,Dry,None,None,1,Yes,E01003705,2005
7608,200501JI40576,545620.0,186760.0,0.099362,51.560873,1,3,1,1,03/09/2005,7,21:50,14,E09000026,3,1083,Single carriageway,30,Giveway or uncontrolled,5,0,None within 50 metres,No physical crossing within 50 meters,Daylight: Street light present,Fine without high winds,Dry,None,None,1,Yes,E01003715,2005
7609,200501JI40577,544440.0,191480.0,0.084291,51.603588,1,3,2,2,17/08/2005,4,07:38,14,E09000026,6,0,Single carriageway,30,Giveway or uncontrolled,3,123,None within 50 metres,No physical crossing within 50 meters,Daylight: Street light present,Fine without high winds,Dry,None,None,1,Yes,E01003704,2005
7610,200501JI40578,544710.0,190470.0,0.087771,51.594444,1,2,2,3,17/08/2005,4,16:05,14,E09000026,5,0,Single carriageway,30,None,-1,0,None within 50 metres,No physical crossing within 50 meters,Daylight: Street light present,Fine without high winds,Dry,None,None,1,Yes,E01003700,2005
7611,200501JI40579,544690.0,189510.0,0.087087,51.585823,1,3,2,1,04/09/2005,1,12:50,14,E09000026,6,0,Single carriageway,30,Giveway or uncontrolled,6,0,None within 50 metres,No physical crossing within 50 meters,Daylight: Street light present,Fine without high winds,Dry,None,None,1,Yes,E01003639,2005
7612,200501JI40580,540050.0,190800.0,0.020672,51.598586,1,3,1,1,03/08/2005,4,08:00,14,E09000026,3,11,Single carriageway,30,Giveway or uncontrolled,6,0,None within 50 metres,Zebra crossing,Daylight: Street light present,Fine without high winds,Dry,None,None,1,Yes,E01003672,2005
7613,200501JI40582,540330.0,187590.0,0.02343,51.569672,1,3,2,1,02/09/2005,6,22:07,14,E09000026,3,1008,Single carriageway,30,Automatic traffic signal,3,114,None within 50 metres,No physical crossing within 50 meters,Darkness: Street lights present and lit,Fine without high winds,Dry,None,None,1,Yes,E01003791,2005
7614,200501JI40583,542420.0,191710.0,0.055236,51.606169,1,3,2,2,19/08/2005,6,10:40,14,E09000026,3,113,Roundabout,30,Giveway or uncontrolled,4,173,None within 50 metres,No physical crossing within 50 meters,Daylight: Street light present,Raining without high winds,Wet/Damp,None,None,1,Yes,E01003656,2005
7615,200501JI40584,545320.0,186900.0,0.095095,51.562209,1,3,2,1,22/08/2005,2,17:30,14,E09000026,6,0,Single carriageway,30,Giveway or uncontrolled,6,0,None within 50 metres,No physical crossing within 50 meters,Daylight: Street light present,Fine without high winds,Dry,None,None,1,Yes,E01003714,2005
7616,200501JI40585,546460.0,192170.0,0.113727,51.609267,1,3,1,1,03/09/2005,7,21:10,14,E09000026,5,0,Single carriageway,30,None,-1,0,None within 50 metres,No physical crossing within 50 meters,Darkness: Street lights present and lit,Fine without high winds,Dry,None,None,1,Yes,E01003723,2005
7617,200501JI40586,539900.0,188150.0,0.017452,51.574811,1,3,2,1,06/09/2005,3,15:55,14,E09000026,3,11,Single carriageway,30,None,-1,0,None within 50 metres,No physical crossing within 50 meters,Daylight: Street light present,Fine without high winds,Dry,None,None,1,Yes,E01004362,2005
7618,200501JI40587,544430.0,186520.0,0.082108,51.559023,1,2,2,1,10/08/2005,4,21:14,14,E09000026,6,0,Single carriageway,30,Automatic traffic signal,3,1083,None within 50 metres,No physical crossing within 50 meters,Darkness: Street lights present and lit,Fine without high winds,Dry,None,None,1,Yes,E01003686,2005
7619,200501JI40589,541310.0,191820.0,0.039262,51.607437,1,3,2,2,02/08/2005,3,17:24,14,E09000026,5,0,Single carriageway,30,Giveway or uncontrolled,6,0,None within 50 metres,No physical crossing within 50 meters,Daylight: Street light present,Fine without high winds,Dry,None,None,1,Yes,E01003658,2005
7620,200501JI40590,540040.0,190810.0,0.020532,51.598678,1,3,2,1,30/08/2005,3,19:30,14,E09000026,6,0,Single carriageway,30,Giveway or uncontrolled,3,11,None within 50 metres,No physical crossing within 50 meters,Daylight: Street light present,Fine without high winds,Dry,None,None,1,Yes,E01003672,2005
7621,200501JI40591,545700.0,186550.0,0.100428,51.558966,1,3,2,1,02/09/2005,6,08:25,14,E09000026,6,0,Single carriageway,30,Giveway or uncontrolled,6,0,None within 50 metres,No physical crossing within 50 meters,Daylight: Street light present,Fine without high winds,Dry,None,None,1,Yes,E01003715,2005
7622,200501JI40592,546480.0,191350.0,0.113673,51.601894,1,3,3,1,23/08/2005,3,17:00,14,E09000026,5,0,Roundabout,30,Giveway or uncontrolled,5,0,None within 50 metres,No physical crossing within 50 meters,Daylight: Street light present,Fine without high winds,Dry,None,None,2,Yes,E01003720,2005
7623,200501JI40593,546790.0,189190.0,0.117243,51.582405,1,3,2,1,02/09/2005,6,20:05,14,E09000026,3,12,Single carriageway,30,Automatic traffic signal,5,0,None within 50 metres,No physical crossing within 50 meters,Daylight: Street light present,Fine without high winds,Dry,None,None,1,Yes,E01003640,2005
7624,200501JI40594,542600.0,191620.0,0.057797,51.605315,1,2,1,1,03/09/2005,7,01:30,14,E09000026,6,0,Single carriageway,30,None,-1,0,None within 50 metres,No physical crossing within 50 meters,Darkness: Street lights present and lit,Fine without high winds,Dry,None,None,1,No,E01003657,2005
7625,200501JI40595,539850.0,190440.0,0.017643,51.595401,1,2,2,1,30/08/2005,3,07:00,14,E09000026,3,406,Dual carriageway,50,None,-1,0,None within 50 metres,No physical crossing within 50 meters,Daylight: Street light present,Fine without high winds,Dry,None,None,1,Yes,E01003672,2005
7626,200501JI40596,544270.0,189730.0,0.081119,51.587907,1,3,1,1,03/09/2005,7,16:10,14,E09000026,5,0,Single carriageway,30,Giveway or uncontrolled,3,123,None within 50 metres,No physical crossing within 50 meters,Daylight: Street light present,Fine without high winds,Dry,None,None,1,No,E01003638,2005
7627,200501JI40597,543720.0,186210.0,0.071747,51.556418,1,3,2,1,22/08/2005,2,12:45,14,E09000026,3,118,Roundabout,30,Giveway or uncontrolled,3,123,None within 50 metres,No physical crossing within 50 meters,Daylight: Street light present,Raining without high winds,Wet/Damp,None,None,1,No,E01003689,2005
7628,200501JI40598,545810.0,187830.0,0.102545,51.570439,1,3,2,1,25/08/2005,5,14:05,14,E09000026,6,0,Single carriageway,30,Giveway or uncontrolled,6,0,None within 50 metres,No physical crossing within 50 meters,Daylight: Street light present,Fine without high winds,Dry,None,None,1,No,E01003766,2005
7629,200501JI40599,545630.0,188700.0,0.10031,51.578303,1,3,2,2,25/08/2005,5,08:55,14,E09000026,3,12,Dual carriageway,40,None,-1,0,None within 50 metres,No physical crossing within 50 meters,Daylight: Street light present,Fine without high winds,Dry,None,None,1,Yes,E01003751,2005
7630,200501JI40600,540060.0,188930.0,0.02007,51.58178,1,3,2,1,22/08/2005,2,18:30,14,E09000026,5,0,Single carriageway,30,Automatic traffic signal,3,11,None within 50 metres,No physical crossing within 50 meters,Daylight: Street light present,Fine without high winds,Dry,None,None,1,No,E01003776,2005
7631,200501JI40601,543740.0,188770.0,0.073081,51.579416,1,3,2,1,03/07/2005,1,09:27,14,E09000026,3,123,Single carriageway,30,Giveway or uncontrolled,6,0,None within 50 metres,No physical crossing within 50 meters,Daylight: Street light present,Fine without high winds,Dry,None,None,1,Yes,E01003653,2005
7632,200501JI40602,543740.0,186030.0,0.071961,51.554796,1,3,2,1,30/04/2005,7,16:00,14,E09000026,3,123,Single carriageway,30,Giveway or uncontrolled,6,0,None within 50 metres,No physical crossing within 50 meters,Daylight: Street light present,Fine without high winds,Dry,None,None,1,No,E01003729,2005
7633,200501JI40603,541830.0,188310.0,0.045349,51.575766,1,3,2,1,05/09/2005,2,13:20,14,E09000026,3,12,Roundabout,30,Automatic traffic signal,3,406,None within 50 metres,Pedestrian phase at traffic signal junction,Daylight: Street light present,Fine without high winds,Dry,None,None,1,Yes,E01003697,2005
7634,200501JI40604,546990.0,187050.0,0.119233,51.563124,1,3,2,1,07/09/2005,4,12:46,16,E09000002,3,1083,Single carriageway,30,Giveway or uncontrolled,3,1083,None within 50 metres,No physical crossing within 50 meters,Daylight: Street light present,Fine without high winds,Dry,None,None,1,Yes,E01003717,2005
7635,200501JI40605,540960.0,192780.0,0.034597,51.616151,1,3,2,1,24/08/2005,4,17:50,14,E09000026,6,0,Single carriageway,30,Giveway or uncontrolled,6,0,None within 50 metres,No physical crossing within 50 meters,Daylight: Street light present,Fine without high winds,Dry,None,None,1,Yes,E01003745,2005
7636,200501JI40606,545770.0,186820.0,0.101549,51.561374,1,3,2,1,04/09/2005,1,12:45,14,E09000026,3,1083,Single carriageway,30,Giveway or uncontrolled,6,0,None within 50 metres,No physical crossing within 50 meters,Daylight: Street light present,Fine without high winds,Dry,None,None,1,Yes,E01003715,2005
7637,200501JI40607,545230.0,191600.0,0.09574,51.604464,1,3,3,1,11/09/2005,1,18:45,14,E09000026,5,0,Single carriageway,30,Giveway or uncontrolled,6,0,None within 50 metres,No physical crossing within 50 meters,Daylight: Street light present,Fine without high winds,Dry,None,None,1,Yes,E01003721,2005
7638,200501JI40608,546440.0,187870.0,0.111645,51.570635,1,3,2,2,26/08/2005,6,08:15,14,E09000026,4,177,Single carriageway,30,Giveway or uncontrolled,6,0,None within 50 metres,No physical crossing within 50 meters,Daylight: Street light present,Fine without high winds,Dry,None,None,1,No,E01003773,2005
7639,200501JI40609,542260.0,190500.0,0.052437,51.595337,1,3,1,1,07/09/2005,4,17:00,14,E09000026,6,0,Single carriageway,30,None,-1,0,None within 50 metres,No physical crossing within 50 meters,Daylight: Street light present,Fine without high winds,Dry,None,None,1,Yes,E01003710,2005
7640,200501JI40610,544140.0,190550.0,0.079581,51.595309,1,3,2,1,11/09/2005,1,17:46,14,E09000026,6,0,Single carriageway,30,None,-1,0,None within 50 metres,No physical crossing within 50 meters,Daylight: Street light present,Fine without high winds,Dry,None,None,1,Yes,E01003705,2005
7641,200501JI40611,540660.0,187730.0,0.028244,51.570848,1,3,4,1,14/09/2005,4,08:54,14,E09000026,6,0,Single carriageway,30,Giveway or uncontrolled,6,0,None within 50 metres,No physical crossing within 50 meters,Daylight: Street light present,Fine without high winds,Dry,None,None,1,Yes,E01003791,2005
7642,200501JI40612,543870.0,186100.0,0.073864,51.555392,1,3,2,1,05/09/2005,2,08:15,14,E09000026,6,0,Single carriageway,30,None,-1,0,None within 50 metres,No physical crossing within 50 meters,Daylight: Street light present,Fine without high winds,Dry,None,None,1,Yes,E01003689,2005
7643,200501JI40613,546210.0,192080.0,0.110081,51.608523,1,3,2,1,18/09/2005,1,18:32,14,E09000026,5,0,Single carriageway,30,Giveway or uncontrolled,6,0,None within 50 metres,No physical crossing within 50 meters,Daylight: Street light present,Fine without high winds,Dry,None,None,1,Yes,E01003720,2005
7644,200501JI40614,544500.0,186250.0,0.083007,51.556579,1,3,3,1,14/09/2005,4,08:41,14,E09000026,6,0,Single carriageway,30,Giveway or uncontrolled,6,0,None within 50 metres,No physical crossing within 50 meters,Daylight: Street light present,Fine without high winds,Dry,None,None,1,Yes,E01003686,2005
7645,200501JI40615,539840.0,190410.0,0.017486,51.595134,1,3,3,1,14/09/2005,4,08:40,14,E09000026,3,406,Dual carriageway,50,None,-1,0,None within 50 metres,No physical crossing within 50 meters,Daylight: Street light present,Fine without high winds,Dry,None,None,1,Yes,E01003673,2005
7646,200501JI40616,545590.0,187150.0,0.099091,51.564385,1,3,2,1,18/09/2005,1,13:50,14,E09000026,3,118,Single carriageway,30,Giveway or uncontrolled,6,0,None within 50 metres,No physical crossing within 50 meters,Daylight: Street light present,Fine without high winds,Dry,None,None,1,No,E01003767,2005
7647,200501JI40617,542860.0,190420.0,0.061061,51.594466,1,3,2,1,08/09/2005,5,10:58,14,E09000026,6,0,Single carriageway,30,None,-1,0,None within 50 metres,No physical crossing within 50 meters,Daylight: Street light present,Fine without high winds,Dry,None,None,1,No,E01003708,2005
7648,200501JI40619,544620.0,186770.0,0.08495,51.56122,1,3,2,1,05/09/2005,2,16:00,14,E09000026,3,118,Single carriageway,30,Automatic traffic signal,6,0,None within 50 metres,Pedestrian phase at traffic signal junction,Daylight: Street light present,Fine without high winds,Dry,None,None,1,No,E01003687,2005
7649,200501JI40620,540450.0,187000.0,0.024924,51.56434,1,3,2,2,27/08/2005,7,12:30,14,E09000026,3,114,Single carriageway,30,Giveway or uncontrolled,3,114,None within 50 metres,No physical crossing within 50 meters,Daylight: Street light present,Fine without high winds,Dry,None,None,1,No,E01003791,2005
7650,200501JI40621,543590.0,186540.0,0.070007,51.559417,1,3,3,1,11/09/2005,1,13:00,14,E09000026,3,123,Single carriageway,30,None,-1,0,None within 50 metres,No physical crossing within 50 meters,Daylight: Street light present,Fine without high winds,Dry,None,None,1,Yes,E01003783,2005
7651,200501JI40622,543870.0,189100.0,0.075091,51.582348,1,2,1,1,24/09/2005,7,18:30,14,E09000026,3,123,Single carriageway,30,Giveway or uncontrolled,6,0,None within 50 metres,Zebra crossing,Daylight: Street light present,Fine without high winds,Dry,None,None,1,Yes,E01003650,2005
7652,200501JI40623,542040.0,189910.0,0.049024,51.590091,1,3,1,1,06/09/2005,3,16:25,14,E09000026,5,0,Single carriageway,30,Giveway or uncontrolled,3,1400,None within 50 metres,No physical crossing within 50 meters,Daylight: Street light present,Fine without high winds,Dry,None,None,1,Yes,E01003681,2005
7653,200501JI40624,543710.0,188730.0,0.072632,51.579065,1,3,3,1,25/09/2005,1,16:00,14,E09000026,3,123,Single carriageway,30,Authorised person,6,0,None within 50 metres,No physical crossing within 50 meters,Daylight: Street light present,Fine without high winds,Dry,None,None,1,Yes,E01003653,2005
7654,200501JI40626,541000.0,191850.0,0.034801,51.607784,1,3,4,1,20/09/2005,3,10:59,14,E09000026,5,0,Single carriageway,30,None,-1,0,None within 50 metres,No physical crossing within 50 meters,Daylight: Street light present,Fine without high winds,Dry,None,None,1,Yes,E01003655,2005
7655,200501JI40627,546810.0,189180.0,0.117527,51.58231,1,3,2,2,08/09/2005,5,14:42,14,E09000026,3,12,Dual carriageway,40,Automatic traffic signal,5,0,None within 50 metres,No physical crossing within 50 meters,Daylight: Street light present,Fine without high winds,Dry,None,None,1,Yes,E01003770,2005
7656,200501JI40628,540560.0,188200.0,0.02699,51.575096,1,3,1,3,08/09/2005,5,09:56,14,E09000026,3,12,Dual carriageway,40,None,-1,0,None within 50 metres,No physical crossing within 50 meters,Daylight: Street light present,Fine without high winds,Dry,None,None,1,Yes,E01003789,2005
7657,200501JI40629,542050.0,189920.0,0.049173,51.590178,1,3,2,1,08/09/2005,5,08:15,14,E09000026,5,0,Single carriageway,30,Giveway or uncontrolled,3,1400,None within 50 metres,Pedestrian phase at traffic signal junction,Daylight: Street light present,Fine without high winds,Dry,None,None,1,Yes,E01003681,2005
7658,200501JI40630,545400.0,186700.0,0.096166,51.560391,1,3,1,1,15/09/2005,5,18:10,14,E09000026,6,0,Single carriageway,30,Giveway or uncontrolled,3,1083,None within 50 metres,No physical crossing within 50 meters,Daylight: Street light present,Fine without high winds,Dry,None,None,1,No,E01003714,2005
7659,200501JI40631,545250.0,185790.0,0.093628,51.552253,1,3,2,3,16/09/2005,6,16:15,14,E09000026,5,0,Single carriageway,30,Giveway or uncontrolled,6,0,None within 50 metres,No physical crossing within 50 meters,Daylight: Street light present,Fine without high winds,Dry,None,None,1,No,E01003739,2005
7660,200501JI40632,546230.0,186230.0,0.107936,51.555953,1,2,2,1,27/08/2005,7,02:40,14,E09000026,4,177,Single carriageway,30,None,-1,0,None within 50 metres,No physical crossing within 50 meters,Darkness: Street lights present and lit,Fine without high winds,Dry,None,None,1,Yes,E01003716,2005
7661,200501JI40633,541850.0,188330.0,0.045646,51.575941,1,3,2,1,30/08/2005,3,21:50,14,E09000026,3,12,Dual carriageway,50,None,-1,0,None within 50 metres,No physical crossing within 50 meters,Darkness: Street lights present and lit,Fine without high winds,Dry,None,None,1,No,E01003697,2005
7662,200501JI40634,540100.0,188440.0,0.020452,51.577367,1,3,2,1,08/09/2005,5,16:08,14,E09000026,3,113,Single carriageway,30,Giveway or uncontrolled,6,0,None within 50 metres,No physical crossing within 50 meters,Daylight: Street light present,Fine without high winds,Dry,None,None,1,Yes,E01003778,2005
7663,200501JI40635,544480.0,188300.0,0.08356,51.575004,1,3,1,1,03/09/2005,7,16:00,14,E09000026,5,0,Single carriageway,30,Giveway or uncontrolled,6,0,None within 50 metres,non-junction pedestrian crossing,Daylight: Street light present,Fine without high winds,Dry,None,None,1,No,E01003645,2005
7664,200501JI40637,543660.0,186220.0,0.070886,51.556523,1,3,1,1,28/09/2005,4,15:54,14,E09000026,3,123,Single carriageway,30,Giveway or uncontrolled,3,118,None within 50 metres,Zebra crossing,Daylight: Street light present,Fine without high winds,Dry,None,None,1,Yes,E01003728,2005
7665,200501JI40638,541500.0,188320.0,0.040594,51.575939,1,3,3,1,10/09/2005,7,14:15,14,E09000026,3,12,Dual carriageway,40,None,-1,0,None within 50 metres,No physical crossing within 50 meters,Daylight: Street light present,Fine without high winds,Dry,None,None,1,Yes,E01003697,2005
7666,200501JI40639,544420.0,190170.0,0.083464,51.591822,1,3,1,1,22/08/2005,2,13:50,14,E09000026,3,123,Single carriageway,30,None,-1,0,None within 50 metres,No physical crossing within 50 meters,Daylight: Street light present,Fine without high winds,Dry,None,None,1,No,E01003705,2005
7667,200501JI40640,544230.0,186570.0,0.079246,51.559523,1,3,2,1,10/09/2005,7,18:42,14,E09000026,3,118,Roundabout,30,Giveway or uncontrolled,3,118,None within 50 metres,No physical crossing within 50 meters,Daylight: Street light present,Fine without high winds,Dry,None,None,1,Yes,E01003687,2005
7668,200501JI40641,544470.0,185600.0,0.082307,51.550746,1,3,2,1,19/09/2005,2,12:25,14,E09000026,6,0,Single carriageway,30,Giveway or uncontrolled,6,0,None within 50 metres,No physical crossing within 50 meters,Daylight: Street light present,Fine without high winds,Dry,None,None,1,Yes,E01003684,2005
7669,200501JI40642,544340.0,190640.0,0.082503,51.596066,1,3,1,1,17/09/2005,7,16:55,14,E09000026,5,0,Single carriageway,30,None,-1,0,None within 50 metres,No physical crossing within 50 meters,Daylight: Street light present,Fine without high winds,Dry,None,None,1,Yes,E01003700,2005
7670,200501JI40643,543970.0,185480.0,0.075052,51.549795,1,3,2,1,29/08/2005,2,14:45,14,E09000026,3,123,Single carriageway,30,Giveway or uncontrolled,6,0,None within 50 metres,Zebra crossing,Daylight: Street light present,Fine without high winds,Dry,None,None,1,No,E01003733,2005
7671,200501JI40644,541910.0,189990.0,0.047181,51.590842,1,3,2,3,25/09/2005,1,12:05,14,E09000026,3,1400,Dual carriageway,40,None,-1,0,None within 50 metres,non-junction pedestrian crossing,Daylight: Street light present,Fine without high winds,Dry,None,None,1,Yes,E01003681,2005
7672,200501JI40645,543010.0,188430.0,0.062415,51.576547,1,3,3,1,29/09/2005,5,13:35,14,E09000026,3,12,Dual carriageway,40,None,-1,0,None within 50 metres,No physical crossing within 50 meters,Daylight: Street light present,Fine without high winds,Dry,None,None,1,Yes,E01003696,2005
7673,200501JI40646,546220.0,187900.0,0.108486,51.570962,1,3,2,1,19/09/2005,2,10:30,14,E09000026,6,0,Single carriageway,30,Giveway or uncontrolled,6,0,None within 50 metres,No physical crossing within 50 meters,Daylight: Street light present,Fine without high winds,Dry,None,None,1,No,E01003771,2005
7674,200501JI40647,544990.0,186930.0,0.09035,51.562563,1,3,2,2,17/09/2005,7,14:30,14,E09000026,3,118,Single carriageway,30,None,-1,0,None within 50 metres,No physical crossing within 50 meters,Daylight: Street light present,Fine without high winds,Dry,None,None,1,No,E01003687,2005
7675,200501JI40648,544000.0,185220.0,0.075378,51.547451,1,3,2,1,01/10/2005,7,14:55,14,E09000026,6,0,Single carriageway,30,None,-1,0,None within 50 metres,No physical crossing within 50 meters,Daylight: Street light present,Fine without high winds,Dry,None,None,1,Yes,E01003734,2005
7676,200501JI40649,542450.0,189360.0,0.054716,51.585045,1,3,2,1,15/09/2005,5,08:25,14,E09000026,3,1400,Single carriageway,30,Giveway or uncontrolled,6,0,None within 50 metres,No physical crossing within 50 meters,Daylight: Street light present,Fine without high winds,Dry,None,None,1,Yes,E01003681,2005
7677,200501JI40650,540120.0,190530.0,0.021574,51.596142,1,2,2,4,02/09/2005,6,21:39,14,E09000026,3,11,Single carriageway,30,Giveway or uncontrolled,6,0,None within 50 metres,No physical crossing within 50 meters,Darkness: Street lights present and lit,Fine without high winds,Dry,None,None,1,Yes,E01003672,2005
7678,200501JI40651,540160.0,191860.0,0.022682,51.608084,1,3,2,1,22/09/2005,5,09:05,14,E09000026,3,1009,Single carriageway,30,Giveway or uncontrolled,5,0,None within 50 metres,No physical crossing within 50 meters,Daylight: Street light present,Fine without high winds,Dry,None,None,1,No,E01003750,2005
7679,200501JI40652,544440.0,190210.0,0.083769,51.592177,1,2,2,2,29/09/2005,5,08:50,14,E09000026,3,123,Single carriageway,30,Giveway or uncontrolled,6,0,None within 50 metres,No physical crossing within 50 meters,Daylight: Street light present,Fine without high winds,Dry,None,None,1,Yes,E01003705,2005
7680,200501JI40653,540270.0,188750.0,0.023027,51.58011,1,3,2,1,01/10/2005,7,22:43,14,E09000026,3,113,Single carriageway,30,Automatic traffic signal,5,0,None within 50 metres,Pedestrian phase at traffic signal junction,Darkness: Street lights present and lit,Fine without high winds,Dry,None,None,1,Yes,E01003778,2005
7681,200501JI40654,543790.0,185970.0,0.072658,51.554244,1,3,1,2,12/09/2005,2,10:45,14,E09000026,6,0,Single carriageway,30,Giveway or uncontrolled,3,123,None within 50 metres,No physical crossing within 50 meters,Daylight: Street light present,Unknown,Dry,None,None,1,Yes,E01003689,2005
7682,200501JI40655,539620.0,190740.0,0.014444,51.598154,1,2,1,1,02/10/2005,1,15:45,14,E09000026,6,0,Single carriageway,30,None,-1,0,None within 50 metres,No physical crossing within 50 meters,Daylight: Street light present,Fine without high winds,Dry,None,None,1,Yes,E01003673,2005
7683,200501JI40657,547290.0,187740.0,0.123847,51.569246,1,3,1,1,03/10/2005,2,09:10,14,E09000026,3,118,Single carriageway,30,Giveway or uncontrolled,6,0,None within 50 metres,No physical crossing within 50 meters,Daylight: Street light present,Fine without high winds,Dry,None,None,1,Yes,E01003662,2005
7684,200501JI40659,542420.0,189440.0,0.054316,51.585772,1,3,2,1,05/10/2005,4,18:39,14,E09000026,3,1400,Dual carriageway,40,Giveway or uncontrolled,6,0,None within 50 metres,No physical crossing within 50 meters,Daylight: Street light present,Fine without high winds,Dry,None,None,1,Yes,E01003681,2005
7685,200501JI40660,544590.0,190090.0,0.085883,51.59106,1,2,2,2,24/09/2005,7,18:22,14,E09000026,5,0,Single carriageway,30,Giveway or uncontrolled,6,0,None within 50 metres,No physical crossing within 50 meters,Daylight: Street light present,Fine without high winds,Dry,None,None,1,Yes,E01003701,2005
7686,200501JI40661,542450.0,191760.0,0.05569,51.606611,1,3,2,1,28/09/2005,4,15:05,14,E09000026,3,113,Single carriageway,30,Giveway or uncontrolled,6,0,None within 50 metres,No physical crossing within 50 meters,Daylight: Street light present,Fine without high winds,Dry,None,None,1,Yes,E01003656,2005
7687,200501JI40662,540550.0,190080.0,0.027598,51.591992,1,3,1,1,25/09/2005,1,20:20,14,E09000026,4,168,Single carriageway,30,None,-1,0,None within 50 metres,No physical crossing within 50 meters,Daylight: Street light present,Fine without high winds,Dry,None,None,1,Yes,E01003765,2005
7688,200501JI40663,545190.0,185590.0,0.092681,51.550471,1,3,1,1,07/10/2005,6,15:30,14,E09000026,5,0,Single carriageway,30,None,-1,0,None within 50 metres,No physical crossing within 50 meters,Daylight: Street light present,Fine without high winds,Dry,None,None,1,Yes,E01003739,2005
7689,200501JI40665,541590.0,186740.0,0.041256,51.561719,1,3,2,1,26/09/2005,2,09:30,14,E09000026,6,0,Single carriageway,30,Giveway or uncontrolled,6,0,None within 50 metres,No physical crossing within 50 meters,Daylight: Street light present,Fine without high winds,Dry,None,None,1,No,E01003792,2005
7690,200501JI40666,539850.0,187820.0,0.0166,51.571858,1,2,1,2,05/10/2005,4,21:45,13,E09000031,3,12,Roundabout,40,Giveway or uncontrolled,3,11,None within 50 metres,No physical crossing within 50 meters,Darkness: Street lights present and lit,Fine without high winds,Dry,None,None,1,Yes,E01004438,2005
7691,200501JI40667,544490.0,187860.0,0.083524,51.571048,1,3,1,1,06/10/2005,5,17:05,14,E09000026,5,0,Single carriageway,30,Giveway or uncontrolled,6,0,None within 50 metres,No physical crossing within 50 meters,Daylight: Street light present,Fine without high winds,Dry,None,None,1,Yes,E01003755,2005
7692,200501JI40668,543320.0,186240.0,0.065993,51.556789,1,3,2,1,20/09/2005,3,17:30,14,E09000026,3,118,Dual carriageway,30,None,-1,0,None within 50 metres,No physical crossing within 50 meters,Daylight: Street light present,Fine without high winds,Dry,None,None,1,No,E01003728,2005
7693,200501JI40670,542960.0,187940.0,0.061494,51.572156,1,3,2,1,09/10/2005,1,10:23,14,E09000026,6,0,Single carriageway,30,Giveway or uncontrolled,6,0,None within 50 metres,No physical crossing within 50 meters,Daylight: Street light present,Fine without high winds,Dry,None,None,1,Yes,E01003692,2005
7694,200501JI40671,544220.0,191130.0,0.080973,51.6005,1,3,1,1,05/10/2005,4,14:37,14,E09000026,6,0,Single carriageway,30,None,-1,0,None within 50 metres,No physical crossing within 50 meters,Daylight: Street light present,Fine without high winds,Dry,None,None,1,Yes,E01003698,2005
7695,200501JI40672,546810.0,189210.0,0.11754,51.582579,1,3,2,1,28/09/2005,4,12:20,14,E09000026,3,12,Single carriageway,30,Automatic traffic signal,5,0,None within 50 metres,Pedestrian phase at traffic signal junction,Daylight: Street light present,Fine without high winds,Dry,None,None,1,No,E01003640,2005
7696,200501JI40673,544470.0,188780.0,0.083614,51.57932,1,2,2,2,10/10/2005,2,07:38,14,E09000026,5,0,Single carriageway,30,None,-1,0,None within 50 metres,No physical crossing within 50 meters,Daylight: Street light present,Fine without high winds,Dry,None,None,1,Yes,E01003643,2005
7697,200501JI40674,544640.0,186140.0,0.084979,51.555554,1,3,4,2,01/10/2005,7,16:50,14,E09000026,6,0,Single carriageway,30,Giveway or uncontrolled,6,0,None within 50 metres,No physical crossing within 50 meters,Daylight: Street light present,Fine without high winds,Dry,None,None,1,Yes,E01003683,2005
7698,200501JI40675,547110.0,187680.0,0.121226,51.568753,1,3,2,1,10/10/2005,2,15:04,14,E09000026,3,118,Single carriageway,30,None,-1,0,None within 50 metres,No physical crossing within 50 meters,Daylight: Street light present,Fine without high winds,Dry,None,None,1,Yes,E01003666,2005
7699,200501JI40676,541430.0,189000.0,0.039858,51.582067,1,3,2,1,12/10/2005,4,08:53,14,E09000026,1,11,Dual carriageway,30,Giveway or uncontrolled,3,406,None within 50 metres,No physical crossing within 50 meters,Daylight: Street light present,Fine without high winds,Dry,None,None,1,Yes,E01003794,2005
7700,200501JI40677,546560.0,188550.0,0.113659,51.576714,1,3,2,1,11/10/2005,3,18:28,14,E09000026,4,177,Single carriageway,30,Giveway or uncontrolled,6,0,None within 50 metres,No physical crossing within 50 meters,Darkness: Street lights present but unlit,Fine without high winds,Dry,None,None,1,Yes,E01003770,2005
7701,200501JI40678,541670.0,188380.0,0.04307,51.576436,1,3,3,1,06/10/2005,5,17:45,14,E09000026,3,12,Roundabout,30,Giveway or uncontrolled,3,406,None within 50 metres,No physical crossing within 50 meters,Daylight: Street light present,Fine without high winds,Dry,None,None,1,No,E01003675,2005
7702,200501JI40679,543260.0,188480.0,0.066041,51.576933,1,3,2,1,30/09/2005,6,09:30,14,E09000026,3,1400,Dual carriageway,30,None,-1,0,None within 50 metres,No physical crossing within 50 meters,Daylight: Street light present,Fine without high winds,Dry,None,None,1,No,E01003653,2005
7703,200501JI40680,544490.0,190010.0,0.084408,51.590367,1,2,2,1,03/10/2005,2,16:00,14,E09000026,6,0,Single carriageway,30,Giveway or uncontrolled,6,0,None within 50 metres,No physical crossing within 50 meters,Daylight: Street light present,Fine without high winds,Dry,None,None,1,Yes,E01003701,2005
7704,200501JI40681,541040.0,189460.0,0.034418,51.586298,1,2,2,1,03/10/2005,2,10:53,14,E09000026,6,0,Single carriageway,30,None,-1,0,None within 50 metres,No physical crossing within 50 meters,Daylight: Street light present,Fine without high winds,Dry,None,None,1,Yes,E01003759,2005
7705,200501JI40682,547130.0,187700.0,0.121523,51.568928,1,3,2,1,03/10/2005,2,17:45,14,E09000026,3,118,Single carriageway,30,Giveway or uncontrolled,6,0,None within 50 metres,No physical crossing within 50 meters,Daylight: Street light present,Fine without high winds,Dry,None,None,1,No,E01003666,2005
7706,200501JI40683,546360.0,187230.0,0.110225,51.564905,1,2,1,1,28/08/2005,1,20:48,14,E09000026,6,0,Single carriageway,30,Giveway or uncontrolled,4,177,None within 50 metres,Zebra crossing,Darkness: Street lights present and lit,Fine without high winds,Dry,None,None,1,Yes,E01003719,2005
7707,200501JI40685,540520.0,188750.0,0.026633,51.580048,1,3,2,1,04/10/2005,3,11:34,14,E09000026,6,0,Single carriageway,30,None,-1,0,None within 50 metres,No physical crossing within 50 meters,Daylight: Street light present,Fine without high winds,Dry,None,None,1,Yes,E01003777,2005
7708,200501JI40686,546780.0,189090.0,0.117057,51.581509,1,3,1,1,04/10/2005,3,15:56,14,E09000026,3,12,Single carriageway,30,Giveway or uncontrolled,4,177,None within 50 metres,No physical crossing within 50 meters,Daylight: Street light present,Fine without high winds,Dry,None,None,1,Yes,E01003663,2005
7709,200501JI40687,544230.0,188600.0,0.080078,51.577764,1,2,2,1,11/10/2005,3,14:54,14,E09000026,6,0,Single carriageway,30,Giveway or uncontrolled,6,0,None within 50 metres,No physical crossing within 50 meters,Daylight: Street light present,Fine without high winds,Dry,None,None,1,Yes,E01003643,2005
7710,200501JI40688,541890.0,188450.0,0.046271,51.577009,1,3,2,1,12/10/2005,4,12:20,14,E09000026,6,0,Single carriageway,30,Giveway or uncontrolled,6,0,None within 50 metres,No physical crossing within 50 meters,Daylight: Street light present,Fine without high winds,Dry,None,None,1,Yes,E01003675,2005
7711,200501JI40689,540920.0,188110.0,0.032146,51.574197,1,3,3,1,27/09/2005,3,15:30,14,E09000026,6,0,Single carriageway,30,None,-1,0,None within 50 metres,No physical crossing within 50 meters,Daylight: Street light present,Fine without high winds,Dry,None,None,1,No,E01003796,2005
7712,200501JI40690,544620.0,189670.0,0.086143,51.587278,1,3,1,1,09/09/2005,6,12:00,14,E09000026,5,0,Single carriageway,30,Giveway or uncontrolled,5,0,None within 50 metres,No physical crossing within 50 meters,Daylight: Street light present,Fine without high winds,Dry,None,None,1,No,E01003701,2005
7713,200501JI40691,543430.0,186890.0,0.067844,51.562602,1,3,2,1,18/10/2005,3,08:54,14,E09000026,3,123,Single carriageway,30,Giveway or uncontrolled,6,0,None within 50 metres,No physical crossing within 50 meters,Daylight: Street light present,Fine without high winds,Dry,None,None,1,Yes,E01003781,2005
7714,200501JI40692,543140.0,186330.0,0.063435,51.557644,1,3,2,2,06/10/2005,5,19:00,14,E09000026,3,406,Dual carriageway,50,None,-1,0,None within 50 metres,No physical crossing within 50 meters,Darkness: Street lights present and lit,Fine without high winds,Dry,None,None,1,No,E01003785,2005
7715,200501JI40694,543220.0,186440.0,0.064633,51.558612,1,3,2,1,14/10/2005,6,18:43,14,E09000026,6,0,Single carriageway,30,Giveway or uncontrolled,6,0,None within 50 metres,No physical crossing within 50 meters,Darkness: Street lights present and lit,Fine without high winds,Dry,None,None,1,Yes,E01003785,2005
7716,200501JI40696,540980.0,190410.0,0.033934,51.59485,1,3,2,1,15/10/2005,7,16:15,14,E09000026,3,406,Single carriageway,50,None,-1,0,None within 50 metres,No physical crossing within 50 meters,Daylight: Street light present,Fine without high winds,Dry,None,None,1,Yes,E01003762,2005
7717,200501JI40697,546800.0,189270.0,0.117421,51.583121,1,3,3,1,19/10/2005,4,08:59,14,E09000026,5,0,Single carriageway,40,None,-1,0,None within 50 metres,No physical crossing within 50 meters,Daylight: Street light present,Fine without high winds,Dry,None,None,1,Yes,E01003640,2005
7718,200501JI40700,540340.0,188070.0,0.023766,51.573982,1,3,2,1,19/10/2005,4,14:42,14,E09000026,3,1008,Single carriageway,30,Automatic traffic signal,3,1008,None within 50 metres,Pedestrian phase at traffic signal junction,Daylight: Street light present,Fine without high winds,Dry,None,None,1,Yes,E01003779,2005
7719,200501JI40701,543160.0,187660.0,0.064264,51.56959,1,3,1,1,21/10/2005,6,15:38,14,E09000026,3,123,Single carriageway,30,None,-1,0,None within 50 metres,No physical crossing within 50 meters,Daylight: Street light present,Fine without high winds,Dry,None,None,1,Yes,E01003692,2005
7720,200501JI40702,543590.0,186810.0,0.070118,51.561843,1,3,1,1,20/10/2005,5,16:39,14,E09000026,6,0,Single carriageway,30,None,-1,0,None within 50 metres,No physical crossing within 50 meters,Daylight: Street light present,Fine without high winds,Dry,None,None,1,Yes,E01003781,2005
7721,200501JI40703,543300.0,187290.0,0.066132,51.56623,1,3,1,1,22/10/2005,7,18:22,14,E09000026,3,123,Single carriageway,30,None,-1,0,None within 50 metres,No physical crossing within 50 meters,Darkness: Street lights present and lit,Fine without high winds,Dry,None,None,1,Yes,E01003788,2005
7722,200501JI40704,544200.0,186590.0,0.078822,51.55971,1,3,2,1,22/10/2005,7,18:40,14,E09000026,3,1083,Roundabout,30,Giveway or uncontrolled,3,118,None within 50 metres,No physical crossing within 50 meters,Darkness: Street lights present and lit,Fine without high winds,Dry,None,None,1,Yes,E01003687,2005
7723,200501JI40706,540520.0,188440.0,0.026509,51.577262,1,3,2,1,16/09/2005,6,14:15,14,E09000026,5,0,Single carriageway,30,Giveway or uncontrolled,6,0,None within 50 metres,Zebra crossing,Daylight: Street light present,Fine without high winds,Dry,None,None,1,No,E01003778,2005
7724,200501JI40707,541660.0,188520.0,0.042982,51.577696,1,3,4,1,21/10/2005,6,08:42,14,E09000026,3,406,Dual carriageway,50,None,-1,0,None within 50 metres,No physical crossing within 50 meters,Daylight: Street light present,Raining without high winds,Wet/Damp,None,None,1,Yes,E01003675,2005
7725,200501JI40709,540610.0,188240.0,0.027727,51.575443,1,3,2,2,22/10/2005,7,14:10,14,E09000026,5,0,Dual carriageway,40,Automatic traffic signal,5,0,None within 50 metres,No physical crossing within 50 meters,Daylight: Street light present,Fine without high winds,Dry,None,None,1,No,E01003789,2005
7726,200501JI40711,544440.0,191270.0,0.084205,51.601701,1,3,1,1,28/10/2005,6,12:50,14,E09000026,3,123,Single carriageway,30,Automatic traffic signal,3,123,None within 50 metres,No physical crossing within 50 meters,Daylight: Street light present,Fine without high winds,Dry,None,None,1,Yes,E01003704,2005
7727,200501JI40712,544180.0,190260.0,0.080039,51.592693,1,3,1,2,20/10/2005,5,14:48,14,E09000026,6,0,Single carriageway,30,None,-1,0,None within 50 metres,No physical crossing within 50 meters,Daylight: Street light present,Fine without high winds,Dry,None,None,1,Yes,E01003705,2005
7728,200501JI40713,540480.0,193380.0,0.027909,51.621663,1,3,2,1,14/09/2005,4,08:10,14,E09000026,3,104,Single carriageway,30,None,-1,0,None within 50 metres,No physical crossing within 50 meters,Daylight: Street light present,Fine without high winds,Dry,None,None,2,No,E01003746,2005
7729,200501JI40714,543430.0,190080.0,0.069145,51.591266,1,3,2,1,26/10/2005,4,08:05,14,E09000026,5,0,Single carriageway,30,Giveway or uncontrolled,6,0,None within 50 metres,No physical crossing within 50 meters,Daylight: Street light present,Fine without high winds,Dry,None,None,1,Yes,E01003711,2005
7730,200501JI40715,543870.0,189090.0,0.075087,51.582259,1,3,2,1,22/10/2005,7,16:40,14,E09000026,6,0,Single carriageway,30,Giveway or uncontrolled,3,123,None within 50 metres,No physical crossing within 50 meters,Daylight: Street light present,Fine without high winds,Dry,None,None,1,No,E01003650,2005
7731,200501JI40716,544220.0,190440.0,0.08069,51.5943,1,3,4,1,19/10/2005,4,08:30,14,E09000026,6,0,Single carriageway,30,Giveway or uncontrolled,6,0,None within 50 metres,No physical crossing within 50 meters,Daylight: Street light present,Fine without high winds,Dry,None,None,1,No,E01003705,2005
7732,200501JI40718,547400.0,189120.0,0.126012,51.581617,1,3,2,1,20/10/2005,5,09:00,14,E09000026,6,0,Single carriageway,30,Giveway or uncontrolled,3,12,None within 50 metres,No physical crossing within 50 meters,Daylight: Street light present,Fine without high winds,Dry,None,None,1,No,E01003663,2005
7733,200501JI40719,546800.0,189170.0,0.117379,51.582222,1,3,2,1,05/10/2005,4,16:00,14,E09000026,4,177,Dual carriageway,50,Automatic traffic signal,3,12,None within 50 metres,Pedestrian phase at traffic signal junction,Daylight: Street light present,Fine without high winds,Dry,None,None,1,No,E01003770,2005
7734,200501JI40720,546140.0,191960.0,0.109021,51.607463,1,2,2,1,11/10/2005,3,09:00,14,E09000026,5,0,Single carriageway,30,Giveway or uncontrolled,6,0,None within 50 metres,No physical crossing within 50 meters,Daylight: Street light present,Fine without high winds,Dry,None,None,1,Yes,E01003720,2005
7735,200501JI40721,543620.0,186250.0,0.070322,51.556803,1,3,2,2,23/10/2005,1,15:02,14,E09000026,3,118,Dual carriageway,30,None,-1,0,None within 50 metres,No physical crossing within 50 meters,Daylight: Street light present,Fine without high winds,Dry,None,None,1,No,E01003728,2005
7736,200501JI40722,545970.0,191900.0,0.106543,51.606968,1,3,2,1,03/11/2005,5,10:53,14,E09000026,5,0,Single carriageway,30,Giveway or uncontrolled,6,0,None within 50 metres,No physical crossing within 50 meters,Daylight: Street light present,Fine without high winds,Dry,None,None,1,Yes,E01003720,2005
7737,200501JI40723,548430.0,188480.0,0.140596,51.575596,1,3,1,1,20/10/2005,5,08:35,16,E09000002,6,0,Single carriageway,30,Giveway or uncontrolled,3,1112,None within 50 metres,No physical crossing within 50 meters,Daylight: Street light present,Fine without high winds,Dry,None,None,1,Yes,E01000031,2005
7738,200501JI40724,540540.0,186910.0,0.026186,51.563509,1,3,2,1,02/11/2005,4,16:15,14,E09000026,3,116,Single carriageway,30,None,-1,0,None within 50 metres,No physical crossing within 50 meters,Daylight: Street light present,Fine without high winds,Dry,None,None,1,Yes,E01003793,2005
7739,200501JI40725,541440.0,190200.0,0.040486,51.592848,1,3,2,1,06/08/2005,7,13:45,14,E09000026,3,1400,Single carriageway,30,None,-1,0,None within 50 metres,No physical crossing within 50 meters,Daylight: Street light present,Fine without high winds,Dry,None,None,1,No,E01003677,2005
7740,200501JI40726,546490.0,188200.0,0.112504,51.573587,1,3,3,2,31/10/2005,2,16:30,14,E09000026,4,177,Single carriageway,30,Giveway or uncontrolled,6,0,None within 50 metres,No physical crossing within 50 meters,Darkness: Street lights present and lit,Raining without high winds,Wet/Damp,None,None,1,Yes,E01003771,2005
7741,200501JI40727,546720.0,192910.0,0.117788,51.615848,1,3,1,1,14/10/2005,6,05:50,14,E09000026,3,1112,Dual carriageway,50,None,-1,0,None within 50 metres,No physical crossing within 50 meters,Darkness: Street lights present and lit,Raining without high winds,Wet/Damp,None,None,1,Yes,E01003722,2005
7742,200501JI40729,541320.0,190250.0,0.038775,51.593327,1,3,2,1,27/10/2005,5,18:30,14,E09000026,3,1400,Dual carriageway,40,None,-1,0,None within 50 metres,No physical crossing within 50 meters,Darkness: Street lights present and lit,Fine without high winds,Dry,None,None,1,Yes,E01003763,2005
7743,200501JI40730,540550.0,188190.0,0.026842,51.575008,1,3,2,1,08/11/2005,3,13:50,14,E09000026,3,12,Dual carriageway,40,None,-1,0,None within 50 metres,No physical crossing within 50 meters,Daylight: Street light present,Fine without high winds,Dry,None,None,1,Yes,E01003789,2005
7744,200501JI40731,541820.0,188160.0,0.045144,51.574421,1,2,4,2,31/10/2005,2,08:50,14,E09000026,3,406,Dual carriageway,50,None,-1,0,None within 50 metres,No physical crossing within 50 meters,Daylight: Street light present,Raining without high winds,Wet/Damp,None,None,1,Yes,E01003697,2005
7745,200501JI40732,546200.0,192070.0,0.109933,51.608436,1,3,2,1,30/10/2005,1,14:50,14,E09000026,5,0,Single carriageway,30,Giveway or uncontrolled,6,0,None within 50 metres,No physical crossing within 50 meters,Daylight: Street light present,Fine without high winds,Dry,None,None,1,No,E01003720,2005
7746,200501JI40736,544910.0,191470.0,0.091069,51.603378,1,3,2,1,24/10/2005,2,20:12,14,E09000026,5,0,Single carriageway,30,Giveway or uncontrolled,6,0,None within 50 metres,No physical crossing within 50 meters,Darkness: Street lights present and lit,Fine without high winds,Dry,None,None,1,Yes,E01003702,2005
7747,200501JI40737,544420.0,186580.0,0.081989,51.559564,1,3,2,1,27/10/2005,5,12:01,14,E09000026,3,1083,Single carriageway,30,Giveway or uncontrolled,3,1083,None within 50 metres,No physical crossing within 50 meters,Daylight: Street light present,Fine without high winds,Dry,None,None,1,No,E01003686,2005
7748,200501JI40738,543220.0,186440.0,0.064633,51.558612,1,3,2,1,11/10/2005,3,19:02,14,E09000026,6,0,Single carriageway,30,Giveway or uncontrolled,6,0,None within 50 metres,No physical crossing within 50 meters,Daylight: Street light present,Fine without high winds,Dry,None,None,1,Yes,E01003785,2005
7749,200501JI40739,540500.0,188490.0,0.026241,51.577717,1,3,1,1,03/11/2005,5,18:40,14,E09000026,5,0,Single carriageway,30,None,-1,0,None within 50 metres,No physical crossing within 50 meters,Darkness: Street lights present and lit,Fine without high winds,Dry,None,None,1,Yes,E01003778,2005
7750,200501JI40740,545370.0,188070.0,0.0963,51.572709,1,3,2,2,07/11/2005,2,08:20,14,E09000026,5,0,Single carriageway,30,Giveway or uncontrolled,6,0,None within 50 metres,No physical crossing within 50 meters,Daylight: Street light present,Fine without high winds,Dry,None,None,1,Yes,E01003754,2005
7751,200501JI40742,546790.0,189120.0,0.117214,51.581776,1,3,2,2,09/11/2005,4,14:41,14,E09000026,6,0,Single carriageway,30,Giveway or uncontrolled,4,177,None within 50 metres,No physical crossing within 50 meters,Daylight: Street light present,Fine without high winds,Dry,None,None,1,Yes,E01003663,2005
7752,200501JI40743,544920.0,188300.0,0.089905,51.574891,1,3,2,1,02/11/2005,4,21:55,14,E09000026,3,12,Single carriageway,30,None,-1,0,None within 50 metres,No physical crossing within 50 meters,Darkness: Street lights present and lit,Fine without high winds,Dry,None,None,1,Yes,E01003641,2005
7753,200501JI40744,543280.0,188310.0,0.06626,51.5754,1,3,1,1,11/11/2005,6,12:10,14,E09000026,3,123,Single carriageway,30,None,-1,0,None within 50 metres,No physical crossing within 50 meters,Daylight: Street light present,Fine without high winds,Dry,None,None,1,Yes,E01003690,2005
7754,200501JI40745,545090.0,185980.0,0.0914,51.554001,1,3,2,1,03/11/2005,5,14:02,14,E09000026,6,0,Single carriageway,30,None,-1,0,None within 50 metres,No physical crossing within 50 meters,Daylight: Street light present,Fine without high winds,Wet/Damp,None,None,1,Yes,E01003740,2005
7755,200501JI40746,544060.0,185220.0,0.076243,51.547436,1,2,2,1,27/10/2005,5,20:55,14,E09000026,3,123,Single carriageway,30,None,-1,0,None within 50 metres,No physical crossing within 50 meters,Darkness: Street lights present and lit,Fine without high winds,Dry,None,None,1,Yes,E01003734,2005
7756,200501JI40747,541510.0,188780.0,0.040924,51.58007,1,3,3,1,01/11/2005,3,23:15,14,E09000026,3,406,Dual carriageway,40,None,-1,0,None within 50 metres,No physical crossing within 50 meters,Darkness: Street lights present and lit,Raining without high winds,Wet/Damp,None,None,1,No,E01003794,2005
7757,200501JI40748,542310.0,188360.0,0.052292,51.576095,1,3,2,1,02/11/2005,4,08:10,14,E09000026,3,12,Dual carriageway,40,Giveway or uncontrolled,5,0,None within 50 metres,No physical crossing within 50 meters,Daylight: Street light present,Fine without high winds,Dry,None,None,1,Yes,E01003696,2005
7758,200501JI40749,545850.0,187240.0,0.102877,51.565127,1,3,2,1,07/11/2005,2,16:05,14,E09000026,3,118,Single carriageway,30,Giveway or uncontrolled,6,0,None within 50 metres,No physical crossing within 50 meters,Daylight: Street light present,Fine without high winds,Dry,None,None,1,Yes,E01003767,2005
7759,200501JI40750,542830.0,186600.0,0.059076,51.560149,1,3,2,1,11/11/2005,6,23:30,14,E09000026,3,406,Dual carriageway,50,None,-1,0,None within 50 metres,No physical crossing within 50 meters,Darkness: Street lights present and lit,Fine without high winds,Dry,None,None,1,Yes,E01003785,2005
7760,200501JI40751,544460.0,188620.0,0.083404,51.577885,1,3,2,1,11/11/2005,6,22:19,14,E09000026,5,0,Single carriageway,30,Giveway or uncontrolled,6,0,None within 50 metres,No physical crossing within 50 meters,Darkness: Street lights present and lit,Fine without high winds,Dry,None,None,1,Yes,E01003645,2005
7761,200501JI40752,547700.0,187620.0,0.129708,51.56806,1,3,2,1,28/10/2005,6,15:25,16,E09000002,5,0,Single carriageway,30,None,-1,0,None within 50 metres,No physical crossing within 50 meters,Daylight: Street light present,Fine without high winds,Dry,None,None,1,No,E01003662,2005
7762,200501JI40753,546470.0,191340.0,0.113525,51.601807,1,3,2,1,05/10/2005,4,15:00,14,E09000026,5,0,Single carriageway,30,Giveway or uncontrolled,5,0,None within 50 metres,No physical crossing within 50 meters,Daylight: Street light present,Fine without high winds,Dry,None,None,2,No,E01003720,2005
7763,200501JI40754,543370.0,186280.0,0.06673,51.557136,1,3,2,1,21/10/2005,6,12:15,14,E09000026,3,118,Single carriageway,30,None,-1,0,None within 50 metres,No physical crossing within 50 meters,Daylight: Street light present,Fine without high winds,Dry,None,None,1,No,E01003728,2005
7764,200501JI40755,544360.0,191760.0,0.083252,51.606125,1,3,2,1,10/11/2005,5,18:15,14,E09000026,3,123,Single carriageway,30,Giveway or uncontrolled,3,123,None within 50 metres,No physical crossing within 50 meters,Darkness: Street lights present and lit,Fine without high winds,Dry,Road surface defective,None,1,Yes,E01003702,2005
7765,200501JI40756,544700.0,191380.0,0.088002,51.602623,1,3,1,1,01/11/2005,3,06:20,14,E09000026,5,0,Single carriageway,30,Giveway or uncontrolled,6,0,None within 50 metres,No physical crossing within 50 meters,Darkness: Street lights present and lit,Fine without high winds,Dry,None,None,1,No,E01003704,2005
7766,200501JI40757,540620.0,188250.0,0.027875,51.57553,1,3,2,2,06/11/2005,1,02:55,14,E09000026,5,0,Single carriageway,30,Automatic traffic signal,5,0,None within 50 metres,Pedestrian phase at traffic signal junction,Darkness: Street lights present and lit,Fine without high winds,Dry,None,None,1,Yes,E01003778,2005
7767,200501JI40758,541570.0,188730.0,0.041769,51.579606,1,2,3,2,27/10/2005,5,18:00,14,E09000026,3,406,Dual carriageway,50,Giveway or uncontrolled,3,406,None within 50 metres,No physical crossing within 50 meters,Darkness: Street lights present and lit,Fine without high winds,Dry,None,None,1,Yes,E01003794,2005
7768,200501JI40759,540480.0,188520.0,0.025964,51.577991,1,3,1,1,14/11/2005,2,10:55,14,E09000026,5,0,Single carriageway,30,Giveway or uncontrolled,6,0,None within 50 metres,No physical crossing within 50 meters,Daylight: Street light present,Fine without high winds,Dry,None,None,1,Yes,E01003778,2005
7769,200501JI40760,545360.0,187040.0,0.09573,51.563456,1,2,1,1,10/11/2005,5,17:03,14,E09000026,3,118,Dual carriageway,30,None,-1,0,None within 50 metres,non-junction pedestrian crossing,Darkness: Street lights present and lit,Fine without high winds,Dry,None,None,1,Yes,E01003714,2005
7770,200501JI40761,545040.0,185820.0,0.090613,51.552576,1,3,2,2,02/11/2005,4,20:30,14,E09000026,6,0,Single carriageway,30,Giveway or uncontrolled,6,0,None within 50 metres,No physical crossing within 50 meters,Darkness: Street lights present and lit,Raining without high winds,Wet/Damp,None,None,1,Yes,E01003739,2005
7771,200501JI40762,542530.0,189220.0,0.055813,51.583767,1,3,1,1,13/11/2005,1,11:40,14,E09000026,3,1400,Dual carriageway,30,Giveway or uncontrolled,6,0,None within 50 metres,No physical crossing within 50 meters,Daylight: Street light present,Fine without high winds,Dry,None,None,1,Yes,E01003681,2005
7772,200501JI40763,540970.0,191430.0,0.034199,51.604018,1,2,1,1,12/11/2005,7,18:55,14,E09000026,5,0,Single carriageway,30,Giveway or uncontrolled,6,0,None within 50 metres,No physical crossing within 50 meters,Daylight: Street light present,Fine without high winds,Dry,None,None,1,Yes,E01003654,2005
7773,200501JI40764,543890.0,185680.0,0.073981,51.551612,1,3,2,1,08/11/2005,3,13:50,14,E09000026,6,0,Single carriageway,30,Giveway or uncontrolled,3,123,None within 50 metres,No physical crossing within 50 meters,Daylight: Street light present,Fine without high winds,Dry,None,None,1,Yes,E01003729,2005
7774,200501JI40765,543500.0,186560.0,0.068718,51.559619,1,3,1,1,07/11/2005,2,10:50,14,E09000026,6,0,Single carriageway,30,Giveway or uncontrolled,6,0,None within 50 metres,No physical crossing within 50 meters,Daylight: Street light present,Fine without high winds,Dry,None,None,1,Yes,E01003783,2005
7775,200501JI40770,547700.0,187900.0,0.129826,51.570576,1,3,2,1,07/11/2005,2,07:45,14,E09000026,3,118,Single carriageway,30,Giveway or uncontrolled,3,118,None within 50 metres,No physical crossing within 50 meters,Daylight: Street light present,Fine without high winds,Wet/Damp,None,None,1,No,E01003662,2005
7776,200501JI40771,545170.0,185610.0,0.0924,51.550656,1,3,2,1,04/11/2005,6,20:35,14,E09000026,5,0,Single carriageway,30,Giveway or uncontrolled,6,0,None within 50 metres,No physical crossing within 50 meters,Darkness: Street lights present and lit,Fine without high winds,Dry,None,None,1,No,E01003739,2005
7777,200501JI40773,540910.0,186850.0,0.031497,51.562878,1,3,2,1,04/11/2005,6,19:07,14,E09000026,6,0,Single carriageway,30,Giveway or uncontrolled,3,116,None within 50 metres,No physical crossing within 50 meters,Daylight: Street light present,Fine without high winds,Dry,None,None,1,No,E01003793,2005
7778,200501JI40774,541720.0,188260.0,0.043743,51.575345,1,3,2,1,07/11/2005,2,05:10,14,E09000026,3,406,Roundabout,30,Giveway or uncontrolled,3,12,None within 50 metres,Footbridge or subway,Darkness: Street lights present and lit,Fine without high winds,Dry,None,None,1,No,E01003697,2005
7779,200501JI40775,546800.0,189440.0,0.117492,51.584649,1,3,2,1,05/11/2005,7,14:10,14,E09000026,5,0,Single carriageway,30,Automatic traffic signal,5,0,None within 50 metres,No physical crossing within 50 meters,Daylight: Street light present,Fine without high winds,Dry,None,None,1,No,E01003640,2005
7780,200501JI40777,540900.0,190450.0,0.032796,51.595229,1,3,2,3,03/11/2005,5,03:15,14,E09000026,3,406,One way street,40,Giveway or uncontrolled,6,0,None within 50 metres,non-junction pedestrian crossing,Darkness: Street lights present and lit,Raining without high winds,Wet/Damp,None,None,1,Yes,E01003762,2005
7781,200501JI40778,544990.0,185960.0,0.08995,51.553847,1,3,2,2,15/11/2005,3,14:55,14,E09000026,6,0,Single carriageway,30,Giveway or uncontrolled,6,0,None within 50 metres,No physical crossing within 50 meters,Daylight: Street light present,Fine without high winds,Dry,None,None,1,Yes,E01003743,2005
7782,200501JI40779,541640.0,188330.0,0.042617,51.575994,1,3,1,1,14/11/2005,2,17:30,14,E09000026,3,12,Single carriageway,30,Giveway or uncontrolled,3,406,None within 50 metres,No physical crossing within 50 meters,Darkness: Street lights present and lit,Fine without high winds,Dry,None,None,1,Yes,E01003675,2005
7783,200501JI40780,544920.0,188290.0,0.089901,51.574801,1,3,2,1,16/11/2005,4,08:23,14,E09000026,3,12,Single carriageway,30,Automatic traffic signal,6,0,None within 50 metres,Pedestrian phase at traffic signal junction,Daylight: Street light present,Fine without high winds,Dry,None,None,1,Yes,E01003753,2005
7784,200501JI40781,544430.0,191530.0,0.084168,51.60404,1,3,2,1,18/11/2005,6,23:27,14,E09000026,3,123,Single carriageway,30,Giveway or uncontrolled,6,0,None within 50 metres,No physical crossing within 50 meters,Darkness: Street lights present and lit,Fine without high winds,Dry,None,None,1,Yes,E01003704,2005
7785,200501JI40783,542640.0,190000.0,0.057716,51.590748,1,3,2,1,30/10/2005,1,22:25,14,E09000026,6,0,Single carriageway,30,Giveway or uncontrolled,6,0,None within 50 metres,No physical crossing within 50 meters,Darkness: Street lights present and lit,Raining without high winds,Wet/Damp,None,None,1,Yes,E01003679,2005
7786,200501JI40784,541670.0,188380.0,0.04307,51.576436,1,3,4,2,16/11/2005,4,16:50,14,E09000026,3,12,Roundabout,40,Automatic traffic signal,3,406,None within 50 metres,No physical crossing within 50 meters,Darkness: Street lights present and lit,Fine without high winds,Dry,None,None,1,Yes,E01003675,2005
7787,200501JI40785,542170.0,188000.0,0.050127,51.572895,1,3,2,1,15/11/2005,3,18:30,14,E09000026,6,0,Single carriageway,30,Giveway or uncontrolled,6,0,None within 50 metres,No physical crossing within 50 meters,Darkness: Street lights present and lit,Fine without high winds,Dry,None,None,1,Yes,E01003693,2005
7788,200501JI40787,545310.0,186410.0,0.094749,51.557808,1,3,2,4,16/11/2005,4,14:42,14,E09000026,6,0,Single carriageway,30,Giveway or uncontrolled,6,0,None within 50 metres,No physical crossing within 50 meters,Daylight: Street light present,Fine without high winds,Dry,None,None,1,Yes,E01003742,2005
7789,200501JI40788,543280.0,188400.0,0.066296,51.576209,1,3,2,1,20/11/2005,1,19:01,14,E09000026,3,12,Roundabout,40,Giveway or uncontrolled,3,123,None within 50 metres,No physical crossing within 50 meters,Darkness: Street lights present and lit,Fine without high winds,Dry,None,None,1,Yes,E01003690,2005
7790,200501JI40789,541070.0,187740.0,0.03416,51.570835,1,3,1,1,18/11/2005,6,18:11,14,E09000026,6,0,Single carriageway,30,None,-1,0,None within 50 metres,No physical crossing within 50 meters,Darkness: Street lights present and lit,Other,Frost/Ice,None,None,1,Yes,E01003795,2005
7791,200501JI40790,543240.0,187060.0,0.065174,51.564178,1,3,2,2,25/08/2005,5,08:13,14,E09000026,6,0,Single carriageway,30,Giveway or uncontrolled,6,0,None within 50 metres,No physical crossing within 50 meters,Daylight: Street light present,Fine without high winds,Dry,None,None,1,Yes,E01003788,2005
7792,200501JI40791,546800.0,189340.0,0.11745,51.58375,1,3,3,2,15/11/2005,3,18:30,14,E09000026,5,0,Single carriageway,30,Giveway or uncontrolled,6,0,None within 50 metres,No physical crossing within 50 meters,Darkness: Street lights present and lit,Fine without high winds,Dry,None,None,1,Yes,E01003640,2005
7793,200501JI40793,539820.0,187850.0,0.016179,51.572135,1,3,2,1,08/11/2005,3,13:49,13,E09000031,3,12,Dual carriageway,40,Giveway or uncontrolled,3,114,None within 50 metres,No physical crossing within 50 meters,Daylight: Street light present,Fine without high winds,Dry,None,None,1,Yes,E01004438,2005
7794,200501JI40794,541650.0,188340.0,0.042765,51.576081,1,2,2,2,14/11/2005,2,10:07,14,E09000026,3,12,Single carriageway,30,Giveway or uncontrolled,3,406,None within 50 metres,No physical crossing within 50 meters,Daylight: Street light present,Fine without high winds,Dry,None,None,1,Yes,E01003675,2005
7795,200501JI40795,540580.0,190030.0,0.028011,51.591535,1,3,1,1,18/11/2005,6,21:10,14,E09000026,4,168,Single carriageway,30,None,-1,0,None within 50 metres,No physical crossing within 50 meters,Darkness: Street lights present and lit,Fine without high winds,Dry,None,None,1,Yes,E01003765,2005
7796,200501JI40796,541110.0,190250.0,0.035745,51.59338,1,3,1,1,12/11/2005,7,23:05,14,E09000026,3,406,Dual carriageway,40,None,-1,0,None within 50 metres,No physical crossing within 50 meters,Darkness: Street lights present and lit,Fine without high winds,Dry,None,None,1,Yes,E01003765,2005
7797,200501JI40797,548870.0,191090.0,0.148047,51.598931,1,3,2,1,16/11/2005,4,06:40,14,E09000026,4,174,Single carriageway,50,Giveway or uncontrolled,4,174,None within 50 metres,No physical crossing within 50 meters,Daylight: Street light present,Raining without high winds,Wet/Damp,None,None,2,Yes,E01000027,2005
7798,200501JI40798,542000.0,187930.0,0.047647,51.572309,1,3,3,1,23/11/2005,4,20:56,14,E09000026,3,406,Dual carriageway,50,None,-1,0,None within 50 metres,No physical crossing within 50 meters,Darkness: Street lights present and lit,Fine without high winds,Dry,Roadworks,None,1,Yes,E01003693,2005
7799,200501JI40799,546570.0,188590.0,0.11382,51.577071,1,2,1,1,19/11/2005,7,13:28,14,E09000026,4,177,Single carriageway,30,None,-1,0,None within 50 metres,No physical crossing within 50 meters,Daylight: Street light present,Fine without high winds,Dry,None,None,1,Yes,E01003770,2005
7800,200501JI40800,546480.0,187020.0,0.111868,51.562987,1,3,1,1,17/11/2005,5,16:42,14,E09000026,3,1083,Single carriageway,30,Giveway or uncontrolled,6,0,None within 50 metres,No physical crossing within 50 meters,Darkness: Street lights present and lit,Fine without high winds,Dry,None,None,1,Yes,E01003719,2005
7801,200501JI40801,543250.0,188430.0,0.065876,51.576486,1,3,2,1,27/09/2005,3,10:30,14,E09000026,3,12,Single carriageway,30,Giveway or uncontrolled,3,1400,None within 50 metres,No physical crossing within 50 meters,Daylight: Street light present,Fine without high winds,Dry,None,None,1,No,E01003690,2005
7802,200501JI40802,545590.0,188670.0,0.09972,51.578043,1,3,2,2,28/11/2005,2,08:20,14,E09000026,5,0,Single carriageway,30,Automatic traffic signal,3,12,None within 50 metres,No physical crossing within 50 meters,Daylight: Street light present,Fine without high winds,Dry,None,None,1,Yes,E01003641,2005
7803,200501JI40803,543540.0,184010.0,0.068255,51.536695,1,3,2,1,25/11/2005,6,15:50,16,E09000002,3,406,Roundabout,50,Giveway or uncontrolled,3,124,None within 50 metres,No physical crossing within 50 meters,Daylight: Street light present,Fine without high winds,Dry,None,None,1,Yes,E01003622,2005
7804,200501JI40804,541000.0,189010.0,0.03366,51.582265,1,3,2,1,21/11/2005,2,14:26,14,E09000026,6,0,Single carriageway,30,Giveway or uncontrolled,6,0,None within 50 metres,No physical crossing within 50 meters,Daylight: Street light present,Raining without high winds,Wet/Damp,None,None,1,Yes,E01003794,2005
7805,200501JI40805,541800.0,188360.0,0.044937,51.576223,1,3,3,3,20/11/2005,1,22:36,14,E09000026,3,12,Roundabout,30,Giveway or uncontrolled,3,12,None within 50 metres,No physical crossing within 50 meters,Darkness: Street lights present and lit,Fine without high winds,Dry,None,None,1,Yes,E01003675,2005
7806,200501JI40806,539990.0,190980.0,0.019878,51.600218,1,3,2,1,17/11/2005,5,07:55,14,E09000026,6,0,Single carriageway,30,Giveway or uncontrolled,3,11,None within 50 metres,No physical crossing within 50 meters,Daylight: Street light present,Fine without high winds,Dry,None,None,1,Yes,E01003672,2005
7807,200501JI40807,547550.0,192070.0,0.129415,51.608084,1,3,2,2,17/11/2005,5,09:20,14,E09000026,3,1112,Dual carriageway,50,None,-1,0,None within 50 metres,No physical crossing within 50 meters,Daylight: Street light present,Fine without high winds,Dry,None,None,2,Yes,E01003640,2005
7808,200501JI40808,545310.0,188020.0,0.095414,51.572275,1,2,3,3,20/11/2005,1,17:45,14,E09000026,5,0,Single carriageway,30,Giveway or uncontrolled,5,0,None within 50 metres,No physical crossing within 50 meters,Darkness: Street lights present and lit,Fine without high winds,Dry,None,None,1,Yes,E01003754,2005
7809,200501JI40809,546440.0,187870.0,0.111645,51.570635,1,3,2,2,16/11/2005,4,11:30,14,E09000026,4,177,Single carriageway,30,Giveway or uncontrolled,6,0,None within 50 metres,No physical crossing within 50 meters,Daylight: Street light present,Fine without high winds,Dry,None,None,1,Yes,E01003773,2005
7810,200501JI40810,544410.0,188130.0,0.082481,51.573494,1,3,2,1,10/11/2005,5,17:00,14,E09000026,6,0,Single carriageway,30,Giveway or uncontrolled,3,12,None within 50 metres,No physical crossing within 50 meters,Daylight: Street light present,Fine without high winds,Dry,None,None,1,No,E01003755,2005
7811,200501JI40811,540910.0,190450.0,0.03294,51.595227,1,3,2,1,14/11/2005,2,21:49,14,E09000026,3,406,Dual carriageway,30,None,-1,0,None within 50 metres,No physical crossing within 50 meters,Darkness: Street lights present and lit,Fine without high winds,Dry,None,None,1,Yes,E01003762,2005
7812,200501JI40812,546790.0,189920.0,0.117548,51.588964,1,3,4,1,25/11/2005,6,19:33,14,E09000026,5,0,Single carriageway,30,None,-1,0,None within 50 metres,No physical crossing within 50 meters,Darkness: Street lights present and lit,Fine without high winds,Dry,None,None,2,Yes,E01003640,2005
7813,200501JI40813,543580.0,186410.0,0.06981,51.558251,1,2,1,1,28/11/2005,2,21:41,14,E09000026,3,118,One way street,30,Automatic traffic signal,3,123,None within 50 metres,Pedestrian phase at traffic signal junction,Darkness: Street lights present and lit,Fine without high winds,Dry,None,None,1,Yes,E01003728,2005
7814,200501JI40814,540970.0,189940.0,0.033601,51.590629,1,3,2,1,22/01/2005,7,18:00,14,E09000026,3,113,Single carriageway,30,None,-1,0,None within 50 metres,No physical crossing within 50 meters,Daylight: Street light present,Fine without high winds,Dry,None,None,1,No,E01003764,2005
7815,200501JI40816,540710.0,191990.0,0.030672,51.609115,1,3,2,1,14/11/2005,2,10:45,14,E09000026,6,0,Single carriageway,30,Giveway or uncontrolled,6,0,None within 50 metres,No physical crossing within 50 meters,Daylight: Street light present,Fine without high winds,Dry,None,None,1,No,E01003748,2005
7816,200501JI40817,540930.0,188380.0,0.032398,51.576621,1,3,2,1,14/11/2005,2,19:01,14,E09000026,3,12,Dual carriageway,40,None,-1,0,None within 50 metres,No physical crossing within 50 meters,Darkness: Street lights present and lit,Fine without high winds,Dry,None,None,1,Yes,E01003796,2005
7817,200501JI40818,543280.0,186210.0,0.065404,51.55653,1,3,1,1,18/11/2005,6,10:12,14,E09000026,3,118,Roundabout,30,Giveway or uncontrolled,3,406,None within 50 metres,No physical crossing within 50 meters,Daylight: Street light present,Fine without high winds,Dry,None,None,1,Yes,E01003728,2005
7818,200501JI40819,546310.0,186600.0,0.109243,51.559257,1,3,4,1,29/11/2005,3,21:55,14,E09000026,4,177,Single carriageway,30,Giveway or uncontrolled,6,0,None within 50 metres,No physical crossing within 50 meters,Darkness: Street lights present and lit,Fine without high winds,Wet/Damp,None,None,1,Yes,E01003737,2005
7819,200501JI40820,543090.0,186380.0,0.062734,51.558106,1,3,2,1,17/11/2005,5,19:00,14,E09000026,3,406,Dual carriageway,50,None,-1,0,None within 50 metres,No physical crossing within 50 meters,Darkness: Street lights present and lit,Fine without high winds,Dry,None,None,1,Yes,E01003785,2005
7820,200501JI40823,540160.0,192200.0,0.022818,51.611139,1,3,2,1,21/11/2005,2,11:00,14,E09000026,3,104,Single carriageway,30,Giveway or uncontrolled,6,0,None within 50 metres,No physical crossing within 50 meters,Daylight: Street light present,Fine without high winds,Dry,None,None,1,Yes,E01003750,2005
7821,200501JI40824,546830.0,187030.0,0.116918,51.562986,1,3,2,1,10/10/2005,2,14:32,14,E09000026,6,0,Single carriageway,30,Giveway or uncontrolled,3,1083,None within 50 metres,No physical crossing within 50 meters,Daylight: Street light present,Fine without high winds,Dry,None,None,1,No,E01003717,2005
7822,200501JI40827,546910.0,187610.0,0.118314,51.568177,1,3,1,1,25/11/2005,6,15:45,14,E09000026,3,118,Single carriageway,30,None,-1,0,None within 50 metres,Zebra crossing,Daylight: Street light present,Fine without high winds,Dry,None,None,1,Yes,E01003773,2005
7823,200501JI40828,540150.0,191840.0,0.02253,51.607907,1,3,2,1,18/11/2005,6,17:30,14,E09000026,3,1009,Dual carriageway,30,Giveway or uncontrolled,5,0,None within 50 metres,No physical crossing within 50 meters,Darkness: Street lights present and lit,Fine without high winds,Dry,None,None,1,Yes,E01003750,2005
7824,200501JI40829,546030.0,187300.0,0.105497,51.56562,1,3,1,1,21/11/2005,2,07:33,14,E09000026,6,0,Single carriageway,30,Giveway or uncontrolled,3,118,None within 50 metres,No physical crossing within 50 meters,Daylight: Street light present,Fine without high winds,Dry,None,None,1,Yes,E01003767,2005
7825,200501JI40830,545120.0,187880.0,0.092616,51.571066,1,3,2,1,29/11/2005,3,17:35,14,E09000026,6,0,Single carriageway,30,Giveway or uncontrolled,6,0,None within 50 metres,No physical crossing within 50 meters,Darkness: Street lights present and lit,Fine without high winds,Dry,None,None,1,Yes,E01003754,2005
7826,200501JI40831,543750.0,188830.0,0.07325,51.579953,1,3,2,1,11/11/2005,6,22:42,14,E09000026,6,0,Single carriageway,30,Giveway or uncontrolled,3,123,None within 50 metres,No physical crossing within 50 meters,Darkness: Street lights present and lit,Fine without high winds,Dry,None,None,1,Yes,E01003653,2005
7827,200501JI40833,545680.0,190950.0,0.101964,51.598507,1,3,2,1,06/12/2005,3,17:00,14,E09000026,5,0,Single carriageway,30,None,-1,0,None within 50 metres,No physical crossing within 50 meters,Darkness: Street lights present and lit,Raining without high winds,Wet/Damp,None,None,2,Yes,E01003699,2005
7828,200501JI40834,540160.0,191860.0,0.022682,51.608084,1,3,2,1,06/12/2005,3,15:15,14,E09000026,3,1009,Single carriageway,30,Giveway or uncontrolled,5,0,None within 50 metres,non-junction pedestrian crossing,Daylight: Street light present,Fine without high winds,Dry,None,None,1,Yes,E01003750,2005
7829,200501JI40835,543990.0,189250.0,0.076884,51.583666,1,3,2,1,06/12/2005,3,13:35,14,E09000026,3,123,Single carriageway,30,None,-1,0,None within 50 metres,No physical crossing within 50 meters,Daylight: Street light present,Fine without high winds,Dry,None,None,1,Yes,E01003650,2005
7830,200501JI40836,543510.0,186760.0,0.068944,51.561414,1,3,3,1,08/12/2005,5,15:50,14,E09000026,6,0,Single carriageway,30,Automatic traffic signal,3,123,None within 50 metres,Pedestrian phase at traffic signal junction,Darkness: Street lights present and lit,Fine without high winds,Wet/Damp,None,None,1,Yes,E01003783,2005
7831,200501JI40837,540020.0,188300.0,0.019242,51.576129,1,3,3,1,09/12/2005,6,15:00,14,E09000026,3,113,Single carriageway,30,Giveway or uncontrolled,6,0,None within 50 metres,No physical crossing within 50 meters,Daylight: Street light present,Fine without high winds,Dry,None,None,1,Yes,E01003778,2005
7832,200501JI40838,544260.0,190740.0,0.08139,51.596985,1,3,2,1,18/11/2005,6,09:00,14,E09000026,5,0,Single carriageway,30,Giveway or uncontrolled,6,0,None within 50 metres,No physical crossing within 50 meters,Daylight: Street light present,Other,Frost/Ice,None,None,1,Yes,E01003700,2005
7833,200501JI40839,544490.0,187850.0,0.08352,51.570958,1,2,2,1,11/12/2005,1,11:40,14,E09000026,5,0,Single carriageway,30,Giveway or uncontrolled,6,0,None within 50 metres,No physical crossing within 50 meters,Daylight: Street light present,Fine without high winds,Dry,None,None,1,Yes,E01003755,2005
7834,200501JI40840,540030.0,192040.0,0.020878,51.609734,1,2,1,1,12/12/2005,2,05:36,14,E09000026,6,0,Single carriageway,30,None,-1,0,None within 50 metres,No physical crossing within 50 meters,Darkness: Street lights present and lit,Other,Dry,None,None,1,Yes,E01003750,2005
7835,200501JI40841,539860.0,189640.0,0.017468,51.58821,1,3,2,1,13/12/2005,3,13:25,14,E09000026,6,0,Single carriageway,30,None,-1,0,None within 50 metres,No physical crossing within 50 meters,Daylight: Street light present,Fine without high winds,Dry,None,None,1,Yes,E01003775,2005
7836,200501JI40842,541040.0,190310.0,0.034759,51.593936,1,3,3,2,21/11/2005,2,13:53,14,E09000026,3,406,Dual carriageway,50,None,-1,0,None within 50 metres,No physical crossing within 50 meters,Daylight: Street light present,Fine without high winds,Dry,None,None,1,Yes,E01003765,2005
7837,200501JI40844,541070.0,190300.0,0.035188,51.593839,1,3,3,1,27/11/2005,1,15:35,14,E09000026,1,11,Dual carriageway,50,Giveway or uncontrolled,6,0,None within 50 metres,No physical crossing within 50 meters,Daylight: Street light present,Fine without high winds,Dry,None,None,1,Yes,E01003765,2005
7838,200501JI40846,541410.0,192570.0,0.041008,51.614151,1,2,3,3,05/12/2005,2,18:00,14,E09000026,5,0,Single carriageway,30,Giveway or uncontrolled,6,0,None within 50 metres,No physical crossing within 50 meters,Darkness: Street lights present and lit,Fine without high winds,Wet/Damp,None,None,1,Yes,E01003660,2005
7839,200501JI40847,543720.0,186200.0,0.071743,51.556328,1,3,2,1,04/12/2005,1,21:13,14,E09000026,3,123,Single carriageway,30,Giveway or uncontrolled,3,123,None within 50 metres,No physical crossing within 50 meters,Darkness: Street lights present and lit,Fine without high winds,Dry,None,None,1,Yes,E01003689,2005
7840,200501JI40848,545770.0,187210.0,0.101711,51.564878,1,3,2,1,26/11/2005,7,14:37,14,E09000026,3,118,Single carriageway,30,Giveway or uncontrolled,6,0,None within 50 metres,No physical crossing within 50 meters,Daylight: Street light present,Fine without high winds,Dry,None,None,1,Yes,E01003767,2005
7841,200501JI40849,539360.0,189080.0,0.010034,51.583301,1,3,2,2,23/11/2005,4,15:00,13,E09000031,3,1007,Single carriageway,30,Giveway or uncontrolled,6,0,None within 50 metres,No physical crossing within 50 meters,Daylight: Street light present,Raining without high winds,Wet/Damp,None,None,1,Yes,E01004362,2005
7842,200501JI40850,541030.0,191660.0,0.035157,51.60607,1,3,1,1,02/12/2005,6,18:17,14,E09000026,5,0,Single carriageway,30,None,-1,0,None within 50 metres,No physical crossing within 50 meters,Darkness: Street lights present and lit,Raining without high winds,Wet/Damp,None,None,1,Yes,E01003655,2005
7843,200501JI40851,543290.0,186210.0,0.065548,51.556528,1,3,2,1,29/11/2005,3,13:50,14,E09000026,3,406,Slip road,30,Giveway or uncontrolled,3,118,None within 50 metres,No physical crossing within 50 meters,Daylight: Street light present,Fine without high winds,Dry,None,None,1,Yes,E01003728,2005
7844,200501JI40852,542710.0,188960.0,0.058304,51.581385,1,3,1,1,01/12/2005,5,12:10,14,E09000026,3,1400,Single carriageway,30,Giveway or uncontrolled,4,192,None within 50 metres,No physical crossing within 50 meters,Daylight: Street light present,Fine without high winds,Wet/Damp,None,None,1,Yes,E01003646,2005
7845,200501JI40854,540090.0,189300.0,0.020651,51.585097,1,3,2,4,03/12/2005,7,10:30,14,E09000026,3,11,Single carriageway,30,Giveway or uncontrolled,6,0,None within 50 metres,No physical crossing within 50 meters,Daylight: Street light present,Fine without high winds,Dry,None,None,1,Yes,E01003774,2005
7846,200501JI40855,545200.0,187380.0,0.093563,51.566553,1,3,1,1,28/11/2005,2,08:45,14,E09000026,5,0,Single carriageway,30,Giveway or uncontrolled,6,0,None within 50 metres,No physical crossing within 50 meters,Daylight: Street light present,Fine without high winds,Wet/Damp,None,None,1,Yes,E01003757,2005
7847,200501JI40856,545140.0,187530.0,0.09276,51.567916,1,3,2,1,12/11/2005,7,21:14,14,E09000026,6,0,Single carriageway,30,Giveway or uncontrolled,6,0,None within 50 metres,No physical crossing within 50 meters,Darkness: Street lights present and lit,Fine without high winds,Dry,None,None,1,Yes,E01003757,2005
7848,200501JI40857,544360.0,185880.0,0.080837,51.55329,1,2,4,1,02/12/2005,6,20:00,14,E09000026,6,0,Single carriageway,30,Giveway or uncontrolled,6,0,None within 50 metres,No physical crossing within 50 meters,Darkness: Street lights present and lit,Raining without high winds,Wet/Damp,None,None,1,Yes,E01003685,2005
7849,200501JI40858,539900.0,190440.0,0.018364,51.595388,1,3,2,1,12/11/2005,7,15:00,14,E09000026,3,406,Dual carriageway,50,None,-1,0,None within 50 metres,No physical crossing within 50 meters,Daylight: Street light present,Fine without high winds,Dry,None,None,1,No,E01003673,2005
7850,200501JI40859,547700.0,187910.0,0.12983,51.570666,1,3,2,1,16/11/2005,4,22:15,14,E09000026,3,118,Single carriageway,30,Giveway or uncontrolled,3,118,None within 50 metres,No physical crossing within 50 meters,Darkness: Street lights present and lit,Fine without high winds,Dry,None,None,1,No,E01003662,2005
7851,200501JI40860,545700.0,186790.0,0.100528,51.561122,1,3,2,1,19/11/2005,7,20:20,14,E09000026,6,0,Single carriageway,30,Giveway or uncontrolled,3,1083,None within 50 metres,No physical crossing within 50 meters,Darkness: Street lights present and lit,Fine without high winds,Dry,None,None,1,No,E01003715,2005
7852,200501JI40861,541620.0,188530.0,0.042409,51.577796,1,3,2,1,20/11/2005,1,09:00,14,E09000026,3,406,Dual carriageway,30,None,-1,0,None within 50 metres,No physical crossing within 50 meters,Daylight: Street light present,Fine without high winds,Dry,None,None,1,No,E01003795,2005
7853,200501JI40862,544450.0,191260.0,0.084345,51.601609,1,3,3,1,20/11/2005,1,18:00,14,E09000026,3,123,Dual carriageway,30,Giveway or uncontrolled,3,123,None within 50 metres,No physical crossing within 50 meters,Darkness: Street lights present and lit,Fine without high winds,Dry,None,None,1,No,E01003704,2005
7854,200501JI40864,544480.0,190980.0,0.084663,51.599085,1,3,2,1,22/11/2005,3,08:25,14,E09000026,3,123,Single carriageway,30,None,-1,0,None within 50 metres,No physical crossing within 50 meters,Daylight: Street light present,Fine without high winds,Dry,None,None,1,No,E01003700,2005
7855,200501JI40866,544230.0,189870.0,0.0806,51.589175,1,3,2,1,24/11/2005,5,17:15,14,E09000026,6,0,Single carriageway,30,Giveway or uncontrolled,6,0,None within 50 metres,No physical crossing within 50 meters,Daylight: Street light present,Fine without high winds,Dry,None,None,1,No,E01003711,2005
7856,200501JI40867,546160.0,185720.0,0.106715,51.551389,1,3,2,1,27/11/2005,1,09:12,16,E09000002,6,0,Single carriageway,30,Giveway or uncontrolled,3,124,None within 50 metres,No physical crossing within 50 meters,Daylight: Street light present,Fine without high winds,Dry,None,None,1,No,E01003738,2005
7857,200501JI40869,545370.0,186430.0,0.095622,51.557973,1,2,3,2,12/12/2005,2,01:59,14,E09000026,6,0,Single carriageway,30,Giveway or uncontrolled,6,0,None within 50 metres,No physical crossing within 50 meters,Darkness: Street lights present and lit,Fine without high winds,Frost/Ice,None,None,1,Yes,E01003742,2005
7858,200501JI40870,543460.0,185670.0,0.067779,51.551632,1,3,2,1,18/11/2005,6,10:12,17,E09000025,3,406,Dual carriageway,60,Giveway or uncontrolled,6,0,None within 50 metres,No physical crossing within 50 meters,Daylight: Street light present,Fine without high winds,Dry,None,None,1,No,E01003577,2005
7859,200501JI40871,542980.0,187330.0,0.061535,51.56667,1,3,2,1,07/12/2005,4,00:02,14,E09000026,5,0,Single carriageway,30,Giveway or uncontrolled,6,0,None within 50 metres,No physical crossing within 50 meters,Darkness: Street lights present and lit,Raining without high winds,Wet/Damp,None,None,1,Yes,E01003695,2005
7860,200501JI40872,546830.0,187020.0,0.116914,51.562896,1,3,2,1,06/12/2005,3,20:00,14,E09000026,6,0,Single carriageway,30,Giveway or uncontrolled,3,1083,None within 50 metres,No physical crossing within 50 meters,Darkness: Street lights present and lit,Fine without high winds,Dry,None,None,1,No,E01003717,2005
7861,200501JI40873,545120.0,187880.0,0.092616,51.571066,1,3,2,1,13/12/2005,3,15:10,14,E09000026,6,0,Single carriageway,30,Giveway or uncontrolled,6,0,None within 50 metres,No physical crossing within 50 meters,Daylight: Street light present,Fine without high winds,Dry,None,None,1,Yes,E01003754,2005
7862,200501JI40875,543840.0,184920.0,0.072949,51.544796,1,3,2,3,14/12/2005,4,20:10,14,E09000026,6,0,Single carriageway,30,Giveway or uncontrolled,6,0,None within 50 metres,No physical crossing within 50 meters,Darkness: Street lights present and lit,Fine without high winds,Dry,None,None,1,Yes,E01003736,2005
7863,200501JI40877,546370.0,191840.0,0.11229,51.606325,1,3,2,1,28/11/2005,2,18:45,14,E09000026,5,0,Single carriageway,30,Giveway or uncontrolled,6,0,None within 50 metres,No physical crossing within 50 meters,Darkness: Street lights present and lit,Fine without high winds,Dry,None,None,1,No,E01003720,2005
7864,200501JI40878,545770.0,185990.0,0.101206,51.553916,1,2,1,2,16/12/2005,6,01:56,14,E09000026,6,0,Single carriageway,30,None,-1,0,None within 50 metres,No physical crossing within 50 meters,Darkness: Street lights present and lit,Fine without high winds,Dry,None,None,1,Yes,E01003737,2005
7865,200501JI40879,537410.0,191020.0,-0.017333,51.601213,1,3,2,1,30/11/2005,4,22:30,13,E09000031,3,406,Dual carriageway,30,Giveway or uncontrolled,3,112,None within 50 metres,No physical crossing within 50 meters,Darkness: Street lighting unknown,Fine without high winds,Dry,None,None,1,No,E01004403,2005
7866,200501JI40880,545240.0,185800.0,0.093488,51.552345,1,3,2,1,30/11/2005,4,09:50,14,E09000026,5,0,Roundabout,30,Giveway or uncontrolled,6,0,None within 50 metres,No physical crossing within 50 meters,Daylight: Street light present,Fine without high winds,Wet/Damp,None,None,1,No,E01003739,2005
7867,200501JI40881,540890.0,191760.0,0.033177,51.607003,1,2,1,1,17/12/2005,7,09:40,14,E09000026,6,0,Single carriageway,30,None,-1,0,None within 50 metres,No physical crossing within 50 meters,Daylight: Street light present,Fine without high winds,Dry,None,None,1,Yes,E01003748,2005
7868,200501JI40882,548290.0,189080.0,0.13883,51.581024,1,3,3,1,30/11/2005,4,17:12,16,E09000002,3,12,Dual carriageway,50,None,-1,0,None within 50 metres,No physical crossing within 50 meters,Daylight: Street light present,Fine without high winds,Dry,None,None,1,No,E01000030,2005
7869,200501JI40884,544040.0,185280.0,0.075979,51.54798,1,3,2,1,03/12/2005,7,14:30,14,E09000026,3,123,Single carriageway,30,Giveway or uncontrolled,6,0,None within 50 metres,Zebra crossing,Daylight: Street light present,Fine without high winds,Dry,None,None,1,No,E01003734,2005
7870,200501JI40885,542690.0,188970.0,0.058019,51.58148,1,3,2,1,03/12/2005,7,23:00,14,E09000026,3,1400,Roundabout,30,Giveway or uncontrolled,4,192,None within 50 metres,No physical crossing within 50 meters,Darkness: Street lights present and lit,Fine without high winds,Dry,None,None,1,No,E01003646,2005
7871,200501JI40886,545270.0,187010.0,0.09442,51.56321,1,3,2,1,05/12/2005,2,20:00,14,E09000026,6,0,Single carriageway,30,Automatic traffic signal,3,118,None within 50 metres,Pedestrian phase at traffic signal junction,Darkness: Street lights present and lit,Fine without high winds,Dry,None,None,1,No,E01003714,2005
7872,200501JI40887,550080.0,189210.0,0.164701,51.581719,1,3,2,1,09/12/2005,6,16:00,15,E09000016,3,12,Dual carriageway,30,Automatic traffic signal,5,0,None within 50 metres,Pedestrian phase at traffic signal junction,Daylight: Street light present,Fine without high winds,Wet/Damp,None,None,1,No,E01002329,2005
7873,200501JI40888,540130.0,189500.0,0.021307,51.586885,1,3,2,1,14/12/2005,4,17:04,14,E09000026,3,11,Single carriageway,30,None,-1,0,None within 50 metres,No physical crossing within 50 meters,Darkness: Street lights present and lit,Fine without high winds,Dry,None,None,1,Yes,E01003774,2005
7874,200501JI40889,546370.0,187330.0,0.110411,51.565801,1,3,1,1,22/12/2005,5,07:35,14,E09000026,4,177,Single carriageway,30,Giveway or uncontrolled,6,0,None within 50 metres,non-junction pedestrian crossing,Daylight: Street light present,Fine without high winds,Dry,None,None,1,Yes,E01003769,2005
7875,200501JI40890,544460.0,188600.0,0.083395,51.577705,1,3,1,1,09/12/2005,6,19:00,14,E09000026,5,0,Single carriageway,30,Giveway or uncontrolled,6,0,None within 50 metres,No physical crossing within 50 meters,Darkness: Street lights present and lit,Fine without high winds,Dry,None,None,1,Yes,E01003645,2005
7876,200501JI40892,542720.0,191780.0,0.059594,51.606722,1,3,3,1,09/11/2005,4,07:20,14,E09000026,4,173,Single carriageway,30,None,-1,0,None within 50 metres,No physical crossing within 50 meters,Daylight: Street light present,Fine without high winds,Dry,None,None,1,No,E01003657,2005
7877,200501JI40893,539310.0,190500.0,0.009876,51.596074,1,3,2,1,13/12/2005,3,10:34,13,E09000031,3,406,Roundabout,30,Automatic traffic signal,3,104,None within 50 metres,Pedestrian phase at traffic signal junction,Daylight: Street light present,Fine without high winds,Dry,None,None,1,Yes,E01004377,2005
7878,200501JI40895,540760.0,189830.0,0.030527,51.589693,1,3,2,1,03/11/2005,5,13:15,14,E09000026,3,113,Single carriageway,30,Automatic traffic signal,4,168,None within 50 metres,Pedestrian phase at traffic signal junction,Daylight: Street light present,Fine without high winds,Dry,None,None,1,Yes,E01003764,2005
7879,200501JI40896,546300.0,187400.0,0.109431,51.566448,1,3,2,1,01/12/2005,5,21:45,14,E09000026,3,118,Single carriageway,30,Giveway or uncontrolled,6,0,None within 50 metres,No physical crossing within 50 meters,Darkness: Street lights present and lit,Raining without high winds,Wet/Damp,None,None,1,Yes,E01003769,2005
7880,200501JI40898,546380.0,187450.0,0.110605,51.566877,1,3,2,1,09/12/2005,6,07:15,14,E09000026,4,177,Single carriageway,30,Automatic traffic signal,3,118,None within 50 metres,Pedestrian phase at traffic signal junction,Darkness: Street lights present and lit,Fog or mist,Wet/Damp,None,None,1,Yes,E01003769,2005
7881,200501JI40899,540900.0,189240.0,0.03231,51.584356,1,3,2,1,16/12/2005,6,15:20,14,E09000026,6,0,Single carriageway,30,Giveway or uncontrolled,6,0,None within 50 metres,No physical crossing within 50 meters,Daylight: Street light present,Fine without high winds,Dry,None,None,1,No,E01003794,2005
7882,200501JI40900,546800.0,192200.0,0.118646,51.609448,1,3,2,1,18/12/2005,1,12:30,14,E09000026,6,0,Single carriageway,30,Giveway or uncontrolled,6,0,None within 50 metres,No physical crossing within 50 meters,Daylight: Street light present,Fine without high winds,Dry,None,None,1,No,E01003726,2005
7883,200501JI40901,541670.0,188380.0,0.04307,51.576436,1,3,3,5,29/11/2005,3,20:51,14,E09000026,3,406,Dual carriageway,30,None,-1,0,None within 50 metres,No physical crossing within 50 meters,Darkness: Street lights present and lit,Fine without high winds,Wet/Damp,None,None,1,Yes,E01003675,2005
7884,200501JI40902,546830.0,187580.0,0.117148,51.567928,1,2,2,1,12/12/2005,2,12:37,14,E09000026,3,118,Single carriageway,30,Giveway or uncontrolled,6,0,None within 50 metres,No physical crossing within 50 meters,Daylight: Street light present,Fine without high winds,Dry,None,None,1,Yes,E01003773,2005
7885,200501JI40903,541650.0,188290.0,0.042745,51.575632,1,3,2,1,12/12/2005,2,07:33,14,E09000026,3,12,Roundabout,30,Giveway or uncontrolled,3,406,None within 50 metres,No physical crossing within 50 meters,Daylight: Street light present,Fine without high winds,Wet/Damp,None,None,1,Yes,E01003697,2005
7886,200501JI40904,547050.0,188340.0,0.120637,51.574699,1,3,2,1,19/12/2005,2,08:35,14,E09000026,6,0,Single carriageway,30,Giveway or uncontrolled,6,0,None within 50 metres,No physical crossing within 50 meters,Daylight: Street light present,Fine without high winds,Dry,None,None,1,No,E01003667,2005
7887,200501JI40905,545280.0,186230.0,0.094242,51.556199,1,3,2,1,10/12/2005,7,20:10,14,E09000026,5,0,Single carriageway,30,Giveway or uncontrolled,6,0,None within 50 metres,No physical crossing within 50 meters,Darkness: Street lights present and lit,Fine without high winds,Dry,None,None,1,Yes,E01003740,2005
7888,200501JI40906,543980.0,186430.0,0.075585,51.558329,1,3,2,2,18/12/2005,1,00:22,14,E09000026,6,0,Single carriageway,30,Giveway or uncontrolled,6,0,None within 50 metres,No physical crossing within 50 meters,Darkness: Street lights present and lit,Fine without high winds,Dry,None,None,1,Yes,E01003689,2005
7889,200501JI40907,545740.0,188790.0,0.101933,51.579083,1,2,3,2,17/12/2005,7,15:44,14,E09000026,3,12,Dual carriageway,40,None,-1,0,None within 50 metres,No physical crossing within 50 meters,Daylight: Street light present,Fine without high winds,Dry,None,None,1,Yes,E01003751,2005
7890,200501JI40908,542900.0,188330.0,0.060788,51.575676,1,3,1,1,20/12/2005,3,12:20,14,E09000026,4,192,Single carriageway,30,Giveway or uncontrolled,6,0,None within 50 metres,No physical crossing within 50 meters,Daylight: Street light present,Fine without high winds,Dry,None,None,1,Yes,E01003696,2005
7891,200501JI40909,546500.0,186710.0,0.112027,51.560196,1,3,3,1,10/12/2005,7,14:30,14,E09000026,6,0,Single carriageway,30,Giveway or uncontrolled,6,0,None within 50 metres,No physical crossing within 50 meters,Daylight: Street light present,Fine without high winds,Dry,None,None,1,Yes,E01003716,2005
7892,200501JI40911,540070.0,188940.0,0.020219,51.581867,1,3,2,4,18/12/2005,1,15:20,14,E09000026,3,11,Single carriageway,30,Automatic traffic signal,3,11,None within 50 metres,No physical crossing within 50 meters,Daylight: Street light present,Fine without high winds,Dry,None,None,1,Yes,E01003778,2005
7893,200501JI40912,543160.0,189370.0,0.064961,51.584955,1,3,1,1,21/12/2005,4,06:05,14,E09000026,5,0,Single carriageway,30,None,-1,0,None within 50 metres,No physical crossing within 50 meters,Darkness: Street lights present and lit,Fine without high winds,Wet/Damp,None,None,1,Yes,E01003649,2005
7894,200501JI40913,544500.0,188130.0,0.083779,51.573471,1,3,2,3,16/12/2005,6,21:37,14,E09000026,3,12,Dual carriageway,30,Automatic traffic signal,5,0,None within 50 metres,Pedestrian phase at traffic signal junction,Darkness: Street lights present and lit,Fine without high winds,Dry,None,None,1,Yes,E01003755,2005
7895,200501JI40914,539570.0,191000.0,0.013826,51.600502,1,3,1,1,17/12/2005,7,02:38,14,E09000026,3,104,Single carriageway,30,Giveway or uncontrolled,3,104,None within 50 metres,No physical crossing within 50 meters,Darkness: Street lights present and lit,Fine without high winds,Dry,None,None,1,Yes,E01004377,2005
7896,200501JI40915,540670.0,190490.0,0.029493,51.595646,1,3,2,1,11/12/2005,1,12:10,14,E09000026,3,406,Dual carriageway,40,None,-1,0,None within 50 metres,No physical crossing within 50 meters,Daylight: Street light present,Raining without high winds,Wet/Damp,None,None,1,Yes,E01003765,2005
7897,200501JI40916,540870.0,190470.0,0.032371,51.595416,1,3,2,1,07/12/2005,4,09:00,14,E09000026,6,0,Single carriageway,30,Giveway or uncontrolled,3,406,None within 50 metres,Zebra crossing,Daylight: Street light present,Fine without high winds,Dry,None,None,1,Yes,E01003762,2005
7898,200501JI40917,544440.0,186530.0,0.082257,51.55911,1,3,3,1,10/12/2005,7,14:07,14,E09000026,3,1083,Roundabout,30,Giveway or uncontrolled,6,0,None within 50 metres,No physical crossing within 50 meters,Daylight: Street light present,Raining without high winds,Wet/Damp,None,None,1,Yes,E01003686,2005
7899,200501JI40919,545190.0,185610.0,0.092689,51.550651,1,3,2,1,19/12/2005,2,15:00,14,E09000026,5,0,Single carriageway,30,Giveway or uncontrolled,6,0,None within 50 metres,No physical crossing within 50 meters,Daylight: Street light present,Fine without high winds,Dry,None,None,1,Yes,E01003739,2005
7900,200501JI40921,544490.0,190960.0,0.084799,51.598903,1,2,2,1,16/12/2005,6,04:30,14,E09000026,3,123,Single carriageway,30,Giveway or uncontrolled,6,0,None within 50 metres,No physical crossing within 50 meters,Darkness: Street lights present and lit,Fine without high winds,Dry,None,None,1,Yes,E01003700,2005
7901,200501JI40922,541810.0,188270.0,0.045045,51.575412,1,3,2,4,21/12/2005,4,18:45,14,E09000026,3,406,Slip road,30,Giveway or uncontrolled,3,12,None within 50 metres,No physical crossing within 50 meters,Darkness: Street lights present and lit,Fine without high winds,Dry,None,None,1,No,E01003697,2005
7902,200501JI40923,541090.0,191840.0,0.036096,51.607672,1,2,1,1,27/11/2005,1,16:24,14,E09000026,5,0,Single carriageway,30,Automatic traffic signal,5,0,None within 50 metres,Pedestrian phase at traffic signal junction,Daylight: Street light present,Fine without high winds,Dry,None,None,1,Yes,E01003655,2005
7903,200501JI40924,544150.0,186610.0,0.078109,51.559903,1,3,2,1,27/12/2005,3,14:14,14,E09000026,6,0,Single carriageway,30,None,-1,0,None within 50 metres,No physical crossing within 50 meters,Daylight: Street light present,Fine without high winds,Dry,None,None,1,No,E01003687,2005
7904,200501JI40925,540100.0,190580.0,0.021305,51.596597,1,3,2,1,22/12/2005,5,16:10,14,E09000026,3,11,Single carriageway,30,None,-1,0,None within 50 metres,No physical crossing within 50 meters,Darkness: Street lights present and lit,Fine without high winds,Dry,None,None,1,Yes,E01003672,2005
7905,200501JI40928,546420.0,187640.0,0.111261,51.568574,1,3,3,1,27/11/2005,1,15:25,14,E09000026,4,177,Single carriageway,30,None,-1,0,None within 50 metres,No physical crossing within 50 meters,Daylight: Street light present,Fine without high winds,Dry,None,None,1,Yes,E01003773,2005
7906,200501JI40930,543720.0,186200.0,0.071743,51.556328,1,3,2,2,30/12/2005,6,02:44,14,E09000026,3,118,Roundabout,30,Giveway or uncontrolled,3,123,None within 50 metres,No physical crossing within 50 meters,Darkness: Street lights present and lit,Fine without high winds,Frost/Ice,None,None,1,Yes,E01003689,2005
7907,200501JI40931,544460.0,190390.0,0.084131,51.593789,1,3,2,1,30/12/2005,6,20:30,14,E09000026,5,0,Single carriageway,30,Giveway or uncontrolled,3,123,None within 50 metres,No physical crossing within 50 meters,Darkness: Street lights present and lit,Raining without high winds,Wet/Damp,None,None,1,No,E01003705,2005
7908,200501JI40932,546810.0,189170.0,0.117523,51.58222,1,3,2,1,28/12/2005,4,07:35,14,E09000026,3,12,Dual carriageway,50,Automatic traffic signal,4,177,None within 50 metres,Pedestrian phase at traffic signal junction,Daylight: Street light present,Fine without high winds,Wet/Damp,None,None,1,Yes,E01003663,2005
7909,200501JI40933,544290.0,189980.0,0.08151,51.590149,1,3,1,1,01/12/2005,5,08:00,14,E09000026,5,0,Single carriageway,30,None,-1,0,None within 50 metres,Pedestrian phase at traffic signal junction,Daylight: Street light present,Fine without high winds,Wet/Damp,None,None,1,Yes,E01003705,2005
7910,200501JI40935,543340.0,186250.0,0.066285,51.556874,1,2,1,1,24/12/2005,7,20:32,14,E09000026,3,118,Single carriageway,30,Automatic traffic signal,3,118,None within 50 metres,Pedestrian phase at traffic signal junction,Darkness: Street lights present and lit,Fine without high winds,Dry,None,None,1,Yes,E01003728,2005
7911,200501JI40936,544530.0,189300.0,0.084693,51.583977,1,3,2,1,31/12/2005,7,12:05,14,E09000026,5,0,Single carriageway,30,Giveway or uncontrolled,6,0,None within 50 metres,No physical crossing within 50 meters,Daylight: Street light present,Fine without high winds,Dry,None,None,1,Yes,E01003639,2005
7912,200501JI40940,540840.0,186890.0,0.030503,51.563254,1,3,1,1,22/12/2005,5,16:05,14,E09000026,6,0,Single carriageway,30,None,-1,0,None within 50 metres,No physical crossing within 50 meters,Darkness: Street lights present and lit,Fine without high winds,Dry,None,None,1,Yes,E01003793,2005
7913,200501JI40941,543280.0,186120.0,0.065368,51.555721,1,3,2,1,07/12/2005,4,17:20,14,E09000026,3,406,Slip road,30,Giveway or uncontrolled,3,118,None within 50 metres,No physical crossing within 50 meters,Darkness: Street lights present and lit,Fine without high winds,Dry,None,None,1,Yes,E01003577,2005
7914,200501JI40943,544300.0,186970.0,0.080419,51.563099,1,3,2,1,03/12/2005,7,17:30,14,E09000026,5,0,Single carriageway,30,None,-1,0,None within 50 metres,No physical crossing within 50 meters,Darkness: Street lights present and lit,Raining without high winds,Wet/Damp,None,None,1,Yes,E01003782,2005
7915,200501JI40944,545180.0,185410.0,0.092462,51.548856,1,3,2,1,07/12/2005,4,10:30,14,E09000026,5,0,Single carriageway,30,None,-1,0,None within 50 metres,No physical crossing within 50 meters,Daylight: Street light present,Fine without high winds,Wet/Damp,None,None,1,Yes,E01003741,2005
7916,200501JI40947,541210.0,189740.0,0.036983,51.588772,1,3,2,2,23/12/2005,6,18:07,14,E09000026,1,11,Dual carriageway,70,None,-1,0,None within 50 metres,No physical crossing within 50 meters,Darkness: Street lights present and lit,Fine without high winds,Dry,None,None,1,Yes,E01003764,2005
7917,200501JI40951,546970.0,187630.0,0.119187,51.568341,1,2,1,2,23/12/2005,6,21:50,14,E09000026,3,118,Single carriageway,30,Giveway or uncontrolled,6,0,None within 50 metres,Zebra crossing,Darkness: Street lights present and lit,Fine without high winds,Dry,None,None,1,Yes,E01003666,2005
7918,200501JI40958,539930.0,191260.0,0.019124,51.602749,1,3,2,3,22/12/2005,5,19:00,14,E09000026,3,11,Single carriageway,30,Giveway or uncontrolled,6,0,None within 50 metres,No physical crossing within 50 meters,Darkness: Street lights present and lit,Fine without high winds,Dry,None,None,1,No,E01003670,2005
7919,200501JI40967,542840.0,188190.0,0.059866,51.574433,1,2,2,1,23/12/2005,6,15:35,14,E09000026,6,0,Single carriageway,30,None,-1,0,None within 50 metres,No physical crossing within 50 meters,Daylight: Street light present,Fine without high winds,Dry,None,None,1,Yes,E01003696,2005
7920,200501JI49090,544360.0,191770.0,0.083256,51.606215,1,3,3,1,23/11/2005,4,18:00,14,E09000026,3,123,Single carriageway,30,Giveway or uncontrolled,3,123,None within 50 metres,No physical crossing within 50 meters,Darkness: Street lights present and lit,Fine without high winds,Dry,None,None,1,No,E01003702,2005
7921,200501JI49096,541160.0,190200.0,0.036446,51.592918,1,3,1,1,02/09/2005,6,11:01,14,E09000026,3,113,Single carriageway,30,None,-1,0,None within 50 metres,Central refuge,Daylight: Street light present,Fine without high winds,Dry,None,None,1,Yes,E01003764,2005
7922,200501JI49117,544120.0,187390.0,0.077996,51.566919,1,2,2,1,11/11/2005,6,16:05,14,E09000026,6,0,Roundabout,30,Giveway or uncontrolled,6,0,None within 50 metres,No physical crossing within 50 meters,Daylight: Street light present,Fine without high winds,Dry,None,None,1,Yes,E01003787,2005
7923,200501KD00001,549200.0,183560.0,0.149614,51.531186,1,3,3,1,09/01/2005,1,21:20,16,E09000002,3,1306,Single carriageway,30,None,-1,0,None within 50 metres,No physical crossing within 50 meters,Darkness: Street lights present and lit,Fine without high winds,Wet/Damp,None,None,1,Yes,E01000087,2005
7924,200501KD00005,551030.0,189060.0,0.178337,51.580117,1,3,1,1,13/01/2005,5,23:37,15,E09000016,3,125,Roundabout,30,Giveway or uncontrolled,3,118,None within 50 metres,No physical crossing within 50 meters,Darkness: Street lights present and lit,Fine without high winds,Wet/Damp,None,None,1,Yes,E01002243,2005
7925,200501KD00007,554800.0,188530.0,0.232471,51.574333,1,3,1,1,22/01/2005,7,05:54,15,E09000016,6,0,Single carriageway,30,None,-1,0,None within 50 metres,No physical crossing within 50 meters,Darkness: Street lights present and lit,Fine without high winds,Wet/Damp,None,None,1,Yes,E01002271,2005
7926,200501KD00009,552150.0,183990.0,0.192297,51.534262,1,2,1,1,22/01/2005,7,09:14,15,E09000016,6,0,Single carriageway,30,Giveway or uncontrolled,6,0,None within 50 metres,No physical crossing within 50 meters,Daylight: Street light present,Fine without high winds,Dry,None,None,1,Yes,E01002372,2005
7927,200501KD00010,555900.0,191850.0,0.249805,51.603859,1,3,3,5,16/01/2005,1,00:38,15,E09000016,3,12,Dual carriageway,50,None,-1,0,None within 50 metres,No physical crossing within 50 meters,Darkness: Street lights present and lit,Fine without high winds,Wet/Damp,None,None,2,Yes,E01002296,2005
7928,200501KD00011,555710.0,191740.0,0.247015,51.602923,1,3,2,1,29/01/2005,7,21:19,15,E09000016,3,12,Dual carriageway,50,Automatic traffic signal,5,0,None within 50 metres,No physical crossing within 50 meters,Darkness: Street lights present and lit,Fine without high winds,Dry,None,None,1,Yes,E01002296,2005
7929,200501KD50001,551170.0,184060.0,0.178208,51.535155,1,3,1,1,01/01/2005,7,11:05,15,E09000016,4,178,Single carriageway,40,None,-1,0,None within 50 metres,No physical crossing within 50 meters,Daylight: Street light present,Fine without high winds,Dry,None,None,1,Yes,E01002375,2005
7930,200501KD50003,551330.0,188540.0,0.18244,51.575365,1,3,1,1,01/01/2005,7,13:30,15,E09000016,6,0,Single carriageway,30,Giveway or uncontrolled,6,0,None within 50 metres,No physical crossing within 50 meters,Daylight: Street light present,Fine without high winds,Dry,None,None,1,Yes,E01002356,2005
7931,200501KD50006,551440.0,188200.0,0.18388,51.57228,1,3,2,1,04/01/2005,3,13:15,15,E09000016,5,0,Single carriageway,30,None,-1,0,None within 50 metres,No physical crossing within 50 meters,Daylight: Street light present,Fine without high winds,Dry,None,None,1,Yes,E01002356,2005
7932,200501KD50007,553370.0,190490.0,0.212707,51.592334,1,3,2,1,02/01/2005,1,16:21,15,E09000016,3,12,Roundabout,30,Giveway or uncontrolled,3,118,None within 50 metres,No physical crossing within 50 meters,Darkness: Street lights present and lit,Fine without high winds,Dry,None,None,1,Yes,E01002383,2005
7933,200501KD50008,551160.0,189080.0,0.180221,51.580262,1,3,1,1,03/01/2005,2,10:45,15,E09000016,3,118,Dual carriageway,30,Giveway or uncontrolled,6,0,None within 50 metres,No physical crossing within 50 meters,Daylight: Street light present,Fine without high winds,Dry,None,None,1,Yes,E01002353,2005
7934,200501KD50009,551200.0,188100.0,0.180376,51.571446,1,3,2,1,05/01/2005,4,21:00,15,E09000016,3,125,Roundabout,30,Giveway or uncontrolled,5,0,None within 50 metres,No physical crossing within 50 meters,Darkness: Street lights present and lit,Fine without high winds,Dry,None,None,1,Yes,E01002249,2005
7935,200501KD50011,552970.0,187350.0,0.20557,51.56423,1,3,2,1,08/01/2005,7,19:48,15,E09000016,3,124,Single carriageway,30,Giveway or uncontrolled,6,0,None within 50 metres,No physical crossing within 50 meters,Darkness: Street lights present and lit,Fine without high winds,Dry,None,None,1,Yes,E01002321,2005
7936,200501KD50012,551270.0,191640.0,0.18291,51.603234,1,3,2,2,06/01/2005,5,16:48,15,E09000016,5,0,Single carriageway,30,None,-1,0,None within 50 metres,No physical crossing within 50 meters,Darkness: Street lights present and lit,Fine without high winds,Dry,None,None,1,Yes,E01002341,2005
7937,200501KD50014,549950.0,189110.0,0.162783,51.580855,1,3,1,1,05/01/2005,4,16:15,15,E09000016,3,12,Dual carriageway,50,None,-1,0,None within 50 metres,No physical crossing within 50 meters,Darkness: Street lights present and lit,Fine without high winds,Wet/Damp,None,None,1,Yes,E01002244,2005
7938,200501KD50015,553440.0,182230.0,0.210115,51.5181,1,3,2,1,10/01/2005,2,08:35,15,E09000016,3,1306,Single carriageway,30,Giveway or uncontrolled,6,0,None within 50 metres,Pedestrian phase at traffic signal junction,Daylight: Street light present,Fine without high winds,Dry,None,None,1,Yes,E01002344,2005
7939,200501KD50017,558160.0,189100.0,0.281174,51.578522,1,3,4,1,05/01/2005,4,11:59,15,E09000016,1,25,Dual carriageway,70,None,-1,0,None within 50 metres,No physical crossing within 50 meters,Daylight: Street light present,Fine without high winds,Dry,None,None,2,Yes,E01002259,2005
7940,200501KD50018,550970.0,188610.0,0.177279,51.57609,1,3,2,3,12/01/2005,4,20:00,15,E09000016,3,118,Roundabout,30,Giveway or uncontrolled,3,125,None within 50 metres,No physical crossing within 50 meters,Darkness: Street lights present and lit,Fine without high winds,Dry,None,None,1,Yes,E01002356,2005
7941,200501KD50019,553530.0,189390.0,0.214534,51.582407,1,3,3,1,14/01/2005,6,09:07,15,E09000016,5,0,Single carriageway,30,Giveway or uncontrolled,6,0,None within 50 metres,No physical crossing within 50 meters,Daylight: Street light present,Fine without high winds,Wet/Damp,None,None,1,Yes,E01002380,2005
7942,200501KD50020,557220.0,186940.0,0.266653,51.559379,1,3,2,1,14/01/2005,6,14:35,15,E09000016,5,0,Single carriageway,30,Giveway or uncontrolled,6,0,None within 50 metres,No physical crossing within 50 meters,Daylight: Street light present,Fine without high winds,Dry,None,None,1,Yes,E01002384,2005
7943,200501KD50021,553420.0,190540.0,0.21345,51.59277,1,3,2,2,08/01/2005,7,16:35,15,E09000016,5,0,Roundabout,30,Giveway or uncontrolled,3,127,None within 50 metres,No physical crossing within 50 meters,Daylight: Street light present,Fine without high winds,Dry,None,None,1,Yes,E01002310,2005
7944,200501KD50022,550010.0,191400.0,0.164627,51.601415,1,3,2,1,15/01/2005,7,11:00,15,E09000016,6,0,Single carriageway,30,Giveway or uncontrolled,6,0,None within 50 metres,No physical crossing within 50 meters,Daylight: Street light present,Fine without high winds,Dry,None,None,1,Yes,E01002302,2005
7945,200501KD50023,548160.0,191390.0,0.13793,51.601814,1,3,2,1,13/01/2005,5,15:05,14,E09000026,3,1112,Single carriageway,30,Giveway or uncontrolled,4,174,None within 50 metres,No physical crossing within 50 meters,Daylight: Street light present,Fine without high winds,Dry,None,None,2,Yes,E01003640,2005
7946,200501KD50024,549410.0,190680.0,0.155664,51.595105,1,3,2,2,10/01/2005,2,23:40,15,E09000016,5,0,Single carriageway,30,Giveway or uncontrolled,6,0,None within 50 metres,No physical crossing within 50 meters,Darkness: Street lights present and lit,Raining without high winds,Wet/Damp,None,None,1,Yes,E01002325,2005
7947,200501KD50025,550960.0,188670.0,0.17716,51.576632,1,3,2,2,12/01/2005,4,19:36,15,E09000016,3,118,Roundabout,30,Giveway or uncontrolled,3,125,None within 50 metres,Footbridge or subway,Darkness: Street lights present and lit,Fine without high winds,Dry,None,None,1,Yes,E01002356,2005
7948,200501KD50026,555170.0,187940.0,0.237545,51.568931,1,3,1,1,16/01/2005,1,14:50,15,E09000016,6,0,Single carriageway,30,None,-1,0,None within 50 metres,No physical crossing within 50 meters,Daylight: Street light present,Fine without high winds,Dry,None,None,1,No,E01002273,2005
7949,200501KD50027,557140.0,187880.0,0.26592,51.567846,1,3,2,1,10/01/2005,2,09:45,15,E09000016,6,0,Single carriageway,30,None,-1,0,None within 50 metres,No physical crossing within 50 meters,Daylight: Street light present,Fine without high winds,Dry,None,None,1,No,E01002258,2005
7950,200501KD50028,551340.0,182720.0,0.180082,51.523069,1,3,2,1,14/01/2005,6,16:41,15,E09000016,3,1306,Single carriageway,30,None,-1,0,None within 50 metres,No physical crossing within 50 meters,Darkness: Street lights present and lit,Fine without high winds,Dry,None,None,1,Yes,E01002368,2005
7951,200501KD50029,551350.0,181220.0,0.179582,51.509589,1,3,1,1,13/01/2005,5,00:38,15,E09000016,6,0,Single carriageway,30,None,-1,0,None within 50 metres,No physical crossing within 50 meters,Darkness: Street lights present and lit,Fine without high winds,Wet/Damp,None,None,2,Yes,E01002344,2005
7952,200501KD50030,551510.0,188170.0,0.184876,51.571992,1,3,1,2,15/01/2005,7,01:22,15,E09000016,5,0,Dual carriageway,30,None,-1,0,None within 50 metres,No physical crossing within 50 meters,Darkness: Street lights present and lit,Fine without high winds,Dry,None,None,1,Yes,E01002350,2005
7953,200501KD50031,552810.0,187400.0,0.203285,51.564723,1,3,2,1,01/01/2005,7,18:18,15,E09000016,3,124,Single carriageway,30,None,-1,0,None within 50 metres,No physical crossing within 50 meters,Darkness: Street lights present and lit,Fine without high winds,Dry,None,None,1,Yes,E01002321,2005
7954,200501KD50032,551230.0,190380.0,0.18179,51.591924,1,3,1,1,13/01/2005,5,07:25,15,E09000016,5,0,Dual carriageway,50,Automatic traffic signal,3,12,None within 50 metres,No physical crossing within 50 meters,Daylight: Street light present,Fine without high winds,Dry,None,None,1,Yes,E01002334,2005
7955,200501KD50033,553010.0,190090.0,0.20734,51.588838,1,3,2,1,14/01/2005,6,08:45,15,E09000016,3,118,Single carriageway,30,None,-1,0,None within 50 metres,No physical crossing within 50 meters,Daylight: Street light present,Fine without high winds,Dry,None,None,1,Yes,E01002337,2005
7956,200501KD50034,551680.0,188520.0,0.187478,51.575091,1,3,2,1,17/01/2005,2,09:30,15,E09000016,5,0,Dual carriageway,50,Automatic traffic signal,5,0,None within 50 metres,Pedestrian phase at traffic signal junction,Daylight: Street light present,Fine without high winds,Wet/Damp,None,None,1,No,E01002358,2005
7957,200501KD50035,551290.0,190240.0,0.182595,51.59065,1,3,1,1,17/01/2005,2,15:26,15,E09000016,5,0,Single carriageway,30,Giveway or uncontrolled,6,0,None within 50 metres,No physical crossing within 50 meters,Daylight: Street light present,Fine without high winds,Wet/Damp,None,None,1,Yes,E01002339,2005
7958,200501KD50036,554970.0,186860.0,0.234186,51.559282,1,3,1,1,18/01/2005,3,16:31,15,E09000016,3,124,Single carriageway,30,None,-1,0,None within 50 metres,No physical crossing within 50 meters,Darkness: Street lights present but unlit,Fine without high winds,Dry,None,None,1,Yes,E01002362,2005
7959,200501KD50037,551980.0,187420.0,0.191329,51.565127,1,3,2,1,17/01/2005,2,14:15,15,E09000016,3,124,Single carriageway,30,Automatic traffic signal,6,0,None within 50 metres,No physical crossing within 50 meters,Daylight: Street light present,Fine without high winds,Dry,None,None,1,Yes,E01002319,2005
7960,200501KD50038,551360.0,191610.0,0.184195,51.60294,1,3,4,2,18/01/2005,3,10:00,15,E09000016,5,0,Single carriageway,30,Giveway or uncontrolled,6,0,None within 50 metres,No physical crossing within 50 meters,Daylight: Street light present,Fine without high winds,Dry,None,None,1,Yes,E01002341,2005
7961,200501KD50039,551990.0,182310.0,0.189267,51.519211,1,3,1,1,17/01/2005,2,08:55,15,E09000016,4,1335,Single carriageway,30,None,-1,0,None within 50 metres,No physical crossing within 50 meters,Daylight: Street light present,Fine without high winds,Wet/Damp,None,None,1,Yes,E01002345,2005
7962,200501KD50040,552000.0,182280.0,0.189398,51.518938,1,3,1,1,21/01/2005,6,18:05,15,E09000016,4,1335,Single carriageway,30,None,-1,0,None within 50 metres,No physical crossing within 50 meters,Darkness: Street lights present and lit,Fine without high winds,Wet/Damp,None,None,1,Yes,E01002345,2005
7963,200501KD50041,550390.0,188370.0,0.168812,51.574089,1,3,2,1,17/01/2005,2,16:01,15,E09000016,3,118,Single carriageway,30,Giveway or uncontrolled,6,0,None within 50 metres,non-junction pedestrian crossing,Daylight: Street light present,Raining without high winds,Wet/Damp,None,None,1,Yes,E01002247,2005
7964,200501KD50042,551270.0,190430.0,0.182388,51.592362,1,3,2,1,23/01/2005,1,10:33,15,E09000016,3,12,Dual carriageway,50,Automatic traffic signal,6,0,None within 50 metres,No physical crossing within 50 meters,Daylight: Street light present,Fine without high winds,Dry,None,None,1,Yes,E01002334,2005
7965,200501KD50043,553250.0,192780.0,0.211976,51.612942,1,3,2,2,24/01/2005,2,21:15,15,E09000016,5,0,Single carriageway,50,None,-1,0,None within 50 metres,No physical crossing within 50 meters,Darkness: Street lights present and lit,Raining without high winds,Wet/Damp,None,None,1,Yes,E01002312,2005
7966,200501KD50044,551730.0,189340.0,0.188553,51.582445,1,3,2,1,28/01/2005,6,15:45,15,E09000016,5,0,Single carriageway,30,Giveway or uncontrolled,3,118,None within 50 metres,Zebra crossing,Daylight: Street light present,Raining without high winds,Wet/Damp,Roadworks,None,1,Yes,E01002354,2005
7967,200501KD50045,551530.0,187460.0,0.184858,51.565607,1,2,3,1,26/01/2005,4,18:39,15,E09000016,3,124,Single carriageway,30,Giveway or uncontrolled,6,0,None within 50 metres,No physical crossing within 50 meters,Darkness: Street lights present and lit,Fine without high winds,Dry,None,None,1,Yes,E01002249,2005
7968,200501KD50047,550020.0,189410.0,0.163921,51.583532,1,3,1,1,25/01/2005,3,15:30,15,E09000016,5,0,Single carriageway,30,None,-1,0,None within 50 metres,No physical crossing within 50 meters,Daylight: Street light present,Fine without high winds,Dry,None,None,1,Yes,E01002329,2005
7969,200501KD50048,556940.0,184810.0,0.261668,51.54032,1,3,2,1,24/01/2005,2,14:09,15,E09000016,4,1421,Single carriageway,30,Giveway or uncontrolled,6,0,None within 50 metres,No physical crossing within 50 meters,Daylight: Street light present,Fine without high winds,Dry,None,None,2,Yes,E01002385,2005
7970,200501KD50049,552890.0,181900.0,0.202051,51.515284,1,3,2,1,24/01/2005,2,21:00,15,E09000016,4,1335,Single carriageway,30,Giveway or uncontrolled,4,1335,None within 50 metres,No physical crossing within 50 meters,Darkness: Street lights present and lit,Raining without high winds,Wet/Damp,None,Other object in carriageway,1,Yes,E01002347,2005
7971,200501KD50050,555330.0,192050.0,0.24167,51.605814,1,3,1,1,26/01/2005,4,07:45,15,E09000016,6,0,Single carriageway,30,Giveway or uncontrolled,6,0,None within 50 metres,No physical crossing within 50 meters,Daylight: Street light present,Fine without high winds,Dry,None,None,1,Yes,E01002277,2005
7972,200501KD50051,556980.0,184700.0,0.262195,51.53932,1,2,2,3,03/02/2005,5,14:40,15,E09000016,6,0,Single carriageway,30,None,-1,0,None within 50 metres,No physical crossing within 50 meters,Daylight: Street light present,Fine without high winds,Dry,None,None,2,Yes,E01002385,2005
7973,200501KD50053,552230.0,187420.0,0.194933,51.565059,1,3,3,1,22/01/2005,7,14:41,15,E09000016,3,124,Single carriageway,30,Automatic traffic signal,5,0,None within 50 metres,No physical crossing within 50 meters,Daylight: Street light present,Fine without high winds,Dry,None,None,1,Yes,E01002319,2005
7974,200501KD50055,552240.0,183820.0,0.19352,51.532711,1,3,2,1,28/01/2005,6,15:44,15,E09000016,6,0,Single carriageway,30,None,-1,0,None within 50 metres,No physical crossing within 50 meters,Darkness: Street lights present and lit,Raining without high winds,Wet/Damp,None,None,1,Yes,E01002374,2005
7975,200501KD50056,549820.0,188080.0,0.16047,51.571635,1,3,2,1,02/01/2005,1,15:20,15,E09000016,6,0,Single carriageway,30,None,-1,0,None within 50 metres,No physical crossing within 50 meters,Daylight: Street light present,Fine without high winds,Dry,None,None,1,Yes,E01002250,2005
7976,200501KD50057,553980.0,191420.0,0.221914,51.600524,1,3,2,1,26/01/2005,4,11:00,15,E09000016,6,0,Single carriageway,30,None,-1,0,None within 50 metres,No physical crossing within 50 meters,Daylight: Street light present,Fine without high winds,Dry,None,None,1,No,E01002297,2005
7977,200501KD50058,550880.0,189270.0,0.176264,51.582044,1,3,1,1,31/01/2005,2,17:30,15,E09000016,3,125,Single carriageway,30,Giveway or uncontrolled,6,0,None within 50 metres,No physical crossing within 50 meters,Darkness: Street lights present and lit,Fine without high winds,Dry,None,None,1,No,E01002243,2005
7978,200501KD50059,551250.0,188100.0,0.181097,51.571433,1,3,2,1,31/01/2005,2,16:15,15,E09000016,3,125,Roundabout,30,Giveway or uncontrolled,3,125,None within 50 metres,No physical crossing within 50 meters,Daylight: Street light present,Fine without high winds,Dry,None,None,1,Yes,E01002350,2005
7979,200501KD50061,550460.0,191350.0,0.171098,51.600845,1,3,2,1,25/01/2005,3,15:55,15,E09000016,6,0,Single carriageway,30,Giveway or uncontrolled,4,1459,None within 50 metres,No physical crossing within 50 meters,Daylight: Street light present,Fine without high winds,Dry,None,None,1,Yes,E01002301,2005
7980,200501KD50062,551100.0,191680.0,0.180474,51.603639,1,3,2,1,19/01/2005,4,17:51,15,E09000016,4,175,Single carriageway,30,Automatic traffic signal,4,1459,None within 50 metres,No physical crossing within 50 meters,Darkness: Street lights present but unlit,Fine without high winds,Wet/Damp,None,None,1,Yes,E01002303,2005
7981,200501KD50063,551800.0,183600.0,0.187086,51.530852,1,3,1,1,19/01/2005,4,15:39,15,E09000016,3,125,Single carriageway,30,Giveway or uncontrolled,6,0,None within 50 metres,Zebra crossing,Daylight: Street light present,Fine without high winds,Dry,None,None,1,Yes,E01002373,2005
7982,200501KD50065,553800.0,188500.0,0.218038,51.574337,1,3,3,1,31/01/2005,2,11:40,15,E09000016,5,0,Single carriageway,30,None,-1,0,None within 50 metres,No physical crossing within 50 meters,Daylight: Street light present,Fine without high winds,Dry,None,None,1,No,E01002274,2005
7983,200501KD50066,553270.0,189300.0,0.210745,51.581669,1,3,2,1,27/01/2005,5,13:40,15,E09000016,5,0,Dual carriageway,30,None,-1,0,None within 50 metres,No physical crossing within 50 meters,Daylight: Street light present,Fine without high winds,Dry,None,None,1,No,E01002380,2005
7984,200501KD50068,554000.0,190840.0,0.221948,51.595307,1,3,2,1,31/01/2005,2,22:12,15,E09000016,6,0,Dual carriageway,50,Giveway or uncontrolled,3,12,None within 50 metres,No physical crossing within 50 meters,Darkness: Street lights present and lit,Fine without high winds,Dry,None,None,1,Yes,E01002293,2005
7985,200501KD50069,551010.0,189030.0,0.178036,51.579853,1,3,1,1,25/01/2005,3,22:35,15,E09000016,3,118,Roundabout,30,Giveway or uncontrolled,3,125,None within 50 metres,No physical crossing within 50 meters,Darkness: Street lights present and lit,Other,Frost/Ice,None,None,1,Yes,E01002243,2005
7986,200501KD50071,552980.0,192460.0,0.20794,51.61014,1,3,1,1,02/02/2005,4,12:10,15,E09000016,5,0,Single carriageway,30,None,-1,0,None within 50 metres,No physical crossing within 50 meters,Daylight: Street light present,Fine without high winds,Dry,None,None,1,Yes,E01002312,2005
7987,200501KD50072,555910.0,185500.0,0.247133,51.546804,1,3,3,3,04/02/2005,6,16:44,15,E09000016,4,1421,Single carriageway,30,Giveway or uncontrolled,6,0,None within 50 metres,No physical crossing within 50 meters,Daylight: Street light present,Fine without high winds,Dry,None,None,1,Yes,E01002388,2005
7988,200501KD50073,552560.0,185790.0,0.198983,51.550325,1,3,1,1,17/01/2005,2,09:20,15,E09000016,5,0,Single carriageway,30,Giveway or uncontrolled,6,0,None within 50 metres,No physical crossing within 50 meters,Daylight: Street light present,Fine without high winds,Dry,None,None,1,Yes,E01002261,2005
7989,200501KD50074,549560.0,189340.0,0.157257,51.583025,1,3,2,1,29/01/2005,7,20:30,15,E09000016,6,0,Single carriageway,30,Giveway or uncontrolled,6,0,None within 50 metres,No physical crossing within 50 meters,Darkness: Street lights present and lit,Raining without high winds,Wet/Damp,None,None,1,Yes,E01002330,2005
7990,200501KD50075,553930.0,187910.0,0.219655,51.569001,1,3,2,2,08/02/2005,3,01:30,15,E09000016,5,0,Single carriageway,30,Giveway or uncontrolled,6,0,None within 50 metres,No physical crossing within 50 meters,Darkness: Street lights present and lit,Fine without high winds,Dry,None,None,1,No,E01002274,2005
7991,200501KD50076,552390.0,187430.0,0.197244,51.565106,1,3,2,1,05/02/2005,7,12:30,15,E09000016,3,124,Single carriageway,30,Giveway or uncontrolled,6,0,None within 50 metres,No physical crossing within 50 meters,Daylight: Street light present,Fine without high winds,Dry,None,None,1,Yes,E01002320,2005
7992,200501KD50078,550450.0,188910.0,0.169909,51.578925,1,3,2,1,08/02/2005,3,11:02,15,E09000016,5,0,Single carriageway,30,None,-1,0,None within 50 metres,No physical crossing within 50 meters,Daylight: Street light present,Fine without high winds,Wet/Damp,None,None,1,Yes,E01002243,2005
7993,200501KD50079,553120.0,182480.0,0.205615,51.520433,1,3,2,1,09/02/2005,4,09:54,15,E09000016,3,1306,Single carriageway,30,Automatic traffic signal,3,1306,None within 50 metres,Pedestrian phase at traffic signal junction,Daylight: Street light present,Fine without high winds,Wet/Damp,None,None,1,Yes,E01002344,2005
7994,200501KD50080,557220.0,191330.0,0.268617,51.598821,1,3,3,1,01/02/2005,3,08:16,15,E09000016,1,25,Dual carriageway,70,None,-1,0,None within 50 metres,No physical crossing within 50 meters,Darkness: Street lights present and lit,Fine without high winds,Dry,None,None,2,No,E01002296,2005
7995,200501KD50081,550660.0,189800.0,0.173319,51.586865,1,3,1,1,01/02/2005,3,08:25,15,E09000016,3,12,Dual carriageway,50,None,-1,0,None within 50 metres,No physical crossing within 50 meters,Daylight: Street light present,Fine without high winds,Wet/Damp,None,None,1,Yes,E01002340,2005
7996,200501KD50082,558380.0,188520.0,0.284085,51.57325,1,3,1,1,06/02/2005,1,20:19,15,E09000016,1,25,Dual carriageway,70,Giveway or uncontrolled,3,127,None within 50 metres,No physical crossing within 50 meters,Darkness: Street lights present and lit,Fine without high winds,Dry,None,Any animal (except a ridden horse),2,Yes,E01002259,2005
7997,200501KD50083,556670.0,192390.0,0.261156,51.608497,1,3,2,1,07/02/2005,2,06:30,15,E09000016,1,25,Roundabout,30,Giveway or uncontrolled,3,12,None within 50 metres,No physical crossing within 50 meters,Darkness: Street lights present and lit,Fine without high winds,Dry,None,None,2,Yes,E01002277,2005
7998,200501KD50084,551760.0,188980.0,0.18883,51.579203,1,3,2,2,08/02/2005,3,16:19,15,E09000016,6,0,Single carriageway,30,Giveway or uncontrolled,6,0,None within 50 metres,No physical crossing within 50 meters,Daylight: Street light present,Fine without high winds,Dry,None,None,1,Yes,E01002357,2005
7999,200501KD50085,550970.0,189150.0,0.177511,51.580942,1,3,1,1,09/02/2005,4,14:50,15,E09000016,6,0,Single carriageway,30,Giveway or uncontrolled,3,125,None within 50 metres,No physical crossing within 50 meters,Daylight: Street light present,Fine without high winds,Dry,None,None,1,Yes,E01002243,2005
8000,200501KD50086,553460.0,187190.0,0.212564,51.56266,1,3,1,1,11/02/2005,6,17:45,15,E09000016,5,0,Single carriageway,30,Giveway or uncontrolled,3,124,None within 50 metres,No physical crossing within 50 meters,Daylight: Street light present,Fine without high winds,Dry,None,None,1,Yes,E01002361,2005
8001,200501KD50087,555180.0,192340.0,0.239633,51.60846,1,3,2,1,11/02/2005,6,13:50,15,E09000016,5,0,Single carriageway,30,Giveway or uncontrolled,5,0,None within 50 metres,No physical crossing within 50 meters,Daylight: Street light present,Raining without high winds,Wet/Damp,None,None,1,Yes,E01002279,2005
8002,200501KD50088,553910.0,190560.0,0.220527,51.592816,1,3,2,1,11/02/2005,6,08:59,15,E09000016,6,0,Single carriageway,30,Giveway or uncontrolled,6,0,None within 50 metres,No physical crossing within 50 meters,Daylight: Street light present,Fine without high winds,Dry,None,None,1,Yes,E01002293,2005
8003,200501KD50089,552140.0,183950.0,0.192136,51.533906,1,3,1,1,12/02/2005,7,19:06,15,E09000016,5,0,Single carriageway,30,None,-1,0,None within 50 metres,Zebra crossing,Darkness: Street lights present and lit,Fine without high winds,Wet/Damp,None,None,1,Yes,E01002373,2005
8004,200501KD50090,554690.0,191170.0,0.232047,51.598083,1,3,2,1,13/02/2005,1,01:27,15,E09000016,5,0,Dual carriageway,50,Automatic traffic signal,3,12,None within 50 metres,No physical crossing within 50 meters,Darkness: Street lights present and lit,Fine without high winds,Dry,None,None,1,Yes,E01002300,2005
8005,200501KD50091,553120.0,189260.0,0.208565,51.581351,1,3,2,1,15/02/2005,3,14:15,15,E09000016,5,0,Roundabout,30,Giveway or uncontrolled,5,0,None within 50 metres,Zebra crossing,Daylight: Street light present,Fine without high winds,Dry,None,None,1,Yes,E01002379,2005
8006,200501KD50092,558350.0,188620.0,0.283697,51.574157,1,3,4,2,30/01/2005,1,12:15,15,E09000016,1,25,Dual carriageway,70,None,-1,0,None within 50 metres,No physical crossing within 50 meters,Daylight: Street light present,Fine without high winds,Dry,None,None,2,Yes,E01002259,2005
8007,200501KD50093,551850.0,189430.0,0.190323,51.583222,1,3,2,1,12/02/2005,7,11:04,15,E09000016,3,118,Single carriageway,30,Giveway or uncontrolled,6,0,None within 50 metres,No physical crossing within 50 meters,Daylight: Street light present,Fine without high winds,Dry,None,None,1,Yes,E01002354,2005
8008,200501KD50094,551460.0,182770.0,0.181832,51.523486,1,3,2,1,11/02/2005,6,07:37,15,E09000016,6,0,Single carriageway,30,Giveway or uncontrolled,6,0,None within 50 metres,No physical crossing within 50 meters,Daylight: Street light present,Fine without high winds,Dry,None,None,1,Yes,E01002369,2005
8009,200501KD50095,556600.0,186690.0,0.257605,51.557305,1,3,1,1,11/02/2005,6,12:40,15,E09000016,4,187,Single carriageway,30,None,-1,0,None within 50 metres,No physical crossing within 50 meters,Daylight: Street light present,Fine without high winds,Dry,None,None,1,Yes,E01002384,2005
8010,200501KD50096,555540.0,191680.0,0.244536,51.602431,1,3,2,1,01/02/2005,3,08:49,15,E09000016,5,0,Dual carriageway,50,Automatic traffic signal,3,12,None within 50 metres,No physical crossing within 50 meters,Daylight: Street light present,Fine without high winds,Dry,None,None,1,Yes,E01002283,2005
8011,200501KD50100,550250.0,182450.0,0.164267,51.520934,1,3,2,1,07/02/2005,2,17:30,15,E09000016,3,13,Dual carriageway,30,None,-1,0,None within 50 metres,No physical crossing within 50 meters,Darkness: Street lights present and lit,Fine without high winds,Dry,None,None,1,No,E01002368,2005
8012,200501KD50101,553940.0,181000.0,0.216779,51.506913,1,2,1,1,12/02/2005,7,12:30,15,E09000016,6,0,Unknown,30,None,-1,0,None within 50 metres,No physical crossing within 50 meters,Daylight: Street light present,Fine without high winds,Dry,None,None,2,Yes,E01002344,2005
8013,200501KD50102,556440.0,188910.0,0.256287,51.577295,1,3,2,2,14/02/2005,2,15:01,15,E09000016,5,0,Slip road,40,Giveway or uncontrolled,6,0,None within 50 metres,No physical crossing within 50 meters,Daylight: Street light present,Fine without high winds,Dry,None,None,2,Yes,E01002253,2005
8014,200501KD50103,558330.0,188680.0,0.283436,51.574701,1,3,2,1,15/02/2005,3,10:33,15,E09000016,1,25,Dual carriageway,70,None,-1,0,None within 50 metres,No physical crossing within 50 meters,Daylight: Street light present,Fine without high winds,Dry,None,None,2,Yes,E01002259,2005
8015,200501KD50104,553340.0,191090.0,0.212536,51.597733,1,3,2,1,15/02/2005,3,13:25,15,E09000016,6,0,Single carriageway,30,Giveway or uncontrolled,6,0,None within 50 metres,No physical crossing within 50 meters,Daylight: Street light present,Fine without high winds,Dry,None,None,1,Yes,E01002316,2005
8016,200501KD50105,553810.0,188590.0,0.218222,51.575143,1,3,1,1,19/02/2005,7,19:52,15,E09000016,5,0,Single carriageway,30,Giveway or uncontrolled,6,0,None within 50 metres,No physical crossing within 50 meters,Darkness: Street lights present and lit,Fine without high winds,Dry,None,None,1,Yes,E01002381,2005
8017,200501KD50106,553280.0,186820.0,0.209808,51.559384,1,3,2,2,20/02/2005,1,01:44,15,E09000016,5,0,Single carriageway,30,Giveway or uncontrolled,6,0,None within 50 metres,Zebra crossing,Darkness: Street lights present and lit,Fine without high winds,Dry,None,None,1,Yes,E01002363,2005
8018,200501KD50107,555030.0,191560.0,0.237124,51.601494,1,2,1,3,20/02/2005,1,20:44,15,E09000016,6,0,Single carriageway,30,None,-1,0,None within 50 metres,No physical crossing within 50 meters,Darkness: Street lights present and lit,Fine without high winds,Dry,None,None,1,Yes,E01002283,2005
8019,200501KD50108,550940.0,187460.0,0.176352,51.565765,1,3,2,1,20/02/2005,1,13:30,15,E09000016,3,124,Single carriageway,30,Giveway or uncontrolled,3,124,None within 50 metres,No physical crossing within 50 meters,Daylight: Street light present,Fine without high winds,Dry,None,None,1,Yes,E01002248,2005
8020,200501KD50109,550630.0,189710.0,0.172847,51.586065,1,3,2,1,21/02/2005,2,13:15,15,E09000016,3,125,Dual carriageway,30,None,-1,0,None within 50 metres,non-junction pedestrian crossing,Daylight: Street light present,Fine without high winds,Dry,None,None,1,Yes,E01002340,2005
8021,200501KD50110,553670.0,186410.0,0.215251,51.555594,1,3,2,2,23/02/2005,4,17:32,15,E09000016,5,0,Single carriageway,30,Giveway or uncontrolled,6,0,None within 50 metres,No physical crossing within 50 meters,Darkness: Street lights present and lit,Raining without high winds,Wet/Damp,None,None,1,Yes,E01002291,2005
8022,200501KD50111,550070.0,191760.0,0.165647,51.604633,1,3,1,1,23/02/2005,4,08:53,15,E09000016,6,0,Single carriageway,30,None,-1,0,None within 50 metres,No physical crossing within 50 meters,Daylight: Street light present,Snowing without high winds,Snow,None,None,1,Yes,E01002301,2005
8023,200501KD50112,553420.0,189350.0,0.21293,51.582078,1,3,2,1,24/02/2005,5,19:45,15,E09000016,5,0,Single carriageway,30,Giveway or uncontrolled,6,0,None within 50 metres,No physical crossing within 50 meters,Darkness: Street lights present and lit,Other,Wet/Damp,None,None,1,Yes,E01002380,2005
8024,200501KD50113,552620.0,190690.0,0.201975,51.594335,1,3,3,1,18/02/2005,6,07:55,15,E09000016,3,12,Dual carriageway,30,None,-1,0,None within 50 metres,No physical crossing within 50 meters,Daylight: Street light present,Fine without high winds,Wet/Damp,None,None,2,Yes,E01002337,2005
8025,200501KD50115,553880.0,187730.0,0.218855,51.567397,1,3,2,1,25/01/2005,3,07:52,15,E09000016,6,0,Single carriageway,30,Automatic traffic signal,6,0,None within 50 metres,No physical crossing within 50 meters,Daylight: Street light present,Other,Wet/Damp,None,None,1,Yes,E01002367,2005
8026,200501KD50116,551420.0,182700.0,0.181226,51.522868,1,3,2,1,04/02/2005,6,02:35,15,E09000016,3,1306,Single carriageway,30,Automatic traffic signal,3,1306,None within 50 metres,No physical crossing within 50 meters,Darkness: Street lights present and lit,Fine without high winds,Dry,None,None,1,Yes,E01002370,2005
8027,200501KD50117,551610.0,187450.0,0.186007,51.565496,1,3,2,1,28/01/2005,6,19:15,15,E09000016,3,125,Single carriageway,30,Giveway or uncontrolled,3,124,None within 50 metres,Pedestrian phase at traffic signal junction,Daylight: Street light present,Raining without high winds,Wet/Damp,None,None,1,No,E01002249,2005
8028,200501KD50118,552600.0,189690.0,0.201252,51.585355,1,3,2,1,04/02/2005,6,12:45,15,E09000016,6,0,Single carriageway,30,None,-1,0,None within 50 metres,No physical crossing within 50 meters,Daylight: Street light present,Fine without high winds,Dry,None,None,1,No,E01002379,2005
8029,200501KD50119,551640.0,188650.0,0.186957,51.57627,1,3,2,2,03/02/2005,5,18:55,15,E09000016,5,0,Dual carriageway,30,Automatic traffic signal,6,0,None within 50 metres,Pedestrian phase at traffic signal junction,Darkness: Street lights present and lit,Fine without high winds,Dry,None,None,1,Yes,E01002358,2005
8030,200501KD50121,553470.0,188540.0,0.213298,51.574787,1,3,1,1,09/02/2005,4,21:15,15,E09000016,5,0,Single carriageway,30,Giveway or uncontrolled,6,0,None within 50 metres,No physical crossing within 50 meters,Darkness: Street lights present and lit,Fine without high winds,Wet/Damp,None,None,1,Yes,E01002381,2005
8031,200501KD50122,551660.0,189280.0,0.187518,51.581925,1,3,3,1,14/02/2005,2,11:13,15,E09000016,3,118,Single carriageway,30,Giveway or uncontrolled,6,0,None within 50 metres,No physical crossing within 50 meters,Daylight: Street light present,Fine without high winds,Dry,None,None,1,Yes,E01002357,2005
8032,200501KD50123,549830.0,189950.0,0.161411,51.588434,1,3,2,1,05/02/2005,7,15:00,15,E09000016,5,0,Single carriageway,30,Giveway or uncontrolled,6,0,None within 50 metres,No physical crossing within 50 meters,Daylight: Street light present,Fine without high winds,Dry,None,None,1,No,E01002329,2005
8033,200501KD50124,550390.0,189240.0,0.169185,51.581906,1,3,2,1,20/02/2005,1,18:25,15,E09000016,6,0,Single carriageway,30,Giveway or uncontrolled,6,0,None within 50 metres,No physical crossing within 50 meters,Darkness: Street lights present and lit,Fine without high winds,Dry,None,None,1,Yes,E01002245,2005
8034,200501KD50125,552050.0,182200.0,0.190084,51.518206,1,3,2,1,25/02/2005,6,15:53,15,E09000016,4,1335,Single carriageway,30,Giveway or uncontrolled,4,1335,None within 50 metres,No physical crossing within 50 meters,Daylight: Street light present,Fine without high winds,Dry,None,None,1,Yes,E01002345,2005
8035,200501KD50126,551440.0,182700.0,0.181514,51.522862,1,3,2,1,25/02/2005,6,21:45,15,E09000016,3,1306,Single carriageway,60,Giveway or uncontrolled,3,1306,None within 50 metres,No physical crossing within 50 meters,Darkness: Street lights present and lit,Fine without high winds,Dry,None,None,1,Yes,E01002370,2005
8036,200501KD50127,553110.0,182000.0,0.205263,51.516123,1,3,2,1,26/02/2005,7,06:57,15,E09000016,6,0,Single carriageway,30,None,-1,0,None within 50 metres,No physical crossing within 50 meters,Daylight: Street light present,Fine without high winds,Wet/Damp,None,None,1,Yes,E01002344,2005
8037,200501KD50128,550480.0,182990.0,0.16781,51.525725,1,3,2,1,27/02/2005,1,01:16,15,E09000016,3,1306,Dual carriageway,50,None,-1,0,None within 50 metres,No physical crossing within 50 meters,Darkness: Street lights present and lit,Snowing without high winds,Snow,None,None,1,Yes,E01002368,2005
8038,200501KD50129,554790.0,190180.0,0.233053,51.589161,1,3,1,1,03/03/2005,5,20:07,15,E09000016,5,0,Single carriageway,30,Giveway or uncontrolled,5,0,None within 50 metres,Zebra crossing,Darkness: Street lights present and lit,Fine without high winds,Wet/Damp,None,None,1,Yes,E01002294,2005
8039,200501KD50130,556090.0,186850.0,0.250325,51.558884,1,3,1,2,02/02/2005,4,00:01,15,E09000016,5,0,Single carriageway,30,None,-1,0,None within 50 metres,No physical crossing within 50 meters,Darkness: Street lights present and lit,Fine without high winds,Dry,None,None,1,No,E01002257,2005
8040,200501KD50131,552370.0,187430.0,0.196955,51.565111,1,3,1,1,17/02/2005,5,05:00,15,E09000016,3,124,Single carriageway,30,None,-1,0,None within 50 metres,No physical crossing within 50 meters,Darkness: Street lights present and lit,Raining without high winds,Wet/Damp,None,None,1,Yes,E01002320,2005
8041,200501KD50132,548460.0,189030.0,0.141261,51.58053,1,3,2,1,03/02/2005,5,11:45,16,E09000002,3,12,Dual carriageway,30,Giveway or uncontrolled,3,1112,None within 50 metres,No physical crossing within 50 meters,Daylight: Street light present,Fine without high winds,Dry,None,None,1,No,E01000031,2005
8042,200501KD50133,549200.0,190960.0,0.152753,51.597676,1,3,2,1,18/02/2005,6,07:55,15,E09000016,4,174,Single carriageway,50,None,-1,0,None within 50 metres,No physical crossing within 50 meters,Daylight: Street light present,Fine without high winds,Dry,None,None,1,Yes,E01002331,2005
8043,200501KD50134,552040.0,187410.0,0.192189,51.565021,1,3,2,1,25/02/2005,6,13:15,15,E09000016,3,124,Dual carriageway,30,Giveway or uncontrolled,6,0,None within 50 metres,No physical crossing within 50 meters,Daylight: Street light present,Fine without high winds,Dry,None,None,1,No,E01002319,2005
8044,200501KD50135,557190.0,186690.0,0.266109,51.557141,1,3,2,1,02/03/2005,4,19:11,15,E09000016,5,0,Roundabout,30,Giveway or uncontrolled,4,187,None within 50 metres,No physical crossing within 50 meters,Darkness: Street lights present and lit,Snowing without high winds,Snow,None,None,1,Yes,E01002391,2005
8045,200501KD50136,556220.0,183510.0,0.250717,51.528839,1,3,2,1,27/02/2005,1,09:28,15,E09000016,5,0,Single carriageway,30,Giveway or uncontrolled,5,0,None within 50 metres,No physical crossing within 50 meters,Daylight: Street light present,Fine without high winds,Wet/Damp,None,None,2,Yes,E01002385,2005
8046,200501KD50137,551790.0,187320.0,0.188546,51.564279,1,3,2,1,21/02/2005,2,13:30,15,E09000016,3,125,Single carriageway,30,Giveway or uncontrolled,6,0,None within 50 metres,No physical crossing within 50 meters,Daylight: Street light present,Fine without high winds,Dry,None,None,1,Yes,E01002319,2005
8047,200501KD50138,552980.0,192440.0,0.207931,51.60996,1,3,2,2,28/02/2005,2,09:00,15,E09000016,5,0,Single carriageway,30,Giveway or uncontrolled,5,0,None within 50 metres,No physical crossing within 50 meters,Daylight: Street light present,Raining without high winds,Frost/Ice,None,None,1,Yes,E01002313,2005
8048,200501KD50139,551240.0,188050.0,0.180931,51.570986,1,3,2,1,01/03/2005,3,07:36,15,E09000016,5,0,Roundabout,30,Giveway or uncontrolled,3,125,None within 50 metres,No physical crossing within 50 meters,Daylight: Street light present,Snowing without high winds,Wet/Damp,None,None,1,Yes,E01002249,2005
8049,200501KD50140,552620.0,187400.0,0.200546,51.564774,1,3,4,1,01/03/2005,3,10:38,15,E09000016,3,124,Single carriageway,30,None,-1,0,None within 50 metres,No physical crossing within 50 meters,Daylight: Street light present,Fine without high winds,Wet/Damp,None,None,1,Yes,E01002321,2005
8050,200501KD50147,550970.0,188610.0,0.177279,51.57609,1,3,2,2,08/01/2005,7,14:25,15,E09000016,3,125,Single carriageway,30,Giveway or uncontrolled,3,118,None within 50 metres,No physical crossing within 50 meters,Daylight: Street light present,Fine without high winds,Dry,None,None,1,No,E01002356,2005
8051,200501KD50148,549510.0,191010.0,0.157247,51.598043,1,3,2,1,02/03/2005,4,19:44,15,E09000016,4,174,Single carriageway,30,Giveway or uncontrolled,6,0,None within 50 metres,No physical crossing within 50 meters,Darkness: Street lights present and lit,Fine without high winds,Wet/Damp,None,None,1,Yes,E01002326,2005
8052,200501KD50149,556070.0,186780.0,0.250006,51.55826,1,3,1,1,06/03/2005,1,19:45,15,E09000016,5,0,Single carriageway,30,Giveway or uncontrolled,6,0,None within 50 metres,non-junction pedestrian crossing,Darkness: Street lights present and lit,Fine without high winds,Dry,None,None,1,Yes,E01002386,2005
8053,200501KD50150,551610.0,183120.0,0.184143,51.526591,1,3,2,1,03/03/2005,5,09:30,15,E09000016,6,0,Single carriageway,30,Giveway or uncontrolled,6,0,None within 50 metres,No physical crossing within 50 meters,Daylight: Street light present,Other,Frost/Ice,None,None,1,Yes,E01002371,2005
8054,200501KD50151,553430.0,189360.0,0.213079,51.582165,1,3,2,1,06/03/2005,1,11:15,15,E09000016,5,0,Single carriageway,30,Giveway or uncontrolled,6,0,None within 50 metres,No physical crossing within 50 meters,Daylight: Street light present,Fine without high winds,Dry,None,None,1,Yes,E01002380,2005
8055,200501KD50152,551210.0,190410.0,0.181514,51.592199,1,3,2,1,14/03/2005,2,12:20,15,E09000016,3,12,Dual carriageway,30,Automatic traffic signal,5,0,None within 50 metres,Pedestrian phase at traffic signal junction,Daylight: Street light present,Fine without high winds,Dry,None,None,1,No,E01002334,2005
8056,200501KD50154,554410.0,188670.0,0.226909,51.575698,1,3,1,1,04/03/2005,6,10:55,15,E09000016,6,0,Single carriageway,30,Giveway or uncontrolled,6,0,None within 50 metres,No physical crossing within 50 meters,Daylight: Street light present,Snowing without high winds,Frost/Ice,None,None,1,Yes,E01002271,2005
8057,200501KD50155,551750.0,189350.0,0.188846,51.58253,1,3,2,1,05/03/2005,7,19:13,15,E09000016,3,118,Single carriageway,30,Giveway or uncontrolled,5,0,None within 50 metres,Zebra crossing,Darkness: Street lights present and lit,Fine without high winds,Dry,None,None,1,Yes,E01002354,2005
8058,200501KD50156,555820.0,191800.0,0.248629,51.603432,1,2,1,1,03/03/2005,5,16:20,15,E09000016,6,0,Single carriageway,30,Giveway or uncontrolled,3,12,None within 50 metres,No physical crossing within 50 meters,Daylight: Street light present,Fine without high winds,Dry,None,None,1,Yes,E01002296,2005
8059,200501KD50157,550620.0,188430.0,0.172155,51.574566,1,3,3,1,07/03/2005,2,12:15,15,E09000016,3,118,Single carriageway,30,None,-1,0,None within 50 metres,No physical crossing within 50 meters,Daylight: Street light present,Fine without high winds,Dry,None,None,1,Yes,E01002356,2005
8060,200501KD50158,552770.0,182390.0,0.200536,51.519719,1,3,1,1,08/03/2005,3,08:27,15,E09000016,5,0,Single carriageway,30,Giveway or uncontrolled,6,0,None within 50 metres,No physical crossing within 50 meters,Daylight: Street light present,Fine without high winds,Wet/Damp,None,None,1,Yes,E01002342,2005
8061,200501KD50159,553880.0,190460.0,0.22005,51.591926,1,3,2,3,08/03/2005,3,22:22,15,E09000016,6,0,Single carriageway,30,Giveway or uncontrolled,6,0,None within 50 metres,No physical crossing within 50 meters,Darkness: Street lights present and lit,Raining without high winds,Wet/Damp,None,None,1,Yes,E01002293,2005
8062,200501KD50160,551560.0,183800.0,0.183715,51.532714,1,3,2,1,10/03/2005,5,17:25,15,E09000016,3,125,Single carriageway,30,None,-1,0,None within 50 metres,No physical crossing within 50 meters,Darkness: Street lights present and lit,Fine without high winds,Dry,None,None,1,Yes,E01002375,2005
8063,200501KD50161,549440.0,188310.0,0.155088,51.573802,1,3,2,2,11/03/2005,6,09:30,15,E09000016,6,0,Dual carriageway,50,Giveway or uncontrolled,3,118,None within 50 metres,No physical crossing within 50 meters,Daylight: Street light present,Fine without high winds,Dry,None,None,1,No,E01002250,2005
8064,200501KD50162,550900.0,188560.0,0.176248,51.57566,1,3,2,1,10/03/2005,5,15:05,15,E09000016,3,118,Single carriageway,30,None,-1,0,None within 50 metres,No physical crossing within 50 meters,Daylight: Street light present,Fine without high winds,Dry,None,None,1,Yes,E01002356,2005
8065,200501KD50163,553850.0,188930.0,0.218948,51.578187,1,3,3,1,07/03/2005,2,17:50,15,E09000016,5,0,Single carriageway,30,Giveway or uncontrolled,6,0,None within 50 metres,No physical crossing within 50 meters,Darkness: Street lights present and lit,Raining without high winds,Wet/Damp,None,None,1,Yes,E01002381,2005
8066,200501KD50164,551750.0,189360.0,0.18885,51.582619,1,3,2,1,12/03/2005,7,15:36,15,E09000016,5,0,Single carriageway,30,Giveway or uncontrolled,3,118,None within 50 metres,No physical crossing within 50 meters,Daylight: Street light present,Fine without high winds,Dry,None,None,1,Yes,E01002354,2005
8067,200501KD50165,551020.0,182090.0,0.175203,51.517494,1,3,2,2,12/03/2005,7,02:05,15,E09000016,3,13,Dual carriageway,70,None,-1,0,None within 50 metres,No physical crossing within 50 meters,Darkness: Street lights present and lit,Raining without high winds,Wet/Damp,None,None,2,Yes,E01002370,2005
8068,200501KD50166,556440.0,188910.0,0.256287,51.577295,1,3,2,1,07/03/2005,2,17:58,15,E09000016,5,0,Single carriageway,30,Giveway or uncontrolled,6,0,None within 50 metres,No physical crossing within 50 meters,Darkness: Street lights present and lit,Raining without high winds,Wet/Damp,None,None,2,Yes,E01002253,2005
8069,200501KD50167,554350.0,191850.0,0.227441,51.604286,1,3,2,3,11/03/2005,6,19:15,15,E09000016,5,0,Single carriageway,30,Giveway or uncontrolled,5,0,None within 50 metres,No physical crossing within 50 meters,Darkness: Street lights present and lit,Fine without high winds,Dry,None,None,1,No,E01002284,2005
8070,200501KD50168,551920.0,183330.0,0.188699,51.528394,1,3,1,1,12/03/2005,7,13:10,15,E09000016,6,0,Single carriageway,30,None,-1,0,None within 50 metres,No physical crossing within 50 meters,Daylight: Street light present,Fine without high winds,Dry,None,None,1,Yes,E01002371,2005
8071,200501KD50170,553290.0,187400.0,0.210205,51.564593,1,2,3,1,26/03/2005,7,12:21,15,E09000016,6,0,Single carriageway,30,None,-1,0,None within 50 metres,No physical crossing within 50 meters,Daylight: Street light present,Fine without high winds,Dry,None,None,1,Yes,E01002318,2005
8072,200501KD50171,551790.0,186650.0,0.188257,51.558259,1,3,3,1,13/03/2005,1,10:30,15,E09000016,3,125,Single carriageway,30,Giveway or uncontrolled,6,0,None within 50 metres,No physical crossing within 50 meters,Daylight: Street light present,Fine without high winds,Dry,None,None,1,Yes,E01002322,2005
8073,200501KD50173,552820.0,185870.0,0.202765,51.550973,1,3,3,1,15/03/2005,3,13:29,15,E09000016,6,0,Single carriageway,30,None,-1,0,None within 50 metres,No physical crossing within 50 meters,Daylight: Street light present,Fine without high winds,Dry,None,None,1,No,E01002366,2005
8074,200501KD50174,552030.0,182350.0,0.189861,51.519559,1,3,2,1,14/03/2005,2,06:50,15,E09000016,4,1335,Single carriageway,30,Giveway or uncontrolled,6,0,None within 50 metres,No physical crossing within 50 meters,Daylight: Street light present,Fine without high winds,Dry,None,None,1,Yes,E01002345,2005
8075,200501KD50175,554670.0,191180.0,0.231763,51.598178,1,3,2,1,18/03/2005,6,22:20,15,E09000016,5,0,Dual carriageway,40,Automatic traffic signal,3,12,None within 50 metres,Pedestrian phase at traffic signal junction,Darkness: Street lights present and lit,Fine without high winds,Dry,None,None,1,Yes,E01002300,2005
8076,200501KD50176,553390.0,190550.0,0.213022,51.592868,1,3,2,1,15/03/2005,3,07:19,15,E09000016,6,0,Roundabout,30,Giveway or uncontrolled,3,12,None within 50 metres,non-junction pedestrian crossing,Daylight: Street light present,Fine without high winds,Dry,None,None,1,Yes,E01002310,2005
8077,200501KD50177,551590.0,188010.0,0.18596,51.570533,1,3,2,1,13/03/2005,1,20:30,15,E09000016,5,0,Roundabout,30,Giveway or uncontrolled,5,0,None within 50 metres,No physical crossing within 50 meters,Darkness: Street lights present and lit,Fine without high winds,Dry,None,None,1,No,E01002350,2005
8078,200501KD50178,551240.0,188050.0,0.180931,51.570986,1,3,3,1,15/03/2005,3,13:00,15,E09000016,3,125,Single carriageway,30,Giveway or uncontrolled,6,0,None within 50 metres,No physical crossing within 50 meters,Daylight: Street light present,Fine without high winds,Dry,None,None,1,Yes,E01002249,2005
8079,200501KD50179,553400.0,190520.0,0.213153,51.592595,1,3,2,1,16/03/2005,4,05:00,15,E09000016,3,12,Roundabout,30,Giveway or uncontrolled,3,127,None within 50 metres,No physical crossing within 50 meters,Darkness: Street lights present and lit,Fine without high winds,Dry,None,None,1,Yes,E01002293,2005
8080,200501KD50180,550390.0,183070.0,0.166548,51.526467,1,3,1,1,17/03/2005,5,16:15,15,E09000016,6,0,Single carriageway,30,Giveway or uncontrolled,6,0,None within 50 metres,No physical crossing within 50 meters,Daylight: Street light present,Fine without high winds,Dry,None,None,1,No,E01002368,2005
8081,200501KD50181,550980.0,188610.0,0.177423,51.576087,1,2,1,2,13/03/2005,1,04:00,15,E09000016,3,125,Roundabout,30,Giveway or uncontrolled,3,118,None within 50 metres,No physical crossing within 50 meters,Darkness: Street lights present and lit,Fine without high winds,Dry,None,None,1,Yes,E01002356,2005
8082,200501KD50182,553880.0,191260.0,0.220401,51.599113,1,3,2,1,04/03/2005,6,09:00,15,E09000016,6,0,Single carriageway,30,Giveway or uncontrolled,6,0,None within 50 metres,No physical crossing within 50 meters,Daylight: Street light present,Snowing without high winds,Snow,None,None,1,No,E01002316,2005
8083,200501KD50183,553670.0,190660.0,0.217109,51.59378,1,2,4,2,14/03/2005,2,15:40,15,E09000016,3,12,Dual carriageway,50,Giveway or uncontrolled,6,0,None within 50 metres,No physical crossing within 50 meters,Daylight: Street light present,Fine without high winds,Dry,None,None,1,Yes,E01002293,2005
8084,200501KD50184,552200.0,187510.0,0.194539,51.565876,1,3,3,1,14/03/2005,2,12:00,15,E09000016,5,0,Single carriageway,30,Giveway or uncontrolled,6,0,None within 50 metres,No physical crossing within 50 meters,Daylight: Street light present,Fine without high winds,Dry,None,None,1,Yes,E01002319,2005
8085,200501KD50185,556300.0,186970.0,0.253406,51.559904,1,3,2,1,17/03/2005,5,15:36,15,E09000016,6,0,Single carriageway,30,Giveway or uncontrolled,6,0,None within 50 metres,No physical crossing within 50 meters,Daylight: Street light present,Fine without high winds,Dry,None,None,1,Yes,E01002257,2005
8086,200501KD50186,552020.0,183430.0,0.190182,51.529266,1,2,1,1,18/03/2005,6,12:55,15,E09000016,5,0,Single carriageway,30,None,-1,0,None within 50 metres,No physical crossing within 50 meters,Daylight: Street light present,Fine without high winds,Dry,None,None,1,Yes,E01002374,2005
8087,200501KD50187,550990.0,191360.0,0.178749,51.600793,1,3,3,1,19/03/2005,7,16:10,15,E09000016,6,0,Single carriageway,30,Giveway or uncontrolled,4,175,None within 50 metres,No physical crossing within 50 meters,Daylight: Street light present,Fine without high winds,Dry,None,None,1,No,E01002303,2005
8088,200501KD50188,554670.0,180610.0,0.227119,51.50321,1,3,2,2,19/03/2005,7,13:33,15,E09000016,3,1306,Single carriageway,60,Giveway or uncontrolled,6,0,None within 50 metres,No physical crossing within 50 meters,Daylight: Street light present,Fine without high winds,Dry,None,None,2,Yes,E01002344,2005
8089,200501KD50189,550370.0,188960.0,0.168776,51.579395,1,3,2,1,20/03/2005,1,18:37,15,E09000016,5,0,Single carriageway,30,Giveway or uncontrolled,6,0,None within 50 metres,No physical crossing within 50 meters,Daylight: Street light present,Fine without high winds,Dry,None,None,1,Yes,E01002245,2005
8090,200501KD50190,551950.0,188200.0,0.191233,51.572143,1,3,2,1,21/03/2005,2,09:05,15,E09000016,5,0,Single carriageway,30,Giveway or uncontrolled,5,0,None within 50 metres,No physical crossing within 50 meters,Daylight: Street light present,Fine without high winds,Dry,None,None,1,Yes,E01002351,2005
8091,200501KD50191,553770.0,190420.0,0.218446,51.591596,1,3,2,1,05/03/2005,7,16:00,15,E09000016,6,0,Single carriageway,30,Giveway or uncontrolled,6,0,None within 50 metres,No physical crossing within 50 meters,Daylight: Street light present,Raining without high winds,Wet/Damp,None,None,1,Yes,E01002293,2005
8092,200501KD50192,551550.0,181590.0,0.182621,51.51286,1,3,2,2,16/03/2005,4,00:10,15,E09000016,3,13,Dual carriageway,70,Giveway or uncontrolled,5,0,None within 50 metres,No physical crossing within 50 meters,Darkness: Street lights present and lit,Fine without high winds,Dry,None,None,2,Yes,E01002344,2005
8093,200501KD50193,554750.0,190590.0,0.232657,51.592855,1,3,2,1,18/03/2005,6,15:30,15,E09000016,5,0,Single carriageway,30,Giveway or uncontrolled,5,0,None within 50 metres,No physical crossing within 50 meters,Daylight: Street light present,Fine without high winds,Dry,None,None,1,No,E01002293,2005
8094,200501KD50194,552490.0,183930.0,0.197169,51.533632,1,3,1,1,21/03/2005,2,19:59,15,E09000016,6,0,Single carriageway,30,Giveway or uncontrolled,6,0,None within 50 metres,No physical crossing within 50 meters,Darkness: Street lights present and lit,Fine without high winds,Dry,None,None,1,Yes,E01002372,2005
8095,200501KD50195,550120.0,188390.0,0.164928,51.57434,1,2,2,1,17/03/2005,5,17:31,15,E09000016,6,0,Single carriageway,30,Giveway or uncontrolled,3,118,None within 50 metres,non-junction pedestrian crossing,Daylight: Street light present,Fine without high winds,Dry,None,None,1,Yes,E01002246,2005
8096,200501KD50196,551550.0,189710.0,0.186117,51.585818,1,3,3,1,22/03/2005,3,09:08,15,E09000016,5,0,Single carriageway,30,Giveway or uncontrolled,6,0,None within 50 metres,No physical crossing within 50 meters,Daylight: Street light present,Raining without high winds,Wet/Damp,None,None,1,Yes,E01002339,2005
8097,200501KD50197,550630.0,189740.0,0.17286,51.586334,1,3,2,1,30/03/2005,4,19:20,15,E09000016,3,12,Dual carriageway,50,Automatic traffic signal,3,125,None within 50 metres,Pedestrian phase at traffic signal junction,Darkness: Street lights present and lit,Fine without high winds,Dry,None,None,1,Yes,E01002340,2005
8098,200501KD50198,553900.0,185760.0,0.218282,51.549692,1,3,1,1,25/03/2005,6,12:00,15,E09000016,5,0,Single carriageway,30,Giveway or uncontrolled,6,0,None within 50 metres,No physical crossing within 50 meters,Daylight: Street light present,Fine without high winds,Dry,None,None,1,Yes,E01002285,2005
8099,200501KD50200,552540.0,184240.0,0.198024,51.536404,1,3,2,1,03/04/2005,1,10:20,15,E09000016,5,0,Single carriageway,30,Giveway or uncontrolled,6,0,None within 50 metres,No physical crossing within 50 meters,Daylight: Street light present,Fine without high winds,Dry,None,None,1,Yes,E01002372,2005
8100,200501KD50201,554350.0,191840.0,0.227437,51.604196,1,3,2,1,31/03/2005,5,08:05,15,E09000016,5,0,Single carriageway,30,Giveway or uncontrolled,5,0,None within 50 metres,No physical crossing within 50 meters,Daylight: Street light present,Fine without high winds,Dry,None,None,1,No,E01002284,2005
8101,200501KD50202,552970.0,192440.0,0.207787,51.609963,1,3,2,2,30/03/2005,4,17:15,15,E09000016,5,0,Dual carriageway,30,Automatic traffic signal,5,0,None within 50 metres,Pedestrian phase at traffic signal junction,Darkness: Street lights present and lit,Fine without high winds,Dry,None,None,2,No,E01002313,2005
8102,200501KD50204,556720.0,192490.0,0.261922,51.609382,1,3,2,2,27/03/2005,1,13:00,15,E09000016,1,25,Roundabout,70,Automatic traffic signal,3,12,None within 50 metres,No physical crossing within 50 meters,Daylight: Street light present,Fine without high winds,Dry,None,None,2,Yes,E01002277,2005
8103,200501KD50205,551350.0,188370.0,0.182655,51.573832,1,3,2,1,29/03/2005,3,23:28,15,E09000016,6,0,Single carriageway,30,Giveway or uncontrolled,6,0,None within 50 metres,Zebra crossing,Darkness: Street lights present and lit,Raining without high winds,Wet/Damp,None,None,1,Yes,E01002356,2005
8104,200501KD50206,553880.0,191250.0,0.220397,51.599024,1,3,2,2,29/03/2005,3,11:51,15,E09000016,6,0,Single carriageway,30,Giveway or uncontrolled,6,0,None within 50 metres,No physical crossing within 50 meters,Daylight: Street light present,Fine without high winds,Dry,None,None,1,Yes,E01002293,2005
8105,200501KD50207,550610.0,189740.0,0.172572,51.586339,1,3,2,1,01/04/2005,6,11:22,15,E09000016,3,12,Dual carriageway,50,Automatic traffic signal,4,174,None within 50 metres,No physical crossing within 50 meters,Daylight: Street light present,Fine without high winds,Dry,None,None,1,Yes,E01002338,2005
8106,200501KD50208,551940.0,185860.0,0.190078,51.551121,1,3,2,1,04/04/2005,2,10:45,15,E09000016,3,125,One way street,30,None,-1,0,None within 50 metres,No physical crossing within 50 meters,Daylight: Street light present,Fine without high winds,Dry,None,None,1,Yes,E01002260,2005
8107,200501KD50209,552120.0,182100.0,0.191049,51.517289,1,3,1,1,29/03/2005,3,00:01,15,E09000016,4,1335,Roundabout,30,Giveway or uncontrolled,4,1335,None within 50 metres,No physical crossing within 50 meters,Darkness: Street lights present and lit,Fine without high winds,Dry,None,None,1,No,E01002345,2005
8108,200501KD50210,550620.0,189760.0,0.172725,51.586516,1,2,2,2,09/04/2005,7,00:31,15,E09000016,3,12,Dual carriageway,50,Giveway or uncontrolled,4,174,None within 50 metres,No physical crossing within 50 meters,Darkness: Street lights present and lit,Fine without high winds,Dry,None,None,1,Yes,E01002338,2005
8109,200501KD50211,556220.0,183490.0,0.250709,51.528659,1,3,3,2,30/03/2005,4,07:16,15,E09000016,5,0,Single carriageway,30,Giveway or uncontrolled,5,0,None within 50 metres,No physical crossing within 50 meters,Daylight: Street light present,Raining without high winds,Wet/Damp,None,None,2,Yes,E01015924,2005
8110,200501KD50212,551560.0,188820.0,0.185877,51.577819,1,3,2,2,02/04/2005,7,02:55,15,E09000016,5,0,Roundabout,30,Giveway or uncontrolled,5,0,None within 50 metres,Zebra crossing,Darkness: Street lights present and lit,Fine without high winds,Dry,None,None,1,Yes,E01002357,2005
8111,200501KD50213,552800.0,181930.0,0.200768,51.515578,1,3,2,3,26/03/2005,7,11:35,15,E09000016,4,1335,Single carriageway,30,None,-1,0,None within 50 metres,No physical crossing within 50 meters,Daylight: Street light present,Fine without high winds,Dry,None,None,1,Yes,E01002346,2005
8112,200501KD50214,558440.0,188320.0,0.28486,51.571436,1,3,2,2,05/04/2005,3,14:30,15,E09000016,1,25,Dual carriageway,30,Giveway or uncontrolled,3,127,None within 50 metres,No physical crossing within 50 meters,Daylight: Street light present,Fine without high winds,Dry,None,None,2,Yes,E01002252,2005
8113,200501KD50215,552780.0,187400.0,0.202853,51.564731,1,3,2,1,03/04/2005,1,15:08,15,E09000016,3,124,Single carriageway,30,Giveway or uncontrolled,6,0,None within 50 metres,No physical crossing within 50 meters,Daylight: Street light present,Fine without high winds,Dry,None,None,1,Yes,E01002321,2005
8114,200501KD50216,554130.0,186040.0,0.221719,51.552145,1,3,2,1,07/04/2005,5,18:32,15,E09000016,6,0,Single carriageway,30,Giveway or uncontrolled,6,0,None within 50 metres,No physical crossing within 50 meters,Daylight: Street light present,Raining without high winds,Wet/Damp,None,None,1,Yes,E01002290,2005
8115,200501KD50217,552020.0,182360.0,0.189721,51.519652,1,3,1,1,01/04/2005,6,15:00,15,E09000016,6,0,Roundabout,30,Giveway or uncontrolled,4,1335,None within 50 metres,No physical crossing within 50 meters,Daylight: Street light present,Fine without high winds,Dry,None,None,1,Yes,E01002345,2005
8116,200501KD50219,545230.0,183310.0,0.092317,51.529974,1,2,2,1,06/04/2005,4,17:15,16,E09000002,3,13,Dual carriageway,40,None,-1,0,None within 50 metres,No physical crossing within 50 meters,Daylight: Street light present,Fine without high winds,Dry,None,None,1,Yes,E01000092,2005
8117,200501KD50220,550860.0,189310.0,0.175993,51.582409,1,3,2,1,01/04/2005,6,20:05,15,E09000016,3,125,Single carriageway,30,None,-1,0,None within 50 metres,No physical crossing within 50 meters,Darkness: Street lights present and lit,Fine without high winds,Dry,None,None,1,Yes,E01002243,2005
8118,200501KD50221,554660.0,186950.0,0.229757,51.560176,1,3,3,3,05/04/2005,3,16:25,15,E09000016,5,0,Single carriageway,30,Automatic traffic signal,3,124,None within 50 metres,Pedestrian phase at traffic signal junction,Daylight: Street light present,Fine without high winds,Dry,None,None,1,Yes,E01002362,2005
8119,200501KD50222,552140.0,184630.0,0.192429,51.540016,1,3,2,1,06/04/2005,4,12:50,15,E09000016,6,0,Single carriageway,30,Giveway or uncontrolled,6,0,None within 50 metres,No physical crossing within 50 meters,Daylight: Street light present,Fine without high winds,Dry,None,None,1,Yes,E01002266,2005
8120,200501KD50223,553960.0,190850.0,0.221375,51.595408,1,3,1,1,06/04/2005,4,16:50,15,E09000016,6,0,Single carriageway,30,Giveway or uncontrolled,3,12,None within 50 metres,No physical crossing within 50 meters,Daylight: Street light present,Fine without high winds,Dry,None,None,1,Yes,E01002310,2005
8121,200501KD50224,553070.0,191900.0,0.208994,51.605084,1,3,1,1,06/04/2005,4,15:30,15,E09000016,5,0,Single carriageway,30,Automatic traffic signal,5,0,None within 50 metres,Pedestrian phase at traffic signal junction,Daylight: Street light present,Fine without high winds,Dry,None,None,1,Yes,E01002311,2005
8122,200501KD50225,556320.0,186600.0,0.253529,51.556574,1,3,2,1,07/04/2005,5,12:57,15,E09000016,4,187,Single carriageway,30,None,-1,0,None within 50 metres,No physical crossing within 50 meters,Daylight: Street light present,Fine without high winds,Dry,None,None,1,Yes,E01002384,2005
8123,200501KD50226,553870.0,190770.0,0.220042,51.594714,1,3,2,1,08/04/2005,6,08:47,15,E09000016,3,12,Dual carriageway,50,None,-1,0,None within 50 metres,No physical crossing within 50 meters,Daylight: Street light present,Raining without high winds,Wet/Damp,None,None,1,Yes,E01002293,2005
8124,200501KD50227,550110.0,188380.0,0.164779,51.574253,1,3,2,1,08/04/2005,6,08:10,15,E09000016,6,0,Single carriageway,30,Giveway or uncontrolled,3,118,None within 50 metres,No physical crossing within 50 meters,Daylight: Street light present,Raining without high winds,Wet/Damp,None,None,1,Yes,E01002246,2005
8125,200501KD50228,552110.0,188740.0,0.193774,51.576952,1,3,2,1,08/04/2005,6,08:45,15,E09000016,5,0,Single carriageway,30,Giveway or uncontrolled,6,0,None within 50 metres,No physical crossing within 50 meters,Daylight: Street light present,Raining without high winds,Wet/Damp,None,None,1,Yes,E01002357,2005
8126,200501KD50229,551650.0,189210.0,0.187343,51.581299,1,3,1,1,11/04/2005,2,15:35,15,E09000016,3,118,Single carriageway,30,Giveway or uncontrolled,6,0,None within 50 metres,No physical crossing within 50 meters,Daylight: Street light present,Fine without high winds,Dry,None,None,1,Yes,E01002357,2005
8127,200501KD50230,551300.0,181290.0,0.178892,51.510231,1,3,2,1,25/02/2005,6,06:10,15,E09000016,6,0,Single carriageway,30,Giveway or uncontrolled,6,0,None within 50 metres,No physical crossing within 50 meters,Daylight: Street light present,Snowing without high winds,Snow,None,None,2,Yes,E01002344,2005
8128,200501KD50231,558530.0,188400.0,0.286193,51.57213,1,3,2,1,11/04/2005,2,10:14,15,E09000016,3,127,Roundabout,30,Giveway or uncontrolled,1,25,None within 50 metres,No physical crossing within 50 meters,Daylight: Street light present,Fine without high winds,Dry,None,None,2,Yes,E01002252,2005
8129,200501KD50232,553330.0,190930.0,0.212322,51.596298,1,3,2,1,23/03/2005,4,12:30,15,E09000016,5,0,Single carriageway,30,Giveway or uncontrolled,5,0,None within 50 metres,No physical crossing within 50 meters,Daylight: Street light present,Fine without high winds,Dry,None,None,1,Yes,E01002309,2005
8130,200501KD50234,554680.0,191170.0,0.231903,51.598086,1,3,2,1,11/04/2005,2,18:00,15,E09000016,5,0,Dual carriageway,50,Automatic traffic signal,3,12,None within 50 metres,Pedestrian phase at traffic signal junction,Daylight: Street light present,Fine without high winds,Dry,None,None,1,Yes,E01002300,2005
8131,200501KD50235,554170.0,189900.0,0.223988,51.586815,1,3,2,1,15/04/2005,6,16:38,15,E09000016,3,127,Dual carriageway,50,Automatic traffic signal,3,127,None within 50 metres,No physical crossing within 50 meters,Daylight: Street light present,Raining without high winds,Wet/Damp,None,None,1,Yes,E01002377,2005
8132,200501KD50236,552780.0,187500.0,0.202896,51.56563,1,3,3,2,26/02/2005,7,16:25,15,E09000016,6,0,Single carriageway,30,Giveway or uncontrolled,6,0,None within 50 metres,No physical crossing within 50 meters,Daylight: Street light present,Fine without high winds,Wet/Damp,None,None,1,Yes,E01002321,2005
8133,200501KD50237,551930.0,191630.0,0.192428,51.602967,1,3,4,1,17/04/2005,1,12:20,15,E09000016,5,0,Single carriageway,30,None,-1,0,None within 50 metres,No physical crossing within 50 meters,Daylight: Street light present,Fine without high winds,Dry,None,None,1,Yes,E01002334,2005
8134,200501KD50238,551990.0,183400.0,0.189737,51.529004,1,3,2,1,13/04/2005,4,09:35,15,E09000016,3,125,Single carriageway,30,Automatic traffic signal,5,0,None within 50 metres,Pedestrian phase at traffic signal junction,Daylight: Street light present,Raining without high winds,Wet/Damp,None,None,1,Yes,E01002374,2005
8135,200501KD50239,550930.0,187420.0,0.176191,51.565409,1,3,2,1,12/04/2005,3,19:15,15,E09000016,3,124,Single carriageway,30,Automatic traffic signal,3,124,None within 50 metres,Pedestrian phase at traffic signal junction,Daylight: Street light present,Fine without high winds,Dry,None,None,1,Yes,E01002248,2005
8136,200501KD50240,551420.0,188420.0,0.183686,51.574262,1,3,1,1,16/04/2005,7,19:15,15,E09000016,5,0,Single carriageway,30,None,-1,0,None within 50 metres,No physical crossing within 50 meters,Daylight: Street light present,Fine without high winds,Dry,None,None,1,Yes,E01002356,2005
8137,200501KD50241,552050.0,183500.0,0.190645,51.529887,1,3,1,1,16/04/2005,7,23:58,15,E09000016,5,0,Single carriageway,30,Giveway or uncontrolled,6,0,None within 50 metres,No physical crossing within 50 meters,Darkness: Street lights present and lit,Raining without high winds,Wet/Damp,None,None,1,Yes,E01002374,2005
8138,200501KD50242,555620.0,185830.0,0.2431,51.549849,1,3,1,1,16/04/2005,7,14:25,15,E09000016,6,0,Single carriageway,30,Giveway or uncontrolled,6,0,None within 50 metres,No physical crossing within 50 meters,Daylight: Street light present,Fine without high winds,Dry,None,None,1,Yes,E01002390,2005
8139,200501KD50244,550080.0,190520.0,0.165261,51.593489,1,3,2,1,22/04/2005,6,19:45,15,E09000016,4,174,Single carriageway,30,Giveway or uncontrolled,6,0,None within 50 metres,No physical crossing within 50 meters,Daylight: Street light present,Fine without high winds,Dry,None,None,1,No,E01002327,2005
8140,200501KD50246,554810.0,190200.0,0.233351,51.589335,1,3,2,1,13/04/2005,4,20:15,15,E09000016,5,0,Roundabout,30,Giveway or uncontrolled,5,0,None within 50 metres,No physical crossing within 50 meters,Darkness: Street lights present and lit,Fine without high winds,Wet/Damp,None,None,1,No,E01002295,2005
8141,200501KD50247,550620.0,189750.0,0.17272,51.586427,1,3,2,1,16/04/2005,7,17:40,15,E09000016,3,12,Dual carriageway,50,Automatic traffic signal,3,125,None within 50 metres,Pedestrian phase at traffic signal junction,Daylight: Street light present,Fine without high winds,Dry,None,None,1,Yes,E01002338,2005
8142,200501KD50248,553040.0,190120.0,0.207785,51.589099,1,3,2,1,20/04/2005,4,12:50,15,E09000016,3,118,Single carriageway,30,None,-1,0,None within 50 metres,No physical crossing within 50 meters,Daylight: Street light present,Fine without high winds,Dry,None,None,1,Yes,E01002376,2005
8143,200501KD50249,553960.0,191350.0,0.221595,51.5999,1,3,2,1,16/04/2005,7,12:10,15,E09000016,6,0,Single carriageway,30,Giveway or uncontrolled,6,0,None within 50 metres,No physical crossing within 50 meters,Daylight: Street light present,Fine without high winds,Dry,None,None,1,Yes,E01002297,2005
8144,200501KD50250,552970.0,190050.0,0.206745,51.588489,1,3,2,1,23/04/2005,7,18:30,15,E09000016,3,118,Single carriageway,30,None,-1,0,None within 50 metres,No physical crossing within 50 meters,Daylight: Street light present,Fine without high winds,Dry,None,None,1,Yes,E01002376,2005
8145,200501KD50251,550860.0,189320.0,0.175997,51.582499,1,3,1,1,16/04/2005,7,15:58,15,E09000016,3,125,Single carriageway,30,None,-1,0,None within 50 metres,No physical crossing within 50 meters,Daylight: Street light present,Fine without high winds,Dry,None,None,1,Yes,E01002243,2005
8146,200501KD50252,551250.0,188950.0,0.181463,51.57907,1,3,1,1,16/04/2005,7,07:35,15,E09000016,6,0,Single carriageway,30,Giveway or uncontrolled,6,0,None within 50 metres,No physical crossing within 50 meters,Daylight: Street light present,Fine without high winds,Dry,None,None,1,Yes,E01002353,2005
8147,200501KD50254,558440.0,188310.0,0.284855,51.571346,1,3,2,1,25/04/2005,2,05:40,15,E09000016,1,25,Dual carriageway,30,Giveway or uncontrolled,3,127,None within 50 metres,No physical crossing within 50 meters,Daylight: Street light present,Fine without high winds,Dry,None,None,2,No,E01002252,2005
8148,200501KD50255,551160.0,188030.0,0.179769,51.570828,1,3,1,1,18/04/2005,2,10:45,15,E09000016,5,0,Single carriageway,30,None,-1,0,None within 50 metres,No physical crossing within 50 meters,Daylight: Street light present,Fine without high winds,Dry,None,None,1,Yes,E01002249,2005
8149,200501KD50256,556100.0,186920.0,0.250501,51.55951,1,3,2,1,25/04/2005,2,08:20,15,E09000016,5,0,Single carriageway,30,None,-1,0,None within 50 metres,No physical crossing within 50 meters,Daylight: Street light present,Fine without high winds,Dry,None,None,1,Yes,E01002257,2005
8150,200501KD50257,551810.0,185620.0,0.188101,51.549,1,3,1,2,26/04/2005,3,16:25,15,E09000016,3,125,Single carriageway,30,None,-1,0,None within 50 metres,No physical crossing within 50 meters,Daylight: Street light present,Fine without high winds,Dry,None,None,1,Yes,E01002260,2005
8151,200501KD50258,552080.0,182560.0,0.190671,51.521433,1,3,2,1,27/04/2005,4,13:30,15,E09000016,3,1306,Roundabout,40,Giveway or uncontrolled,4,1335,None within 50 metres,Central refuge,Daylight: Street light present,Fine without high winds,Dry,None,None,2,Yes,E01002370,2005
8152,200501KD50259,550630.0,189750.0,0.172865,51.586424,1,3,2,1,07/04/2005,5,15:10,15,E09000016,3,12,Dual carriageway,50,Automatic traffic signal,3,125,None within 50 metres,Pedestrian phase at traffic signal junction,Daylight: Street light present,Fine without high winds,Dry,None,None,1,Yes,E01002340,2005
8153,200501KD50260,554030.0,192800.0,0.223241,51.612909,1,3,2,2,25/04/2005,2,21:00,15,E09000016,6,0,Single carriageway,30,Giveway or uncontrolled,6,0,None within 50 metres,No physical crossing within 50 meters,Darkness: Street lights present and lit,Fine without high winds,Dry,None,None,1,No,E01002276,2005
8154,200501KD50263,550610.0,191450.0,0.173305,51.601704,1,3,2,1,27/04/2005,4,06:26,15,E09000016,4,1459,Single carriageway,30,Giveway or uncontrolled,6,0,None within 50 metres,Zebra crossing,Daylight: Street light present,Fine without high winds,Wet/Damp,None,None,1,Yes,E01002304,2005
8155,200501KD50265,552000.0,183400.0,0.189881,51.529002,1,3,2,1,29/04/2005,6,13:45,15,E09000016,5,0,Single carriageway,30,None,-1,0,None within 50 metres,No physical crossing within 50 meters,Daylight: Street light present,Fine without high winds,Dry,None,None,1,Yes,E01002374,2005
8156,200501KD50266,551720.0,183040.0,0.185693,51.525842,1,3,2,1,23/03/2005,4,13:05,15,E09000016,6,0,Single carriageway,30,Giveway or uncontrolled,6,0,None within 50 metres,No physical crossing within 50 meters,Daylight: Street light present,Fine without high winds,Dry,None,None,1,No,E01002370,2005
8157,200501KD50267,552650.0,189880.0,0.202056,51.587049,1,3,2,1,06/05/2005,6,18:28,15,E09000016,6,0,Single carriageway,30,Giveway or uncontrolled,3,118,None within 50 metres,No physical crossing within 50 meters,Daylight: Street light present,Fine without high winds,Dry,None,None,1,Yes,E01002379,2005
8158,200501KD50268,552610.0,185540.0,0.199596,51.548065,1,3,2,1,04/05/2005,4,15:15,15,E09000016,6,0,Single carriageway,30,Giveway or uncontrolled,6,0,None within 50 metres,No physical crossing within 50 meters,Daylight: Street light present,Fine without high winds,Dry,None,None,1,No,E01002262,2005
8159,200501KD50269,554000.0,190030.0,0.221593,51.588029,1,3,3,2,30/04/2005,7,17:03,15,E09000016,3,127,Dual carriageway,40,None,-1,0,None within 50 metres,No physical crossing within 50 meters,Daylight: Street light present,Fine without high winds,Dry,None,None,1,Yes,E01002377,2005
8160,200501KD50270,551730.0,183660.0,0.186104,51.53141,1,3,2,1,04/05/2005,4,10:00,15,E09000016,6,0,Single carriageway,30,Giveway or uncontrolled,3,125,None within 50 metres,No physical crossing within 50 meters,Daylight: Street light present,Fine without high winds,Dry,None,None,1,Yes,E01002373,2005
8161,200501KD50271,553880.0,192400.0,0.220901,51.609356,1,3,2,1,27/04/2005,4,19:51,15,E09000016,5,0,Single carriageway,30,Giveway or uncontrolled,6,0,None within 50 metres,No physical crossing within 50 meters,Daylight: Street light present,Fine without high winds,Dry,None,None,1,Yes,E01002278,2005
8162,200501KD50272,552910.0,187390.0,0.204723,51.564606,1,2,1,1,01/05/2005,1,03:40,15,E09000016,6,0,Single carriageway,30,Giveway or uncontrolled,3,124,None within 50 metres,No physical crossing within 50 meters,Darkness: Street lights present and lit,Fine without high winds,Dry,None,None,1,Yes,E01002321,2005
8163,200501KD50274,553340.0,190870.0,0.21244,51.595756,1,3,2,2,01/05/2005,1,18:50,15,E09000016,5,0,Single carriageway,30,None,-1,0,None within 50 metres,No physical crossing within 50 meters,Daylight: Street light present,Fine without high winds,Dry,None,None,1,Yes,E01002309,2005
8164,200501KD50275,548680.0,190650.0,0.14512,51.595028,1,2,2,1,12/05/2005,5,16:50,16,E09000002,5,0,Single carriageway,40,Giveway or uncontrolled,6,0,None within 50 metres,No physical crossing within 50 meters,Daylight: Street light present,Fine without high winds,Dry,None,None,1,Yes,E01000027,2005
8165,200501KD50276,554160.0,186530.0,0.222366,51.556539,1,3,1,1,01/05/2005,1,18:42,15,E09000016,6,0,Single carriageway,30,None,-1,0,None within 50 metres,No physical crossing within 50 meters,Daylight: Street light present,Fine without high winds,Dry,None,None,1,Yes,E01002290,2005
8166,200501KD50277,556940.0,186680.0,0.262501,51.557121,1,3,1,1,04/05/2005,4,15:50,15,E09000016,4,187,Single carriageway,30,None,-1,0,None within 50 metres,No physical crossing within 50 meters,Daylight: Street light present,Fine without high winds,Dry,None,None,1,Yes,E01002384,2005
8167,200501KD50279,552480.0,189810.0,0.199573,51.586466,1,3,2,1,09/05/2005,2,06:45,15,E09000016,3,118,Single carriageway,30,Automatic traffic signal,5,0,None within 50 metres,Pedestrian phase at traffic signal junction,Daylight: Street light present,Fine without high winds,Dry,None,None,1,Yes,E01002337,2005
8168,200501KD50280,553930.0,189310.0,0.220268,51.581579,1,3,3,1,12/05/2005,5,16:35,15,E09000016,5,0,Single carriageway,30,None,-1,0,None within 50 metres,No physical crossing within 50 meters,Daylight: Street light present,Fine without high winds,Dry,None,None,1,Yes,E01002377,2005
8169,200501KD50281,549820.0,187080.0,0.160044,51.562649,1,3,3,2,16/05/2005,2,23:30,15,E09000016,3,124,Single carriageway,30,Giveway or uncontrolled,3,124,None within 50 metres,No physical crossing within 50 meters,Darkness: Street lights present and lit,Fine without high winds,Wet/Damp,None,None,1,Yes,E01000061,2005
8170,200501KD50282,551200.0,190400.0,0.181366,51.592112,1,3,2,1,13/05/2005,6,16:07,15,E09000016,3,12,Dual carriageway,50,Automatic traffic signal,5,0,None within 50 metres,Pedestrian phase at traffic signal junction,Daylight: Street light present,Fine without high winds,Dry,None,None,1,Yes,E01002334,2005
8171,200501KD50283,551470.0,188120.0,0.184278,51.571553,1,3,1,1,13/05/2005,6,10:58,15,E09000016,5,0,Single carriageway,30,Automatic traffic signal,5,0,None within 50 metres,Pedestrian phase at traffic signal junction,Daylight: Street light present,Fine without high winds,Dry,None,None,1,Yes,E01002350,2005
8172,200501KD50284,552290.0,188830.0,0.196408,51.577712,1,3,2,3,15/05/2005,1,05:45,15,E09000016,5,0,Single carriageway,30,None,-1,0,None within 50 metres,No physical crossing within 50 meters,Daylight: Street light present,Fine without high winds,Dry,None,None,1,Yes,E01002382,2005
8173,200501KD50285,555720.0,191750.0,0.247164,51.603011,1,3,1,1,15/05/2005,1,22:40,15,E09000016,3,12,Single carriageway,30,Giveway or uncontrolled,5,0,None within 50 metres,No physical crossing within 50 meters,Darkness: Street lights present and lit,Fine without high winds,Dry,None,None,1,Yes,E01002296,2005
8174,200501KD50286,555590.0,191700.0,0.245266,51.602597,1,3,2,1,20/05/2005,6,18:00,15,E09000016,3,12,Dual carriageway,50,Automatic traffic signal,5,0,None within 50 metres,No physical crossing within 50 meters,Daylight: Street light present,Fine without high winds,Dry,None,None,1,Yes,E01002283,2005
8175,200501KD50287,549600.0,187720.0,0.157144,51.568458,1,3,3,1,18/05/2005,4,17:10,15,E09000016,6,0,Single carriageway,30,Giveway or uncontrolled,6,0,None within 50 metres,No physical crossing within 50 meters,Daylight: Street light present,Fine without high winds,Dry,None,None,1,Yes,E01002250,2005
8176,200501KD50288,551230.0,190420.0,0.181807,51.592283,1,3,2,3,19/05/2005,5,22:11,15,E09000016,3,12,Dual carriageway,30,Automatic traffic signal,5,0,None within 50 metres,Pedestrian phase at traffic signal junction,Darkness: Street lights present and lit,Raining without high winds,Wet/Damp,None,None,1,Yes,E01002334,2005
8177,200501KD50289,554180.0,189910.0,0.224136,51.586902,1,3,1,1,18/05/2005,4,08:09,15,E09000016,3,127,Single carriageway,30,Automatic traffic signal,5,0,None within 50 metres,No physical crossing within 50 meters,Daylight: Street light present,Fine without high winds,Dry,None,None,1,Yes,E01002295,2005
8178,200501KD50291,556270.0,185070.0,0.25213,51.542841,1,2,2,1,20/05/2005,6,18:28,15,E09000016,4,1421,Single carriageway,40,None,-1,0,None within 50 metres,No physical crossing within 50 meters,Daylight: Street light present,Fine without high winds,Dry,None,None,1,Yes,E01002385,2005
8179,200501KD50292,552780.0,181160.0,0.200147,51.508665,1,2,1,3,21/05/2005,7,12:58,15,E09000016,3,13,Dual carriageway,70,None,-1,0,None within 50 metres,No physical crossing within 50 meters,Daylight: Street light present,Fine with high winds,Dry,None,None,2,Yes,E01002344,2005
8180,200501KD50294,551130.0,187450.0,0.179087,51.565625,1,3,1,1,19/05/2005,5,10:30,15,E09000016,3,124,Single carriageway,30,Automatic traffic signal,6,0,None within 50 metres,Pedestrian phase at traffic signal junction,Daylight: Street light present,Fine without high winds,Dry,None,None,1,Yes,E01002249,2005
8181,200501KD50295,559010.0,187040.0,0.292499,51.559776,1,3,2,1,20/05/2005,6,11:30,15,E09000016,4,187,Single carriageway,30,None,-1,0,None within 50 metres,No physical crossing within 50 meters,Daylight: Street light present,Raining without high winds,Wet/Damp,None,None,2,Yes,E01002391,2005
8182,200501KD50296,550640.0,189550.0,0.172923,51.584624,1,3,1,1,25/05/2005,4,13:40,15,E09000016,6,0,Single carriageway,30,Giveway or uncontrolled,6,0,None within 50 metres,No physical crossing within 50 meters,Daylight: Street light present,Fine without high winds,Dry,None,None,1,Yes,E01002245,2005
8183,200501KD50297,550830.0,191110.0,0.176333,51.59859,1,3,1,1,20/05/2005,6,15:45,15,E09000016,4,175,Single carriageway,30,Giveway or uncontrolled,6,0,None within 50 metres,Central refuge,Daylight: Street light present,Fine without high winds,Dry,None,None,1,Yes,E01002303,2005
8184,200501KD50298,555600.0,191700.0,0.24541,51.602594,1,3,2,1,20/05/2005,6,18:00,15,E09000016,5,0,Single carriageway,30,Giveway or uncontrolled,3,12,None within 50 metres,No physical crossing within 50 meters,Daylight: Street light present,Fine without high winds,Dry,None,None,1,Yes,E01002283,2005
8185,200501KD50299,554150.0,189890.0,0.223695,51.586731,1,3,3,1,13/02/2005,1,16:00,15,E09000016,3,127,Single carriageway,30,Automatic traffic signal,3,127,None within 50 metres,No physical crossing within 50 meters,Daylight: Street light present,Fine without high winds,Dry,None,None,1,No,E01002377,2005
8186,200501KD50301,553730.0,187220.0,0.21647,51.562856,1,3,1,1,03/05/2005,3,12:00,15,E09000016,3,124,Single carriageway,30,None,-1,0,None within 50 metres,No physical crossing within 50 meters,Daylight: Street light present,Fine without high winds,Dry,None,None,1,Yes,E01002361,2005
8187,200501KD50302,554670.0,191190.0,0.231767,51.598268,1,3,2,1,07/05/2005,7,08:00,15,E09000016,5,0,Dual carriageway,50,Automatic traffic signal,3,12,None within 50 metres,No physical crossing within 50 meters,Daylight: Street light present,Fine without high winds,Dry,Auto traffic singal out,None,1,No,E01002300,2005
8188,200501KD50303,553580.0,192100.0,0.216441,51.606742,1,3,2,1,17/05/2005,3,20:40,15,E09000016,5,0,Single carriageway,30,Giveway or uncontrolled,6,0,None within 50 metres,No physical crossing within 50 meters,Darkness: Street lights present and lit,Fine without high winds,Dry,None,None,1,Yes,E01002284,2005
8189,200501KD50304,557920.0,186780.0,0.276671,51.557746,1,3,2,1,17/05/2005,3,16:45,15,E09000016,6,0,Single carriageway,30,Giveway or uncontrolled,4,187,None within 50 metres,No physical crossing within 50 meters,Daylight: Street light present,Fine without high winds,Dry,None,None,2,Yes,E01002391,2005
8190,200501KD50305,553780.0,185450.0,0.216417,51.546939,1,3,2,2,13/05/2005,6,11:10,15,E09000016,5,0,Single carriageway,30,Giveway or uncontrolled,6,0,None within 50 metres,No physical crossing within 50 meters,Daylight: Street light present,Fine without high winds,Dry,None,None,1,Yes,E01002288,2005
8191,200501KD50306,553810.0,193300.0,0.220285,51.617461,1,3,2,1,15/05/2005,1,07:45,15,E09000016,5,0,Roundabout,30,Giveway or uncontrolled,6,0,None within 50 metres,No physical crossing within 50 meters,Daylight: Street light present,Fine without high winds,Dry,None,None,1,No,E01002312,2005
8192,200501KD50307,554530.0,191370.0,0.229827,51.599924,1,3,3,1,25/04/2005,2,18:30,15,E09000016,6,0,Single carriageway,30,None,-1,0,None within 50 metres,No physical crossing within 50 meters,Daylight: Street light present,Fine without high winds,Dry,None,None,1,Yes,E01002299,2005
8193,200501KD50309,556260.0,189100.0,0.253776,51.579052,1,3,2,2,24/05/2005,3,23:30,15,E09000016,5,0,Slip road,30,Giveway or uncontrolled,6,0,None within 50 metres,No physical crossing within 50 meters,Darkness: Street lights present and lit,Fine without high winds,Dry,None,None,2,Yes,E01002296,2005
8194,200501KD50310,552580.0,189570.0,0.200912,51.584282,1,3,2,1,20/05/2005,6,11:45,15,E09000016,5,0,Single carriageway,30,Giveway or uncontrolled,6,0,None within 50 metres,No physical crossing within 50 meters,Daylight: Street light present,Fine without high winds,Dry,None,None,1,Yes,E01002379,2005
8195,200501KD50311,550780.0,187080.0,0.173883,51.562394,1,3,2,1,24/05/2005,3,17:00,16,E09000002,6,0,Single carriageway,30,Giveway or uncontrolled,6,0,None within 50 metres,No physical crossing within 50 meters,Daylight: Street light present,Fine without high winds,Dry,None,None,1,No,E01000038,2005
8196,200501KD50312,553370.0,190490.0,0.212707,51.592334,1,3,2,1,25/05/2005,4,06:30,15,E09000016,3,127,Dual carriageway,40,Giveway or uncontrolled,3,118,None within 50 metres,No physical crossing within 50 meters,Daylight: Street light present,Fine without high winds,Dry,None,None,1,Yes,E01002383,2005
8197,200501KD50313,555050.0,186830.0,0.235326,51.558991,1,3,2,1,24/05/2005,3,19:40,15,E09000016,6,0,Single carriageway,30,Giveway or uncontrolled,3,124,None within 50 metres,non-junction pedestrian crossing,Daylight: Street light present,Fine without high winds,Dry,None,None,1,Yes,E01002362,2005
8198,200501KD50314,554570.0,194340.0,0.231713,51.626597,1,3,3,2,30/01/2005,1,17:28,15,E09000016,1,25,Dual carriageway,70,None,-1,0,None within 50 metres,No physical crossing within 50 meters,Darkness: Street lights present and lit,Unknown,Dry,None,None,2,Yes,E01002276,2005
8199,200501KD50315,552070.0,182670.0,0.190575,51.522424,1,3,3,1,27/05/2005,6,08:51,15,E09000016,3,125,Single carriageway,30,Giveway or uncontrolled,3,1306,None within 50 metres,No physical crossing within 50 meters,Daylight: Street light present,Fine without high winds,Dry,None,None,1,Yes,E01002370,2005
8200,200501KD50316,550230.0,190090.0,0.167241,51.589586,1,3,1,1,26/05/2005,5,14:16,15,E09000016,6,0,Single carriageway,30,Giveway or uncontrolled,4,174,None within 50 metres,non-junction pedestrian crossing,Daylight: Street light present,Fine without high winds,Dry,None,None,1,Yes,E01002328,2005
8201,200501KD50317,553090.0,191850.0,0.209261,51.60463,1,3,2,1,26/05/2005,5,09:08,15,E09000016,5,0,Single carriageway,30,Giveway or uncontrolled,5,0,None within 50 metres,Zebra crossing,Daylight: Street light present,Fine without high winds,Dry,None,None,1,Yes,E01002311,2005
8202,200501KD50319,551450.0,191600.0,0.18549,51.602826,1,3,2,1,23/05/2005,2,08:50,15,E09000016,5,0,Single carriageway,30,None,-1,0,None within 50 metres,No physical crossing within 50 meters,Daylight: Street light present,Fine without high winds,Dry,None,None,1,Yes,E01002341,2005
8203,200501KD50321,553830.0,190730.0,0.219447,51.594365,1,3,2,2,16/05/2005,2,22:50,15,E09000016,6,0,Dual carriageway,50,Automatic traffic signal,3,12,None within 50 metres,Pedestrian phase at traffic signal junction,Darkness: Street lights present and lit,Fine without high winds,Dry,None,None,1,No,E01002293,2005
8204,200501KD50322,551670.0,188510.0,0.18733,51.575004,1,3,2,1,21/05/2005,7,13:05,15,E09000016,5,0,Dual carriageway,30,Automatic traffic signal,5,0,None within 50 metres,Pedestrian phase at traffic signal junction,Daylight: Street light present,Fine without high winds,Dry,None,None,1,Yes,E01002358,2005
8205,200501KD50323,554120.0,192040.0,0.224206,51.606056,1,3,2,2,23/05/2005,2,20:12,15,E09000016,5,0,Single carriageway,30,Giveway or uncontrolled,6,0,None within 50 metres,No physical crossing within 50 meters,Daylight: Street light present,Fine without high winds,Dry,None,None,1,Yes,E01002284,2005
8206,200501KD50324,553160.0,187270.0,0.208274,51.56346,1,3,2,1,23/05/2005,2,14:27,15,E09000016,6,0,Single carriageway,30,Giveway or uncontrolled,3,124,None within 50 metres,No physical crossing within 50 meters,Daylight: Street light present,Fine without high winds,Dry,None,None,1,Yes,E01002318,2005
8207,200501KD50325,556870.0,192370.0,0.264033,51.608262,1,3,2,1,26/05/2005,5,17:25,15,E09000016,1,25,Roundabout,30,Automatic traffic signal,3,12,None within 50 metres,No physical crossing within 50 meters,Daylight: Street light present,Fine without high winds,Dry,None,None,2,No,E01002296,2005
8208,200501KD50327,551310.0,181290.0,0.179036,51.510228,1,3,1,1,26/05/2005,5,11:30,15,E09000016,6,0,Single carriageway,30,Giveway or uncontrolled,6,0,None within 50 metres,No physical crossing within 50 meters,Daylight: Street light present,Fine without high winds,Dry,None,None,2,Yes,E01002344,2005
8209,200501KD50328,553940.0,189320.0,0.220416,51.581667,1,3,1,1,27/05/2005,6,16:20,15,E09000016,5,0,Single carriageway,30,None,-1,0,None within 50 metres,No physical crossing within 50 meters,Daylight: Street light present,Fine without high winds,Dry,None,None,1,Yes,E01002377,2005
8210,200501KD50329,554660.0,186950.0,0.229757,51.560176,1,3,2,3,30/05/2005,2,20:00,15,E09000016,5,0,Single carriageway,30,Automatic traffic signal,3,124,None within 50 metres,No physical crossing within 50 meters,Daylight: Street light present,Fine without high winds,Dry,None,None,1,No,E01002362,2005
8211,200501KD50330,552860.0,185250.0,0.203072,51.545392,1,3,2,3,27/05/2005,6,17:05,15,E09000016,5,0,Single carriageway,30,Giveway or uncontrolled,5,0,None within 50 metres,No physical crossing within 50 meters,Daylight: Street light present,Fine without high winds,Dry,None,None,1,Yes,E01002265,2005
8212,200501KD50331,550740.0,191760.0,0.175314,51.604454,1,2,1,1,11/06/2005,7,10:30,15,E09000016,6,0,Single carriageway,30,Giveway or uncontrolled,6,0,None within 50 metres,No physical crossing within 50 meters,Daylight: Street light present,Fine without high winds,Dry,None,None,1,No,E01002304,2005
8213,200501KD50333,553350.0,190500.0,0.212423,51.592429,1,3,2,1,04/06/2005,7,02:00,15,E09000016,3,118,Roundabout,30,Automatic traffic signal,3,12,None within 50 metres,Pedestrian phase at traffic signal junction,Darkness: Street lights present and lit,Fine without high winds,Dry,None,None,1,No,E01002337,2005
8214,200501KD50334,551990.0,188100.0,0.191767,51.571234,1,2,2,1,05/06/2005,1,20:00,15,E09000016,5,0,Single carriageway,30,Giveway or uncontrolled,6,0,None within 50 metres,No physical crossing within 50 meters,Daylight: Street light present,Fine without high winds,Dry,None,None,1,Yes,E01002351,2005
8215,200501KD50335,558670.0,187920.0,0.287995,51.567778,1,3,1,2,05/06/2005,1,02:30,15,E09000016,1,25,Dual carriageway,70,None,-1,0,None within 50 metres,No physical crossing within 50 meters,Darkness: Street lights present and lit,Fine without high winds,Dry,None,None,2,Yes,E01002252,2005
8216,200501KD50336,558230.0,188920.0,0.282102,51.576886,1,3,8,7,07/06/2005,3,06:26,15,E09000016,1,25,Dual carriageway,70,None,-1,0,None within 50 metres,No physical crossing within 50 meters,Daylight: Street light present,Fine without high winds,Dry,None,None,2,Yes,E01002259,2005
8217,200501KD50337,551630.0,188690.0,0.18683,51.576632,1,3,1,1,06/06/2005,2,08:14,15,E09000016,6,0,Dual carriageway,30,Automatic traffic signal,5,0,None within 50 metres,Pedestrian phase at traffic signal junction,Daylight: Street light present,Fine without high winds,Dry,None,None,1,Yes,E01002357,2005
8218,200501KD50338,558840.0,187350.0,0.290188,51.562609,1,2,3,2,02/06/2005,5,20:25,15,E09000016,1,25,Dual carriageway,70,None,-1,0,None within 50 metres,No physical crossing within 50 meters,Daylight: Street light present,Fine without high winds,Dry,None,None,2,Yes,E01002391,2005
8219,200501KD50339,551520.0,184220.0,0.183319,51.536498,1,3,4,2,07/06/2005,3,15:00,15,E09000016,6,0,Single carriageway,30,Giveway or uncontrolled,3,125,None within 50 metres,No physical crossing within 50 meters,Daylight: Street light present,Fine without high winds,Dry,None,None,1,Yes,E01002375,2005
8220,200501KD50340,556770.0,192280.0,0.26255,51.607481,1,3,2,2,01/06/2005,4,13:54,15,E09000016,1,25,Roundabout,50,Automatic traffic signal,3,12,None within 50 metres,No physical crossing within 50 meters,Daylight: Street light present,Fine without high winds,Dry,None,None,2,Yes,E01002296,2005
8221,200501KD50341,553190.0,190320.0,0.210036,51.590856,1,3,3,1,28/04/2005,5,12:32,15,E09000016,3,118,Single carriageway,30,Giveway or uncontrolled,5,0,None within 50 metres,No physical crossing within 50 meters,Daylight: Street light present,Fine without high winds,Dry,None,None,1,Yes,E01002383,2005
8222,200501KD50342,553400.0,190500.0,0.213144,51.592416,1,3,2,1,28/05/2005,7,06:15,15,E09000016,3,127,Dual carriageway,30,Giveway or uncontrolled,3,12,None within 50 metres,No physical crossing within 50 meters,Daylight: Street light present,Fine without high winds,Dry,None,None,1,Yes,E01002383,2005
8223,200501KD50343,550510.0,189620.0,0.171078,51.585288,1,3,2,1,28/05/2005,7,15:30,15,E09000016,3,12,Dual carriageway,30,None,-1,0,None within 50 metres,No physical crossing within 50 meters,Daylight: Street light present,Fine without high winds,Dry,None,None,1,No,E01002245,2005
8224,200501KD50344,549980.0,190850.0,0.163959,51.596481,1,3,2,1,29/05/2005,1,11:20,15,E09000016,4,174,Single carriageway,30,Giveway or uncontrolled,6,0,None within 50 metres,No physical crossing within 50 meters,Daylight: Street light present,Fine without high winds,Dry,None,None,1,Yes,E01002326,2005
8225,200501KD50345,549630.0,191550.0,0.159208,51.602863,1,3,2,1,05/06/2005,1,20:50,15,E09000016,6,0,Single carriageway,30,Giveway or uncontrolled,6,0,None within 50 metres,No physical crossing within 50 meters,Darkness: Street lights present and lit,Fine without high winds,Dry,None,None,1,Yes,E01002302,2005
8226,200501KD50346,551980.0,187420.0,0.191329,51.565127,1,3,2,1,29/05/2005,1,15:05,15,E09000016,3,124,Single carriageway,30,Automatic traffic signal,6,0,None within 50 metres,No physical crossing within 50 meters,Daylight: Street light present,Fine without high winds,Dry,None,None,1,Yes,E01002319,2005
8227,200501KD50347,550880.0,183310.0,0.173709,51.528493,1,3,2,1,09/06/2005,5,08:52,15,E09000016,6,0,Single carriageway,30,None,-1,0,None within 50 metres,No physical crossing within 50 meters,Daylight: Street light present,Fine without high winds,Dry,None,None,1,No,E01002369,2005
8228,200501KD50348,553960.0,191390.0,0.221612,51.60026,1,3,2,2,28/05/2005,7,15:33,15,E09000016,6,0,Single carriageway,30,Giveway or uncontrolled,6,0,None within 50 metres,No physical crossing within 50 meters,Daylight: Street light present,Fine without high winds,Dry,None,None,1,Yes,E01002316,2005
8229,200501KD50349,550150.0,190350.0,0.166198,51.591943,1,3,2,1,28/05/2005,7,06:15,15,E09000016,4,174,Single carriageway,30,None,-1,0,None within 50 metres,No physical crossing within 50 meters,Daylight: Street light present,Fine without high winds,Dry,None,None,1,Yes,E01002335,2005
8230,200501KD50350,554500.0,192470.0,0.229878,51.609815,1,3,1,1,08/06/2005,4,08:36,15,E09000016,6,0,Single carriageway,30,Giveway or uncontrolled,6,0,None within 50 metres,No physical crossing within 50 meters,Daylight: Street light present,Fine without high winds,Dry,None,None,1,Yes,E01002281,2005
8231,200501KD50351,556870.0,192350.0,0.264024,51.608082,1,3,2,1,23/05/2005,2,09:50,15,E09000016,1,25,Dual carriageway,30,Automatic traffic signal,3,12,None within 50 metres,No physical crossing within 50 meters,Daylight: Street light present,Fine without high winds,Dry,None,None,2,No,E01002296,2005
8232,200501KD50352,555430.0,186730.0,0.240759,51.557988,1,3,2,2,30/05/2005,2,13:20,15,E09000016,3,124,Single carriageway,30,Giveway or uncontrolled,6,0,None within 50 metres,No physical crossing within 50 meters,Daylight: Street light present,Raining without high winds,Wet/Damp,None,None,1,Yes,E01002386,2005
8233,200501KD50353,556140.0,190340.0,0.252596,51.590226,1,3,2,2,15/06/2005,4,18:15,15,E09000016,5,0,Single carriageway,30,Giveway or uncontrolled,5,0,None within 50 metres,No physical crossing within 50 meters,Daylight: Street light present,Raining without high winds,Wet/Damp,None,None,2,Yes,E01002296,2005
8234,200501KD50354,553100.0,186170.0,0.206931,51.553593,1,3,2,1,29/05/2005,1,18:25,15,E09000016,5,0,Single carriageway,30,Giveway or uncontrolled,5,0,None within 50 metres,No physical crossing within 50 meters,Daylight: Street light present,Fine without high winds,Dry,None,None,1,Yes,E01002366,2005
8235,200501KD50355,550080.0,190520.0,0.165261,51.593489,1,3,2,1,29/05/2005,1,21:27,15,E09000016,4,174,Single carriageway,30,Giveway or uncontrolled,6,0,None within 50 metres,No physical crossing within 50 meters,Darkness: Street lights present and lit,Fine without high winds,Dry,None,None,1,Yes,E01002327,2005
8236,200501KD50356,552540.0,184250.0,0.198028,51.536493,1,2,1,1,07/06/2005,3,07:49,15,E09000016,5,0,Single carriageway,30,Giveway or uncontrolled,6,0,None within 50 metres,No physical crossing within 50 meters,Daylight: Street light present,Fine without high winds,Dry,None,None,1,Yes,E01002372,2005
8237,200501KD50357,556220.0,183490.0,0.250709,51.528659,1,2,2,1,08/06/2005,4,16:08,15,E09000016,5,0,Single carriageway,30,Giveway or uncontrolled,5,0,None within 50 metres,No physical crossing within 50 meters,Daylight: Street light present,Fine without high winds,Dry,None,None,2,Yes,E01015924,2005
8238,200501KD50359,551920.0,187410.0,0.190459,51.565053,1,3,1,1,09/06/2005,5,16:35,15,E09000016,3,124,Single carriageway,30,Automatic traffic signal,3,124,None within 50 metres,Pedestrian phase at traffic signal junction,Daylight: Street light present,Fine without high winds,Dry,None,None,1,Yes,E01002319,2005
8239,200501KD50360,553800.0,190180.0,0.218774,51.589432,1,3,2,1,23/05/2005,2,09:10,15,E09000016,3,127,Dual carriageway,40,None,-1,0,None within 50 metres,No physical crossing within 50 meters,Daylight: Street light present,Fine without high winds,Dry,None,None,1,Yes,E01002383,2005
8240,200501KD50363,553370.0,190510.0,0.212716,51.592514,1,3,3,2,23/06/2005,5,08:14,15,E09000016,3,12,Dual carriageway,30,None,-1,0,None within 50 metres,No physical crossing within 50 meters,Daylight: Street light present,Fine without high winds,Dry,None,None,1,Yes,E01002337,2005
8241,200501KD50364,558190.0,189040.0,0.281579,51.577975,1,3,3,1,10/06/2005,6,18:15,15,E09000016,1,25,Dual carriageway,70,None,-1,0,None within 50 metres,No physical crossing within 50 meters,Daylight: Street light present,Fine without high winds,Dry,None,None,2,Yes,E01002259,2005
8242,200501KD50365,551340.0,190130.0,0.183269,51.589648,1,3,2,2,15/06/2005,4,17:30,15,E09000016,5,0,Single carriageway,30,None,-1,0,None within 50 metres,Pedestrian phase at traffic signal junction,Daylight: Street light present,Fine without high winds,Dry,None,None,1,No,E01002339,2005
8243,200501KD50366,558390.0,188530.0,0.284233,51.573337,1,3,2,1,18/06/2005,7,17:30,15,E09000016,3,127,Dual carriageway,30,Automatic traffic signal,1,25,None within 50 metres,No physical crossing within 50 meters,Daylight: Street light present,Fine without high winds,Dry,None,None,2,No,E01002259,2005
8244,200501KD50368,550660.0,188440.0,0.172736,51.574645,1,3,3,1,12/06/2005,1,14:08,15,E09000016,3,118,Single carriageway,30,None,-1,0,None within 50 metres,No physical crossing within 50 meters,Daylight: Street light present,Fine without high winds,Dry,None,None,1,Yes,E01002356,2005
8245,200501KD50369,552210.0,181370.0,0.19203,51.510706,1,3,1,1,13/06/2005,2,18:05,15,E09000016,3,13,Dual carriageway,70,None,-1,0,None within 50 metres,No physical crossing within 50 meters,Daylight: Street light present,Fine without high winds,Dry,None,None,2,Yes,E01002344,2005
8246,200501KD50370,553840.0,190310.0,0.219408,51.590589,1,3,2,2,13/06/2005,2,07:25,15,E09000016,6,0,Single carriageway,30,None,-1,0,None within 50 metres,No physical crossing within 50 meters,Daylight: Street light present,Fine without high winds,Dry,None,Other object in carriageway,1,Yes,E01002293,2005
8247,200501KD50371,558310.0,188730.0,0.28317,51.575156,1,3,3,2,17/06/2005,6,11:20,15,E09000016,1,25,Dual carriageway,70,None,-1,0,None within 50 metres,No physical crossing within 50 meters,Daylight: Street light present,Fine without high winds,Dry,None,None,2,Yes,E01002259,2005
8248,200501KD50373,550590.0,189700.0,0.172266,51.585985,1,3,2,1,19/06/2005,1,22:20,15,E09000016,3,12,Dual carriageway,30,Automatic traffic signal,6,0,None within 50 metres,Pedestrian phase at traffic signal junction,Darkness: Street lights present and lit,Fine without high winds,Dry,None,None,1,No,E01002245,2005
8249,200501KD50374,552050.0,182210.0,0.190088,51.518296,1,3,2,1,11/06/2005,7,18:35,15,E09000016,4,1335,Single carriageway,30,Giveway or uncontrolled,4,1335,None within 50 metres,No physical crossing within 50 meters,Daylight: Street light present,Fine without high winds,Dry,None,None,1,Yes,E01002345,2005
8250,200501KD50375,553590.0,193070.0,0.21701,51.615455,1,3,3,1,23/06/2005,5,14:23,15,E09000016,5,0,Roundabout,30,Giveway or uncontrolled,5,0,None within 50 metres,No physical crossing within 50 meters,Daylight: Street light present,Fine without high winds,Dry,None,None,1,Yes,E01002312,2005
8251,200501KD50376,553390.0,190540.0,0.213017,51.592778,1,3,2,1,12/06/2005,1,17:15,15,E09000016,3,12,Roundabout,30,Giveway or uncontrolled,3,127,None within 50 metres,No physical crossing within 50 meters,Daylight: Street light present,Fine without high winds,Dry,None,None,1,Yes,E01002310,2005
8252,200501KD50377,554030.0,186990.0,0.220694,51.560708,1,3,2,2,17/06/2005,6,08:45,15,E09000016,5,0,Single carriageway,30,Giveway or uncontrolled,6,0,None within 50 metres,Zebra crossing,Daylight: Street light present,Fine without high winds,Dry,None,None,1,Yes,E01002361,2005
8253,200501KD50378,553720.0,192180.0,0.218496,51.607423,1,3,1,1,17/06/2005,6,13:22,15,E09000016,5,0,Single carriageway,30,None,-1,0,None within 50 metres,No physical crossing within 50 meters,Daylight: Street light present,Fine without high winds,Dry,None,None,1,Yes,E01002282,2005
8254,200501KD50379,550790.0,182240.0,0.171955,51.518903,1,3,2,1,18/06/2005,7,09:55,15,E09000016,3,13,Dual carriageway,70,Giveway or uncontrolled,6,0,None within 50 metres,No physical crossing within 50 meters,Daylight: Street light present,Fine without high winds,Dry,None,None,2,Yes,E01002370,2005
8255,200501KD50380,553330.0,190920.0,0.212318,51.596208,1,3,2,1,18/06/2005,7,17:45,15,E09000016,5,0,Roundabout,30,Giveway or uncontrolled,5,0,None within 50 metres,No physical crossing within 50 meters,Daylight: Street light present,Fine without high winds,Dry,None,None,1,Yes,E01002309,2005
8256,200501KD50381,553990.0,187220.0,0.220218,51.562785,1,3,2,1,18/06/2005,7,13:30,15,E09000016,5,0,Single carriageway,30,Giveway or uncontrolled,6,0,None within 50 metres,No physical crossing within 50 meters,Daylight: Street light present,Fine without high winds,Dry,None,None,1,No,E01002361,2005
8257,200501KD50382,551200.0,188060.0,0.180359,51.571087,1,3,1,1,22/06/2005,4,14:24,15,E09000016,5,0,Roundabout,30,Giveway or uncontrolled,6,0,None within 50 metres,No physical crossing within 50 meters,Daylight: Street light present,Fine without high winds,Dry,None,None,1,No,E01002249,2005
8258,200501KD50383,552190.0,189690.0,0.195339,51.585466,1,3,2,1,05/06/2005,1,14:12,15,E09000016,3,118,Single carriageway,30,Giveway or uncontrolled,6,0,None within 50 metres,No physical crossing within 50 meters,Daylight: Street light present,Fine without high winds,Dry,None,None,1,Yes,E01002354,2005
8259,200501KD50384,550210.0,188360.0,0.166213,51.574047,1,3,2,1,20/06/2005,2,16:28,15,E09000016,3,118,Single carriageway,30,Giveway or uncontrolled,6,0,None within 50 metres,No physical crossing within 50 meters,Daylight: Street light present,Fine without high winds,Dry,None,None,1,Yes,E01002247,2005
8260,200501KD50385,551120.0,190320.0,0.180177,51.591414,1,2,1,1,21/06/2005,3,01:37,15,E09000016,3,12,Dual carriageway,50,None,-1,0,None within 50 metres,No physical crossing within 50 meters,Darkness: Street lights present and lit,Fine without high winds,Dry,None,None,1,Yes,E01002334,2005
8261,200501KD50386,554960.0,190830.0,0.235792,51.594954,1,3,2,2,21/06/2005,3,17:10,15,E09000016,5,0,Single carriageway,30,Giveway or uncontrolled,6,0,None within 50 metres,No physical crossing within 50 meters,Daylight: Street light present,Fine without high winds,Dry,None,None,1,Yes,E01002300,2005
8262,200501KD50387,554000.0,186400.0,0.220003,51.555415,1,3,2,1,22/06/2005,4,18:24,15,E09000016,3,124,Single carriageway,30,Giveway or uncontrolled,6,0,None within 50 metres,No physical crossing within 50 meters,Daylight: Street light present,Fine without high winds,Dry,None,None,1,Yes,E01002291,2005
8263,200501KD50388,556870.0,187400.0,0.261813,51.563609,1,3,1,2,22/06/2005,4,11:00,15,E09000016,6,0,Single carriageway,30,None,-1,0,None within 50 metres,No physical crossing within 50 meters,Daylight: Street light present,Fine without high winds,Dry,None,None,1,No,E01002254,2005
8264,200501KD50389,553900.0,192260.0,0.221128,51.608093,1,3,2,1,23/06/2005,5,12:55,15,E09000016,5,0,Single carriageway,30,Giveway or uncontrolled,6,0,None within 50 metres,No physical crossing within 50 meters,Daylight: Street light present,Fine without high winds,Dry,None,None,1,Yes,E01002280,2005
8265,200501KD50390,556100.0,186920.0,0.250501,51.55951,1,3,3,1,24/06/2005,6,20:10,15,E09000016,5,0,Single carriageway,30,None,-1,0,None within 50 metres,No physical crossing within 50 meters,Darkness: Street lights present and lit,Fine without high winds,Dry,None,None,1,No,E01002257,2005
8266,200501KD50391,553970.0,186280.0,0.219518,51.554345,1,3,1,1,25/06/2005,7,18:07,15,E09000016,3,124,Single carriageway,30,None,-1,0,None within 50 metres,No physical crossing within 50 meters,Daylight: Street light present,Fine without high winds,Dry,None,None,1,Yes,E01002291,2005
8267,200501KD50392,550070.0,190530.0,0.165121,51.593582,1,3,1,1,23/06/2005,5,10:40,15,E09000016,4,174,Single carriageway,30,Giveway or uncontrolled,6,0,None within 50 metres,No physical crossing within 50 meters,Daylight: Street light present,Fine without high winds,Dry,None,None,1,Yes,E01002327,2005
8268,200501KD50395,550090.0,189190.0,0.164837,51.581536,1,3,1,1,21/05/2005,7,12:45,15,E09000016,5,0,Dual carriageway,50,Automatic traffic signal,3,12,None within 50 metres,Pedestrian phase at traffic signal junction,Daylight: Street light present,Fine without high winds,Dry,Auto traffic singal out,None,1,Yes,E01002244,2005
8269,200501KD50396,556140.0,187030.0,0.251126,51.560487,1,3,3,1,24/06/2005,6,08:25,15,E09000016,5,0,Single carriageway,30,None,-1,0,None within 50 metres,No physical crossing within 50 meters,Daylight: Street light present,Fine without high winds,Dry,None,None,1,Yes,E01002257,2005
8270,200501KD50397,553780.0,188410.0,0.217711,51.573534,1,3,2,2,30/06/2005,5,09:09,15,E09000016,5,0,Roundabout,30,Giveway or uncontrolled,5,0,None within 50 metres,No physical crossing within 50 meters,Daylight: Street light present,Raining without high winds,Wet/Damp,None,None,1,Yes,E01002274,2005
8271,200501KD50399,552050.0,181360.0,0.189722,51.510659,1,3,2,2,30/06/2005,5,09:35,15,E09000016,3,13,Dual carriageway,70,None,-1,0,None within 50 metres,No physical crossing within 50 meters,Daylight: Street light present,Raining without high winds,Wet/Damp,None,None,2,Yes,E01002344,2005
8272,200501KD50400,551240.0,183220.0,0.178856,51.527588,1,3,2,3,30/06/2005,5,08:44,15,E09000016,6,0,Single carriageway,30,Giveway or uncontrolled,6,0,None within 50 metres,No physical crossing within 50 meters,Daylight: Street light present,Fine without high winds,Dry,None,None,1,Yes,E01002371,2005
8273,200501KD50402,551710.0,183670.0,0.18582,51.531506,1,3,1,1,01/07/2005,6,07:37,15,E09000016,3,125,Single carriageway,30,Giveway or uncontrolled,6,0,None within 50 metres,No physical crossing within 50 meters,Daylight: Street light present,Fine without high winds,Dry,None,None,1,Yes,E01002373,2005
8274,200501KD50403,554410.0,186990.0,0.226171,51.560604,1,3,2,1,01/07/2005,6,15:30,15,E09000016,3,124,Single carriageway,30,None,-1,0,None within 50 metres,No physical crossing within 50 meters,Daylight: Street light present,Fine without high winds,Dry,None,None,1,No,E01002360,2005
8275,200501KD50404,554980.0,188850.0,0.235207,51.577159,1,3,2,1,03/07/2005,1,13:38,15,E09000016,5,0,Single carriageway,30,None,-1,0,None within 50 metres,No physical crossing within 50 meters,Daylight: Street light present,Fine without high winds,Dry,None,None,1,Yes,E01002269,2005
8276,200501KD50405,549430.0,188310.0,0.154944,51.573805,1,3,3,2,29/06/2005,4,09:33,15,E09000016,3,118,Single carriageway,30,Giveway or uncontrolled,6,0,None within 50 metres,No physical crossing within 50 meters,Daylight: Street light present,Fine without high winds,Dry,None,None,1,Yes,E01002250,2005
8277,200501KD50406,551870.0,188620.0,0.190261,51.575938,1,3,2,3,01/07/2005,6,11:42,15,E09000016,5,0,Single carriageway,30,Giveway or uncontrolled,6,0,None within 50 metres,No physical crossing within 50 meters,Daylight: Street light present,Fine without high winds,Dry,None,None,1,Yes,E01002358,2005
8278,200501KD50407,552590.0,188440.0,0.200565,51.574127,1,3,2,1,04/07/2005,2,16:20,15,E09000016,5,0,Single carriageway,30,Giveway or uncontrolled,6,0,None within 50 metres,No physical crossing within 50 meters,Daylight: Street light present,Fine without high winds,Dry,None,None,1,Yes,E01002317,2005
8279,200501KD50408,559570.0,187550.0,0.300802,51.5642,1,3,1,1,02/07/2005,7,23:35,15,E09000016,4,186,Single carriageway,30,None,-1,0,None within 50 metres,No physical crossing within 50 meters,Darkness: Street lights present and lit,Fine without high winds,Dry,None,None,2,Yes,E01002391,2005
8280,200501KD50409,553280.0,182530.0,0.207941,51.520839,1,3,2,1,05/07/2005,3,17:05,15,E09000016,5,0,Single carriageway,30,Giveway or uncontrolled,6,0,None within 50 metres,No physical crossing within 50 meters,Daylight: Street light present,Fine without high winds,Dry,None,None,1,No,E01002343,2005
8281,200501KD50410,553930.0,187930.0,0.219663,51.56918,1,3,2,1,02/07/2005,7,15:15,15,E09000016,5,0,Single carriageway,30,Giveway or uncontrolled,6,0,None within 50 metres,No physical crossing within 50 meters,Daylight: Street light present,Fine without high winds,Dry,None,None,1,Yes,E01002274,2005
8282,200501KD50411,550630.0,182930.0,0.169945,51.525146,1,3,2,2,03/07/2005,1,22:18,15,E09000016,3,1306,Dual carriageway,30,Automatic traffic signal,5,0,None within 50 metres,No physical crossing within 50 meters,Darkness: Street lights present and lit,Fine without high winds,Dry,Roadworks,None,1,Yes,E01002368,2005
8283,200501KD50412,554450.0,189690.0,0.227934,51.584852,1,3,2,1,07/07/2005,5,16:20,15,E09000016,3,127,Dual carriageway,30,Giveway or uncontrolled,6,0,None within 50 metres,No physical crossing within 50 meters,Daylight: Street light present,Fine without high winds,Dry,None,None,1,No,E01002378,2005
8284,200501KD50413,549920.0,191910.0,0.163546,51.606021,1,3,1,1,28/06/2005,3,17:18,15,E09000016,6,0,Single carriageway,30,None,-1,0,None within 50 metres,No physical crossing within 50 meters,Daylight: Street light present,Fine without high winds,Dry,None,None,1,Yes,E01002301,2005
8285,200501KD50415,552330.0,187420.0,0.196374,51.565032,1,3,2,1,09/07/2005,7,19:30,15,E09000016,3,124,Single carriageway,30,None,-1,0,None within 50 metres,No physical crossing within 50 meters,Daylight: Street light present,Fine without high winds,Dry,None,None,1,No,E01002320,2005
8286,200501KD50416,557190.0,186690.0,0.266109,51.557141,1,3,2,1,07/07/2005,5,17:48,15,E09000016,4,187,Roundabout,30,Giveway or uncontrolled,6,0,None within 50 metres,No physical crossing within 50 meters,Daylight: Street light present,Fine without high winds,Dry,None,None,1,Yes,E01002391,2005
8287,200501KD50417,551670.0,188520.0,0.187334,51.575094,1,3,2,2,10/07/2005,1,01:54,15,E09000016,5,0,Single carriageway,30,Automatic traffic signal,5,0,None within 50 metres,Pedestrian phase at traffic signal junction,Darkness: Street lights present and lit,Fine without high winds,Dry,None,None,1,Yes,E01002358,2005
8288,200501KD50418,551230.0,191180.0,0.182134,51.599112,1,3,1,1,10/07/2005,1,12:40,15,E09000016,6,0,Single carriageway,30,None,-1,0,None within 50 metres,No physical crossing within 50 meters,Daylight: Street light present,Fine without high winds,Dry,None,None,1,Yes,E01002341,2005
8289,200501KD50419,555550.0,191680.0,0.24468,51.602429,1,3,2,2,10/07/2005,1,14:18,15,E09000016,5,0,Dual carriageway,50,Automatic traffic signal,3,12,None within 50 metres,Pedestrian phase at traffic signal junction,Daylight: Street light present,Fine without high winds,Dry,None,None,1,Yes,E01002283,2005
8290,200501KD50420,555380.0,193740.0,0.24314,51.620984,1,3,3,1,03/07/2005,1,13:16,15,E09000016,1,25,Dual carriageway,70,None,-1,0,None within 50 metres,No physical crossing within 50 meters,Daylight: Street light present,Fine without high winds,Dry,None,None,2,Yes,E01002276,2005
8291,200501KD50421,551550.0,189700.0,0.186112,51.585728,1,3,1,2,12/07/2005,3,18:52,15,E09000016,5,0,Single carriageway,30,Giveway or uncontrolled,6,0,None within 50 metres,No physical crossing within 50 meters,Daylight: Street light present,Fine without high winds,Dry,None,None,1,Yes,E01002353,2005
8292,200501KD50423,551680.0,183700.0,0.185401,51.531783,1,3,2,3,14/07/2005,5,18:50,15,E09000016,3,125,Single carriageway,30,Giveway or uncontrolled,6,0,None within 50 metres,No physical crossing within 50 meters,Daylight: Street light present,Fine without high winds,Dry,None,None,1,Yes,E01002373,2005
8293,200501KD50425,550870.0,188530.0,0.175802,51.575398,1,3,1,1,14/07/2005,5,22:50,15,E09000016,3,118,One way street,30,None,-1,0,None within 50 metres,No physical crossing within 50 meters,Darkness: Street lights present and lit,Fine without high winds,Dry,None,None,1,Yes,E01002356,2005
8294,200501KD50426,556670.0,192550.0,0.261227,51.609935,1,3,2,1,11/07/2005,2,11:25,15,E09000016,1,25,Single carriageway,30,None,-1,0,None within 50 metres,No physical crossing within 50 meters,Daylight: Street light present,Fine without high winds,Dry,None,None,2,No,E01002277,2005
8295,200501KD50427,552000.0,182340.0,0.189424,51.519478,1,3,2,1,13/07/2005,4,19:03,15,E09000016,4,1335,Roundabout,30,Giveway or uncontrolled,6,0,None within 50 metres,No physical crossing within 50 meters,Daylight: Street light present,Fine without high winds,Dry,None,None,1,Yes,E01002345,2005
8296,200501KD50428,554300.0,181520.0,0.22219,51.511487,1,3,2,1,18/07/2005,2,22:30,15,E09000016,3,1306,Single carriageway,30,Giveway or uncontrolled,5,0,None within 50 metres,No physical crossing within 50 meters,Darkness: Street lights present and lit,Fine without high winds,Dry,None,None,2,Yes,E01002344,2005
8297,200501KD50429,558260.0,188830.0,0.282494,51.576069,1,3,2,1,14/07/2005,5,14:30,15,E09000016,1,25,Dual carriageway,70,Giveway or uncontrolled,6,0,None within 50 metres,No physical crossing within 50 meters,Daylight: Street light present,Fine without high winds,Dry,None,None,2,Yes,E01002259,2005
8298,200501KD50430,558170.0,189120.0,0.281327,51.578699,1,3,2,1,14/07/2005,5,08:45,15,E09000016,1,25,Dual carriageway,70,None,-1,0,None within 50 metres,No physical crossing within 50 meters,Daylight: Street light present,Fine without high winds,Dry,None,None,2,No,E01002259,2005
8299,200501KD50431,551440.0,189710.0,0.18453,51.585848,1,3,2,1,19/07/2005,3,19:38,15,E09000016,6,0,Single carriageway,30,Giveway or uncontrolled,6,0,None within 50 metres,No physical crossing within 50 meters,Daylight: Street light present,Fine without high winds,Dry,None,None,1,Yes,E01002339,2005
8300,200501KD50432,551600.0,189230.0,0.186631,51.581492,1,3,2,1,19/07/2005,3,13:30,15,E09000016,3,118,Single carriageway,30,Giveway or uncontrolled,6,0,None within 50 metres,No physical crossing within 50 meters,Daylight: Street light present,Fine without high winds,Dry,Roadworks,None,1,Yes,E01002357,2005
8301,200501KD50433,554260.0,189830.0,0.225255,51.586161,1,2,2,1,15/07/2005,6,09:15,15,E09000016,3,127,Dual carriageway,50,None,-1,0,None within 50 metres,No physical crossing within 50 meters,Daylight: Street light present,Fine without high winds,Dry,None,None,1,No,E01002378,2005
8302,200501KD50434,553060.0,187300.0,0.206846,51.563757,1,3,3,1,16/07/2005,7,10:58,15,E09000016,3,124,Single carriageway,40,Giveway or uncontrolled,6,0,None within 50 metres,No physical crossing within 50 meters,Daylight: Street light present,Fine without high winds,Dry,None,None,1,Yes,E01002321,2005
8303,200501KD50435,551000.0,189020.0,0.177887,51.579766,1,3,2,1,16/07/2005,7,10:00,15,E09000016,3,118,Roundabout,30,Giveway or uncontrolled,6,0,None within 50 metres,No physical crossing within 50 meters,Daylight: Street light present,Fine without high winds,Dry,None,None,1,Yes,E01002243,2005
8304,200501KD50436,551460.0,188400.0,0.184254,51.574072,1,3,2,1,15/08/2005,2,22:50,15,E09000016,5,0,Single carriageway,30,None,-1,0,None within 50 metres,No physical crossing within 50 meters,Darkness: Street lights present and lit,Fine without high winds,Dry,None,None,1,Yes,E01002356,2005
8305,200501KD50437,551740.0,187450.0,0.187881,51.565461,1,3,2,1,19/07/2005,3,15:20,15,E09000016,3,124,One way street,30,None,-1,0,None within 50 metres,No physical crossing within 50 meters,Daylight: Street light present,Fine without high winds,Dry,None,None,1,No,E01002319,2005
8306,200501KD50438,551510.0,181550.0,0.182028,51.512511,1,2,3,4,26/07/2005,3,20:23,15,E09000016,3,13,Dual carriageway,70,None,-1,0,None within 50 metres,No physical crossing within 50 meters,Daylight: Street light present,Fine without high winds,Dry,None,None,2,Yes,E01002344,2005
8307,200501KD50439,550720.0,189510.0,0.17406,51.584243,1,3,2,1,19/05/2005,5,11:39,15,E09000016,6,0,Dual carriageway,30,Automatic traffic signal,3,125,None within 50 metres,Pedestrian phase at traffic signal junction,Daylight: Street light present,Fine without high winds,Dry,None,None,1,Yes,E01002245,2005
8308,200501KD50440,550630.0,189740.0,0.17286,51.586334,1,3,2,1,03/06/2005,6,06:00,15,E09000016,3,12,Dual carriageway,30,Automatic traffic signal,3,125,None within 50 metres,No physical crossing within 50 meters,Daylight: Street light present,Fine without high winds,Dry,None,None,1,Yes,E01002340,2005
8309,200501KD50441,551440.0,188350.0,0.183944,51.573628,1,3,1,1,19/07/2005,3,16:23,15,E09000016,5,0,Single carriageway,30,None,-1,0,None within 50 metres,No physical crossing within 50 meters,Daylight: Street light present,Fine without high winds,Dry,None,None,1,Yes,E01002356,2005
8310,200501KD50442,551670.0,188520.0,0.187334,51.575094,1,2,2,1,07/07/2005,5,14:04,15,E09000016,5,0,Dual carriageway,30,Automatic traffic signal,5,0,None within 50 metres,Pedestrian phase at traffic signal junction,Daylight: Street light present,Fine without high winds,Dry,None,None,1,Yes,E01002358,2005
8311,200501KD50443,552330.0,185090.0,0.195366,51.544097,1,3,1,1,20/07/2005,4,13:50,15,E09000016,6,0,Single carriageway,30,Giveway or uncontrolled,6,0,None within 50 metres,No physical crossing within 50 meters,Daylight: Street light present,Fine without high winds,Dry,None,None,1,Yes,E01002266,2005
8312,200501KD50444,557860.0,185030.0,0.275021,51.54204,1,3,1,1,20/07/2005,4,10:30,15,E09000016,4,1421,Single carriageway,30,Giveway or uncontrolled,6,0,None within 50 metres,No physical crossing within 50 meters,Daylight: Street light present,Fine without high winds,Dry,Roadworks,None,2,Yes,E01002385,2005
8313,200501KD50445,551400.0,188590.0,0.183471,51.575795,1,3,1,1,29/07/2005,6,13:15,15,E09000016,6,0,Single carriageway,30,Giveway or uncontrolled,6,0,None within 50 metres,No physical crossing within 50 meters,Daylight: Street light present,Fine without high winds,Dry,None,None,1,No,E01002356,2005
8314,200501KD50447,553170.0,190310.0,0.209743,51.590771,1,3,2,1,20/07/2005,4,11:40,15,E09000016,3,118,Single carriageway,30,Automatic traffic signal,3,118,None within 50 metres,Pedestrian phase at traffic signal junction,Daylight: Street light present,Fine without high winds,Dry,None,None,1,Yes,E01002337,2005
8315,200501KD50448,549410.0,190980.0,0.155791,51.5978,1,3,2,1,03/07/2005,1,13:30,15,E09000016,4,174,Single carriageway,30,Giveway or uncontrolled,5,0,None within 50 metres,Zebra crossing,Daylight: Street light present,Fine without high winds,Dry,None,None,1,No,E01002325,2005
8316,200501KD50449,552050.0,182190.0,0.19008,51.518116,1,3,1,1,20/07/2005,4,07:46,15,E09000016,4,1335,Single carriageway,30,None,-1,0,None within 50 metres,No physical crossing within 50 meters,Daylight: Street light present,Fine without high winds,Dry,None,None,1,Yes,E01002345,2005
8317,200501KD50450,552020.0,182410.0,0.189743,51.520101,1,3,1,1,21/07/2005,5,18:25,15,E09000016,4,1335,Single carriageway,30,None,-1,0,None within 50 metres,Zebra crossing,Daylight: Street light present,Fine without high winds,Dry,None,None,1,Yes,E01002345,2005
8318,200501KD50451,549780.0,189040.0,0.160302,51.580271,1,2,1,1,22/07/2005,6,14:50,15,E09000016,3,12,Dual carriageway,50,None,-1,0,None within 50 metres,No physical crossing within 50 meters,Daylight: Street light present,Fine without high winds,Dry,None,None,1,Yes,E01002244,2005
8319,200501KD50452,550530.0,189660.0,0.171384,51.585642,1,2,2,1,27/07/2005,4,07:35,15,E09000016,3,12,Dual carriageway,70,Giveway or uncontrolled,6,0,None within 50 metres,No physical crossing within 50 meters,Daylight: Street light present,Raining without high winds,Wet/Damp,None,None,1,Yes,E01002328,2005
8320,200501KD50453,554540.0,180930.0,0.225387,51.50612,1,3,2,1,24/07/2005,1,14:20,15,E09000016,3,1306,Single carriageway,30,Giveway or uncontrolled,4,1335,None within 50 metres,No physical crossing within 50 meters,Daylight: Street light present,Fine without high winds,Dry,None,None,2,Yes,E01002344,2005
8321,200501KD50454,553830.0,187210.0,0.217907,51.562739,1,3,1,1,22/07/2005,6,15:30,15,E09000016,3,124,Single carriageway,30,None,-1,0,None within 50 metres,non-junction pedestrian crossing,Daylight: Street light present,Fine without high winds,Dry,None,None,1,Yes,E01002361,2005
8322,200501KD50455,549460.0,188320.0,0.155381,51.573886,1,3,1,1,28/07/2005,5,16:12,15,E09000016,3,118,Single carriageway,30,Giveway or uncontrolled,6,0,None within 50 metres,No physical crossing within 50 meters,Daylight: Street light present,Fine without high winds,Dry,None,None,1,Yes,E01002250,2005
8323,200501KD50456,554970.0,188960.0,0.235112,51.57815,1,3,1,1,28/07/2005,5,15:15,15,E09000016,5,0,Single carriageway,30,Giveway or uncontrolled,6,0,None within 50 metres,No physical crossing within 50 meters,Daylight: Street light present,Fine without high winds,Dry,None,None,1,Yes,E01002269,2005
8324,200501KD50457,551450.0,188270.0,0.184054,51.572906,1,3,2,1,03/08/2005,4,22:54,15,E09000016,5,0,Single carriageway,30,None,-1,0,None within 50 metres,Zebra crossing,Darkness: Street lights present and lit,Fine without high winds,Dry,None,None,1,Yes,E01002356,2005
8325,200501KD50458,553540.0,187220.0,0.213731,51.562908,1,2,1,1,19/05/2005,5,21:20,15,E09000016,3,124,Single carriageway,30,None,-1,0,None within 50 metres,No physical crossing within 50 meters,Darkness: Street lights present and lit,Fine without high winds,Dry,None,None,1,Yes,E01002361,2005
8326,200501KD50459,554600.0,191370.0,0.230837,51.599905,1,3,1,1,31/07/2005,1,23:32,15,E09000016,5,0,Single carriageway,30,Giveway or uncontrolled,6,0,None within 50 metres,No physical crossing within 50 meters,Darkness: Street lights present and lit,Fine without high winds,Dry,None,None,1,Yes,E01002300,2005
8327,200501KD50460,552920.0,187380.0,0.204862,51.564513,1,3,2,1,10/08/2005,4,18:30,15,E09000016,6,0,Single carriageway,30,Giveway or uncontrolled,3,124,None within 50 metres,No physical crossing within 50 meters,Daylight: Street light present,Fine without high winds,Dry,None,None,1,No,E01002321,2005
8328,200501KD50461,553450.0,190550.0,0.213887,51.592851,1,3,1,1,21/07/2005,5,00:27,15,E09000016,3,12,Dual carriageway,50,Giveway or uncontrolled,3,127,None within 50 metres,non-junction pedestrian crossing,Darkness: Street lights present and lit,Fine without high winds,Dry,None,None,1,Yes,E01002310,2005
8329,200501KD50462,558210.0,189020.0,0.281859,51.57779,1,3,3,1,01/08/2005,2,11:50,15,E09000016,1,25,Dual carriageway,70,None,-1,0,None within 50 metres,No physical crossing within 50 meters,Daylight: Street light present,Fine without high winds,Dry,None,None,2,Yes,E01002259,2005
8330,200501KD50463,553400.0,190520.0,0.213153,51.592595,1,3,2,1,30/07/2005,7,16:52,15,E09000016,3,12,Dual carriageway,30,Giveway or uncontrolled,3,127,None within 50 metres,No physical crossing within 50 meters,Daylight: Street light present,Fine without high winds,Dry,None,None,1,Yes,E01002293,2005
8331,200501KD50464,551800.0,184670.0,0.187548,51.540466,1,3,2,1,27/07/2005,4,10:15,15,E09000016,3,125,Single carriageway,30,Giveway or uncontrolled,6,0,None within 50 metres,No physical crossing within 50 meters,Daylight: Street light present,Fine without high winds,Dry,None,None,1,Yes,E01002260,2005
8332,200501KD50465,550530.0,189650.0,0.171379,51.585552,1,3,2,1,24/07/2005,1,07:52,15,E09000016,3,12,Single carriageway,30,Giveway or uncontrolled,6,0,None within 50 metres,No physical crossing within 50 meters,Daylight: Street light present,Fine without high winds,Dry,None,None,1,Yes,E01002245,2005
8333,200501KD50466,552530.0,189820.0,0.200299,51.586542,1,3,2,2,21/08/2005,1,19:00,15,E09000016,3,118,Single carriageway,30,None,-1,0,None within 50 metres,No physical crossing within 50 meters,Darkness: Street lights present and lit,Fine without high winds,Dry,None,None,1,No,E01002379,2005
8334,200501KD50467,554230.0,186090.0,0.223182,51.552567,1,2,1,1,24/07/2005,1,17:40,15,E09000016,6,0,Single carriageway,30,Giveway or uncontrolled,6,0,None within 50 metres,No physical crossing within 50 meters,Daylight: Street light present,Fine without high winds,Dry,None,None,1,Yes,E01002290,2005
8335,200501KD50468,558370.0,185350.0,0.282514,51.544772,1,3,4,2,25/07/2005,2,15:45,15,E09000016,1,25,Dual carriageway,70,None,-1,0,None within 50 metres,No physical crossing within 50 meters,Daylight: Street light present,Fine without high winds,Dry,None,None,2,Yes,E01002385,2005
8336,200501KD50469,553950.0,190070.0,0.220889,51.588402,1,3,2,1,13/08/2005,7,13:30,15,E09000016,3,127,Single carriageway,30,Giveway or uncontrolled,6,0,None within 50 metres,No physical crossing within 50 meters,Daylight: Street light present,Fine without high winds,Dry,None,None,1,Yes,E01002377,2005
8337,200501KD50470,554070.0,191820.0,0.223388,51.604093,1,3,2,1,26/07/2005,3,09:15,15,E09000016,6,0,Single carriageway,30,Giveway or uncontrolled,6,0,None within 50 metres,No physical crossing within 50 meters,Daylight: Street light present,Fine without high winds,Dry,None,None,1,Yes,E01002284,2005
8338,200501KD50471,556000.0,186470.0,0.24886,51.555494,1,3,2,1,30/07/2005,7,17:00,15,E09000016,4,1421,Single carriageway,30,None,-1,0,None within 50 metres,No physical crossing within 50 meters,Daylight: Street light present,Fine without high winds,Dry,None,None,1,No,E01002386,2005
8339,200501KD50472,553350.0,190520.0,0.212432,51.592609,1,3,2,2,30/07/2005,7,21:50,15,E09000016,3,12,Single carriageway,30,Giveway or uncontrolled,3,12,None within 50 metres,No physical crossing within 50 meters,Daylight: Street light present,Fine without high winds,Dry,None,None,1,Yes,E01002337,2005
8340,200501KD50473,550620.0,189760.0,0.172725,51.586516,1,3,2,2,02/08/2005,3,11:57,15,E09000016,3,12,Single carriageway,40,Automatic traffic signal,4,174,None within 50 metres,Pedestrian phase at traffic signal junction,Daylight: Street light present,Fine without high winds,Dry,None,None,1,Yes,E01002338,2005
8341,200501KD50474,554890.0,188720.0,0.233852,51.576016,1,3,2,1,04/08/2005,5,14:56,15,E09000016,6,0,Single carriageway,30,Giveway or uncontrolled,6,0,None within 50 metres,No physical crossing within 50 meters,Daylight: Street light present,Fine without high winds,Dry,None,None,1,Yes,E01002271,2005
8342,200501KD50475,554980.0,191850.0,0.236531,51.604113,1,3,1,1,07/08/2005,1,14:15,15,E09000016,5,0,Single carriageway,30,None,-1,0,None within 50 metres,No physical crossing within 50 meters,Daylight: Street light present,Fine without high winds,Dry,None,None,1,Yes,E01002283,2005
8343,200501KD50476,555130.0,186810.0,0.23647,51.558789,1,2,2,1,29/08/2005,2,15:00,15,E09000016,3,124,Single carriageway,30,Giveway or uncontrolled,6,0,None within 50 metres,No physical crossing within 50 meters,Daylight: Street light present,Fine without high winds,Dry,None,None,1,Yes,E01002362,2005
8344,200501KD50477,552900.0,187390.0,0.204579,51.564609,1,3,2,2,06/08/2005,7,14:44,15,E09000016,3,124,Single carriageway,30,Giveway or uncontrolled,6,0,None within 50 metres,No physical crossing within 50 meters,Daylight: Street light present,Fine without high winds,Dry,None,None,1,Yes,E01002321,2005
8345,200501KD50478,551560.0,188860.0,0.185894,51.578178,1,2,1,1,30/08/2005,3,17:30,15,E09000016,5,0,Dual carriageway,40,Giveway or uncontrolled,5,0,None within 50 metres,No physical crossing within 50 meters,Daylight: Street light present,Fine without high winds,Dry,None,None,1,Yes,E01002357,2005
8346,200501KD50479,550230.0,187220.0,0.166014,51.563798,1,2,2,3,08/08/2005,2,13:30,15,E09000016,3,124,Single carriageway,30,Giveway or uncontrolled,6,0,None within 50 metres,No physical crossing within 50 meters,Daylight: Street light present,Fine without high winds,Dry,None,None,1,Yes,E01002251,2005
8347,200501KD50480,559160.0,185320.0,0.293883,51.54428,1,3,2,1,11/08/2005,5,12:45,15,E09000016,4,186,Single carriageway,30,Giveway or uncontrolled,4,1421,None within 50 metres,No physical crossing within 50 meters,Daylight: Street light present,Fine without high winds,Dry,None,None,2,No,E01002385,2005
8348,200501KD50482,555290.0,186770.0,0.238759,51.558386,1,3,1,1,05/08/2005,6,23:11,15,E09000016,3,124,Single carriageway,30,None,-1,0,None within 50 metres,No physical crossing within 50 meters,Darkness: Street lights present and lit,Fine without high winds,Dry,None,None,1,Yes,E01002289,2005
8349,200501KD50483,550390.0,187280.0,0.168346,51.564295,1,2,3,1,07/09/2005,4,21:56,15,E09000016,3,124,Single carriageway,30,Giveway or uncontrolled,6,0,None within 50 metres,No physical crossing within 50 meters,Darkness: Street lights present and lit,Fine without high winds,Dry,None,None,1,Yes,E01002251,2005
8350,200501KD50485,553830.0,187310.0,0.21795,51.563637,1,3,2,2,15/08/2005,2,13:03,15,E09000016,6,0,Single carriageway,30,Giveway or uncontrolled,6,0,None within 50 metres,No physical crossing within 50 meters,Daylight: Street light present,Fine without high winds,Dry,None,None,1,Yes,E01002361,2005
8351,200501KD50486,558450.0,188310.0,0.284999,51.571343,1,3,2,1,16/08/2005,3,09:50,15,E09000016,1,25,Dual carriageway,70,Giveway or uncontrolled,3,127,None within 50 metres,No physical crossing within 50 meters,Daylight: Street light present,Fine without high winds,Dry,None,None,2,No,E01002252,2005
8352,200501KD50487,558200.0,189030.0,0.281719,51.577882,1,2,2,1,15/08/2005,2,13:35,15,E09000016,1,25,Dual carriageway,70,None,-1,0,None within 50 metres,No physical crossing within 50 meters,Daylight: Street light present,Fine without high winds,Dry,None,None,2,Yes,E01002259,2005
8353,200501KD50488,555730.0,191760.0,0.247312,51.603098,1,3,2,1,01/08/2005,2,09:50,15,E09000016,3,12,Dual carriageway,50,Giveway or uncontrolled,5,0,None within 50 metres,No physical crossing within 50 meters,Daylight: Street light present,Fine without high winds,Dry,None,None,1,Yes,E01002296,2005
8354,200501KD50489,552340.0,188410.0,0.196947,51.573925,1,3,2,1,03/08/2005,4,12:30,15,E09000016,5,0,Single carriageway,30,Giveway or uncontrolled,6,0,None within 50 metres,No physical crossing within 50 meters,Daylight: Street light present,Fine without high winds,Dry,None,None,1,No,E01002352,2005
8355,200501KD50490,554160.0,189900.0,0.223844,51.586818,1,3,1,1,05/08/2005,6,14:00,15,E09000016,5,0,Single carriageway,30,Automatic traffic signal,3,127,None within 50 metres,Pedestrian phase at traffic signal junction,Daylight: Street light present,Fine without high winds,Dry,None,None,1,No,E01002377,2005
8356,200501KD50491,550080.0,189210.0,0.164701,51.581719,1,3,2,1,05/08/2005,6,10:40,15,E09000016,3,12,Dual carriageway,30,Automatic traffic signal,5,0,None within 50 metres,Pedestrian phase at traffic signal junction,Daylight: Street light present,Fine without high winds,Dry,None,None,1,No,E01002329,2005
8357,200501KD50492,551490.0,188090.0,0.184553,51.571278,1,3,1,1,05/08/2005,6,13:30,15,E09000016,5,0,Single carriageway,30,None,-1,0,None within 50 metres,Zebra crossing,Daylight: Street light present,Fine without high winds,Dry,None,None,1,Yes,E01002350,2005
8358,200501KD50493,554200.0,185700.0,0.222579,51.549071,1,3,2,1,07/08/2005,1,15:30,15,E09000016,6,0,Single carriageway,30,Giveway or uncontrolled,6,0,None within 50 metres,No physical crossing within 50 meters,Daylight: Street light present,Fine without high winds,Dry,None,None,1,Yes,E01002290,2005
8359,200501KD50494,551840.0,182860.0,0.187344,51.524193,1,3,2,2,08/08/2005,2,17:25,15,E09000016,6,0,Single carriageway,30,Giveway or uncontrolled,6,0,None within 50 metres,No physical crossing within 50 meters,Daylight: Street light present,Fine without high winds,Dry,None,None,1,Yes,E01002370,2005
8360,200501KD50495,550620.0,189750.0,0.17272,51.586427,1,3,2,2,10/08/2005,4,20:10,15,E09000016,3,125,Single carriageway,30,Automatic traffic signal,3,12,None within 50 metres,No physical crossing within 50 meters,Darkness: Street lights present and lit,Fine without high winds,Dry,None,None,1,Yes,E01002338,2005
8361,200501KD50496,551440.0,189970.0,0.184642,51.588184,1,3,2,1,22/08/2005,2,17:39,15,E09000016,5,0,Single carriageway,30,Giveway or uncontrolled,6,0,None within 50 metres,No physical crossing within 50 meters,Daylight: Street light present,Raining without high winds,Wet/Damp,None,None,1,Yes,E01002339,2005
8362,200501KD50497,557040.0,188940.0,0.264952,51.577398,1,3,2,1,27/05/2005,6,18:19,15,E09000016,3,127,Dual carriageway,50,Giveway or uncontrolled,6,0,None within 50 metres,No physical crossing within 50 meters,Daylight: Street light present,Fine without high winds,Dry,None,None,2,Yes,E01002296,2005
8363,200501KD50499,552940.0,185640.0,0.204395,51.548874,1,3,2,1,13/08/2005,7,17:25,15,E09000016,5,0,Single carriageway,30,Giveway or uncontrolled,6,0,None within 50 metres,No physical crossing within 50 meters,Daylight: Street light present,Raining without high winds,Wet/Damp,None,None,1,Yes,E01002287,2005
8364,200501KD50500,550250.0,189060.0,0.167089,51.580326,1,3,2,3,17/08/2005,4,12:26,15,E09000016,5,0,Single carriageway,30,Giveway or uncontrolled,6,0,None within 50 metres,No physical crossing within 50 meters,Daylight: Street light present,Fine without high winds,Dry,None,None,1,Yes,E01002244,2005
8365,200501KD50501,558440.0,188320.0,0.28486,51.571436,1,3,2,1,28/07/2005,5,06:30,15,E09000016,1,25,Dual carriageway,70,Giveway or uncontrolled,3,127,None within 50 metres,No physical crossing within 50 meters,Daylight: Street light present,Fine without high winds,Dry,None,None,2,Yes,E01002252,2005
8366,200501KD50502,556260.0,189100.0,0.253776,51.579052,1,3,2,4,16/08/2005,3,22:35,15,E09000016,5,0,Dual carriageway,60,Giveway or uncontrolled,6,0,None within 50 metres,No physical crossing within 50 meters,Darkness: Street lights present and lit,Fine without high winds,Dry,None,None,2,Yes,E01002296,2005
8367,200501KD50503,554810.0,190530.0,0.233496,51.5923,1,3,2,1,16/08/2005,3,14:34,15,E09000016,6,0,Single carriageway,30,None,-1,0,None within 50 metres,No physical crossing within 50 meters,Daylight: Street light present,Fine without high winds,Dry,None,None,1,Yes,E01002294,2005
8368,200501KD50504,553400.0,190540.0,0.213162,51.592775,1,2,2,1,30/08/2005,3,13:14,15,E09000016,3,12,Roundabout,50,Giveway or uncontrolled,3,127,None within 50 metres,No physical crossing within 50 meters,Daylight: Street light present,Fine without high winds,Dry,None,None,1,Yes,E01002310,2005
8369,200501KD50505,549910.0,187120.0,0.161358,51.562985,1,3,2,1,30/08/2005,3,20:09,15,E09000016,3,124,Single carriageway,30,Giveway or uncontrolled,6,0,None within 50 metres,No physical crossing within 50 meters,Daylight: Street light present,Fine without high winds,Dry,None,None,1,Yes,E01002251,2005
8370,200501KD50506,554670.0,180290.0,0.226978,51.500334,1,3,2,1,17/08/2005,4,18:20,15,E09000016,3,13,Dual carriageway,70,Giveway or uncontrolled,3,1306,None within 50 metres,No physical crossing within 50 meters,Daylight: Street light present,Fine without high winds,Dry,None,None,2,Yes,E01002344,2005
8371,200501KD50507,553080.0,188880.0,0.207822,51.577947,1,3,1,1,25/08/2005,5,14:48,15,E09000016,5,0,Roundabout,30,Giveway or uncontrolled,5,0,None within 50 metres,No physical crossing within 50 meters,Daylight: Street light present,Raining without high winds,Wet/Damp,None,None,1,Yes,E01002379,2005
8372,200501KD50508,553020.0,190590.0,0.207702,51.593328,1,3,2,1,19/08/2005,6,18:30,15,E09000016,3,12,Dual carriageway,60,None,-1,0,None within 50 metres,No physical crossing within 50 meters,Daylight: Street light present,Fine without high winds,Dry,None,None,2,Yes,E01002311,2005
8373,200501KD50509,552500.0,187420.0,0.198825,51.564986,1,3,3,1,19/08/2005,6,15:37,15,E09000016,3,124,Single carriageway,30,None,-1,0,None within 50 metres,No physical crossing within 50 meters,Daylight: Street light present,Raining without high winds,Wet/Damp,None,None,1,Yes,E01002321,2005
8374,200501KD50510,550980.0,189140.0,0.177651,51.580849,1,3,2,2,22/08/2005,2,20:38,15,E09000016,6,0,Single carriageway,30,Giveway or uncontrolled,3,125,None within 50 metres,No physical crossing within 50 meters,Daylight: Street light present,Raining without high winds,Wet/Damp,None,None,1,Yes,E01002243,2005
8375,200501KD50511,550910.0,192370.0,0.178029,51.60989,1,3,2,1,22/08/2005,2,23:17,15,E09000016,4,175,Single carriageway,30,Giveway or uncontrolled,6,0,None within 50 metres,No physical crossing within 50 meters,Darkness: Street lights present and lit,Raining without high winds,Wet/Damp,None,None,1,Yes,E01002304,2005
8376,200501KD50513,551660.0,181480.0,0.184158,51.511842,1,3,1,1,22/08/2005,2,03:15,15,E09000016,3,13,Dual carriageway,50,Giveway or uncontrolled,5,0,None within 50 metres,No physical crossing within 50 meters,Darkness: Street lights present and lit,Fine without high winds,Dry,None,None,2,Yes,E01002344,2005
8377,200501KD50514,552660.0,187390.0,0.201119,51.564674,1,3,2,2,23/08/2005,3,10:00,15,E09000016,6,0,Single carriageway,30,Giveway or uncontrolled,3,124,None within 50 metres,non-junction pedestrian crossing,Daylight: Street light present,Raining without high winds,Wet/Damp,None,None,1,Yes,E01002321,2005
8378,200501KD50515,551090.0,192830.0,0.180825,51.613975,1,3,1,1,23/08/2005,3,02:28,15,E09000016,4,175,Single carriageway,30,None,-1,0,None within 50 metres,No physical crossing within 50 meters,Darkness: Street lights present and lit,Fine without high winds,Wet/Damp,None,None,1,Yes,E01002304,2005
8379,200501KD50516,553100.0,188990.0,0.208158,51.57893,1,3,2,1,26/08/2005,6,17:20,15,E09000016,5,0,Single carriageway,30,Giveway or uncontrolled,6,0,None within 50 metres,No physical crossing within 50 meters,Daylight: Street light present,Fine without high winds,Dry,None,None,1,Yes,E01002379,2005
8380,200501KD50517,551590.0,188800.0,0.186301,51.577631,1,2,1,1,25/08/2005,5,09:50,15,E09000016,5,0,Dual carriageway,50,None,-1,0,None within 50 metres,Zebra crossing,Daylight: Street light present,Fine without high winds,Dry,None,None,1,Yes,E01002357,2005
8381,200501KD50518,549940.0,188400.0,0.162336,51.574478,1,2,1,1,26/08/2005,6,02:16,15,E09000016,6,0,Single carriageway,30,Giveway or uncontrolled,3,118,None within 50 metres,No physical crossing within 50 meters,Darkness: Street lights present and lit,Fine without high winds,Dry,None,None,1,Yes,E01002246,2005
8382,200501KD50519,553410.0,190490.0,0.213284,51.592323,1,3,2,3,01/09/2005,5,21:30,15,E09000016,3,12,Roundabout,30,Giveway or uncontrolled,3,127,None within 50 metres,No physical crossing within 50 meters,Darkness: Street lights present and lit,Fine without high winds,Dry,None,None,1,Yes,E01002383,2005
8383,200501KD50520,551440.0,189970.0,0.184642,51.588184,1,3,2,1,05/09/2005,2,12:17,15,E09000016,5,0,Single carriageway,30,Giveway or uncontrolled,6,0,None within 50 metres,No physical crossing within 50 meters,Daylight: Street light present,Fine without high winds,Dry,None,None,1,Yes,E01002339,2005
8384,200501KD50521,553530.0,192310.0,0.215811,51.608643,1,3,2,1,05/09/2005,2,19:20,15,E09000016,6,0,Single carriageway,30,Giveway or uncontrolled,6,0,None within 50 metres,No physical crossing within 50 meters,Daylight: Street light present,Fine without high winds,Dry,None,None,1,Yes,E01002282,2005
8385,200501KD50522,556210.0,183550.0,0.250591,51.529201,1,3,3,1,06/09/2005,3,17:55,15,E09000016,5,0,Single carriageway,30,Giveway or uncontrolled,6,0,None within 50 metres,No physical crossing within 50 meters,Daylight: Street light present,Fine without high winds,Dry,None,None,2,No,E01002385,2005
8386,200501KD50524,554190.0,191980.0,0.22519,51.605498,1,2,2,1,28/08/2005,1,14:15,15,E09000016,5,0,Single carriageway,30,Giveway or uncontrolled,6,0,None within 50 metres,No physical crossing within 50 meters,Daylight: Street light present,Fine without high winds,Dry,None,None,1,Yes,E01002284,2005
8387,200501KD50525,553370.0,190550.0,0.212733,51.592873,1,3,2,1,13/08/2005,7,11:15,15,E09000016,3,12,Roundabout,30,Giveway or uncontrolled,3,127,None within 50 metres,No physical crossing within 50 meters,Daylight: Street light present,Fine without high winds,Dry,None,None,1,No,E01002310,2005
8388,200501KD50526,554610.0,189580.0,0.230193,51.583819,1,3,2,2,13/08/2005,7,02:20,15,E09000016,3,127,Dual carriageway,50,None,-1,0,None within 50 metres,No physical crossing within 50 meters,Darkness: Street lights present and lit,Fine without high winds,Dry,None,Involvement with previous accident,1,Yes,E01002378,2005
8389,200501KD50527,553190.0,190330.0,0.210041,51.590945,1,3,2,1,31/08/2005,4,17:15,15,E09000016,5,0,Dual carriageway,40,Automatic traffic signal,3,118,None within 50 metres,Pedestrian phase at traffic signal junction,Daylight: Street light present,Fine without high winds,Dry,None,None,1,No,E01002383,2005
8390,200501KD50528,558360.0,188470.0,0.283774,51.572806,1,3,2,1,03/09/2005,7,07:40,15,E09000016,1,25,Roundabout,30,Giveway or uncontrolled,3,127,None within 50 metres,No physical crossing within 50 meters,Daylight: Street light present,Fine without high winds,Dry,None,None,2,Yes,E01002252,2005
8391,200501KD50529,551240.0,190420.0,0.181951,51.592281,1,3,3,1,15/08/2005,2,16:16,15,E09000016,3,12,Dual carriageway,50,Automatic traffic signal,5,0,None within 50 metres,No physical crossing within 50 meters,Daylight: Street light present,Fine without high winds,Dry,None,None,1,Yes,E01002334,2005
8392,200501KD50530,554640.0,186930.0,0.22946,51.560002,1,3,1,2,08/09/2005,5,22:45,15,E09000016,3,124,Single carriageway,30,Automatic traffic signal,5,0,None within 50 metres,Pedestrian phase at traffic signal junction,Darkness: Street lights present and lit,Fine without high winds,Dry,None,None,1,Yes,E01002360,2005
8393,200501KD50531,554750.0,184970.0,0.230184,51.542361,1,2,1,1,11/09/2005,1,10:35,15,E09000016,5,0,Single carriageway,30,None,-1,0,None within 50 metres,No physical crossing within 50 meters,Daylight: Street light present,Fine without high winds,Wet/Damp,None,None,2,Yes,E01002385,2005
8394,200501KD50532,552710.0,185950.0,0.201214,51.551722,1,3,1,1,15/09/2005,5,22:25,15,E09000016,5,0,Single carriageway,30,None,-1,0,None within 50 metres,No physical crossing within 50 meters,Darkness: Street lights present and lit,Raining without high winds,Wet/Damp,None,None,1,Yes,E01002365,2005
8395,200501KD50534,554180.0,189890.0,0.224128,51.586722,1,3,2,1,16/08/2005,3,11:50,15,E09000016,3,127,Dual carriageway,40,Automatic traffic signal,5,0,None within 50 metres,No physical crossing within 50 meters,Daylight: Street light present,Fine without high winds,Dry,None,None,1,Yes,E01002378,2005
8396,200501KD50535,555010.0,188700.0,0.235574,51.575803,1,3,2,1,18/08/2005,5,08:03,15,E09000016,5,0,Single carriageway,30,Giveway or uncontrolled,6,0,None within 50 metres,No physical crossing within 50 meters,Daylight: Street light present,Fine without high winds,Dry,None,None,1,Yes,E01002269,2005
8397,200501KD50536,554130.0,192050.0,0.224355,51.606143,1,3,2,1,20/08/2005,7,17:45,15,E09000016,5,0,Single carriageway,30,Giveway or uncontrolled,6,0,None within 50 metres,No physical crossing within 50 meters,Daylight: Street light present,Fine without high winds,Dry,None,None,1,No,E01002282,2005
8398,200501KD50537,553280.0,189940.0,0.211169,51.587417,1,3,2,1,20/08/2005,7,15:56,15,E09000016,5,0,Single carriageway,30,Giveway or uncontrolled,6,0,None within 50 metres,No physical crossing within 50 meters,Daylight: Street light present,Fine without high winds,Dry,None,None,1,Yes,E01002383,2005
8399,200501KD50538,554560.0,189680.0,0.229516,51.584732,1,3,2,1,21/08/2005,1,00:15,15,E09000016,6,0,Single carriageway,30,Giveway or uncontrolled,6,0,None within 50 metres,No physical crossing within 50 meters,Darkness: Street lights present and lit,Fine without high winds,Dry,None,None,1,No,E01002268,2005
8400,200501KD50539,550910.0,187940.0,0.176126,51.570086,1,3,1,1,21/08/2005,1,08:29,15,E09000016,5,0,Single carriageway,30,None,-1,0,None within 50 metres,No physical crossing within 50 meters,Daylight: Street light present,Fine without high winds,Dry,None,None,1,Yes,E01002249,2005
8401,200501KD50540,555680.0,191740.0,0.246582,51.602932,1,3,2,2,11/09/2005,1,20:50,15,E09000016,3,12,Dual carriageway,50,Automatic traffic signal,6,0,None within 50 metres,Pedestrian phase at traffic signal junction,Darkness: Street lights present and lit,Fine without high winds,Wet/Damp,None,None,1,Yes,E01002296,2005
8402,200501KD50541,554960.0,190250.0,0.235536,51.589743,1,3,2,1,06/09/2005,3,08:25,15,E09000016,5,0,Single carriageway,30,Giveway or uncontrolled,6,0,None within 50 metres,No physical crossing within 50 meters,Daylight: Street light present,Fine without high winds,Dry,None,None,1,Yes,E01002294,2005
8403,200501KD50542,550950.0,189190.0,0.177239,51.581307,1,2,1,3,21/09/2005,4,20:55,15,E09000016,3,125,Single carriageway,30,Giveway or uncontrolled,6,0,None within 50 metres,non-junction pedestrian crossing,Darkness: Street lights present and lit,Fine without high winds,Dry,None,None,1,Yes,E01002243,2005
8404,200501KD50544,551230.0,188650.0,0.181045,51.57638,1,3,2,1,08/09/2005,5,22:30,15,E09000016,6,0,Single carriageway,30,Giveway or uncontrolled,6,0,None within 50 metres,No physical crossing within 50 meters,Darkness: Street lights present and lit,Fine without high winds,Dry,None,None,1,No,E01002356,2005
8405,200501KD50545,554270.0,193730.0,0.227114,51.621199,1,3,2,3,02/09/2005,6,18:25,15,E09000016,5,0,Single carriageway,30,Giveway or uncontrolled,5,0,None within 50 metres,No physical crossing within 50 meters,Daylight: Street light present,Fine without high winds,Dry,None,None,2,No,E01002276,2005
8406,200501KD50546,551960.0,187410.0,0.191036,51.565042,1,3,1,2,12/09/2005,2,08:00,15,E09000016,3,124,Dual carriageway,30,None,-1,0,None within 50 metres,No physical crossing within 50 meters,Daylight: Street light present,Fine without high winds,Dry,None,None,1,Yes,E01002319,2005
8407,200501KD50547,553980.0,187160.0,0.220047,51.562249,1,3,2,2,13/09/2005,3,10:05,15,E09000016,3,124,Single carriageway,30,Giveway or uncontrolled,5,0,None within 50 metres,No physical crossing within 50 meters,Daylight: Street light present,Fine without high winds,Dry,None,None,1,Yes,E01002361,2005
8408,200501KD50548,558240.0,188900.0,0.282237,51.576703,1,3,2,1,11/09/2005,1,00:17,15,E09000016,1,25,Dual carriageway,70,None,-1,0,None within 50 metres,No physical crossing within 50 meters,Darkness: Street lights present and lit,Raining without high winds,Wet/Damp,None,None,2,Yes,E01002259,2005
8409,200501KD50549,552220.0,183210.0,0.192968,51.527235,1,3,3,2,13/09/2005,3,10:00,15,E09000016,3,125,Single carriageway,30,Giveway or uncontrolled,6,0,None within 50 metres,No physical crossing within 50 meters,Daylight: Street light present,Fine without high winds,Dry,None,None,1,Yes,E01002370,2005
8410,200501KD50550,555980.0,186540.0,0.248602,51.556129,1,3,1,1,02/09/2005,6,17:00,15,E09000016,3,124,Single carriageway,30,Automatic traffic signal,5,0,None within 50 metres,No physical crossing within 50 meters,Daylight: Street light present,Fine without high winds,Dry,None,None,1,Yes,E01002386,2005
8411,200501KD50551,557130.0,184380.0,0.264213,51.536403,1,2,2,3,16/09/2005,6,07:10,15,E09000016,6,0,Single carriageway,30,None,-1,0,None within 50 metres,No physical crossing within 50 meters,Daylight: Street light present,Fine without high winds,Dry,None,None,2,Yes,E01002385,2005
8412,200501KD50552,549890.0,187720.0,0.161325,51.568381,1,3,2,2,06/09/2005,3,13:20,15,E09000016,6,0,Roundabout,30,Giveway or uncontrolled,6,0,None within 50 metres,No physical crossing within 50 meters,Daylight: Street light present,Fine without high winds,Dry,None,None,1,Yes,E01002248,2005
8413,200501KD50553,551920.0,183340.0,0.188703,51.528484,1,3,1,1,16/09/2005,6,16:12,15,E09000016,6,0,Single carriageway,30,None,-1,0,None within 50 metres,No physical crossing within 50 meters,Daylight: Street light present,Fine without high winds,Dry,None,None,1,Yes,E01002371,2005
8414,200501KD50554,551060.0,191700.0,0.179906,51.60383,1,3,1,1,16/09/2005,6,17:30,15,E09000016,4,1459,Single carriageway,30,Giveway or uncontrolled,4,175,None within 50 metres,No physical crossing within 50 meters,Daylight: Street light present,Fine without high winds,Dry,None,None,1,No,E01002303,2005
8415,200501KD50555,553140.0,189260.0,0.208853,51.581345,1,3,1,1,13/09/2005,3,17:53,15,E09000016,5,0,Single carriageway,30,Giveway or uncontrolled,5,0,None within 50 metres,No physical crossing within 50 meters,Daylight: Street light present,Fine without high winds,Dry,None,None,1,Yes,E01002379,2005
8416,200501KD50556,551440.0,188550.0,0.18403,51.575425,1,3,1,1,17/09/2005,7,01:45,15,E09000016,6,0,One way street,30,Giveway or uncontrolled,6,0,None within 50 metres,No physical crossing within 50 meters,Darkness: Street lights present and lit,Fine without high winds,Dry,None,None,1,Yes,E01002356,2005
8417,200501KD50557,551230.0,190440.0,0.181816,51.592463,1,3,2,4,10/09/2005,7,12:00,15,E09000016,5,0,Single carriageway,30,Giveway or uncontrolled,3,12,None within 50 metres,No physical crossing within 50 meters,Daylight: Street light present,Fine without high winds,Dry,None,None,1,No,E01002334,2005
8418,200501KD50558,553390.0,190560.0,0.213026,51.592958,1,3,2,1,15/09/2005,5,08:30,15,E09000016,5,0,Single carriageway,30,Giveway or uncontrolled,3,12,None within 50 metres,No physical crossing within 50 meters,Daylight: Street light present,Fine without high winds,Dry,None,None,1,Yes,E01002310,2005
8419,200501KD50559,558150.0,186830.0,0.280009,51.558131,1,3,2,1,04/08/2005,5,10:43,15,E09000016,6,0,Single carriageway,30,Giveway or uncontrolled,4,187,None within 50 metres,No physical crossing within 50 meters,Daylight: Street light present,Fine without high winds,Dry,None,None,2,Yes,E01002391,2005
8420,200501KD50560,555070.0,188420.0,0.236315,51.573271,1,3,2,2,03/09/2005,7,12:00,15,E09000016,5,0,Single carriageway,30,Giveway or uncontrolled,6,0,None within 50 metres,No physical crossing within 50 meters,Daylight: Street light present,Fine without high winds,Dry,None,None,1,Yes,E01002273,2005
8421,200501KD50561,549980.0,189530.0,0.163395,51.58462,1,3,1,1,20/09/2005,3,06:16,15,E09000016,5,0,Single carriageway,30,None,-1,0,None within 50 metres,No physical crossing within 50 meters,Daylight: Street light present,Fine without high winds,Dry,None,None,1,Yes,E01002329,2005
8422,200501KD50562,550270.0,188350.0,0.167073,51.573941,1,3,2,5,16/09/2005,6,18:34,15,E09000016,3,118,Single carriageway,30,Giveway or uncontrolled,6,0,None within 50 metres,No physical crossing within 50 meters,Daylight: Street light present,Fine without high winds,Dry,None,None,1,Yes,E01002247,2005
8423,200501KD50563,539170.0,181430.0,0.004269,51.514605,1,3,2,1,19/09/2005,2,08:15,17,E09000025,3,13,Single carriageway,30,None,-1,0,None within 50 metres,No physical crossing within 50 meters,Daylight: Street light present,Fine without high winds,Dry,None,None,1,No,,2005
8424,200501KD50564,551450.0,188150.0,0.184002,51.571828,1,3,2,1,18/09/2005,1,21:25,15,E09000016,5,0,Dual carriageway,50,Automatic traffic signal,5,0,None within 50 metres,Pedestrian phase at traffic signal junction,Darkness: Street lights present and lit,Fine without high winds,Dry,None,None,1,Yes,E01002350,2005
8425,200501KD50566,551990.0,183380.0,0.189729,51.528825,1,3,2,1,17/09/2005,7,17:20,15,E09000016,3,125,Single carriageway,30,Automatic traffic signal,5,0,None within 50 metres,No physical crossing within 50 meters,Daylight: Street light present,Fine without high winds,Dry,None,None,1,No,E01002374,2005
8426,200501KD50568,556050.0,186700.0,0.249682,51.557547,1,3,1,1,23/09/2005,6,18:30,15,E09000016,5,0,Single carriageway,30,None,-1,0,None within 50 metres,non-junction pedestrian crossing,Daylight: Street light present,Fine without high winds,Dry,None,None,1,Yes,E01002386,2005
8427,200501KD50569,554060.0,187080.0,0.221165,51.561508,1,3,2,1,19/09/2005,2,07:55,15,E09000016,3,124,Single carriageway,30,None,-1,0,None within 50 metres,No physical crossing within 50 meters,Daylight: Street light present,Fine without high winds,Dry,None,None,1,No,E01002361,2005
8428,200501KD50570,550470.0,183030.0,0.167683,51.526087,1,3,1,1,21/09/2005,4,11:52,15,E09000016,6,0,Single carriageway,30,None,-1,0,None within 50 metres,No physical crossing within 50 meters,Daylight: Street light present,Fine without high winds,Dry,None,None,1,Yes,E01002368,2005
8429,200501KD50571,553870.0,187190.0,0.218475,51.562548,1,3,1,1,10/09/2005,7,11:59,15,E09000016,3,124,Single carriageway,30,None,-1,0,None within 50 metres,Zebra crossing,Daylight: Street light present,Fine without high winds,Dry,None,None,1,Yes,E01002361,2005
8430,200501KD50572,551420.0,187850.0,0.18344,51.569141,1,3,2,1,22/09/2005,5,17:45,15,E09000016,3,125,Dual carriageway,40,None,-1,0,None within 50 metres,No physical crossing within 50 meters,Daylight: Street light present,Fine without high winds,Dry,None,None,1,Yes,E01002350,2005
8431,200501KD50573,551190.0,190380.0,0.181213,51.591935,1,3,2,1,11/09/2005,1,10:05,15,E09000016,3,12,Dual carriageway,50,None,-1,0,None within 50 metres,No physical crossing within 50 meters,Daylight: Street light present,Fine without high winds,Dry,None,None,1,Yes,E01002334,2005
8432,200501KD50574,550940.0,188810.0,0.176932,51.577895,1,3,1,1,19/09/2005,2,09:57,15,E09000016,3,118,Single carriageway,30,Giveway or uncontrolled,5,0,None within 50 metres,No physical crossing within 50 meters,Daylight: Street light present,Fine without high winds,Dry,None,None,1,Yes,E01002243,2005
8433,200501KD50575,555550.0,191680.0,0.24468,51.602429,1,3,2,1,17/09/2005,7,07:58,15,E09000016,3,12,Single carriageway,30,Automatic traffic signal,5,0,None within 50 metres,No physical crossing within 50 meters,Daylight: Street light present,Fine without high winds,Dry,None,None,1,Yes,E01002283,2005
8434,200501KD50576,556210.0,183500.0,0.250569,51.528752,1,3,2,3,20/09/2005,3,17:22,15,E09000016,5,0,Single carriageway,30,Giveway or uncontrolled,5,0,None within 50 metres,No physical crossing within 50 meters,Daylight: Street light present,Fine without high winds,Dry,None,None,2,Yes,E01002385,2005
8435,200501KD50577,550090.0,190490.0,0.165392,51.593217,1,3,2,1,20/09/2005,3,14:35,15,E09000016,4,174,Single carriageway,30,None,-1,0,None within 50 metres,No physical crossing within 50 meters,Daylight: Street light present,Fine without high winds,Dry,None,None,1,Yes,E01002327,2005
8436,200501KD50578,552010.0,182360.0,0.189577,51.519655,1,3,1,1,03/10/2005,2,10:50,15,E09000016,6,0,Roundabout,30,Giveway or uncontrolled,4,1335,None within 50 metres,No physical crossing within 50 meters,Daylight: Street light present,Fine without high winds,Dry,None,None,1,Yes,E01002345,2005
8437,200501KD50579,551530.0,187550.0,0.184897,51.566416,1,3,2,2,28/09/2005,4,22:22,15,E09000016,6,0,Single carriageway,30,Giveway or uncontrolled,6,0,None within 50 metres,No physical crossing within 50 meters,Darkness: Street lights present and lit,Raining without high winds,Wet/Damp,None,None,1,Yes,E01002249,2005
8438,200501KD50580,550880.0,190050.0,0.176599,51.589053,1,3,1,1,30/09/2005,6,11:40,15,E09000016,3,12,Single carriageway,30,None,-1,0,None within 50 metres,No physical crossing within 50 meters,Daylight: Street light present,Fine without high winds,Dry,None,None,1,Yes,E01002338,2005
8439,200501KD50581,552110.0,182730.0,0.191177,51.522952,1,3,3,1,18/09/2005,1,12:05,15,E09000016,3,125,Single carriageway,30,None,-1,0,None within 50 metres,No physical crossing within 50 meters,Daylight: Street light present,Fine without high winds,Dry,None,None,1,Yes,E01002370,2005
8440,200501KD50582,553090.0,191870.0,0.20927,51.604809,1,3,2,1,29/09/2005,5,13:13,15,E09000016,5,0,Single carriageway,30,Giveway or uncontrolled,5,0,None within 50 metres,No physical crossing within 50 meters,Daylight: Street light present,Fine without high winds,Dry,None,None,1,Yes,E01002311,2005
8441,200501KD50583,556090.0,183480.0,0.248832,51.528605,1,3,1,1,30/09/2005,6,08:45,15,E09000016,5,0,Single carriageway,30,None,-1,0,None within 50 metres,No physical crossing within 50 meters,Daylight: Street light present,Fine without high winds,Dry,None,None,2,Yes,E01002385,2005
8442,200501KD50584,551450.0,188170.0,0.184011,51.572008,1,3,2,3,25/09/2005,1,13:55,15,E09000016,5,0,Single carriageway,30,Automatic traffic signal,5,0,None within 50 metres,Pedestrian phase at traffic signal junction,Daylight: Street light present,Fine without high winds,Dry,None,None,1,No,E01002356,2005
8443,200501KD50585,551950.0,188190.0,0.191229,51.572053,1,3,2,1,24/09/2005,7,22:25,15,E09000016,5,0,Single carriageway,30,Giveway or uncontrolled,5,0,None within 50 metres,Zebra crossing,Darkness: Street lights present and lit,Fine without high winds,Dry,None,None,1,Yes,E01002351,2005
8444,200501KD50586,555120.0,192090.0,0.238657,51.606231,1,2,2,2,21/08/2005,1,20:00,15,E09000016,6,0,Single carriageway,30,Giveway or uncontrolled,6,0,None within 50 metres,No physical crossing within 50 meters,Daylight: Street light present,Fine without high winds,Dry,None,None,1,Yes,E01002277,2005
8445,200501KD50588,551210.0,188120.0,0.180529,51.571623,1,3,2,1,30/09/2005,6,08:05,15,E09000016,3,125,Single carriageway,30,Giveway or uncontrolled,3,125,None within 50 metres,No physical crossing within 50 meters,Daylight: Street light present,Fine without high winds,Dry,None,None,1,Yes,E01002249,2005
8446,200501KD50589,552940.0,190040.0,0.206308,51.588408,1,3,2,1,03/10/2005,2,16:30,15,E09000016,3,118,Single carriageway,30,None,-1,0,None within 50 metres,No physical crossing within 50 meters,Daylight: Street light present,Fine without high winds,Dry,None,None,1,Yes,E01002376,2005
8447,200501KD50590,551270.0,193040.0,0.183513,51.615813,1,3,2,1,05/10/2005,4,16:40,15,E09000016,4,175,One way street,30,Giveway or uncontrolled,5,0,None within 50 metres,No physical crossing within 50 meters,Daylight: Street light present,Fine without high winds,Dry,None,None,1,Yes,E01002304,2005
8448,200501KD50591,550010.0,191400.0,0.164627,51.601415,1,3,2,1,29/08/2005,2,12:28,15,E09000016,6,0,Single carriageway,30,Giveway or uncontrolled,6,0,None within 50 metres,No physical crossing within 50 meters,Daylight: Street light present,Fine without high winds,Dry,None,None,1,Yes,E01002302,2005
8449,200501KD50592,554140.0,186140.0,0.221907,51.55304,1,3,2,1,01/10/2005,7,21:59,15,E09000016,6,0,Single carriageway,30,Giveway or uncontrolled,6,0,None within 50 metres,No physical crossing within 50 meters,Darkness: Street lights present and lit,Fine without high winds,Dry,None,None,1,Yes,E01002290,2005
8450,200501KD50593,553480.0,187200.0,0.212857,51.562744,1,2,2,1,05/10/2005,4,18:37,15,E09000016,3,124,Single carriageway,30,Giveway or uncontrolled,3,124,None within 50 metres,No physical crossing within 50 meters,Daylight: Street light present,Fine without high winds,Dry,None,None,1,Yes,E01002361,2005
8451,200501KD50594,557210.0,183950.0,0.265174,51.532518,1,3,3,4,04/10/2005,3,07:52,15,E09000016,5,0,Single carriageway,60,Giveway or uncontrolled,6,0,None within 50 metres,No physical crossing within 50 meters,Daylight: Street light present,Fine without high winds,Dry,None,None,2,Yes,E01002385,2005
8452,200501KD50597,555450.0,191600.0,0.243202,51.601737,1,3,2,2,06/10/2005,5,10:22,15,E09000016,3,12,Dual carriageway,50,Giveway or uncontrolled,6,0,None within 50 metres,No physical crossing within 50 meters,Daylight: Street light present,Fine without high winds,Dry,None,None,1,Yes,E01002298,2005
8453,200501KD50598,555640.0,193580.0,0.246821,51.619474,1,3,2,2,07/10/2005,6,09:00,15,E09000016,1,25,Dual carriageway,70,None,-1,0,None within 50 metres,No physical crossing within 50 meters,Daylight: Street light present,Fine without high winds,Dry,None,None,2,Yes,E01002276,2005
8454,200501KD50599,552070.0,182230.0,0.190385,51.51847,1,2,1,1,06/10/2005,5,15:50,15,E09000016,4,1335,Single carriageway,30,Giveway or uncontrolled,4,1335,None within 50 metres,No physical crossing within 50 meters,Daylight: Street light present,Fine without high winds,Dry,None,None,1,Yes,E01002345,2005
8455,200501KD50600,552260.0,188350.0,0.195768,51.573407,1,3,1,2,08/10/2005,7,20:08,15,E09000016,5,0,Single carriageway,30,Giveway or uncontrolled,6,0,None within 50 metres,No physical crossing within 50 meters,Darkness: Street lights present and lit,Fine without high winds,Dry,None,None,1,Yes,E01002352,2005
8456,200501KD50601,553140.0,187270.0,0.207986,51.563465,1,3,1,1,25/10/2005,3,23:27,15,E09000016,3,124,Single carriageway,30,Giveway or uncontrolled,6,0,None within 50 metres,No physical crossing within 50 meters,Darkness: Street lights present and lit,Fine without high winds,Dry,None,None,1,Yes,E01002321,2005
8457,200501KD50603,553430.0,190480.0,0.213568,51.592228,1,3,2,1,08/10/2005,7,18:56,15,E09000016,3,127,Single carriageway,30,None,-1,0,None within 50 metres,non-junction pedestrian crossing,Daylight: Street light present,Fine without high winds,Dry,None,None,1,Yes,E01002293,2005
8458,200501KD50604,555990.0,185280.0,0.248188,51.544805,1,2,1,1,10/10/2005,2,17:56,15,E09000016,4,1421,Single carriageway,30,None,-1,0,None within 50 metres,No physical crossing within 50 meters,Daylight: Street light present,Fine without high winds,Dry,None,None,1,Yes,E01002388,2005
8459,200501KD50605,550550.0,188410.0,0.171137,51.574405,1,3,2,3,09/10/2005,1,16:33,15,E09000016,3,118,Single carriageway,30,Giveway or uncontrolled,6,0,None within 50 metres,No physical crossing within 50 meters,Darkness: Street lights present and lit,Fine without high winds,Dry,None,None,1,Yes,E01002356,2005
8460,200501KD50607,553510.0,190570.0,0.214761,51.593015,1,3,4,1,15/10/2005,7,12:43,15,E09000016,3,12,Dual carriageway,50,None,-1,0,None within 50 metres,No physical crossing within 50 meters,Daylight: Street light present,Fine without high winds,Dry,None,None,1,Yes,E01002293,2005
8461,200501KD50608,552930.0,188580.0,0.205529,51.575293,1,3,2,1,15/10/2005,7,13:25,15,E09000016,5,0,Single carriageway,30,Giveway or uncontrolled,6,0,None within 50 metres,No physical crossing within 50 meters,Daylight: Street light present,Fine without high winds,Dry,None,None,1,Yes,E01002382,2005
8462,200501KD50609,553780.0,191170.0,0.218919,51.598332,1,3,2,1,11/10/2005,3,10:25,15,E09000016,6,0,Single carriageway,30,Giveway or uncontrolled,6,0,None within 50 metres,No physical crossing within 50 meters,Daylight: Street light present,Fine without high winds,Dry,None,None,1,Yes,E01002316,2005
8463,200501KD50610,553390.0,190540.0,0.213017,51.592778,1,3,2,1,11/10/2005,3,07:23,15,E09000016,3,12,Roundabout,30,Giveway or uncontrolled,3,12,None within 50 metres,No physical crossing within 50 meters,Daylight: Street light present,Fine without high winds,Dry,None,None,1,Yes,E01002310,2005
8464,200501KD50611,549540.0,191580.0,0.157922,51.603157,1,3,2,1,13/10/2005,5,22:05,15,E09000016,6,0,Single carriageway,30,Giveway or uncontrolled,6,0,None within 50 metres,No physical crossing within 50 meters,Darkness: Street lights present and lit,Fine without high winds,Dry,None,None,1,Yes,E01002308,2005
8465,200501KD50612,553620.0,190630.0,0.216374,51.593524,1,3,1,1,11/10/2005,3,12:00,15,E09000016,3,12,Single carriageway,30,Giveway or uncontrolled,6,0,None within 50 metres,No physical crossing within 50 meters,Daylight: Street light present,Fine without high winds,Dry,None,None,1,Yes,E01002293,2005
8466,200501KD50613,553120.0,189250.0,0.20856,51.581261,1,3,2,3,15/10/2005,7,20:15,15,E09000016,5,0,Single carriageway,30,Giveway or uncontrolled,5,0,None within 50 metres,No physical crossing within 50 meters,Darkness: Street lights present and lit,Raining without high winds,Wet/Damp,None,None,1,No,E01002379,2005
8467,200501KD50614,549620.0,191550.0,0.159064,51.602866,1,3,2,1,15/10/2005,7,13:10,15,E09000016,6,0,Single carriageway,30,Giveway or uncontrolled,6,0,None within 50 metres,No physical crossing within 50 meters,Daylight: Street light present,Fine without high winds,Dry,None,None,1,No,E01002302,2005
8468,200501KD50615,553930.0,187890.0,0.219646,51.568821,1,3,2,1,03/10/2005,2,07:55,15,E09000016,5,0,Single carriageway,30,None,-1,0,None within 50 metres,No physical crossing within 50 meters,Daylight: Street light present,Fine without high winds,Dry,None,None,1,No,E01002274,2005
8469,200501KD50616,551240.0,190410.0,0.181947,51.592191,1,3,2,2,19/10/2005,4,18:52,15,E09000016,5,0,Dual carriageway,50,Automatic traffic signal,3,12,None within 50 metres,Pedestrian phase at traffic signal junction,Darkness: Street lights present and lit,Raining without high winds,Wet/Damp,None,None,1,Yes,E01002334,2005
8470,200501KD50617,554010.0,192300.0,0.222733,51.608422,1,3,2,1,19/10/2005,4,08:46,15,E09000016,5,0,Roundabout,30,Giveway or uncontrolled,5,0,None within 50 metres,Zebra crossing,Daylight: Street light present,Fine without high winds,Wet/Damp,None,None,1,Yes,E01002278,2005
8471,200501KD50618,554250.0,189940.0,0.225159,51.587152,1,3,1,1,17/10/2005,2,10:25,15,E09000016,5,0,Single carriageway,30,None,-1,0,None within 50 metres,No physical crossing within 50 meters,Daylight: Street light present,Fine without high winds,Dry,None,None,1,Yes,E01002268,2005
8472,200501KD50619,552860.0,185250.0,0.203072,51.545392,1,3,3,2,05/10/2005,4,18:30,15,E09000016,5,0,Single carriageway,30,Giveway or uncontrolled,5,0,None within 50 metres,No physical crossing within 50 meters,Daylight: Street light present,Fine without high winds,Dry,None,None,1,No,E01002265,2005
8473,200501KD50620,555060.0,191800.0,0.237663,51.603642,1,3,1,1,20/10/2005,5,20:40,15,E09000016,5,0,Single carriageway,30,Giveway or uncontrolled,6,0,None within 50 metres,No physical crossing within 50 meters,Darkness: Street lights present and lit,Fine without high winds,Dry,None,None,1,Yes,E01002283,2005
8474,200501KD50621,556500.0,188120.0,0.2568,51.570181,1,3,2,1,13/10/2005,5,13:27,15,E09000016,5,0,Roundabout,30,Giveway or uncontrolled,6,0,None within 50 metres,No physical crossing within 50 meters,Daylight: Street light present,Fine without high winds,Dry,None,None,1,Yes,E01002253,2005
8475,200501KD50622,553610.0,188430.0,0.215268,51.57376,1,3,2,2,20/10/2005,5,12:15,15,E09000016,5,0,Single carriageway,30,Giveway or uncontrolled,6,0,None within 50 metres,No physical crossing within 50 meters,Daylight: Street light present,Raining without high winds,Wet/Damp,None,None,1,No,E01002274,2005
8476,200501KD50623,550620.0,189740.0,0.172716,51.586337,1,3,2,1,13/10/2005,5,13:26,15,E09000016,3,125,Single carriageway,30,Giveway or uncontrolled,3,12,None within 50 metres,No physical crossing within 50 meters,Daylight: Street light present,Raining without high winds,Wet/Damp,None,None,1,Yes,E01002340,2005
8477,200501KD50624,554150.0,189890.0,0.223695,51.586731,1,3,2,1,24/10/2005,2,21:04,15,E09000016,6,0,Single carriageway,30,Automatic traffic signal,3,127,None within 50 metres,No physical crossing within 50 meters,Darkness: Street lights present and lit,Fine without high winds,Dry,None,None,1,Yes,E01002377,2005
8478,200501KD50625,552150.0,190770.0,0.19523,51.59518,1,3,3,3,23/10/2005,1,14:00,15,E09000016,3,12,Dual carriageway,50,None,-1,0,None within 50 metres,No physical crossing within 50 meters,Daylight: Street light present,Fine without high winds,Dry,None,Any animal (except a ridden horse),2,Yes,E01002311,2005
8479,200501KD50626,554710.0,191020.0,0.23227,51.59673,1,3,2,1,25/10/2005,3,06:20,15,E09000016,5,0,Single carriageway,30,Giveway or uncontrolled,6,0,None within 50 metres,No physical crossing within 50 meters,Daylight: Street light present,Fine without high winds,Dry,None,None,1,Yes,E01002300,2005
8480,200501KD50627,554260.0,180270.0,0.221067,51.500267,1,2,2,4,27/10/2005,5,15:30,15,E09000016,3,13,Dual carriageway,70,None,-1,0,None within 50 metres,No physical crossing within 50 meters,Daylight: Street light present,Fine without high winds,Dry,None,None,2,Yes,E01002344,2005
8481,200501KD50628,555550.0,191680.0,0.24468,51.602429,1,2,2,1,24/10/2005,2,16:18,15,E09000016,5,0,Dual carriageway,50,Automatic traffic signal,3,12,None within 50 metres,Pedestrian phase at traffic signal junction,Daylight: Street light present,Raining without high winds,Wet/Damp,None,None,1,Yes,E01002283,2005
8482,200501KD50629,558640.0,188020.0,0.287608,51.568685,1,2,2,2,31/10/2005,2,10:15,15,E09000016,1,25,Dual carriageway,70,None,-1,0,None within 50 metres,No physical crossing within 50 meters,Daylight: Street light present,Fine without high winds,Dry,None,None,2,Yes,E01002252,2005
8483,200501KD50631,552080.0,181350.0,0.19015,51.510561,1,3,2,2,20/10/2005,5,09:17,15,E09000016,3,13,Dual carriageway,70,None,-1,0,None within 50 metres,No physical crossing within 50 meters,Daylight: Street light present,Fine without high winds,Dry,None,None,2,Yes,E01002344,2005
8484,200501KD50632,551980.0,189530.0,0.192241,51.584085,1,3,1,2,19/10/2005,4,19:45,15,E09000016,3,118,Single carriageway,30,Giveway or uncontrolled,6,0,None within 50 metres,Zebra crossing,Darkness: Street lights present and lit,Fine without high winds,Dry,None,None,1,Yes,E01002354,2005
8485,200501KD50633,556810.0,192410.0,0.263185,51.608638,1,3,2,1,25/10/2005,3,22:05,15,E09000016,3,12,Roundabout,30,Giveway or uncontrolled,3,12,None within 50 metres,No physical crossing within 50 meters,Darkness: Street lights present and lit,Fine without high winds,Dry,None,None,2,Yes,E01002296,2005
8486,200501KD50634,556020.0,185250.0,0.248607,51.544528,1,3,2,2,19/10/2005,4,19:50,15,E09000016,4,1421,Single carriageway,30,Giveway or uncontrolled,6,0,None within 50 metres,No physical crossing within 50 meters,Daylight: Street light present,Fine without high winds,Dry,None,None,1,Yes,E01002388,2005
8487,200501KD50635,553420.0,190540.0,0.21345,51.59277,1,3,2,1,21/10/2005,6,15:00,15,E09000016,3,12,Single carriageway,30,Giveway or uncontrolled,3,12,None within 50 metres,No physical crossing within 50 meters,Daylight: Street light present,Fine without high winds,Dry,None,None,1,Yes,E01002310,2005
8488,200501KD50636,555140.0,189210.0,0.237673,51.580349,1,3,2,1,22/10/2005,7,21:21,15,E09000016,3,127,Dual carriageway,50,Giveway or uncontrolled,6,0,None within 50 metres,No physical crossing within 50 meters,Darkness: Street lights present and lit,Fine without high winds,Dry,None,None,1,Yes,E01002269,2005
8489,200501KD50637,552930.0,192390.0,0.207188,51.609525,1,3,2,1,28/10/2005,6,10:03,15,E09000016,5,0,Single carriageway,30,Giveway or uncontrolled,5,0,None within 50 metres,No physical crossing within 50 meters,Daylight: Street light present,Fine without high winds,Dry,None,None,2,Yes,E01002313,2005
8490,200501KD50638,550910.0,182200.0,0.173666,51.518512,1,3,2,1,28/10/2005,6,22:20,15,E09000016,3,13,Dual carriageway,70,None,-1,0,None within 50 metres,No physical crossing within 50 meters,Darkness: Street lights present and lit,Fine without high winds,Dry,None,None,2,Yes,E01002368,2005
8491,200501KD50639,553850.0,190750.0,0.219745,51.594539,1,3,4,1,29/10/2005,7,09:05,15,E09000016,3,12,Dual carriageway,40,None,-1,0,None within 50 metres,No physical crossing within 50 meters,Daylight: Street light present,Fine without high winds,Dry,None,None,1,Yes,E01002293,2005
8492,200501KD50640,552390.0,185530.0,0.196421,51.548035,1,3,1,1,31/10/2005,2,18:30,15,E09000016,6,0,Single carriageway,30,None,-1,0,None within 50 metres,No physical crossing within 50 meters,Darkness: Street lights present and lit,Fine without high winds,Dry,None,None,1,Yes,E01002261,2005
8493,200501KD50641,553950.0,191350.0,0.22145,51.599903,1,3,2,1,31/10/2005,2,05:34,15,E09000016,6,0,Single carriageway,30,Giveway or uncontrolled,6,0,None within 50 metres,No physical crossing within 50 meters,Darkness: Street lights present and lit,Raining without high winds,Wet/Damp,None,None,1,Yes,E01002297,2005
8494,200501KD50642,548400.0,188080.0,0.139995,51.57201,1,2,2,1,29/10/2005,7,14:25,16,E09000002,6,0,Single carriageway,30,Giveway or uncontrolled,3,118,None within 50 metres,No physical crossing within 50 meters,Daylight: Street light present,Fine without high winds,Dry,None,None,1,No,E01000112,2005
8495,200501KD50643,550970.0,188610.0,0.177279,51.57609,1,3,2,2,30/10/2005,1,23:25,15,E09000016,3,125,Roundabout,30,Giveway or uncontrolled,3,118,None within 50 metres,No physical crossing within 50 meters,Darkness: Street lights present and lit,Fine without high winds,Dry,None,None,1,Yes,E01002356,2005
8496,200501KD50644,548820.0,190750.0,0.147182,51.59589,1,3,1,1,02/11/2005,4,22:30,16,E09000002,5,0,Single carriageway,30,None,-1,0,None within 50 metres,No physical crossing within 50 meters,Darkness: Street lights present and lit,Fine without high winds,Dry,None,None,1,No,E01000027,2005
8497,200501KD50645,551630.0,190030.0,0.187409,51.588672,1,3,2,1,06/11/2005,1,00:30,15,E09000016,6,0,Single carriageway,30,None,-1,0,None within 50 metres,No physical crossing within 50 meters,Darkness: Street lights present and lit,Raining without high winds,Wet/Damp,None,None,1,No,E01002339,2005
8498,200501KD50646,551350.0,190110.0,0.183404,51.589466,1,3,2,2,03/11/2005,5,17:00,15,E09000016,5,0,Single carriageway,30,Giveway or uncontrolled,6,0,None within 50 metres,No physical crossing within 50 meters,Darkness: Street lights present and lit,Fine without high winds,Dry,None,None,1,Yes,E01002339,2005
8499,200501KD50648,553400.0,186400.0,0.211355,51.555578,1,3,2,1,31/10/2005,2,08:10,15,E09000016,5,0,Single carriageway,30,Giveway or uncontrolled,6,0,None within 50 metres,No physical crossing within 50 meters,Daylight: Street light present,Fine without high winds,Dry,None,None,1,Yes,E01002363,2005
8500,200501KD50649,555550.0,186680.0,0.242467,51.557505,1,3,2,1,13/11/2005,1,18:15,15,E09000016,3,124,Single carriageway,30,Giveway or uncontrolled,6,0,None within 50 metres,No physical crossing within 50 meters,Darkness: Street lights present and lit,Fine without high winds,Dry,None,None,1,Yes,E01002386,2005
8501,200501KD50650,551170.0,190380.0,0.180924,51.59194,1,3,2,1,12/10/2005,4,14:45,15,E09000016,3,12,Dual carriageway,50,Automatic traffic signal,6,0,None within 50 metres,No physical crossing within 50 meters,Daylight: Street light present,Raining without high winds,Wet/Damp,None,None,1,No,E01002334,2005
8502,200501KD50651,553120.0,189250.0,0.20856,51.581261,1,3,2,1,12/11/2005,7,20:24,15,E09000016,5,0,Single carriageway,30,Giveway or uncontrolled,5,0,None within 50 metres,No physical crossing within 50 meters,Darkness: Street lights present and lit,Fine without high winds,Dry,None,None,1,Yes,E01002379,2005
8503,200501KD50652,553830.0,190730.0,0.219447,51.594365,1,3,4,2,04/11/2005,6,09:09,15,E09000016,3,12,Dual carriageway,50,Automatic traffic signal,6,0,None within 50 metres,Pedestrian phase at traffic signal junction,Daylight: Street light present,Fine without high winds,Dry,None,None,1,Yes,E01002293,2005
8504,200501KD50653,553460.0,190550.0,0.214031,51.592849,1,3,3,1,12/11/2005,7,13:45,15,E09000016,3,12,Dual carriageway,30,None,-1,0,None within 50 metres,non-junction pedestrian crossing,Daylight: Street light present,Fine without high winds,Dry,None,None,1,No,E01002293,2005
8505,200501KD50654,555060.0,186830.0,0.23547,51.558988,1,3,1,1,10/11/2005,5,17:48,15,E09000016,3,124,Single carriageway,30,Giveway or uncontrolled,6,0,None within 50 metres,non-junction pedestrian crossing,Darkness: Street lights present and lit,Fine without high winds,Dry,None,None,1,Yes,E01002362,2005
8506,200501KD50656,549440.0,188300.0,0.155084,51.573712,1,3,1,1,11/11/2005,6,15:57,15,E09000016,6,0,Single carriageway,30,Giveway or uncontrolled,3,118,None within 50 metres,No physical crossing within 50 meters,Daylight: Street light present,Fine without high winds,Dry,None,None,1,Yes,E01002250,2005
8507,200501KD50658,549960.0,189590.0,0.163133,51.585165,1,3,3,1,13/11/2005,1,12:00,15,E09000016,5,0,Single carriageway,30,None,-1,0,None within 50 metres,No physical crossing within 50 meters,Daylight: Street light present,Fine without high winds,Dry,None,None,1,No,E01002329,2005
8508,200501KD50659,551480.0,188140.0,0.18443,51.57173,1,3,2,1,12/11/2005,7,10:40,15,E09000016,5,0,Single carriageway,30,Automatic traffic signal,5,0,None within 50 metres,Pedestrian phase at traffic signal junction,Daylight: Street light present,Fine without high winds,Dry,None,None,1,No,E01002350,2005
8509,200501KD50660,550950.0,189150.0,0.177222,51.580947,1,3,2,1,15/11/2005,3,16:55,15,E09000016,3,125,Single carriageway,30,None,-1,0,None within 50 metres,No physical crossing within 50 meters,Darkness: Street lights present and lit,Fine without high winds,Dry,None,None,1,No,E01002243,2005
8510,200501KD50662,550660.0,189560.0,0.173216,51.584709,1,3,2,2,29/10/2005,7,20:30,15,E09000016,3,125,Single carriageway,30,Giveway or uncontrolled,6,0,None within 50 metres,No physical crossing within 50 meters,Darkness: Street lights present and lit,Fine without high winds,Wet/Damp,None,None,1,Yes,E01002245,2005
8511,200501KD50663,554310.0,191770.0,0.226829,51.603578,1,3,2,1,04/11/2005,6,13:04,15,E09000016,6,0,Single carriageway,30,Giveway or uncontrolled,6,0,None within 50 metres,No physical crossing within 50 meters,Daylight: Street light present,Fine without high winds,Dry,None,None,1,Yes,E01002299,2005
8512,200501KD50664,550300.0,182440.0,0.164983,51.520831,1,3,1,1,06/11/2005,1,06:25,15,E09000016,3,13,Dual carriageway,70,None,-1,0,None within 50 metres,No physical crossing within 50 meters,Daylight: Street light present,Fine without high winds,Dry,None,None,1,Yes,E01002368,2005
8513,200501KD50665,551440.0,188740.0,0.184112,51.577132,1,3,2,2,14/11/2005,2,08:56,15,E09000016,5,0,Single carriageway,30,None,-1,0,None within 50 metres,No physical crossing within 50 meters,Daylight: Street light present,Fine without high winds,Dry,None,None,1,No,E01002357,2005
8514,200501KD50666,553400.0,191960.0,0.213782,51.605534,1,3,2,1,18/11/2005,6,06:55,15,E09000016,5,0,Single carriageway,30,None,-1,0,None within 50 metres,No physical crossing within 50 meters,Daylight: Street light present,Fine without high winds,Dry,None,None,1,No,E01002314,2005
8515,200501KD50667,552740.0,186320.0,0.201807,51.555038,1,3,2,1,20/11/2005,1,12:45,15,E09000016,6,0,Single carriageway,30,None,-1,0,None within 50 metres,No physical crossing within 50 meters,Daylight: Street light present,Fine without high winds,Dry,None,None,1,No,E01002365,2005
8516,200501KD50670,550540.0,182300.0,0.16838,51.519509,1,3,2,1,13/11/2005,1,08:15,15,E09000016,3,13,Roundabout,30,Giveway or uncontrolled,3,13,None within 50 metres,No physical crossing within 50 meters,Daylight: Street light present,Fine without high winds,Dry,None,None,1,No,E01002370,2005
8517,200501KD50671,553070.0,187300.0,0.20699,51.563754,1,3,3,1,13/11/2005,1,14:40,15,E09000016,3,124,Single carriageway,30,Giveway or uncontrolled,6,0,None within 50 metres,No physical crossing within 50 meters,Daylight: Street light present,Fine without high winds,Dry,None,None,1,Yes,E01002321,2005
8518,200501KD50672,556860.0,192380.0,0.263893,51.608355,1,3,2,1,06/10/2005,5,16:15,15,E09000016,1,25,Roundabout,30,Giveway or uncontrolled,3,12,None within 50 metres,No physical crossing within 50 meters,Daylight: Street light present,Fine without high winds,Dry,None,None,2,No,E01002296,2005
8519,200501KD50673,553810.0,188570.0,0.218213,51.574963,1,3,2,1,01/11/2005,3,09:10,15,E09000016,5,0,Single carriageway,30,Giveway or uncontrolled,6,0,None within 50 metres,No physical crossing within 50 meters,Daylight: Street light present,Fine without high winds,Dry,None,None,1,Yes,E01002381,2005
8520,200501KD50674,553100.0,186160.0,0.206927,51.553503,1,3,3,1,03/11/2005,5,16:55,15,E09000016,5,0,Single carriageway,30,Giveway or uncontrolled,5,0,None within 50 metres,No physical crossing within 50 meters,Darkness: Street lights present and lit,Other,Wet/Damp,None,None,1,Yes,E01002366,2005
8521,200501KD50676,554460.0,189690.0,0.228078,51.584849,1,3,2,3,24/10/2005,2,12:10,15,E09000016,3,127,Dual carriageway,50,Stop Sign,6,0,None within 50 metres,No physical crossing within 50 meters,Daylight: Street light present,Fine without high winds,Dry,None,None,1,Yes,E01002378,2005
8522,200501KD50677,551830.0,187040.0,0.189002,51.561753,1,3,3,2,06/11/2005,1,12:37,15,E09000016,3,125,Single carriageway,30,Giveway or uncontrolled,6,0,None within 50 metres,No physical crossing within 50 meters,Daylight: Street light present,Raining without high winds,Wet/Damp,None,None,1,Yes,E01002319,2005
8523,200501KD50678,550620.0,189770.0,0.172729,51.586606,1,3,2,2,13/11/2005,1,00:05,15,E09000016,3,12,Dual carriageway,50,Automatic traffic signal,4,174,None within 50 metres,Pedestrian phase at traffic signal junction,Darkness: Street lights present and lit,Fine without high winds,Dry,None,None,1,Yes,E01002338,2005
8524,200501KD50679,552180.0,188290.0,0.194588,51.57289,1,3,2,2,13/11/2005,1,12:39,15,E09000016,5,0,Single carriageway,30,Giveway or uncontrolled,6,0,None within 50 metres,No physical crossing within 50 meters,Daylight: Street light present,Fine without high winds,Dry,None,None,1,Yes,E01002352,2005
8525,200501KD50680,552630.0,185570.0,0.199897,51.548329,1,3,2,1,15/11/2005,3,19:07,15,E09000016,6,0,Roundabout,30,Giveway or uncontrolled,6,0,None within 50 metres,non-junction pedestrian crossing,Darkness: Street lights present and lit,Fine without high winds,Dry,None,None,1,Yes,E01002262,2005
8526,200501KD50682,553140.0,182480.0,0.205903,51.520428,1,3,2,1,17/11/2005,5,22:26,15,E09000016,5,0,Single carriageway,30,Automatic traffic signal,3,1306,None within 50 metres,Pedestrian phase at traffic signal junction,Darkness: Street lights present and lit,Fine without high winds,Dry,None,None,1,Yes,E01002344,2005
8527,200501KD50683,556880.0,192370.0,0.264177,51.608259,1,3,2,1,21/11/2005,2,11:30,15,E09000016,1,25,Roundabout,50,Giveway or uncontrolled,3,12,None within 50 metres,No physical crossing within 50 meters,Daylight: Street light present,Fine without high winds,Dry,None,None,2,Yes,E01002296,2005
8528,200501KD50684,552070.0,185380.0,0.191744,51.546773,1,3,2,1,20/11/2005,1,08:21,15,E09000016,6,0,Single carriageway,30,Giveway or uncontrolled,6,0,None within 50 metres,No physical crossing within 50 meters,Daylight: Street light present,Fog or mist,Dry,None,None,1,Yes,E01002262,2005
8529,200501KD50685,550940.0,188850.0,0.176949,51.578254,1,3,1,1,20/11/2005,1,13:53,15,E09000016,3,118,Dual carriageway,30,Giveway or uncontrolled,3,118,None within 50 metres,No physical crossing within 50 meters,Daylight: Street light present,Fine without high winds,Dry,None,None,1,Yes,E01002243,2005
8530,200501KD50686,556270.0,183570.0,0.251464,51.529364,1,3,2,2,19/11/2005,7,14:40,15,E09000016,6,0,Single carriageway,30,None,-1,0,None within 50 metres,No physical crossing within 50 meters,Daylight: Street light present,Fine without high winds,Wet/Damp,None,None,2,Yes,E01002385,2005
8531,200501KD50687,558480.0,188340.0,0.285445,51.571605,1,3,3,2,13/10/2005,5,06:50,15,E09000016,1,25,Roundabout,70,Giveway or uncontrolled,3,127,None within 50 metres,No physical crossing within 50 meters,Daylight: Street light present,Fine without high winds,Dry,None,None,2,No,E01002252,2005
8532,200501KD50688,554720.0,184010.0,0.22933,51.533744,1,3,2,1,22/11/2005,3,15:43,15,E09000016,5,0,Single carriageway,30,Giveway or uncontrolled,6,0,None within 50 metres,No physical crossing within 50 meters,Daylight: Street light present,Raining without high winds,Wet/Damp,None,None,2,Yes,E01002348,2005
8533,200501KD50689,557130.0,187960.0,0.265812,51.568568,1,3,1,1,22/11/2005,3,16:49,15,E09000016,6,0,Single carriageway,30,Giveway or uncontrolled,6,0,None within 50 metres,No physical crossing within 50 meters,Darkness: Street lights present and lit,Fine without high winds,Dry,None,None,1,Yes,E01002258,2005
8534,200501KD50690,558550.0,188200.0,0.286391,51.570327,1,3,3,1,22/11/2005,3,18:25,15,E09000016,1,25,Dual carriageway,70,Giveway or uncontrolled,6,0,None within 50 metres,No physical crossing within 50 meters,Darkness: Street lights present and lit,Fine without high winds,Wet/Damp,None,None,2,Yes,E01002252,2005
8535,200501KD50692,549420.0,190790.0,0.155855,51.59609,1,3,1,1,22/10/2005,7,01:20,15,E09000016,5,0,Single carriageway,30,None,-1,0,None within 50 metres,No physical crossing within 50 meters,Darkness: Street lights present and lit,Fine without high winds,Dry,None,None,1,Yes,E01002325,2005
8536,200501KD50693,553320.0,190540.0,0.212008,51.592797,1,2,1,1,14/11/2005,2,17:33,15,E09000016,3,12,Dual carriageway,40,Automatic traffic signal,3,12,None within 50 metres,Pedestrian phase at traffic signal junction,Darkness: Street lights present and lit,Fine without high winds,Dry,None,None,2,Yes,E01002311,2005
8537,200501KD50694,549970.0,190940.0,0.163853,51.597292,1,3,2,1,01/11/2005,3,18:15,15,E09000016,4,174,Single carriageway,30,Giveway or uncontrolled,6,0,None within 50 metres,No physical crossing within 50 meters,Darkness: Street lights present and lit,Fine without high winds,Dry,None,None,1,Yes,E01002326,2005
8538,200501KD50695,556410.0,189020.0,0.255903,51.578292,1,3,2,1,14/11/2005,2,08:35,15,E09000016,6,0,Dual carriageway,50,Giveway or uncontrolled,3,127,None within 50 metres,No physical crossing within 50 meters,Daylight: Street light present,Fine without high winds,Dry,None,None,2,Yes,E01002296,2005
8539,200501KD50697,550120.0,188400.0,0.164932,51.57443,1,3,3,1,15/11/2005,3,19:20,15,E09000016,3,118,Single carriageway,30,Giveway or uncontrolled,6,0,None within 50 metres,non-junction pedestrian crossing,Darkness: Street lights present and lit,Fine without high winds,Wet/Damp,None,None,1,Yes,E01002247,2005
8540,200501KD50698,548550.0,183510.0,0.140229,51.530908,1,3,2,1,18/11/2005,6,07:10,16,E09000002,3,13,Roundabout,50,Giveway or uncontrolled,3,1306,None within 50 metres,No physical crossing within 50 meters,Daylight: Street light present,Fine without high winds,Dry,None,None,1,No,E01000053,2005
8541,200501KD50699,553100.0,188900.0,0.208119,51.578122,1,3,2,1,20/11/2005,1,15:13,15,E09000016,5,0,Roundabout,30,Giveway or uncontrolled,5,0,None within 50 metres,No physical crossing within 50 meters,Daylight: Street light present,Fine without high winds,Dry,None,None,1,Yes,E01002381,2005
8542,200501KD50700,558150.0,189110.0,0.281034,51.578615,1,3,2,1,15/11/2005,3,10:35,15,E09000016,1,25,Dual carriageway,70,None,-1,0,None within 50 metres,No physical crossing within 50 meters,Daylight: Street light present,Raining without high winds,Wet/Damp,None,None,2,Yes,E01002259,2005
8543,200501KD50701,558610.0,188090.0,0.287207,51.569322,1,3,8,6,27/11/2005,1,17:25,15,E09000016,1,25,Dual carriageway,70,None,-1,0,None within 50 metres,No physical crossing within 50 meters,Darkness: Street lights present and lit,Fine without high winds,Wet/Damp,None,None,2,Yes,E01002252,2005
8544,200501KD50702,558170.0,189120.0,0.281327,51.578699,1,3,2,1,17/11/2005,5,09:14,15,E09000016,1,25,Dual carriageway,70,None,-1,0,None within 50 metres,No physical crossing within 50 meters,Daylight: Street light present,Fine without high winds,Dry,None,None,2,Yes,E01002259,2005
8545,200501KD50703,556480.0,192760.0,0.258579,51.611874,1,3,2,1,23/11/2005,4,16:50,15,E09000016,1,25,One way street,70,Giveway or uncontrolled,6,0,None within 50 metres,No physical crossing within 50 meters,Darkness: Street lights present and lit,Fine without high winds,Dry,None,None,2,Yes,E01002277,2005
8546,200501KD50704,551430.0,188390.0,0.183817,51.57399,1,3,1,1,19/11/2005,7,20:14,15,E09000016,5,0,Single carriageway,30,Giveway or uncontrolled,5,0,None within 50 metres,No physical crossing within 50 meters,Darkness: Street lights present and lit,Fine without high winds,Wet/Damp,None,None,1,Yes,E01002356,2005
8547,200501KD50705,553840.0,188770.0,0.218733,51.576752,1,3,2,1,26/11/2005,7,17:50,15,E09000016,5,0,Single carriageway,30,None,-1,0,None within 50 metres,No physical crossing within 50 meters,Darkness: Street lights present and lit,Fine without high winds,Wet/Damp,None,None,1,Yes,E01002381,2005
8548,200501KD50708,553780.0,191490.0,0.219059,51.601207,1,3,2,1,07/12/2005,4,08:00,15,E09000016,6,0,Single carriageway,30,None,-1,0,None within 50 metres,No physical crossing within 50 meters,Daylight: Street light present,Fine without high winds,Frost/Ice,None,None,1,Yes,E01002316,2005
8549,200501KD50709,550550.0,191050.0,0.172268,51.598126,1,3,2,1,20/11/2005,1,19:06,15,E09000016,6,0,Single carriageway,30,None,-1,0,None within 50 metres,No physical crossing within 50 meters,Darkness: Street lights present and lit,Fine without high winds,Frost/Ice,None,None,1,Yes,E01002332,2005
8550,200501KD50711,558300.0,188750.0,0.283035,51.575339,1,3,2,1,17/11/2005,5,08:45,15,E09000016,1,25,One way street,70,Giveway or uncontrolled,6,0,None within 50 metres,No physical crossing within 50 meters,Daylight: Street light present,Fine without high winds,Dry,None,None,2,Yes,E01002259,2005
8551,200501KD50712,550170.0,190200.0,0.166422,51.59059,1,3,2,1,22/11/2005,3,09:50,15,E09000016,4,174,Single carriageway,30,Giveway or uncontrolled,6,0,None within 50 metres,No physical crossing within 50 meters,Daylight: Street light present,Fine without high winds,Dry,None,None,1,No,E01002328,2005
8552,200501KD50713,550370.0,188360.0,0.16852,51.574004,1,3,2,2,16/11/2005,4,16:07,15,E09000016,6,0,Single carriageway,30,Giveway or uncontrolled,3,118,None within 50 metres,non-junction pedestrian crossing,Daylight: Street light present,Fine without high winds,Dry,None,None,1,Yes,E01002247,2005
8553,200501KD50714,551040.0,191690.0,0.179613,51.603745,1,2,1,3,27/11/2005,1,21:29,15,E09000016,4,1459,Single carriageway,30,None,-1,0,None within 50 metres,No physical crossing within 50 meters,Darkness: Street lights present and lit,Fine without high winds,Dry,None,None,1,Yes,E01002303,2005
8554,200501KD50715,553540.0,193010.0,0.216262,51.614929,1,3,2,1,28/11/2005,2,17:44,15,E09000016,5,0,Single carriageway,30,Giveway or uncontrolled,6,0,None within 50 metres,No physical crossing within 50 meters,Darkeness: No street lighting,Fine without high winds,Dry,None,None,1,Yes,E01002312,2005
8555,200501KD50716,554820.0,189310.0,0.233103,51.581336,1,3,1,1,28/11/2005,2,15:52,15,E09000016,5,0,Single carriageway,30,None,-1,0,None within 50 metres,No physical crossing within 50 meters,Daylight: Street light present,Fine without high winds,Dry,None,None,1,Yes,E01002268,2005
8556,200501KD50717,553800.0,188500.0,0.218038,51.574337,1,3,1,1,30/11/2005,4,17:05,15,E09000016,5,0,Single carriageway,30,None,-1,0,None within 50 metres,No physical crossing within 50 meters,Darkness: Street lights present and lit,Fine without high winds,Dry,None,None,1,Yes,E01002274,2005
8557,200501KD50718,554840.0,187150.0,0.23244,51.561923,1,3,2,1,30/11/2005,4,11:55,15,E09000016,5,0,Single carriageway,30,Giveway or uncontrolled,6,0,None within 50 metres,No physical crossing within 50 meters,Daylight: Street light present,Fine without high winds,Dry,None,None,1,Yes,E01002362,2005
8558,200501KD50719,550120.0,188390.0,0.164928,51.57434,1,3,2,1,16/12/2005,6,23:38,15,E09000016,3,118,Single carriageway,30,Giveway or uncontrolled,6,0,None within 50 metres,No physical crossing within 50 meters,Darkness: Street lights present and lit,Fine without high winds,Dry,None,None,1,Yes,E01002246,2005
8559,200501KD50720,551970.0,185910.0,0.190532,51.551562,1,3,2,1,10/12/2005,7,13:35,15,E09000016,3,125,Single carriageway,30,Automatic traffic signal,5,0,None within 50 metres,Pedestrian phase at traffic signal junction,Daylight: Street light present,Fine without high winds,Dry,None,None,1,Yes,E01002260,2005
8560,200501KD50721,553300.0,190450.0,0.21168,51.591994,1,3,3,2,03/12/2005,7,15:20,15,E09000016,3,118,Single carriageway,30,None,-1,0,None within 50 metres,non-junction pedestrian crossing,Daylight: Street light present,Fine without high winds,Wet/Damp,None,None,1,No,E01002337,2005
8561,200501KD50722,556730.0,192300.0,0.261981,51.607672,1,3,2,1,09/12/2005,6,10:05,15,E09000016,1,25,Roundabout,30,Automatic traffic signal,3,12,None within 50 metres,No physical crossing within 50 meters,Daylight: Street light present,Fine without high winds,Dry,None,None,2,No,E01002296,2005
8562,200501KD50723,550820.0,191100.0,0.176185,51.598503,1,3,2,2,02/12/2005,6,11:48,15,E09000016,4,175,Single carriageway,30,Giveway or uncontrolled,6,0,None within 50 metres,No physical crossing within 50 meters,Daylight: Street light present,Fine without high winds,Wet/Damp,None,None,1,Yes,E01002303,2005
8563,200501KD50724,554030.0,191570.0,0.222701,51.601858,1,3,3,1,01/12/2005,5,16:21,15,E09000016,6,0,Single carriageway,30,None,-1,0,None within 50 metres,No physical crossing within 50 meters,Daylight: Street light present,Raining without high winds,Wet/Damp,None,None,1,Yes,E01002284,2005
8564,200501KD50725,558610.0,188020.0,0.287175,51.568693,1,3,5,5,02/12/2005,6,17:55,15,E09000016,1,25,Dual carriageway,70,None,-1,0,None within 50 metres,No physical crossing within 50 meters,Darkness: Street lights present and lit,Fine without high winds,Wet/Damp,None,None,2,Yes,E01002252,2005
8565,200501KD50726,556430.0,188920.0,0.256147,51.577388,1,3,3,2,01/12/2005,5,12:17,15,E09000016,5,0,Slip road,30,Giveway or uncontrolled,6,0,None within 50 metres,No physical crossing within 50 meters,Daylight: Street light present,Fine without high winds,Dry,None,None,2,Yes,E01002253,2005
8566,200501KD50727,553920.0,188030.0,0.219563,51.570082,1,3,2,1,05/12/2005,2,20:54,15,E09000016,5,0,Single carriageway,30,Giveway or uncontrolled,6,0,None within 50 metres,No physical crossing within 50 meters,Darkness: Street lights present and lit,Raining without high winds,Wet/Damp,None,None,1,Yes,E01002270,2005
8567,200501KD50728,550940.0,188620.0,0.17685,51.576188,1,3,2,1,05/12/2005,2,07:20,15,E09000016,3,118,Roundabout,30,Giveway or uncontrolled,3,125,None within 50 metres,No physical crossing within 50 meters,Darkness: Street lights present and lit,Fine without high winds,Dry,None,None,1,No,E01002356,2005
8568,200501KD50729,553260.0,182530.0,0.207653,51.520844,1,2,1,1,08/12/2005,5,15:30,15,E09000016,5,0,Single carriageway,30,Giveway or uncontrolled,6,0,None within 50 metres,No physical crossing within 50 meters,Daylight: Street light present,Fine without high winds,Dry,None,None,1,Yes,E01002344,2005
8569,200501KD50732,554430.0,186990.0,0.226459,51.560598,1,3,1,1,07/12/2005,4,19:45,15,E09000016,3,124,Single carriageway,30,None,-1,0,None within 50 metres,non-junction pedestrian crossing,Darkness: Street lights present and lit,Fine without high winds,Dry,None,None,1,Yes,E01002360,2005
8570,200501KD50734,555660.0,184710.0,0.243181,51.539775,1,3,2,2,08/12/2005,5,16:19,15,E09000016,5,0,Roundabout,30,Giveway or uncontrolled,6,0,None within 50 metres,No physical crossing within 50 meters,Darkeness: No street lighting,Fine without high winds,Dry,None,None,2,Yes,E01002385,2005
8571,200501KD50735,555890.0,185850.0,0.247,51.549954,1,3,2,2,07/12/2005,4,11:36,15,E09000016,4,1421,Single carriageway,30,Giveway or uncontrolled,6,0,None within 50 metres,No physical crossing within 50 meters,Daylight: Street light present,Fine without high winds,Dry,None,None,1,Yes,E01002389,2005
8572,200501KD50736,553440.0,182230.0,0.210115,51.5181,1,3,2,3,08/12/2005,5,19:47,15,E09000016,3,1306,Single carriageway,30,Giveway or uncontrolled,6,0,None within 50 metres,No physical crossing within 50 meters,Darkness: Street lights present and lit,Fine without high winds,Wet/Damp,None,None,1,Yes,E01002344,2005
8573,200501KD50737,553100.0,192590.0,0.209728,51.611276,1,3,2,2,05/12/2005,2,14:37,15,E09000016,5,0,Single carriageway,30,None,-1,0,None within 50 metres,No physical crossing within 50 meters,Daylight: Street light present,Fine without high winds,Dry,None,None,1,Yes,E01002312,2005
8574,200501KD50738,553070.0,186090.0,0.206464,51.552882,1,3,2,2,06/12/2005,3,18:40,15,E09000016,5,0,Single carriageway,30,None,-1,0,None within 50 metres,No physical crossing within 50 meters,Darkness: Street lights present and lit,Other,Wet/Damp,None,None,1,Yes,E01002366,2005
8575,200501KD50739,551210.0,188120.0,0.180529,51.571623,1,3,2,1,10/12/2005,7,13:10,15,E09000016,3,125,Roundabout,30,Giveway or uncontrolled,5,0,None within 50 metres,No physical crossing within 50 meters,Daylight: Street light present,Fine without high winds,Dry,None,None,1,No,E01002249,2005
8576,200501KD50744,550720.0,190870.0,0.174643,51.596463,1,3,2,2,13/12/2005,3,18:30,15,E09000016,5,0,Roundabout,30,Giveway or uncontrolled,4,175,None within 50 metres,No physical crossing within 50 meters,Darkness: Street lights present and lit,Fine without high winds,Dry,None,None,1,No,E01002336,2005
8577,200501KD50745,552240.0,181340.0,0.192449,51.510428,1,3,1,2,11/12/2005,1,16:00,15,E09000016,3,13,Dual carriageway,40,None,-1,0,None within 50 metres,No physical crossing within 50 meters,Darkness: Street lights present and lit,Fine without high winds,Wet/Damp,None,None,2,Yes,E01002344,2005
8578,200501KD50746,550990.0,188670.0,0.177593,51.576624,1,3,2,1,13/10/2005,5,17:30,15,E09000016,3,125,Roundabout,30,Giveway or uncontrolled,3,118,None within 50 metres,No physical crossing within 50 meters,Daylight: Street light present,Fine without high winds,Dry,None,None,1,No,E01002356,2005
8579,200501KD50747,549970.0,187140.0,0.162232,51.563149,1,3,1,1,12/12/2005,2,20:50,15,E09000016,3,124,Single carriageway,30,None,-1,0,None within 50 metres,No physical crossing within 50 meters,Darkness: Street lights present and lit,Fine without high winds,Dry,None,None,1,Yes,E01002251,2005
8580,200501KD50748,553840.0,187330.0,0.218103,51.563814,1,3,2,1,17/12/2005,7,11:50,15,E09000016,6,0,Single carriageway,30,Giveway or uncontrolled,6,0,None within 50 metres,No physical crossing within 50 meters,Daylight: Street light present,Fine without high winds,Dry,None,None,1,No,E01002361,2005
8581,200501KD50749,553120.0,190560.0,0.209131,51.593031,1,3,3,1,26/11/2005,7,09:00,15,E09000016,3,12,Dual carriageway,50,None,-1,0,None within 50 metres,No physical crossing within 50 meters,Daylight: Street light present,Fine without high winds,Dry,None,None,2,Yes,E01002337,2005
8582,200501KD50750,554170.0,189900.0,0.223988,51.586815,1,3,2,1,08/12/2005,5,06:30,15,E09000016,3,127,Dual carriageway,70,Automatic traffic signal,5,0,None within 50 metres,No physical crossing within 50 meters,Darkness: Street lights present and lit,Fine without high winds,Wet/Damp,None,None,1,Yes,E01002377,2005
8583,200501KD50751,558190.0,189080.0,0.281597,51.578334,1,3,1,1,10/12/2005,7,16:49,15,E09000016,1,25,Dual carriageway,70,None,-1,0,None within 50 metres,No physical crossing within 50 meters,Darkness: Street lights present and lit,Fine without high winds,Dry,None,None,2,Yes,E01002259,2005
8584,200501KD50752,556210.0,183490.0,0.250565,51.528662,1,3,2,1,30/11/2005,4,18:56,15,E09000016,5,0,Single carriageway,30,Giveway or uncontrolled,5,0,None within 50 metres,No physical crossing within 50 meters,Darkness: Street lights present and lit,Fine without high winds,Dry,None,None,2,Yes,E01015924,2005
8585,200501KD50753,556140.0,190310.0,0.252583,51.589957,1,3,3,2,11/12/2005,1,11:30,15,E09000016,5,0,Single carriageway,30,None,-1,0,None within 50 metres,No physical crossing within 50 meters,Daylight: Street light present,Raining without high winds,Wet/Damp,None,None,2,Yes,E01002296,2005
8586,200501KD50754,551160.0,191670.0,0.181336,51.603533,1,2,2,1,12/12/2005,2,22:55,15,E09000016,5,0,Single carriageway,30,Giveway or uncontrolled,6,0,None within 50 metres,No physical crossing within 50 meters,Darkness: Street lights present and lit,Raining without high winds,Wet/Damp,None,None,1,Yes,E01002341,2005
8587,200501KD50757,550720.0,190880.0,0.174648,51.596553,1,3,2,1,15/12/2005,5,17:15,15,E09000016,4,175,Roundabout,30,Giveway or uncontrolled,5,0,None within 50 metres,No physical crossing within 50 meters,Darkness: Street lights present and lit,Fine without high winds,Dry,None,None,1,Yes,E01002332,2005
8588,200501KD50758,550900.0,189250.0,0.176544,51.581859,1,3,1,1,16/12/2005,6,10:53,15,E09000016,3,125,Single carriageway,30,Giveway or uncontrolled,6,0,None within 50 metres,No physical crossing within 50 meters,Daylight: Street light present,Fine without high winds,Dry,None,None,1,Yes,E01002243,2005
8589,200501KD50760,549890.0,191130.0,0.16278,51.599021,1,3,1,1,15/12/2005,5,15:00,15,E09000016,4,1459,Single carriageway,30,Giveway or uncontrolled,4,174,None within 50 metres,non-junction pedestrian crossing,Daylight: Street light present,Fine without high winds,Dry,None,None,1,Yes,E01002326,2005
8590,200501KD50762,553070.0,191930.0,0.209007,51.605354,1,3,1,1,13/12/2005,3,20:59,15,E09000016,5,0,Single carriageway,30,None,-1,0,None within 50 metres,No physical crossing within 50 meters,Darkness: Street lights present and lit,Fine without high winds,Dry,None,None,1,Yes,E01002311,2005
8591,200501KD50764,555950.0,186310.0,0.248068,51.554071,1,3,1,1,19/12/2005,2,17:00,15,E09000016,4,1421,Single carriageway,30,None,-1,0,None within 50 metres,No physical crossing within 50 meters,Darkness: Street lights present and lit,Fine without high winds,Dry,None,None,1,No,E01002386,2005
8592,200501KD50766,551500.0,188160.0,0.184727,51.571905,1,3,2,1,20/12/2005,3,10:25,15,E09000016,5,0,Single carriageway,30,Automatic traffic signal,5,0,None within 50 metres,Pedestrian phase at traffic signal junction,Daylight: Street light present,Fine without high winds,Dry,None,None,1,Yes,E01002350,2005
8593,200501KD50767,554570.0,191390.0,0.230413,51.600093,1,3,2,3,23/12/2005,6,18:00,15,E09000016,5,0,Single carriageway,30,Giveway or uncontrolled,6,0,None within 50 metres,No physical crossing within 50 meters,Darkness: Street lights present and lit,Fine without high winds,Dry,None,None,1,Yes,E01002299,2005
8594,200501KD50768,554410.0,192380.0,0.22854,51.609031,1,2,1,1,15/12/2005,5,22:08,15,E09000016,5,0,Single carriageway,30,None,-1,0,None within 50 metres,No physical crossing within 50 meters,Darkness: Street lights present and lit,Fine without high winds,Dry,None,None,1,Yes,E01002282,2005
8595,200501KD50769,550870.0,187760.0,0.175472,51.56848,1,3,3,1,14/12/2005,4,12:35,15,E09000016,5,0,Single carriageway,30,None,-1,0,None within 50 metres,No physical crossing within 50 meters,Daylight: Street light present,Fine without high winds,Dry,None,None,1,Yes,E01002248,2005
8596,200501KD50770,556400.0,187740.0,0.255189,51.566794,1,3,2,1,11/12/2005,1,10:50,15,E09000016,5,0,Single carriageway,30,Giveway or uncontrolled,6,0,None within 50 metres,No physical crossing within 50 meters,Daylight: Street light present,Fine without high winds,Dry,None,None,1,Yes,E01002253,2005
8597,200501KD50771,555180.0,188070.0,0.237747,51.570096,1,3,2,2,14/12/2005,4,19:55,15,E09000016,5,0,Single carriageway,30,Giveway or uncontrolled,6,0,None within 50 metres,No physical crossing within 50 meters,Darkness: Street lights present and lit,Fine without high winds,Dry,None,None,1,Yes,E01002273,2005
8598,200501KD50772,550630.0,191480.0,0.173607,51.601968,1,2,1,1,21/12/2005,4,18:16,15,E09000016,4,1459,Single carriageway,30,Giveway or uncontrolled,6,0,None within 50 metres,No physical crossing within 50 meters,Darkness: Street lights present and lit,Raining without high winds,Wet/Damp,None,None,1,Yes,E01002304,2005
8599,200501KD50774,552580.0,189570.0,0.200912,51.584282,1,3,2,1,18/12/2005,1,17:55,15,E09000016,5,0,Single carriageway,30,Giveway or uncontrolled,6,0,None within 50 metres,No physical crossing within 50 meters,Darkness: Street lights present and lit,Fine without high winds,Dry,None,None,1,No,E01002379,2005
8600,200501KD50776,554180.0,189910.0,0.224136,51.586902,1,3,2,1,25/12/2005,1,07:40,15,E09000016,3,127,Dual carriageway,40,Automatic traffic signal,5,0,None within 50 metres,Pedestrian phase at traffic signal junction,Daylight: Street light present,Fine without high winds,Dry,None,None,1,Yes,E01002295,2005
8601,200501KD50777,552240.0,182080.0,0.192769,51.517077,1,3,1,1,31/12/2005,7,15:07,15,E09000016,4,1335,Single carriageway,30,Giveway or uncontrolled,6,0,None within 50 metres,No physical crossing within 50 meters,Daylight: Street light present,Fine without high winds,Dry,None,None,1,Yes,E01002345,2005
8602,200501KD50778,558550.0,185980.0,0.285391,51.550382,1,3,3,2,27/12/2005,3,15:50,15,E09000016,1,25,Dual carriageway,70,None,-1,0,None within 50 metres,No physical crossing within 50 meters,Daylight: Street light present,Fine without high winds,Wet/Damp,None,None,2,Yes,E01002391,2005
8603,200501KD59002,555180.0,188070.0,0.237747,51.570096,1,3,2,4,27/12/2005,3,10:40,15,E09000016,5,0,Single carriageway,30,Giveway or uncontrolled,6,0,None within 50 metres,No physical crossing within 50 meters,Daylight: Street light present,Snowing without high winds,Wet/Damp,None,None,1,Yes,E01002273,2005
8604,200501KD59003,550620.0,189740.0,0.172716,51.586337,1,3,2,1,24/12/2005,7,18:55,15,E09000016,3,12,Dual carriageway,40,Automatic traffic signal,3,125,None within 50 metres,Pedestrian phase at traffic signal junction,Darkness: Street lights present and lit,Fine without high winds,Wet/Damp,None,None,1,Yes,E01002340,2005
8605,200501KD59004,554450.0,189690.0,0.227934,51.584852,1,3,2,1,26/12/2005,2,13:00,15,E09000016,3,127,Dual carriageway,40,Giveway or uncontrolled,6,0,None within 50 metres,No physical crossing within 50 meters,Daylight: Street light present,Fine without high winds,Dry,None,None,1,No,E01002378,2005
8606,200501KD59005,550580.0,189720.0,0.172131,51.586168,1,3,5,2,13/12/2005,3,08:25,15,E09000016,3,12,Dual carriageway,50,None,-1,0,None within 50 metres,Pedestrian phase at traffic signal junction,Daylight: Street light present,Fine without high winds,Wet/Damp,None,None,1,Yes,E01002328,2005
8607,200501KD59006,549870.0,190290.0,0.162133,51.591478,1,2,2,1,31/12/2005,7,16:56,15,E09000016,6,0,Single carriageway,30,None,-1,0,None within 50 metres,No physical crossing within 50 meters,Darkness: Street lights present and lit,Fine without high winds,Wet/Damp,None,None,1,Yes,E01002328,2005
8608,200501KD59010,551210.0,190420.0,0.181519,51.592289,1,3,2,1,31/12/2005,7,10:00,15,E09000016,3,12,Dual carriageway,50,Automatic traffic signal,5,0,None within 50 metres,Pedestrian phase at traffic signal junction,Daylight: Street light present,Fine without high winds,Dry,None,None,1,Yes,E01002334,2005
8609,200501KD59014,552820.0,187400.0,0.20343,51.56472,1,3,2,1,15/12/2005,5,16:50,15,E09000016,3,124,Single carriageway,30,Giveway or uncontrolled,6,0,None within 50 metres,No physical crossing within 50 meters,Darkness: Street lights present and lit,Fine without high winds,Dry,None,None,1,Yes,E01002321,2005
8610,200501KD59030,550080.0,190520.0,0.165261,51.593489,1,3,2,1,12/11/2005,7,08:45,15,E09000016,4,174,Single carriageway,30,Giveway or uncontrolled,6,0,None within 50 metres,No physical crossing within 50 meters,Daylight: Street light present,Fine without high winds,Dry,None,None,1,No,E01002327,2005
8611,200501KD59063,549230.0,190950.0,0.153182,51.597578,1,3,2,1,22/12/2005,5,12:00,15,E09000016,4,174,Single carriageway,30,Giveway or uncontrolled,5,0,None within 50 metres,No physical crossing within 50 meters,Daylight: Street light present,Fine without high winds,Dry,None,None,1,No,E01002325,2005
8612,200501KD59093,551980.0,189540.0,0.192245,51.584175,1,3,2,1,04/12/2005,1,01:55,15,E09000016,6,0,Single carriageway,30,Giveway or uncontrolled,3,118,None within 50 metres,No physical crossing within 50 meters,Darkness: Street lights present and lit,Fine without high winds,Dry,None,None,1,No,E01002337,2005
8613,200501KD59094,555790.0,184450.0,0.244939,51.537403,1,3,2,3,05/11/2005,7,15:00,15,E09000016,5,0,Single carriageway,30,None,-1,0,None within 50 metres,No physical crossing within 50 meters,Daylight: Street light present,Fine without high winds,Dry,None,None,2,No,E01002385,2005
8614,200501KD59095,554080.0,192160.0,0.223682,51.607145,1,3,1,1,16/11/2005,4,07:30,15,E09000016,5,0,Single carriageway,30,None,-1,0,None within 50 metres,No physical crossing within 50 meters,Daylight: Street light present,Fine without high winds,Wet/Damp,None,None,1,Yes,E01002282,2005
8615,200501KD59096,550070.0,191880.0,0.165698,51.605711,1,3,2,2,26/08/2005,6,17:53,15,E09000016,6,0,Single carriageway,30,Giveway or uncontrolled,6,0,None within 50 metres,No physical crossing within 50 meters,Daylight: Street light present,Fine without high winds,Dry,None,None,1,Yes,E01002301,2005
8616,200501KD59103,556520.0,188520.0,0.257267,51.573769,1,3,3,1,22/12/2005,5,12:00,15,E09000016,5,0,Single carriageway,30,None,-1,0,None within 50 metres,No physical crossing within 50 meters,Daylight: Street light present,Fog or mist,Wet/Damp,None,None,1,Yes,E01002253,2005
8617,200501KD59112,552380.0,190240.0,0.198318,51.590356,1,3,2,1,15/10/2005,7,17:30,15,E09000016,6,0,Single carriageway,30,Giveway or uncontrolled,6,0,None within 50 metres,No physical crossing within 50 meters,Daylight: Street light present,Fine without high winds,Dry,None,None,2,No,E01002337,2005
8618,200501KD59113,553610.0,190330.0,0.216099,51.590831,1,3,2,1,24/12/2005,7,15:00,15,E09000016,3,127,Dual carriageway,40,None,-1,0,None within 50 metres,No physical crossing within 50 meters,Daylight: Street light present,Fine without high winds,Dry,None,None,1,Yes,E01002293,2005
8619,200501KD59153,552060.0,189410.0,0.193343,51.582985,1,3,2,1,28/11/2005,2,11:00,15,E09000016,6,0,Single carriageway,30,None,-1,0,None within 50 metres,No physical crossing within 50 meters,Daylight: Street light present,Fine without high winds,Dry,None,None,1,No,E01002354,2005
8620,200501KF60001,538540.0,185230.0,-0.00331,51.548907,1,3,2,1,01/01/2005,7,23:55,17,E09000025,3,112,Single carriageway,30,Giveway or uncontrolled,3,112,None within 50 metres,No physical crossing within 50 meters,Darkness: Street lights present and lit,Fine without high winds,Dry,None,None,1,Yes,E01003614,2005
8621,200501KF60003,541160.0,184040.0,0.033974,51.537565,1,3,2,1,01/01/2005,7,21:26,17,E09000025,4,165,Roundabout,30,Giveway or uncontrolled,4,167,None within 50 metres,Zebra crossing,Darkness: Street lights present and lit,Fine without high winds,Dry,None,None,1,Yes,E01003569,2005
8622,200501KF60011,542900.0,182260.0,0.058324,51.521133,1,3,2,3,03/01/2005,2,17:30,17,E09000025,3,117,Single carriageway,30,Authorised person,5,0,Control by other authorised person,No physical crossing within 50 meters,Darkness: Street lights present and lit,Fine without high winds,Dry,None,None,1,Yes,E01003540,2005
8623,200501KF60012,541450.0,183040.0,0.037751,51.528506,1,3,2,1,04/01/2005,3,18:30,17,E09000025,5,0,Single carriageway,30,None,-1,0,None within 50 metres,No physical crossing within 50 meters,Darkness: Street lights present and lit,Raining without high winds,Wet/Damp,None,None,1,Yes,E01003605,2005
8624,200501KF60014,539150.0,181420.0,0.003977,51.51452,1,3,2,1,05/01/2005,4,07:19,5,E09000030,3,13,Single carriageway,30,None,-1,0,None within 50 metres,No physical crossing within 50 meters,Daylight: Street light present,Fine without high winds,Dry,None,None,1,Yes,,2005
8625,200501KF60015,541060.0,184270.0,0.032625,51.539656,1,3,1,1,05/01/2005,4,08:49,17,E09000025,4,167,Single carriageway,50,None,-1,0,None within 50 metres,No physical crossing within 50 meters,Daylight: Street light present,Fine without high winds,Wet/Damp,None,None,1,Yes,E01003573,2005
8626,200501KF60016,539720.0,180970.0,0.012008,51.510336,1,3,3,1,08/01/2005,7,03:47,17,E09000025,3,1011,Single carriageway,30,None,-1,0,None within 50 metres,No physical crossing within 50 meters,Darkness: Street lights present and lit,Raining without high winds,Wet/Damp,None,None,1,Yes,E01003504,2005
8627,200501KF60017,539290.0,184510.0,0.007214,51.542252,1,3,2,1,06/01/2005,5,18:30,17,E09000025,3,118,Single carriageway,30,Giveway or uncontrolled,6,0,None within 50 metres,No physical crossing within 50 meters,Darkness: Street lights present and lit,Fine without high winds,Dry,None,None,1,Yes,E01003618,2005
8628,200501KF60018,543930.0,182740.0,0.073356,51.525184,1,3,2,1,06/01/2005,5,18:15,17,E09000025,3,13,Single carriageway,30,Giveway or uncontrolled,3,406,None within 50 metres,No physical crossing within 50 meters,Darkness: Street lights present and lit,Fine without high winds,Dry,None,None,1,Yes,E01003482,2005
8629,200501KF60019,539760.0,181620.0,0.012841,51.516167,1,3,4,2,06/01/2005,5,11:30,17,E09000025,3,13,Dual carriageway,40,None,-1,0,None within 50 metres,No physical crossing within 50 meters,Daylight: Street light present,Fine without high winds,Dry,None,None,1,Yes,E01003505,2005
8630,200501KF60020,539110.0,184470.0,0.004605,51.541937,1,3,2,1,07/01/2005,6,14:20,17,E09000025,3,118,Single carriageway,30,None,-1,0,None within 50 metres,No physical crossing within 50 meters,Daylight: Street light present,Fine without high winds,Dry,None,None,1,Yes,E01003619,2005
8631,200501KF60021,538500.0,183830.0,-0.004437,51.536336,1,3,1,1,08/01/2005,7,22:02,17,E09000025,3,115,Dual carriageway,40,Giveway or uncontrolled,3,11,None within 50 metres,non-junction pedestrian crossing,Darkness: Street lights present and lit,Fine without high winds,Dry,None,None,1,Yes,E01003613,2005
8632,200501KF60024,541650.0,183280.0,0.040729,51.530613,1,3,2,1,09/01/2005,1,16:09,17,E09000025,3,124,Single carriageway,30,Giveway or uncontrolled,6,0,None within 50 metres,No physical crossing within 50 meters,Darkness: Street lights present and lit,Raining without high winds,Wet/Damp,None,None,1,Yes,E01003493,2005
8633,200501KF60025,538670.0,183450.0,-0.002137,51.53288,1,3,2,5,06/01/2005,5,11:04,17,E09000025,6,0,Single carriageway,30,None,-1,0,None within 50 metres,No physical crossing within 50 meters,Daylight: Street light present,Fine without high winds,Wet/Damp,None,None,1,Yes,E01003613,2005
8634,200501KF60027,540040.0,182020.0,0.017033,51.519692,1,3,2,1,07/01/2005,6,18:06,17,E09000025,3,124,Single carriageway,30,Giveway or uncontrolled,5,0,None within 50 metres,No physical crossing within 50 meters,Darkness: Street lights present and lit,Raining without high winds,Wet/Damp,None,None,1,Yes,E01003501,2005
8635,200501KF60028,542280.0,185650.0,0.050763,51.551751,1,3,2,2,08/01/2005,7,15:25,17,E09000025,3,118,Dual carriageway,30,None,-1,0,None within 50 metres,No physical crossing within 50 meters,Daylight: Street light present,Fine without high winds,Dry,None,None,1,Yes,E01003591,2005
8636,200501KF60029,542760.0,184990.0,0.057414,51.545699,1,3,1,1,05/01/2005,4,13:20,17,E09000025,6,0,Single carriageway,30,None,-1,0,None within 50 metres,No physical crossing within 50 meters,Daylight: Street light present,Fine without high winds,Dry,None,None,1,Yes,E01003528,2005
8637,200501KF60030,542610.0,181650.0,0.0539,51.515724,1,3,1,1,08/01/2005,7,14:20,17,E09000025,6,0,Single carriageway,30,Giveway or uncontrolled,5,0,None within 50 metres,No physical crossing within 50 meters,Daylight: Street light present,Fine without high winds,Dry,None,None,1,Yes,E01003486,2005
8638,200501KF60031,540720.0,183980.0,0.02761,51.537135,1,3,2,1,10/01/2005,2,18:10,17,E09000025,4,165,Single carriageway,30,Giveway or uncontrolled,6,0,None within 50 metres,No physical crossing within 50 meters,Darkness: Street lights present and lit,Raining without high winds,Wet/Damp,None,None,1,No,E01003596,2005
8639,200501KF60032,540590.0,182440.0,0.025122,51.523329,1,3,2,1,10/01/2005,2,16:39,17,E09000025,3,124,Single carriageway,30,None,-1,0,None within 50 metres,No physical crossing within 50 meters,Darkness: Street lights present and lit,Raining without high winds,Wet/Damp,None,None,1,Yes,E01003507,2005
8640,200501KF60033,539400.0,181590.0,0.007645,51.515986,1,3,2,1,05/01/2005,4,07:45,17,E09000025,3,1011,Roundabout,30,Giveway or uncontrolled,3,13,None within 50 metres,Zebra crossing,Daylight: Street light present,Fine without high winds,Dry,None,None,1,No,E01003497,2005
8641,200501KF60034,544010.0,182830.0,0.074545,51.525973,1,3,2,1,14/01/2005,6,02:20,17,E09000025,3,13,Roundabout,30,Giveway or uncontrolled,3,406,None within 50 metres,No physical crossing within 50 meters,Darkness: Street lights present and lit,Fine without high winds,Dry,None,None,1,Yes,E01003535,2005
8642,200501KF60039,541300.0,181740.0,0.035069,51.516862,1,3,2,1,12/01/2005,4,13:33,17,E09000025,5,0,Single carriageway,30,None,-1,0,None within 50 metres,No physical crossing within 50 meters,Daylight: Street light present,Fine without high winds,Dry,None,None,1,Yes,E01003516,2005
8643,200501KF60040,539430.0,181530.0,0.008053,51.515439,1,3,3,1,19/01/2005,4,18:25,17,E09000025,3,13,Dual carriageway,40,Giveway or uncontrolled,3,1011,None within 50 metres,No physical crossing within 50 meters,Darkness: Street lights present and lit,Fine without high winds,Wet/Damp,None,None,1,Yes,E01003503,2005
8644,200501KF60041,540550.0,180140.0,0.02363,51.502671,1,3,2,1,13/01/2005,5,09:57,17,E09000025,6,0,Single carriageway,30,Giveway or uncontrolled,3,1011,None within 50 metres,No physical crossing within 50 meters,Daylight: Street light present,Fine without high winds,Dry,None,None,1,Yes,E01003612,2005
8645,200501KF60042,544240.0,182920.0,0.077895,51.526723,1,3,3,1,11/01/2005,3,06:45,17,E09000025,3,13,Dual carriageway,40,None,-1,0,None within 50 metres,No physical crossing within 50 meters,Daylight: Street light present,Fine without high winds,Dry,None,None,1,Yes,E01003535,2005
8646,200501KF60043,541640.0,183320.0,0.040601,51.530975,1,3,2,1,17/01/2005,2,09:45,17,E09000025,6,0,Single carriageway,30,Giveway or uncontrolled,3,124,None within 50 metres,No physical crossing within 50 meters,Daylight: Street light present,Fine without high winds,Dry,None,None,1,Yes,E01003493,2005
8647,200501KF60046,541360.0,183980.0,0.036832,51.536976,1,3,1,1,10/01/2005,2,11:45,17,E09000025,4,165,Single carriageway,30,None,-1,0,None within 50 metres,No physical crossing within 50 meters,Daylight: Street light present,Fine without high winds,Wet/Damp,None,None,1,Yes,E01003566,2005
8648,200501KF60047,541260.0,183140.0,0.035054,51.529452,1,3,2,1,15/01/2005,7,18:45,17,E09000025,3,124,Single carriageway,30,Giveway or uncontrolled,6,0,None within 50 metres,No physical crossing within 50 meters,Darkness: Street lights present and lit,Fine without high winds,Dry,None,None,1,Yes,E01003605,2005
8649,200501KF60048,542940.0,182160.0,0.05886,51.520224,1,3,1,1,18/01/2005,3,19:05,17,E09000025,3,13,Dual carriageway,30,Giveway or uncontrolled,3,117,None within 50 metres,No physical crossing within 50 meters,Darkness: Street lights present and lit,Fine without high winds,Dry,None,None,1,Yes,E01003482,2005
8650,200501KF60049,539170.0,182350.0,0.004632,51.522872,1,2,2,2,15/01/2005,7,02:20,17,E09000025,3,1011,Single carriageway,30,Giveway or uncontrolled,3,1011,None within 50 metres,No physical crossing within 50 meters,Darkness: Street lights present and lit,Raining without high winds,Wet/Damp,None,None,1,Yes,E01003500,2005
8651,200501KF60050,542650.0,185260.0,0.055938,51.548153,1,2,8,1,19/01/2005,4,11:04,17,E09000025,6,0,Single carriageway,30,None,-1,0,None within 50 metres,No physical crossing within 50 meters,Daylight: Street light present,Fine without high winds,Dry,None,None,1,Yes,E01003579,2005
8652,200501KF60051,542590.0,183570.0,0.054389,51.532982,1,2,2,1,19/01/2005,4,00:40,17,E09000025,3,117,Single carriageway,30,Automatic traffic signal,3,124,None within 50 metres,No physical crossing within 50 meters,Darkness: Street lights present and lit,Fine with high winds,Dry,None,None,1,Yes,E01003525,2005
8653,200501KF60052,540870.0,182720.0,0.029268,51.525776,1,3,1,1,23/01/2005,1,15:01,17,E09000025,3,124,Single carriageway,50,Automatic traffic signal,3,112,None within 50 metres,No physical crossing within 50 meters,Daylight: Street light present,Fine without high winds,Dry,None,None,1,Yes,E01003602,2005
8654,200501KF60054,540960.0,184970.0,0.031464,51.545972,1,3,2,1,23/01/2005,1,22:00,17,E09000025,4,167,Single carriageway,30,Giveway or uncontrolled,6,0,None within 50 metres,No physical crossing within 50 meters,Darkness: Street lights present and lit,Fine without high winds,Dry,None,None,1,No,E01003567,2005
8655,200501KF60056,539480.0,181600.0,0.008801,51.516056,1,3,2,1,24/01/2005,2,18:30,17,E09000025,3,124,Roundabout,30,Giveway or uncontrolled,3,1011,None within 50 metres,No physical crossing within 50 meters,Daylight: Street light present,Fine without high winds,Dry,None,None,1,No,E01003503,2005
8656,200501KF60057,543310.0,184800.0,0.065263,51.543853,1,2,2,1,24/01/2005,2,16:35,17,E09000025,6,0,Single carriageway,30,None,-1,0,None within 50 metres,No physical crossing within 50 meters,Daylight: Street light present,Fine without high winds,Dry,None,None,1,Yes,E01003625,2005
8657,200501KF60058,541270.0,181780.0,0.034653,51.517229,1,3,1,1,26/01/2005,4,11:20,17,E09000025,3,13,Single carriageway,30,None,-1,0,None within 50 metres,No physical crossing within 50 meters,Daylight: Street light present,Fine without high winds,Dry,None,None,1,Yes,E01003516,2005
8658,200501KF60059,541450.0,184430.0,0.038309,51.540997,1,3,1,2,26/01/2005,4,09:05,17,E09000025,4,109,Unknown,30,None,-1,0,None within 50 metres,Zebra crossing,Daylight: Street light present,Fine without high winds,Dry,None,None,1,Yes,E01003562,2005
8659,200501KF60060,538780.0,184160.0,-0.000272,51.539233,1,3,2,1,06/01/2005,5,13:52,17,E09000025,3,11,Dual carriageway,30,Giveway or uncontrolled,3,11,None within 50 metres,Pedestrian phase at traffic signal junction,Daylight: Street light present,Fine without high winds,Dry,None,None,1,Yes,E01003619,2005
8660,200501KF60062,537940.0,183110.0,-0.012788,51.530003,1,3,2,2,07/01/2005,6,16:40,17,E09000025,3,11,Dual carriageway,30,None,-1,0,None within 50 metres,No physical crossing within 50 meters,Daylight: Street light present,Fine without high winds,Dry,None,None,1,No,E01003613,2005
8661,200501KF60063,542260.0,183470.0,0.049594,51.532167,1,3,2,1,11/01/2005,3,10:24,17,E09000025,3,124,Single carriageway,30,Giveway or uncontrolled,6,0,None within 50 metres,No physical crossing within 50 meters,Daylight: Street light present,Fine without high winds,Dry,None,None,1,Yes,E01003525,2005
8662,200501KF60064,541760.0,181700.0,0.041678,51.516387,1,3,2,3,16/01/2005,1,08:30,17,E09000025,5,0,Single carriageway,30,Giveway or uncontrolled,5,0,None within 50 metres,No physical crossing within 50 meters,Daylight: Street light present,Fine without high winds,Dry,None,None,1,No,E01003518,2005
8663,200501KF60065,541420.0,183220.0,0.037391,51.530131,1,3,1,1,17/01/2005,2,17:09,17,E09000025,3,124,Single carriageway,30,None,-1,0,None within 50 metres,No physical crossing within 50 meters,Darkness: Street lights present and lit,Raining without high winds,Wet/Damp,None,None,1,Yes,E01003605,2005
8664,200501KF60066,539030.0,184430.0,0.003436,51.541598,1,3,1,1,22/01/2005,7,01:45,17,E09000025,3,118,Roundabout,30,Giveway or uncontrolled,3,11,None within 50 metres,No physical crossing within 50 meters,Darkness: Street lights present and lit,Fine without high winds,Dry,None,None,1,Yes,E01003619,2005
8665,200501KF60067,542360.0,184150.0,0.051309,51.538252,1,3,1,1,21/01/2005,6,12:30,17,E09000025,3,117,Single carriageway,30,Automatic traffic signal,5,0,None within 50 metres,Pedestrian phase at traffic signal junction,Daylight: Street light present,Fine without high winds,Dry,None,None,1,Yes,E01003520,2005
8666,200501KF60068,543080.0,185390.0,0.062188,51.549212,1,3,3,1,26/01/2005,4,18:11,17,E09000025,6,0,Single carriageway,30,None,-1,0,None within 50 metres,No physical crossing within 50 meters,Darkness: Street lights present and lit,Fine without high winds,Dry,None,None,1,Yes,E01003583,2005
8667,200501KF60069,540240.0,182170.0,0.019973,51.52099,1,2,1,1,24/01/2005,2,15:20,17,E09000025,3,124,Single carriageway,30,Giveway or uncontrolled,6,0,None within 50 metres,No physical crossing within 50 meters,Daylight: Street light present,Fine without high winds,Dry,None,None,1,Yes,E01003507,2005
8668,200501KF60070,538080.0,183270.0,-0.010708,51.531407,1,3,2,2,28/01/2005,6,10:30,17,E09000025,3,11,Single carriageway,30,Giveway or uncontrolled,6,0,None within 50 metres,No physical crossing within 50 meters,Daylight: Street light present,Raining without high winds,Wet/Damp,None,None,1,Yes,E01003613,2005
8669,200501KF60071,542660.0,185880.0,0.056333,51.553722,1,3,1,1,30/01/2005,1,17:38,17,E09000025,3,118,Slip road,30,None,-1,0,None within 50 metres,No physical crossing within 50 meters,Darkness: Street lights present and lit,Fine without high winds,Wet/Damp,None,None,1,Yes,E01003576,2005
8670,200501KF60072,538680.0,184320.0,-0.00165,51.540695,1,3,1,1,31/01/2005,2,22:23,17,E09000025,3,11,Dual carriageway,30,Automatic traffic signal,3,11,None within 50 metres,No physical crossing within 50 meters,Darkness: Street lights present and lit,Fine without high winds,Dry,None,None,1,Yes,E01003620,2005
8671,200501KF60073,539120.0,185250.0,0.005057,51.548944,1,3,2,1,30/01/2005,1,20:10,17,E09000025,6,0,Single carriageway,30,Giveway or uncontrolled,3,11,None within 50 metres,No physical crossing within 50 meters,Darkness: Street lights present and lit,Fine without high winds,Dry,None,None,1,Yes,E01003615,2005
8672,200501KF60074,540950.0,185000.0,0.031332,51.546244,1,3,2,2,05/02/2005,7,20:25,17,E09000025,4,167,Single carriageway,30,Giveway or uncontrolled,6,0,None within 50 metres,No physical crossing within 50 meters,Darkness: Street lights present and lit,Fine without high winds,Dry,None,None,1,Yes,E01003570,2005
8673,200501KF60076,538500.0,183820.0,-0.004441,51.536246,1,3,2,1,26/01/2005,4,13:48,17,E09000025,3,11,Single carriageway,30,Automatic traffic signal,3,115,None within 50 metres,No physical crossing within 50 meters,Daylight: Street light present,Fine without high winds,Dry,None,None,1,Yes,E01003613,2005
8674,200501KF60077,542810.0,185940.0,0.05852,51.554223,1,3,2,1,29/01/2005,7,23:10,17,E09000025,3,118,Single carriageway,30,Automatic traffic signal,4,165,None within 50 metres,No physical crossing within 50 meters,Darkness: Street lights present and lit,Fine without high winds,Dry,None,None,1,Yes,E01003576,2005
8675,200501KF60078,543770.0,180890.0,0.070297,51.508601,1,3,2,1,28/01/2005,6,17:30,17,E09000025,3,117,Roundabout,30,Giveway or uncontrolled,3,1020,None within 50 metres,No physical crossing within 50 meters,Darkness: Street lights present and lit,Fine without high winds,Dry,None,None,1,Yes,E01003482,2005
8676,200501KF60079,543700.0,182290.0,0.069859,51.521199,1,3,2,1,02/02/2005,4,20:25,17,E09000025,6,0,Single carriageway,30,Giveway or uncontrolled,6,0,None within 50 metres,No physical crossing within 50 meters,Darkness: Street lights present and lit,Fine without high winds,Dry,None,None,1,No,E01003482,2005
8677,200501KF60080,543270.0,180950.0,0.063121,51.509267,1,3,2,1,03/02/2005,5,09:00,17,E09000025,3,117,Single carriageway,30,None,-1,0,None within 50 metres,No physical crossing within 50 meters,Daylight: Street light present,Fine without high winds,Dry,None,None,1,No,E01003481,2005
8678,200501KF60082,540110.0,185890.0,0.01958,51.55445,1,3,2,1,04/01/2005,3,13:30,13,E09000031,6,0,Single carriageway,30,Giveway or uncontrolled,6,0,None within 50 metres,No physical crossing within 50 meters,Daylight: Street light present,Fine without high winds,Dry,None,None,1,No,E01004331,2005
8679,200501KF60084,540590.0,184710.0,0.026028,51.543727,1,3,1,1,21/01/2005,6,12:03,17,E09000025,3,114,Single carriageway,30,Giveway or uncontrolled,6,0,None within 50 metres,non-junction pedestrian crossing,Daylight: Street light present,Fine without high winds,Dry,None,None,1,No,E01003558,2005
8680,200501KF60085,541380.0,183460.0,0.036911,51.532298,1,3,1,1,23/01/2005,1,14:40,17,E09000025,4,167,Single carriageway,30,Giveway or uncontrolled,6,0,None within 50 metres,No physical crossing within 50 meters,Daylight: Street light present,Fine without high winds,Dry,None,None,1,Yes,E01003491,2005
8681,200501KF60086,537590.0,184270.0,-0.017377,51.540512,1,3,2,1,25/01/2005,3,13:04,17,E09000025,6,0,Single carriageway,30,None,-1,0,None within 50 metres,No physical crossing within 50 meters,Daylight: Street light present,Fine without high winds,Dry,None,None,1,Yes,E01003613,2005
8682,200501KF60087,541660.0,183280.0,0.040873,51.53061,1,3,1,1,31/01/2005,2,14:35,17,E09000025,3,124,Single carriageway,30,Giveway or uncontrolled,6,0,None within 50 metres,Zebra crossing,Daylight: Street light present,Fine without high winds,Dry,None,None,1,Yes,E01003493,2005
8683,200501KF60088,542070.0,180870.0,0.045809,51.508851,1,3,3,2,01/02/2005,3,13:05,17,E09000025,5,0,Dual carriageway,40,None,-1,0,None within 50 metres,No physical crossing within 50 meters,Daylight: Street light present,Fine without high winds,Dry,None,None,1,Yes,E01003513,2005
8684,200501KF60089,542200.0,185100.0,0.049387,51.546829,1,3,2,1,02/02/2005,4,17:30,17,E09000025,6,0,Single carriageway,30,None,-1,0,None within 50 metres,No physical crossing within 50 meters,Darkness: Street lights present and lit,Fine without high winds,Wet/Damp,None,None,1,No,E01003534,2005
8685,200501KF60090,543700.0,182290.0,0.069859,51.521199,1,3,2,1,02/02/2005,4,21:25,17,E09000025,6,0,Single carriageway,30,Giveway or uncontrolled,6,0,None within 50 metres,No physical crossing within 50 meters,Darkness: Street lights present and lit,Fine without high winds,Dry,None,None,1,Yes,E01003482,2005
8686,200501KF60091,540060.0,182030.0,0.017325,51.519777,1,3,1,1,05/02/2005,7,16:33,17,E09000025,3,124,Single carriageway,30,None,-1,0,None within 50 metres,No physical crossing within 50 meters,Daylight: Street light present,Fine without high winds,Dry,None,None,1,Yes,E01003508,2005
8687,200501KF60092,542190.0,184950.0,0.049183,51.545484,1,3,1,1,05/02/2005,7,12:06,17,E09000025,3,117,Single carriageway,30,Giveway or uncontrolled,6,0,None within 50 metres,No physical crossing within 50 meters,Daylight: Street light present,Fine without high winds,Dry,None,None,1,Yes,E01003589,2005
8688,200501KF60093,539880.0,183430.0,0.015288,51.532402,1,3,1,1,05/02/2005,7,12:17,17,E09000025,3,112,Single carriageway,30,Giveway or uncontrolled,6,0,None within 50 metres,Zebra crossing,Daylight: Street light present,Fine without high winds,Dry,None,None,1,Yes,E01003630,2005
8689,200501KF60094,541450.0,183240.0,0.037832,51.530303,1,3,1,2,05/02/2005,7,12:08,17,E09000025,4,167,Single carriageway,30,Automatic traffic signal,3,124,None within 50 metres,Pedestrian phase at traffic signal junction,Daylight: Street light present,Fine without high winds,Dry,None,None,1,Yes,E01003492,2005
8690,200501KF60095,542040.0,185500.0,0.047243,51.550463,1,3,1,1,05/02/2005,7,02:20,17,E09000025,3,118,Single carriageway,30,Automatic traffic signal,3,117,None within 50 metres,Pedestrian phase at traffic signal junction,Darkness: Street lights present and lit,Fine without high winds,Dry,None,None,1,Yes,E01003591,2005
8691,200501KF60096,542050.0,183400.0,0.04654,51.531591,1,3,2,1,02/02/2005,4,15:45,17,E09000025,3,124,Single carriageway,30,Giveway or uncontrolled,6,0,None within 50 metres,No physical crossing within 50 meters,Daylight: Street light present,Fine without high winds,Dry,None,None,1,Yes,E01003493,2005
8692,200501KF60097,542760.0,183610.0,0.056854,51.533299,1,3,2,1,06/02/2005,1,06:30,17,E09000025,3,124,Single carriageway,30,Giveway or uncontrolled,6,0,None within 50 metres,No physical crossing within 50 meters,Darkness: Street lights present and lit,Fine without high winds,Wet/Damp,None,None,1,Yes,E01003523,2005
8693,200501KF60098,540370.0,183500.0,0.022376,51.532909,1,3,1,1,07/02/2005,2,02:30,17,E09000025,6,0,Single carriageway,30,Giveway or uncontrolled,3,114,None within 50 metres,Zebra crossing,Darkness: Street lights present and lit,Fine without high winds,Dry,None,None,1,Yes,E01003598,2005
8694,200501KF60101,539440.0,181590.0,0.008221,51.515976,1,2,2,1,08/02/2005,3,18:30,17,E09000025,3,1011,Roundabout,30,Giveway or uncontrolled,3,124,None within 50 metres,No physical crossing within 50 meters,Darkness: Street lights present and lit,Fine without high winds,Dry,None,None,1,No,E01003503,2005
8695,200501KF60102,540140.0,181740.0,0.018362,51.517151,1,3,2,1,10/02/2005,5,23:59,17,E09000025,3,13,Dual carriageway,40,None,-1,0,None within 50 metres,No physical crossing within 50 meters,Darkness: Street lights present and lit,Raining without high winds,Wet/Damp,None,None,1,Yes,E01003508,2005
8696,200501KF60103,543300.0,179910.0,0.063131,51.499915,1,3,2,1,28/01/2005,6,18:30,17,E09000025,3,117,Single carriageway,30,Giveway or uncontrolled,3,117,None within 50 metres,Zebra crossing,Darkness: Street lights present and lit,Fine without high winds,Dry,None,None,1,No,E01003611,2005
8697,200501KF60104,540530.0,185080.0,0.025311,51.547067,1,3,1,1,07/02/2005,2,08:52,17,E09000025,3,114,Single carriageway,30,Giveway or uncontrolled,6,0,None within 50 metres,non-junction pedestrian crossing,Daylight: Street light present,Fine without high winds,Dry,None,None,1,Yes,E01003556,2005
8698,200501KF60105,542860.0,182360.0,0.057788,51.522041,1,3,2,1,11/02/2005,6,08:43,17,E09000025,3,117,Single carriageway,30,Giveway or uncontrolled,6,0,None within 50 metres,Zebra crossing,Daylight: Street light present,Fine without high winds,Wet/Damp,None,None,1,Yes,E01003540,2005
8699,200501KF60107,542900.0,183640.0,0.058884,51.533533,1,3,2,1,11/02/2005,6,13:41,17,E09000025,3,124,Single carriageway,30,Giveway or uncontrolled,6,0,None within 50 metres,No physical crossing within 50 meters,Daylight: Street light present,Raining without high winds,Wet/Damp,None,None,1,Yes,E01003622,2005
8700,200501KF60108,540970.0,182430.0,0.030592,51.523145,1,3,1,1,07/02/2005,2,18:00,17,E09000025,3,112,Single carriageway,30,None,-1,0,None within 50 metres,No physical crossing within 50 meters,Daylight: Street light present,Fine without high winds,Dry,None,None,1,No,E01003601,2005
8701,200501KF60109,542890.0,184710.0,0.059173,51.54315,1,3,2,1,11/02/2005,6,00:15,17,E09000025,6,0,Single carriageway,20,None,-1,0,None within 50 metres,No physical crossing within 50 meters,Darkness: Street lights present and lit,Raining without high winds,Wet/Damp,None,None,1,Yes,E01003530,2005
8702,200501KF60110,543790.0,181090.0,0.070666,51.510394,1,3,3,3,12/02/2005,7,15:26,17,E09000025,3,406,Dual carriageway,50,None,-1,0,None within 50 metres,No physical crossing within 50 meters,Daylight: Street light present,Raining without high winds,Wet/Damp,None,None,1,Yes,E01003480,2005
8703,200501KF60111,542760.0,185280.0,0.057531,51.548305,1,3,2,1,12/02/2005,7,19:52,17,E09000025,4,165,Single carriageway,30,Giveway or uncontrolled,6,0,None within 50 metres,Zebra crossing,Darkness: Street lights present and lit,Fine without high winds,Dry,None,None,1,Yes,E01003575,2005
8704,200501KF60113,541660.0,183290.0,0.040877,51.5307,1,3,1,1,14/02/2005,2,17:50,17,E09000025,6,0,Single carriageway,30,Giveway or uncontrolled,3,124,None within 50 metres,Pedestrian phase at traffic signal junction,Darkness: Street lights present and lit,Raining without high winds,Wet/Damp,None,None,1,Yes,E01003493,2005
8705,200501KF60114,542940.0,182150.0,0.058856,51.520134,1,3,2,2,15/02/2005,3,13:25,17,E09000025,3,117,Dual carriageway,30,Giveway or uncontrolled,3,13,None within 50 metres,Central refuge,Daylight: Street light present,Fine without high winds,Dry,None,None,1,Yes,E01003482,2005
8706,200501KF60115,539160.0,185120.0,0.005582,51.547766,1,3,2,1,16/02/2005,4,13:00,17,E09000025,6,0,One way street,30,Giveway or uncontrolled,3,11,None within 50 metres,No physical crossing within 50 meters,Daylight: Street light present,Fine without high winds,Dry,None,None,1,Yes,E01003616,2005
8707,200501KF60116,538910.0,184340.0,0.001671,51.540818,1,3,1,1,16/02/2005,4,13:54,17,E09000025,3,112,Single carriageway,30,Giveway or uncontrolled,3,112,None within 50 metres,non-junction pedestrian crossing,Daylight: Street light present,Fine without high winds,Dry,None,None,1,Yes,E01003619,2005
8708,200501KF60117,541550.0,185240.0,0.040076,51.54825,1,3,1,1,17/02/2005,5,13:45,17,E09000025,6,0,Single carriageway,30,Giveway or uncontrolled,3,118,None within 50 metres,Zebra crossing,Daylight: Street light present,Fine without high winds,Wet/Damp,None,None,1,Yes,E01003586,2005
8709,200501KF60118,539440.0,184560.0,0.009396,51.542665,1,3,2,1,20/02/2005,1,16:40,17,E09000025,3,118,Single carriageway,30,Automatic traffic signal,4,164,None within 50 metres,No physical crossing within 50 meters,Daylight: Street light present,Fine without high winds,Dry,None,None,1,Yes,E01003559,2005
8710,200501KF60119,542370.0,184120.0,0.051441,51.53798,1,3,1,1,14/02/2005,2,10:51,17,E09000025,3,117,One way street,30,None,-1,0,None within 50 metres,No physical crossing within 50 meters,Daylight: Street light present,Fine without high winds,Dry,None,None,1,Yes,E01003520,2005
8711,200501KF60120,544300.0,182870.0,0.078739,51.526258,1,3,2,1,14/02/2005,2,14:22,17,E09000025,6,0,One way street,30,Giveway or uncontrolled,6,0,None within 50 metres,No physical crossing within 50 meters,Daylight: Street light present,Fine without high winds,Dry,None,None,1,Yes,E01003482,2005
8712,200501KF60121,543030.0,181860.0,0.060034,51.517505,1,3,2,2,16/02/2005,4,12:57,17,E09000025,3,117,Single carriageway,30,None,-1,0,None within 50 metres,No physical crossing within 50 meters,Daylight: Street light present,Fine without high winds,Dry,None,None,1,Yes,E01003482,2005
8713,200501KF60122,539160.0,184940.0,0.005511,51.546148,1,3,2,1,19/02/2005,7,08:48,17,E09000025,3,11,Single carriageway,30,None,-1,0,None within 50 metres,Zebra crossing,Daylight: Street light present,Fine without high winds,Dry,None,None,1,Yes,E01003616,2005
8714,200501KF60123,542080.0,185540.0,0.047836,51.550813,1,3,2,1,16/02/2005,4,19:15,17,E09000025,3,118,Single carriageway,30,Automatic traffic signal,3,117,None within 50 metres,Pedestrian phase at traffic signal junction,Darkness: Street lights present and lit,Fine without high winds,Dry,None,None,1,No,E01003591,2005
8715,200501KF60124,543070.0,181640.0,0.060521,51.515518,1,3,2,1,02/02/2005,4,18:20,17,E09000025,3,117,Single carriageway,30,Giveway or uncontrolled,3,117,None within 50 metres,No physical crossing within 50 meters,Darkness: Street lights present and lit,Fine without high winds,Dry,None,None,1,Yes,E01003486,2005
8716,200501KF60125,538660.0,184460.0,-0.001883,51.541958,1,3,1,1,09/02/2005,4,16:20,17,E09000025,6,0,Dual carriageway,30,Giveway or uncontrolled,3,11,None within 50 metres,Pedestrian phase at traffic signal junction,Daylight: Street light present,Fine without high winds,Dry,None,None,1,Yes,E01003620,2005
8717,200501KF60126,543970.0,182790.0,0.073952,51.525623,1,3,3,1,23/01/2005,1,22:35,17,E09000025,3,406,Dual carriageway,50,Giveway or uncontrolled,3,13,None within 50 metres,No physical crossing within 50 meters,Darkness: Street lights present and lit,Fine without high winds,Dry,None,None,1,Yes,E01003535,2005
8718,200501KF60127,543760.0,180890.0,0.070153,51.508604,1,3,2,1,07/02/2005,2,11:16,17,E09000025,3,117,Roundabout,30,Automatic traffic signal,3,1020,None within 50 metres,No physical crossing within 50 meters,Daylight: Street light present,Fine without high winds,Dry,None,None,1,Yes,E01003482,2005
8719,200501KF60128,541670.0,185290.0,0.041826,51.548669,1,3,2,1,21/02/2005,2,18:30,17,E09000025,3,118,Single carriageway,30,Giveway or uncontrolled,3,118,None within 50 metres,No physical crossing within 50 meters,Darkness: Street lights present and lit,Raining without high winds,Wet/Damp,None,None,1,Yes,E01003586,2005
8720,200501KF60129,541020.0,182300.0,0.031261,51.521964,1,3,1,1,24/02/2005,5,09:50,17,E09000025,6,0,Single carriageway,30,Giveway or uncontrolled,3,112,None within 50 metres,Zebra crossing,Daylight: Street light present,Raining without high winds,Wet/Damp,None,None,1,Yes,E01003601,2005
8721,200501KF60130,541140.0,181760.0,0.032773,51.517082,1,3,2,1,25/02/2005,6,13:50,17,E09000025,3,13,Dual carriageway,40,None,-1,0,None within 50 metres,No physical crossing within 50 meters,Daylight: Street light present,Fine without high winds,Dry,None,None,1,Yes,E01003604,2005
8722,200501KF60132,542940.0,182180.0,0.058868,51.520404,1,3,2,1,23/02/2005,4,06:10,17,E09000025,3,117,Dual carriageway,30,Giveway or uncontrolled,3,13,None within 50 metres,No physical crossing within 50 meters,Daylight: Street light present,Snowing without high winds,Snow,None,None,1,Yes,E01003482,2005
8723,200501KF60133,542820.0,182470.0,0.057257,51.52304,1,3,3,2,08/02/2005,3,20:19,17,E09000025,3,117,Single carriageway,30,Giveway or uncontrolled,6,0,None within 50 metres,No physical crossing within 50 meters,Darkness: Street lights present and lit,Fine without high winds,Dry,None,None,1,Yes,E01003538,2005
8724,200501KF60134,540050.0,183320.0,0.017693,51.531371,1,3,2,1,23/02/2005,4,16:10,17,E09000025,3,112,Single carriageway,30,None,-1,0,None within 50 metres,No physical crossing within 50 meters,Daylight: Street light present,Fine without high winds,Dry,None,None,1,Yes,E01003630,2005
8725,200501KF60135,539380.0,183740.0,0.008207,51.535311,1,3,1,1,24/02/2005,5,19:05,17,E09000025,3,112,Single carriageway,30,None,-1,0,None within 50 metres,No physical crossing within 50 meters,Darkness: Street lights present and lit,Snowing without high winds,Snow,None,None,1,Yes,E01003633,2005
8726,200501KF60136,540310.0,185900.0,0.022467,51.55449,1,3,1,1,28/02/2005,2,08:24,17,E09000025,5,0,Single carriageway,30,Giveway or uncontrolled,4,161,None within 50 metres,No physical crossing within 50 meters,Daylight: Street light present,Fine without high winds,Dry,None,None,1,Yes,E01003550,2005
8727,200501KF60137,539130.0,182340.0,0.004052,51.522792,1,3,2,1,10/02/2005,5,14:20,17,E09000025,3,1011,Single carriageway,30,None,-1,0,None within 50 metres,No physical crossing within 50 meters,Daylight: Street light present,Raining without high winds,Wet/Damp,None,None,1,No,E01003500,2005
8728,200501KF60138,539140.0,184050.0,0.004871,51.538156,1,3,2,1,10/02/2005,5,16:50,17,E09000025,3,112,Single carriageway,30,None,-1,0,None within 50 metres,No physical crossing within 50 meters,Daylight: Street light present,Fine without high winds,Dry,None,None,1,No,E01003636,2005
8729,200501KF60139,539130.0,184480.0,0.004897,51.542022,1,3,2,1,15/02/2005,3,17:20,17,E09000025,3,118,Single carriageway,30,None,-1,0,None within 50 metres,No physical crossing within 50 meters,Darkness: Street lights present and lit,Fine without high winds,Dry,None,None,1,No,E01003619,2005
8730,200501KF60140,542470.0,181680.0,0.051896,51.516029,1,3,1,1,27/02/2005,1,00:53,17,E09000025,5,0,Roundabout,30,Giveway or uncontrolled,6,0,None within 50 metres,No physical crossing within 50 meters,Darkness: Street lights present and lit,Fine without high winds,Dry,None,None,1,Yes,E01003486,2005
8731,200501KF60146,543420.0,183820.0,0.066449,51.535019,1,3,3,1,28/02/2005,2,15:30,17,E09000025,3,124,Single carriageway,30,None,-1,0,None within 50 metres,No physical crossing within 50 meters,Daylight: Street light present,Fine without high winds,Dry,None,None,1,Yes,E01003622,2005
8732,200501KF60148,542960.0,182160.0,0.059148,51.520219,1,3,2,2,03/03/2005,5,18:45,17,E09000025,3,117,Slip road,30,Automatic traffic signal,3,13,None within 50 metres,No physical crossing within 50 meters,Darkness: Street lights present and lit,Fine without high winds,Dry,None,None,1,No,E01003482,2005
8733,200501KF60149,540940.0,185070.0,0.031216,51.546875,1,3,2,1,08/03/2005,3,06:55,17,E09000025,3,118,Single carriageway,30,Automatic traffic signal,4,167,None within 50 metres,No physical crossing within 50 meters,Daylight: Street light present,Fine without high winds,Dry,None,None,1,Yes,E01003567,2005
8734,200501KF60150,538520.0,183820.0,-0.004153,51.536241,1,3,2,2,06/03/2005,1,10:37,17,E09000025,3,11,Dual carriageway,30,Automatic traffic signal,3,115,None within 50 metres,Pedestrian phase at traffic signal junction,Daylight: Street light present,Fine without high winds,Dry,None,None,1,Yes,E01003620,2005
8735,200501KF60151,539330.0,182530.0,0.007008,51.52445,1,3,2,1,06/03/2005,1,14:00,17,E09000025,5,0,Single carriageway,30,Giveway or uncontrolled,6,0,None within 50 metres,No physical crossing within 50 meters,Daylight: Street light present,Fine without high winds,Dry,None,None,1,Yes,E01003500,2005
8736,200501KF60152,541130.0,184110.0,0.03357,51.538201,1,3,1,1,05/03/2005,7,13:37,17,E09000025,4,167,Single carriageway,30,None,-1,0,None within 50 metres,No physical crossing within 50 meters,Daylight: Street light present,Fine without high winds,Dry,None,None,1,Yes,E01003569,2005
8737,200501KF60153,541220.0,184330.0,0.034955,51.540156,1,3,2,1,09/03/2005,4,11:00,17,E09000025,6,0,Single carriageway,30,None,-1,0,None within 50 metres,No physical crossing within 50 meters,Daylight: Street light present,Fine without high winds,Dry,None,None,1,No,E01003564,2005
8738,200501KF60154,539440.0,181530.0,0.008197,51.515437,1,3,2,1,25/03/2005,6,21:42,17,E09000025,3,13,Dual carriageway,40,None,-1,0,None within 50 metres,No physical crossing within 50 meters,Darkness: Street lights present and lit,Fine without high winds,Dry,None,None,1,Yes,E01003503,2005
8739,200501KF60155,542120.0,185280.0,0.048307,51.548466,1,3,1,2,10/02/2005,5,18:00,17,E09000025,6,0,Single carriageway,30,Giveway or uncontrolled,3,117,None within 50 metres,No physical crossing within 50 meters,Darkness: Street lights present and lit,Raining without high winds,Wet/Damp,None,None,1,Yes,E01003587,2005
8740,200501KF60156,541060.0,184510.0,0.032721,51.541813,1,3,1,1,23/02/2005,4,03:33,17,E09000025,4,167,Single carriageway,30,Giveway or uncontrolled,4,167,None within 50 metres,No physical crossing within 50 meters,Darkness: Street lights present and lit,Snowing without high winds,Snow,None,None,1,Yes,E01003562,2005
8741,200501KF60157,542680.0,185270.0,0.056374,51.548235,1,3,1,1,06/03/2005,1,18:50,17,E09000025,5,0,Single carriageway,30,Giveway or uncontrolled,5,0,None within 50 metres,No physical crossing within 50 meters,Darkness: Street lights present and lit,Fine without high winds,Dry,None,None,1,Yes,E01003579,2005
8742,200501KF60158,543490.0,182500.0,0.06692,51.52314,1,3,3,2,07/03/2005,2,18:27,17,E09000025,3,13,Dual carriageway,40,None,-1,0,None within 50 metres,No physical crossing within 50 meters,Darkness: Street lights present and lit,Raining without high winds,Wet/Damp,None,None,1,Yes,E01003536,2005
8743,200501KF60159,540410.0,182360.0,0.022498,51.522655,1,3,1,2,07/03/2005,2,13:45,17,E09000025,4,166,Single carriageway,30,None,-1,0,None within 50 metres,No physical crossing within 50 meters,Daylight: Street light present,Raining without high winds,Wet/Damp,None,None,1,Yes,E01003499,2005
8744,200501KF60160,543850.0,182780.0,0.07222,51.525564,1,3,2,1,20/03/2005,1,21:20,17,E09000025,3,13,Roundabout,30,Automatic traffic signal,3,406,None within 50 metres,No physical crossing within 50 meters,Darkness: Street lights present and lit,Fine without high winds,Dry,None,None,1,Yes,E01003535,2005
8745,200501KF60161,543770.0,182620.0,0.071002,51.524147,1,3,2,1,15/03/2005,3,10:10,17,E09000025,3,13,Slip road,30,None,-1,0,None within 50 metres,No physical crossing within 50 meters,Daylight: Street light present,Fine without high winds,Dry,None,None,1,Yes,E01003482,2005
8746,200501KF60162,541070.0,181480.0,0.031653,51.514583,1,3,2,1,10/03/2005,5,11:35,17,E09000025,6,0,Single carriageway,30,Giveway or uncontrolled,3,112,None within 50 metres,No physical crossing within 50 meters,Daylight: Street light present,Raining without high winds,Wet/Damp,None,None,1,Yes,E01003516,2005
8747,200501KF60165,541320.0,184670.0,0.036532,51.543186,1,3,2,1,21/03/2005,2,13:01,17,E09000025,6,0,Single carriageway,30,Giveway or uncontrolled,4,109,None within 50 metres,No physical crossing within 50 meters,Daylight: Street light present,Fine without high winds,Dry,None,None,1,Yes,E01003562,2005
8748,200501KF60166,540650.0,185110.0,0.027053,51.547307,1,3,1,1,17/03/2005,5,16:00,17,E09000025,6,0,Single carriageway,30,None,-1,0,None within 50 metres,No physical crossing within 50 meters,Daylight: Street light present,Fine without high winds,Dry,None,None,1,Yes,E01003556,2005
8749,200501KF60167,540920.0,185060.0,0.030924,51.54679,1,3,1,1,19/03/2005,7,23:50,17,E09000025,3,118,Single carriageway,30,Giveway or uncontrolled,4,167,None within 50 metres,No physical crossing within 50 meters,Darkness: Street lights present and lit,Fine without high winds,Dry,None,None,1,Yes,E01003570,2005
8750,200501KF60168,543200.0,180060.0,0.061752,51.501288,1,3,2,1,06/03/2005,1,13:27,17,E09000025,6,0,Single carriageway,30,Giveway or uncontrolled,6,0,None within 50 metres,No physical crossing within 50 meters,Daylight: Street light present,Fine without high winds,Dry,None,None,1,Yes,E01003611,2005
8751,200501KF60169,539420.0,184560.0,0.009108,51.54267,1,3,2,2,13/03/2005,1,07:20,17,E09000025,3,118,Single carriageway,30,Automatic traffic signal,4,164,None within 50 metres,No physical crossing within 50 meters,Daylight: Street light present,Fine without high winds,Dry,None,None,1,Yes,E01003618,2005
8752,200501KF60170,542540.0,184590.0,0.054081,51.54216,1,3,1,1,17/03/2005,5,15:20,17,E09000025,6,0,One way street,30,None,-1,0,None within 50 metres,No physical crossing within 50 meters,Daylight: Street light present,Fine without high winds,Dry,None,None,1,Yes,E01003532,2005
8753,200501KF60171,538030.0,184300.0,-0.011025,51.540675,1,3,1,1,22/03/2005,3,09:10,17,E09000025,3,115,Single carriageway,30,None,-1,0,None within 50 metres,No physical crossing within 50 meters,Daylight: Street light present,Raining without high winds,Wet/Damp,None,None,1,Yes,E01003613,2005
8754,200501KF60172,540390.0,183180.0,0.022536,51.530029,1,3,2,1,22/03/2005,3,19:17,17,E09000025,3,112,Single carriageway,30,None,-1,0,None within 50 metres,No physical crossing within 50 meters,Darkness: Street lights present and lit,Fine without high winds,Dry,None,None,1,Yes,E01003595,2005
8755,200501KF60173,540740.0,185030.0,0.028318,51.546566,1,3,2,1,22/03/2005,3,14:20,17,E09000025,3,118,Dual carriageway,30,Giveway or uncontrolled,6,0,None within 50 metres,No physical crossing within 50 meters,Daylight: Street light present,Fine without high winds,Dry,None,None,1,Yes,E01003570,2005
8756,200501KF60174,539810.0,181850.0,0.013653,51.518221,1,2,1,1,23/03/2005,4,16:12,17,E09000025,3,124,Single carriageway,30,None,-1,0,None within 50 metres,No physical crossing within 50 meters,Daylight: Street light present,Fine without high winds,Dry,None,None,1,Yes,E01003502,2005
8757,200501KF60175,539170.0,183140.0,0.004944,51.529971,1,3,2,1,24/03/2005,5,08:30,17,E09000025,3,1011,Single carriageway,30,None,-1,0,None within 50 metres,No physical crossing within 50 meters,Daylight: Street light present,Raining without high winds,Wet/Damp,None,None,1,Yes,E01003631,2005
8758,200501KF60176,540520.0,183110.0,0.024381,51.529367,1,3,1,1,05/04/2005,3,09:30,17,E09000025,3,112,Single carriageway,30,Automatic traffic signal,4,166,None within 50 metres,Pedestrian phase at traffic signal junction,Daylight: Street light present,Fine without high winds,Dry,None,None,1,Yes,E01003600,2005
8759,200501KF60177,540690.0,180110.0,0.025634,51.502367,1,3,1,1,03/03/2005,5,07:15,17,E09000025,3,1011,Single carriageway,30,Giveway or uncontrolled,6,0,None within 50 metres,No physical crossing within 50 meters,Daylight: Street light present,Fine without high winds,Dry,None,None,1,Yes,E01003612,2005
8760,200501KF60178,540640.0,185870.0,0.027212,51.554139,1,3,1,1,06/03/2005,1,16:20,17,E09000025,6,0,Single carriageway,30,None,-1,0,None within 50 metres,No physical crossing within 50 meters,Daylight: Street light present,Fine without high winds,Dry,None,None,1,Yes,E01003543,2005
8761,200501KF60180,541370.0,183220.0,0.036671,51.530144,1,3,2,1,22/03/2005,3,15:30,17,E09000025,3,124,Single carriageway,30,Giveway or uncontrolled,6,0,None within 50 metres,No physical crossing within 50 meters,Daylight: Street light present,Fine without high winds,Dry,None,None,1,Yes,E01003491,2005
8762,200501KF60181,542060.0,185520.0,0.047539,51.550638,1,3,2,1,23/03/2005,4,20:58,17,E09000025,3,118,Dual carriageway,30,Automatic traffic signal,3,117,None within 50 metres,Pedestrian phase at traffic signal junction,Darkness: Street lights present and lit,Fine without high winds,Dry,None,None,1,Yes,E01003591,2005
8763,200501KF60182,540590.0,184900.0,0.026104,51.545435,1,3,2,1,18/03/2005,6,16:09,17,E09000025,6,0,Single carriageway,30,Giveway or uncontrolled,3,114,None within 50 metres,No physical crossing within 50 meters,Darkness: Street lights present and lit,Fine without high winds,Dry,None,None,1,Yes,E01003558,2005
8764,200501KF60183,542060.0,181700.0,0.045999,51.516312,1,3,2,1,20/03/2005,1,11:00,17,E09000025,5,0,Roundabout,30,Giveway or uncontrolled,6,0,None within 50 metres,No physical crossing within 50 meters,Daylight: Street light present,Fine without high winds,Dry,None,None,1,No,E01003513,2005
8765,200501KF60185,541080.0,182030.0,0.032017,51.519523,1,3,4,1,26/03/2005,7,16:30,17,E09000025,3,112,Single carriageway,30,Giveway or uncontrolled,6,0,None within 50 metres,No physical crossing within 50 meters,Daylight: Street light present,Fine without high winds,Dry,None,None,1,Yes,E01003601,2005
8766,200501KF60187,541080.0,181600.0,0.031845,51.515659,1,3,2,1,13/01/2005,5,17:03,17,E09000025,3,112,Single carriageway,30,Giveway or uncontrolled,6,0,None within 50 metres,non-junction pedestrian crossing,Darkness: Street lights present and lit,Fine without high winds,Dry,None,None,1,Yes,E01003517,2005
8767,200501KF60188,541110.0,181750.0,0.032337,51.516999,1,3,2,1,29/03/2005,3,23:35,17,E09000025,3,13,Dual carriageway,30,Automatic traffic signal,3,112,None within 50 metres,Pedestrian phase at traffic signal junction,Darkness: Street lights present and lit,Fine without high winds,Dry,None,None,1,No,E01003604,2005
8768,200501KF60189,538870.0,184300.0,0.001079,51.540469,1,3,2,1,02/04/2005,7,12:27,17,E09000025,3,11,Single carriageway,30,None,-1,0,None within 50 metres,No physical crossing within 50 meters,Daylight: Street light present,Fine without high winds,Dry,None,None,1,Yes,E01003619,2005
8769,200501KF60190,539660.0,181730.0,0.011445,51.51718,1,3,1,1,08/03/2005,3,08:14,17,E09000025,3,124,Single carriageway,30,None,-1,0,None within 50 metres,non-junction pedestrian crossing,Daylight: Street light present,Fine without high winds,Dry,None,None,1,Yes,E01003502,2005
8770,200501KF60191,539760.0,181810.0,0.012917,51.517874,1,3,1,1,29/03/2005,3,11:00,17,E09000025,3,124,Single carriageway,30,None,-1,0,None within 50 metres,No physical crossing within 50 meters,Daylight: Street light present,Fine without high winds,Dry,None,None,1,Yes,E01003502,2005
8771,200501KF60193,543120.0,184560.0,0.062427,51.541744,1,3,2,1,04/04/2005,2,10:28,17,E09000025,6,0,Single carriageway,30,Giveway or uncontrolled,6,0,None within 50 metres,No physical crossing within 50 meters,Daylight: Street light present,Fine without high winds,Dry,None,None,1,Yes,E01003625,2005
8772,200501KF60196,541800.0,182850.0,0.042717,51.526711,1,3,3,1,06/04/2005,4,15:42,17,E09000025,6,0,Single carriageway,30,Giveway or uncontrolled,6,0,None within 50 metres,No physical crossing within 50 meters,Daylight: Street light present,Fine without high winds,Dry,None,None,1,Yes,E01003494,2005
8773,200501KF60198,542290.0,184520.0,0.05045,51.541594,1,3,2,1,09/04/2005,7,10:15,17,E09000025,6,0,Single carriageway,30,Giveway or uncontrolled,3,117,None within 50 metres,Zebra crossing,Daylight: Street light present,Fine without high winds,Dry,None,None,1,Yes,E01003531,2005
8774,200501KF60199,543010.0,182190.0,0.05988,51.520476,1,3,2,2,09/04/2005,7,16:10,17,E09000025,3,13,Slip road,40,Giveway or uncontrolled,3,117,None within 50 metres,No physical crossing within 50 meters,Daylight: Street light present,Fine without high winds,Dry,None,None,1,Yes,E01003482,2005
8775,200501KF60200,542980.0,182190.0,0.059448,51.520483,1,3,2,1,09/04/2005,7,07:33,17,E09000025,3,13,Dual carriageway,40,None,-1,0,None within 50 metres,No physical crossing within 50 meters,Daylight: Street light present,Fine without high winds,Dry,None,None,1,Yes,E01003482,2005
8776,200501KF60201,540510.0,185170.0,0.025059,51.547881,1,3,1,1,08/04/2005,6,17:27,17,E09000025,3,114,Single carriageway,30,None,-1,0,None within 50 metres,No physical crossing within 50 meters,Daylight: Street light present,Raining without high winds,Wet/Damp,None,None,1,Yes,E01003556,2005
8777,200501KF60202,540290.0,181750.0,0.020527,51.517203,1,3,2,1,11/04/2005,2,18:05,17,E09000025,3,13,One way street,40,None,-1,0,None within 50 metres,No physical crossing within 50 meters,Daylight: Street light present,Fine without high winds,Dry,None,None,1,Yes,E01003508,2005
8778,200501KF60203,539320.0,184840.0,0.007777,51.54521,1,3,3,2,11/04/2005,2,11:52,17,E09000025,4,164,Single carriageway,30,Giveway or uncontrolled,6,0,None within 50 metres,No physical crossing within 50 meters,Daylight: Street light present,Fine without high winds,Dry,None,None,1,Yes,E01003559,2005
8779,200501KF60204,542110.0,185330.0,0.048183,51.548918,1,3,1,1,12/04/2005,3,19:00,17,E09000025,3,117,Single carriageway,30,Giveway or uncontrolled,6,0,None within 50 metres,Zebra crossing,Darkness: Street lights present and lit,Unknown,Dry,None,None,1,Yes,E01003587,2005
8780,200501KF60205,540910.0,182760.0,0.02986,51.526125,1,2,1,1,13/04/2005,4,14:45,17,E09000025,3,124,Single carriageway,30,Giveway or uncontrolled,3,112,None within 50 metres,No physical crossing within 50 meters,Daylight: Street light present,Fine without high winds,Dry,None,None,1,Yes,E01003601,2005
8781,200501KF60206,540990.0,186850.0,0.03265,51.562858,1,2,2,1,13/04/2005,4,11:12,14,E09000026,3,116,Single carriageway,30,Giveway or uncontrolled,6,0,None within 50 metres,No physical crossing within 50 meters,Daylight: Street light present,Raining without high winds,Wet/Damp,None,None,1,Yes,E01003793,2005
8782,200501KF60207,539510.0,185550.0,0.010797,51.551544,1,3,1,1,18/04/2005,2,19:40,17,E09000025,6,0,Single carriageway,30,Giveway or uncontrolled,6,0,None within 50 metres,No physical crossing within 50 meters,Darkness: Street lights present and lit,Fine without high winds,Dry,None,None,1,Yes,E01003548,2005
8783,200501KF60208,539330.0,183770.0,0.007498,51.535593,1,3,2,1,21/04/2005,5,17:50,17,E09000025,3,112,Single carriageway,30,Giveway or uncontrolled,6,0,None within 50 metres,Zebra crossing,Daylight: Street light present,Fine without high winds,Dry,None,None,1,Yes,E01003636,2005
8784,200501KF60209,541550.0,182770.0,0.039083,51.526055,1,3,2,1,05/04/2005,3,08:30,17,E09000025,5,0,Single carriageway,30,Giveway or uncontrolled,6,0,None within 50 metres,No physical crossing within 50 meters,Daylight: Street light present,Fine without high winds,Dry,None,None,1,No,E01003603,2005
8785,200501KF60210,539730.0,181610.0,0.012405,51.516084,1,3,2,1,23/04/2005,7,16:00,17,E09000025,3,13,Dual carriageway,40,None,-1,0,None within 50 metres,No physical crossing within 50 meters,Daylight: Street light present,Fine without high winds,Dry,None,None,1,Yes,E01003505,2005
8786,200501KF60211,542230.0,183460.0,0.049158,51.532085,1,3,2,1,24/04/2005,1,10:40,17,E09000025,3,124,Single carriageway,30,Automatic traffic signal,6,0,None within 50 metres,Pedestrian phase at traffic signal junction,Daylight: Street light present,Fine without high winds,Dry,None,None,1,Yes,E01003525,2005
8787,200501KF60212,539730.0,184700.0,0.01363,51.543851,1,3,2,1,25/04/2005,2,09:30,17,E09000025,3,118,Single carriageway,30,None,-1,0,None within 50 metres,No physical crossing within 50 meters,Daylight: Street light present,Raining without high winds,Wet/Damp,None,None,1,No,E01003553,2005
8788,200501KF60213,539220.0,181460.0,0.005001,51.514862,1,3,2,2,01/05/2005,1,14:18,17,E09000025,3,13,Dual carriageway,50,None,-1,0,None within 50 metres,No physical crossing within 50 meters,Daylight: Street light present,Fine without high winds,Dry,None,None,1,No,E01003497,2005
8789,200501KF60214,540750.0,182880.0,0.027603,51.527243,1,3,1,1,09/05/2005,2,18:04,17,E09000025,3,112,Single carriageway,30,None,-1,0,None within 50 metres,No physical crossing within 50 meters,Daylight: Street light present,Fine without high winds,Dry,None,None,1,Yes,E01003607,2005
8790,200501KF60215,540510.0,183110.0,0.024237,51.52937,1,3,2,1,20/04/2005,4,17:00,17,E09000025,3,112,Single carriageway,30,Giveway or uncontrolled,4,166,None within 50 metres,No physical crossing within 50 meters,Daylight: Street light present,Fine without high winds,Dry,None,None,1,No,E01003595,2005
8791,200501KF60216,540590.0,181740.0,0.024843,51.517039,1,3,2,1,20/04/2005,4,18:30,17,E09000025,3,13,Dual carriageway,70,Automatic traffic signal,5,0,None within 50 metres,Pedestrian phase at traffic signal junction,Daylight: Street light present,Fine without high winds,Dry,None,None,1,No,E01003517,2005
8792,200501KF60217,537720.0,185510.0,-0.015019,51.551624,1,3,2,1,20/04/2005,4,18:10,17,E09000025,3,12,Dual carriageway,40,None,-1,0,None within 50 metres,No physical crossing within 50 meters,Daylight: Street light present,Fine without high winds,Dry,None,None,1,No,E01003614,2005
8793,200501KF60219,539420.0,183700.0,0.008767,51.534942,1,3,2,1,20/03/2005,1,03:35,17,E09000025,3,1011,Single carriageway,30,Automatic traffic signal,3,112,None within 50 metres,Pedestrian phase at traffic signal junction,Darkness: Street lights present and lit,Fine without high winds,Dry,None,None,1,Yes,E01003633,2005
8794,200501KF60220,540500.0,182990.0,0.024045,51.528294,1,3,1,1,25/03/2005,6,12:45,17,E09000025,4,166,Single carriageway,30,Giveway or uncontrolled,6,0,None within 50 metres,No physical crossing within 50 meters,Daylight: Street light present,Fine without high winds,Dry,None,None,1,Yes,E01003595,2005
8795,200501KF60222,541140.0,183790.0,0.033586,51.535323,1,3,2,1,27/02/2005,1,14:25,17,E09000025,6,0,Dual carriageway,30,None,-1,0,None within 50 metres,No physical crossing within 50 meters,Daylight: Street light present,Fine without high winds,Dry,None,None,1,No,E01003569,2005
8796,200501KF60223,539760.0,180950.0,0.012576,51.510146,1,3,2,1,02/03/2005,4,15:40,17,E09000025,3,1020,Single carriageway,30,Giveway or uncontrolled,6,0,None within 50 metres,No physical crossing within 50 meters,Darkness: Street lights present and lit,Fine without high winds,Wet/Damp,None,None,1,No,E01003504,2005
8797,200501KF60224,539720.0,181780.0,0.012329,51.517614,1,3,2,1,03/05/2005,3,23:15,17,E09000025,3,124,Single carriageway,30,None,-1,0,None within 50 metres,No physical crossing within 50 meters,Darkness: Street lights present and lit,Fine without high winds,Dry,None,None,1,No,E01003502,2005
8798,200501KF60225,542460.0,185220.0,0.053183,51.547842,1,3,2,1,07/03/2005,2,13:00,17,E09000025,6,0,Single carriageway,30,Giveway or uncontrolled,6,0,None within 50 metres,No physical crossing within 50 meters,Daylight: Street light present,Fine without high winds,Dry,None,None,1,No,E01003575,2005
8799,200501KF60226,541820.0,181720.0,0.042551,51.516552,1,3,2,1,10/03/2005,5,17:00,17,E09000025,5,0,Single carriageway,30,None,-1,0,None within 50 metres,No physical crossing within 50 meters,Daylight: Street light present,Fine without high winds,Dry,None,None,1,No,E01003518,2005
8800,200501KF60227,542300.0,184360.0,0.05053,51.540154,1,3,2,1,01/03/2005,3,16:15,17,E09000025,4,165,Single carriageway,30,Automatic traffic signal,3,117,None within 50 metres,Pedestrian phase at traffic signal junction,Daylight: Street light present,Fine without high winds,Dry,None,None,1,No,E01003531,2005
8801,200501KF60229,540590.0,184790.0,0.02606,51.544446,1,3,1,1,01/04/2005,6,14:30,17,E09000025,3,114,Single carriageway,30,Giveway or uncontrolled,6,0,None within 50 metres,No physical crossing within 50 meters,Daylight: Street light present,Fine without high winds,Dry,None,None,1,Yes,E01003558,2005
8802,200501KF60230,540030.0,182000.0,0.016881,51.519514,1,2,1,1,05/04/2005,3,14:49,17,E09000025,3,124,Dual carriageway,30,Giveway or uncontrolled,3,124,None within 50 metres,No physical crossing within 50 meters,Daylight: Street light present,Fine without high winds,Dry,None,None,1,Yes,E01003502,2005
8803,200501KF60231,541760.0,181700.0,0.041678,51.516387,1,2,2,1,19/03/2005,7,20:05,17,E09000025,5,0,Single carriageway,30,Giveway or uncontrolled,5,0,None within 50 metres,No physical crossing within 50 meters,Darkness: Street lights present and lit,Fine without high winds,Dry,None,None,1,Yes,E01003518,2005
8804,200501KF60232,541960.0,185970.0,0.046279,51.554707,1,3,3,3,04/04/2005,2,11:17,17,E09000025,3,117,Single carriageway,30,Giveway or uncontrolled,3,117,None within 50 metres,No physical crossing within 50 meters,Daylight: Street light present,Fine without high winds,Dry,None,None,1,Yes,E01003590,2005
8805,200501KF60233,540500.0,183790.0,0.024364,51.535483,1,3,2,1,05/04/2005,3,14:00,17,E09000025,6,0,Single carriageway,30,Giveway or uncontrolled,6,0,None within 50 metres,No physical crossing within 50 meters,Daylight: Street light present,Fine without high winds,Dry,None,None,1,No,E01003597,2005
8806,200501KF60234,539830.0,183190.0,0.014472,51.530257,1,3,1,1,06/04/2005,4,09:32,17,E09000025,6,0,Single carriageway,30,None,-1,0,None within 50 metres,No physical crossing within 50 meters,Daylight: Street light present,Raining without high winds,Wet/Damp,None,None,1,Yes,E01003593,2005
8807,200501KF60235,538930.0,184350.0,0.001963,51.540903,1,3,1,2,11/04/2005,2,20:11,17,E09000025,3,112,Single carriageway,30,Automatic traffic signal,3,112,None within 50 metres,Pedestrian phase at traffic signal junction,Darkness: Street lights present and lit,Fine without high winds,Dry,None,None,1,Yes,E01003619,2005
8808,200501KF60236,542530.0,183860.0,0.053642,51.535603,1,3,1,1,13/04/2005,4,16:30,17,E09000025,6,0,Single carriageway,30,None,-1,0,None within 50 metres,No physical crossing within 50 meters,Daylight: Street light present,Fine without high winds,Dry,None,None,1,Yes,E01003521,2005
8809,200501KF60237,542740.0,181030.0,0.055522,51.51012,1,3,2,1,12/04/2005,3,23:50,17,E09000025,6,0,Single carriageway,30,None,-1,0,None within 50 metres,No physical crossing within 50 meters,Darkness: Street lights present and lit,Fine without high winds,Dry,None,None,1,No,E01003481,2005
8810,200501KF60238,540830.0,182690.0,0.028679,51.525516,1,3,1,1,17/04/2005,1,15:30,17,E09000025,3,124,Single carriageway,30,Giveway or uncontrolled,6,0,None within 50 metres,No physical crossing within 50 meters,Daylight: Street light present,Fine without high winds,Dry,None,None,1,Yes,E01003602,2005
8811,200501KF60239,539090.0,184770.0,0.004435,51.544638,1,3,2,1,18/04/2005,2,00:55,17,E09000025,6,0,Single carriageway,30,Giveway or uncontrolled,3,11,None within 50 metres,No physical crossing within 50 meters,Darkness: Street lights present and lit,Raining without high winds,Wet/Damp,None,None,1,Yes,E01003617,2005
8812,200501KF60240,541370.0,185180.0,0.037458,51.547756,1,2,1,1,18/04/2005,2,21:42,17,E09000025,3,118,Single carriageway,30,Giveway or uncontrolled,6,0,None within 50 metres,No physical crossing within 50 meters,Darkness: Street lights present and lit,Fine without high winds,Dry,None,None,1,Yes,E01003567,2005
8813,200501KF60241,543060.0,181640.0,0.060377,51.515521,1,3,2,1,19/04/2005,3,11:02,17,E09000025,3,117,Roundabout,30,Giveway or uncontrolled,3,117,None within 50 metres,No physical crossing within 50 meters,Daylight: Street light present,Fine without high winds,Dry,None,None,1,Yes,E01003486,2005
8814,200501KF60242,540850.0,182050.0,0.028712,51.51976,1,2,2,1,20/04/2005,4,19:39,17,E09000025,6,0,Single carriageway,30,Giveway or uncontrolled,6,0,None within 50 metres,No physical crossing within 50 meters,Darkness: Street lights present and lit,Fine without high winds,Dry,None,None,1,Yes,E01003604,2005
8815,200501KF60243,542720.0,185920.0,0.057214,51.554066,1,3,2,2,22/04/2005,6,14:02,17,E09000025,6,0,Single carriageway,30,Giveway or uncontrolled,3,118,None within 50 metres,No physical crossing within 50 meters,Daylight: Street light present,Fine without high winds,Dry,None,None,1,Yes,E01003576,2005
8816,200501KF60244,539280.0,184510.0,0.00707,51.542255,1,3,2,1,15/04/2005,6,11:35,17,E09000025,3,118,Single carriageway,30,Giveway or uncontrolled,6,0,None within 50 metres,No physical crossing within 50 meters,Daylight: Street light present,Fine without high winds,Dry,None,None,1,Yes,E01003618,2005
8817,200501KF60245,542700.0,183240.0,0.05584,51.529989,1,3,1,1,22/04/2005,6,16:59,17,E09000025,3,117,Single carriageway,30,None,-1,0,None within 50 metres,No physical crossing within 50 meters,Daylight: Street light present,Fine without high winds,Dry,None,None,1,Yes,E01003523,2005
8818,200501KF60246,539650.0,181730.0,0.011301,51.517182,1,2,1,1,30/04/2005,7,10:25,17,E09000025,3,124,Single carriageway,30,None,-1,0,None within 50 metres,Pedestrian phase at traffic signal junction,Daylight: Street light present,Fine without high winds,Dry,None,None,1,Yes,E01003502,2005
8819,200501KF60247,542380.0,185710.0,0.052228,51.552265,1,3,2,1,25/04/2005,2,17:06,17,E09000025,3,118,Single carriageway,30,Giveway or uncontrolled,6,0,None within 50 metres,No physical crossing within 50 meters,Daylight: Street light present,Fine without high winds,Dry,None,None,1,Yes,E01003578,2005
8820,200501KF60248,540640.0,183980.0,0.026457,51.537155,1,2,2,1,12/05/2005,5,00:01,17,E09000025,4,165,Single carriageway,30,Giveway or uncontrolled,6,0,None within 50 metres,No physical crossing within 50 meters,Darkness: Street lights present and lit,Fine without high winds,Dry,None,None,1,Yes,E01003596,2005
8821,200501KF60249,542900.0,183660.0,0.058892,51.533713,1,3,2,1,25/04/2005,2,12:35,17,E09000025,6,0,Single carriageway,30,Giveway or uncontrolled,3,124,None within 50 metres,No physical crossing within 50 meters,Daylight: Street light present,Raining without high winds,Wet/Damp,None,None,1,No,E01003622,2005
8822,200501KF60250,543730.0,180800.0,0.069684,51.507803,1,3,2,1,28/04/2005,5,14:30,17,E09000025,3,117,Roundabout,50,Automatic traffic signal,3,1020,None within 50 metres,No physical crossing within 50 meters,Daylight: Street light present,Fine without high winds,Dry,None,None,1,No,E01003482,2005
8823,200501KF60251,538490.0,183810.0,-0.004589,51.536159,1,3,2,2,29/04/2005,6,17:45,17,E09000025,3,115,Single carriageway,30,Automatic traffic signal,3,11,None within 50 metres,No physical crossing within 50 meters,Daylight: Street light present,Fine without high winds,Dry,None,None,1,No,E01003613,2005
8824,200501KF60252,541650.0,180190.0,0.039488,51.502846,1,3,1,2,27/04/2005,4,00:25,17,E09000025,3,1011,Roundabout,30,Giveway or uncontrolled,3,1011,None within 50 metres,No physical crossing within 50 meters,Darkness: Street lights present and lit,Fine without high winds,Dry,None,None,1,Yes,E01003609,2005
8825,200501KF60253,540590.0,181730.0,0.024839,51.516949,1,3,2,1,01/05/2005,1,18:40,17,E09000025,5,0,Dual carriageway,50,Automatic traffic signal,3,13,None within 50 metres,Pedestrian phase at traffic signal junction,Daylight: Street light present,Fine without high winds,Dry,None,None,1,No,E01003517,2005
8826,200501KF60254,539140.0,184930.0,0.005219,51.546063,1,3,2,1,02/05/2005,2,18:05,17,E09000025,6,0,Single carriageway,30,Giveway or uncontrolled,3,11,None within 50 metres,Zebra crossing,Daylight: Street light present,Fine without high winds,Dry,None,None,1,No,E01003616,2005
8827,200501KF60255,540160.0,182120.0,0.018801,51.520561,1,3,1,1,28/04/2005,5,07:52,17,E09000025,3,124,Single carriageway,30,Giveway or uncontrolled,6,0,None within 50 metres,No physical crossing within 50 meters,Daylight: Street light present,Fine without high winds,Dry,None,None,1,Yes,E01003501,2005
8828,200501KF60256,539550.0,181290.0,0.009686,51.513253,1,3,2,1,25/04/2005,2,21:00,17,E09000025,3,1011,Single carriageway,30,None,-1,0,None within 50 metres,No physical crossing within 50 meters,Darkness: Street lights present and lit,Raining without high winds,Wet/Damp,None,None,1,Yes,E01003505,2005
8829,200501KF60257,539720.0,181610.0,0.012261,51.516087,1,3,3,1,26/04/2005,3,08:05,17,E09000025,3,13,Dual carriageway,50,None,-1,0,None within 50 metres,No physical crossing within 50 meters,Daylight: Street light present,Fine without high winds,Dry,None,None,1,No,E01003505,2005
8830,200501KF60258,542260.0,184620.0,0.050058,51.542501,1,3,2,1,27/04/2005,4,08:55,17,E09000025,6,0,Single carriageway,30,Giveway or uncontrolled,3,117,None within 50 metres,Zebra crossing,Daylight: Street light present,Fine without high winds,Dry,None,None,1,Yes,E01003529,2005
8831,200501KF60259,541270.0,183750.0,0.035443,51.534931,1,3,1,1,29/04/2005,6,22:00,17,E09000025,6,0,Single carriageway,30,Giveway or uncontrolled,4,167,None within 50 metres,No physical crossing within 50 meters,Darkness: Street lights present and lit,Fine without high winds,Dry,None,None,1,Yes,E01003491,2005
8832,200501KF60261,540930.0,185070.0,0.031072,51.546878,1,3,2,1,30/04/2005,7,08:20,17,E09000025,3,118,Single carriageway,30,Automatic traffic signal,4,167,None within 50 metres,No physical crossing within 50 meters,Daylight: Street light present,Fine without high winds,Dry,None,None,1,Yes,E01003556,2005
8833,200501KF60262,541890.0,183340.0,0.044211,51.531092,1,3,1,1,30/04/2005,7,18:10,17,E09000025,3,124,Single carriageway,30,Giveway or uncontrolled,6,0,None within 50 metres,Zebra crossing,Daylight: Street light present,Fine without high winds,Dry,None,None,1,Yes,E01003493,2005
8834,200501KF60263,541230.0,183120.0,0.034614,51.52928,1,3,2,1,10/05/2005,3,14:35,17,E09000025,3,124,Single carriageway,30,Giveway or uncontrolled,6,0,None within 50 metres,No physical crossing within 50 meters,Daylight: Street light present,Fine without high winds,Dry,None,None,1,No,E01003605,2005
8835,200501KF60264,542060.0,185520.0,0.047539,51.550638,1,3,2,3,09/05/2005,2,15:30,17,E09000025,3,117,Dual carriageway,30,Automatic traffic signal,3,118,None within 50 metres,No physical crossing within 50 meters,Daylight: Street light present,Fine without high winds,Wet/Damp,None,None,1,Yes,E01003591,2005
8836,200501KF60265,538620.0,183550.0,-0.002818,51.533791,1,3,2,1,05/05/2005,5,14:40,17,E09000025,6,0,Single carriageway,30,Giveway or uncontrolled,6,0,None within 50 metres,No physical crossing within 50 meters,Daylight: Street light present,Fine without high winds,Dry,None,None,1,Yes,E01003613,2005
8837,200501KF60266,541850.0,185380.0,0.044456,51.549433,1,3,1,1,08/05/2005,1,19:19,17,E09000025,3,118,Single carriageway,30,None,-1,0,None within 50 metres,No physical crossing within 50 meters,Daylight: Street light present,Fine without high winds,Dry,None,None,1,Yes,E01003591,2005
8838,200501KF60267,539680.0,184680.0,0.012902,51.543684,1,3,2,1,02/05/2005,2,15:33,17,E09000025,3,118,Single carriageway,30,Giveway or uncontrolled,6,0,None within 50 metres,No physical crossing within 50 meters,Daylight: Street light present,Fine without high winds,Dry,None,None,1,Yes,E01003553,2005
8839,200501KF60268,542960.0,182170.0,0.059152,51.520309,1,3,2,1,30/04/2005,7,14:21,17,E09000025,3,13,One way street,40,Giveway or uncontrolled,3,117,None within 50 metres,No physical crossing within 50 meters,Daylight: Street light present,Fine without high winds,Dry,Roadworks,None,1,Yes,E01003482,2005
8840,200501KF60269,542470.0,183810.0,0.052757,51.535169,1,3,2,1,09/05/2005,2,17:35,17,E09000025,5,0,Single carriageway,30,Giveway or uncontrolled,5,0,None within 50 metres,No physical crossing within 50 meters,Daylight: Street light present,Fine without high winds,Dry,None,None,1,No,E01003521,2005
8841,200501KF60270,541320.0,184750.0,0.036564,51.543905,1,3,2,1,01/05/2005,1,18:50,17,E09000025,4,109,Single carriageway,30,Giveway or uncontrolled,6,0,None within 50 metres,No physical crossing within 50 meters,Daylight: Street light present,Fine without high winds,Dry,None,None,1,Yes,E01003562,2005
8842,200501KF60271,543040.0,183660.0,0.060909,51.533677,1,3,3,1,03/05/2005,3,15:00,17,E09000025,3,124,Single carriageway,30,Giveway or uncontrolled,6,0,None within 50 metres,No physical crossing within 50 meters,Daylight: Street light present,Fine without high winds,Dry,None,None,1,Yes,E01003622,2005
8843,200501KF60272,542840.0,182480.0,0.057549,51.523125,1,3,2,1,08/05/2005,1,19:21,17,E09000025,6,0,Single carriageway,30,None,-1,0,None within 50 metres,No physical crossing within 50 meters,Darkness: Street lights present and lit,Fine without high winds,Dry,None,None,1,Yes,E01003538,2005
8844,200501KF60273,542430.0,185520.0,0.052872,51.550545,1,3,4,1,10/05/2005,3,22:49,17,E09000025,6,0,One way street,30,None,-1,0,None within 50 metres,No physical crossing within 50 meters,Darkness: Street lights present and lit,Fine without high winds,Dry,None,None,1,Yes,E01003585,2005
8845,200501KF60274,543950.0,182810.0,0.073673,51.525808,1,3,2,2,14/05/2005,7,13:50,17,E09000025,3,406,Roundabout,50,Giveway or uncontrolled,3,13,None within 50 metres,No physical crossing within 50 meters,Daylight: Street light present,Fine without high winds,Dry,None,None,1,Yes,E01003535,2005
8846,200501KF60275,542310.0,184360.0,0.050674,51.540152,1,3,1,1,28/02/2005,2,12:24,17,E09000025,3,117,Single carriageway,30,Automatic traffic signal,4,165,None within 50 metres,Pedestrian phase at traffic signal junction,Daylight: Street light present,Fine without high winds,Dry,None,None,1,Yes,E01003531,2005
8847,200501KF60276,542240.0,185630.0,0.050178,51.551581,1,3,1,1,14/04/2005,5,19:15,17,E09000025,3,118,Dual carriageway,30,Giveway or uncontrolled,6,0,None within 50 metres,No physical crossing within 50 meters,Darkness: Street lights present and lit,Fine without high winds,Wet/Damp,None,None,1,Yes,E01003591,2005
8848,200501KF60277,541680.0,184100.0,0.041491,51.537974,1,3,2,1,14/04/2005,5,19:20,17,E09000025,4,165,Single carriageway,30,Giveway or uncontrolled,6,0,None within 50 metres,No physical crossing within 50 meters,Daylight: Street light present,Fine without high winds,Dry,None,Involvement with previous accident,1,Yes,E01003565,2005
8849,200501KF60278,539420.0,181500.0,0.007897,51.515172,1,3,2,1,17/04/2005,1,12:47,17,E09000025,3,1011,Roundabout,30,Giveway or uncontrolled,3,13,None within 50 metres,No physical crossing within 50 meters,Daylight: Street light present,Fine without high winds,Dry,None,None,1,Yes,E01003505,2005
8850,200501KF60280,543050.0,186080.0,0.062036,51.55542,1,3,2,2,29/04/2005,6,22:30,17,E09000025,3,118,Single carriageway,30,None,-1,0,None within 50 metres,No physical crossing within 50 meters,Darkness: Street lights present and lit,Fine without high winds,Dry,None,None,1,Yes,E01003576,2005
8851,200501KF60281,539190.0,185050.0,0.005987,51.547129,1,3,2,1,02/05/2005,2,21:35,17,E09000025,6,0,Single carriageway,30,Giveway or uncontrolled,3,11,None within 50 metres,No physical crossing within 50 meters,Darkness: Street lights present and lit,Fine without high winds,Dry,None,None,1,Yes,E01003616,2005
8852,200501KF60283,543250.0,181480.0,0.063049,51.514035,1,3,1,1,03/05/2005,3,18:30,17,E09000025,6,0,Single carriageway,30,Giveway or uncontrolled,6,0,None within 50 metres,No physical crossing within 50 meters,Daylight: Street light present,Fine without high winds,Dry,None,None,1,Yes,E01003486,2005
8853,200501KF60285,541960.0,183930.0,0.045457,51.536376,1,3,2,1,09/05/2005,2,14:00,17,E09000025,4,109,Single carriageway,30,Giveway or uncontrolled,6,0,None within 50 metres,No physical crossing within 50 meters,Daylight: Street light present,Fine without high winds,Dry,None,None,1,Yes,E01003490,2005
8854,200501KF60286,542870.0,179970.0,0.056965,51.500563,1,3,2,1,14/05/2005,7,20:30,17,E09000025,3,1011,Single carriageway,30,Automatic traffic signal,6,0,None within 50 metres,Pedestrian phase at traffic signal junction,Darkness: Street lights present and lit,Fine without high winds,Dry,None,None,1,No,E01003610,2005
8855,200501KF60287,542290.0,183960.0,0.050224,51.536562,1,3,1,1,12/05/2005,5,09:34,17,E09000025,6,0,Single carriageway,30,Giveway or uncontrolled,6,0,None within 50 metres,No physical crossing within 50 meters,Daylight: Street light present,Fine without high winds,Dry,None,None,1,Yes,E01003520,2005
8856,200501KF60288,543360.0,180920.0,0.064405,51.508975,1,3,1,1,13/05/2005,6,13:20,17,E09000025,6,0,Single carriageway,30,None,-1,0,None within 50 metres,No physical crossing within 50 meters,Daylight: Street light present,Fine without high winds,Dry,None,None,1,Yes,E01003480,2005
8857,200501KF60290,541590.0,182560.0,0.039575,51.524158,1,3,2,1,27/05/2005,6,18:10,17,E09000025,5,0,Single carriageway,30,Giveway or uncontrolled,5,0,None within 50 metres,No physical crossing within 50 meters,Daylight: Street light present,Fine without high winds,Dry,None,None,1,No,E01003539,2005
8858,200501KF60291,541130.0,184100.0,0.033566,51.538111,1,3,2,1,24/05/2005,3,10:30,17,E09000025,4,167,Single carriageway,30,None,-1,0,None within 50 metres,No physical crossing within 50 meters,Daylight: Street light present,Fine without high winds,Dry,None,None,1,No,E01003569,2005
8859,200501KF60292,540460.0,183530.0,0.023684,51.533156,1,3,2,1,22/05/2005,1,13:19,17,E09000025,6,0,Single carriageway,30,Giveway or uncontrolled,6,0,None within 50 metres,No physical crossing within 50 meters,Daylight: Street light present,Fine without high winds,Dry,None,None,1,No,E01003592,2005
8860,200501KF60294,541510.0,183240.0,0.038696,51.530288,1,3,1,1,11/05/2005,4,18:50,17,E09000025,3,124,Single carriageway,30,None,-1,0,None within 50 metres,No physical crossing within 50 meters,Daylight: Street light present,Fine without high winds,Dry,None,None,1,Yes,E01003493,2005
8861,200501KF60295,539730.0,181630.0,0.012413,51.516264,1,3,1,1,12/05/2005,5,20:15,17,E09000025,3,13,Dual carriageway,30,None,-1,0,None within 50 metres,No physical crossing within 50 meters,Daylight: Street light present,Fine without high winds,Dry,None,None,1,Yes,E01003503,2005
8862,200501KF60296,541700.0,180860.0,0.040477,51.508854,1,3,2,1,18/05/2005,4,19:30,17,E09000025,3,112,Single carriageway,30,Giveway or uncontrolled,3,112,None within 50 metres,No physical crossing within 50 meters,Daylight: Street light present,Fine without high winds,Dry,None,None,1,Yes,E01003515,2005
8863,200501KF60297,540240.0,184930.0,0.021072,51.545791,1,3,1,1,17/05/2005,3,02:00,17,E09000025,3,118,Single carriageway,30,Giveway or uncontrolled,6,0,None within 50 metres,No physical crossing within 50 meters,Darkness: Street lights present and lit,Fine without high winds,Dry,None,None,1,Yes,E01003551,2005
8864,200501KF60298,540070.0,182050.0,0.017477,51.519954,1,3,1,1,14/05/2005,7,20:30,17,E09000025,6,0,Single carriageway,30,Giveway or uncontrolled,3,124,None within 50 metres,No physical crossing within 50 meters,Darkness: Street lights present and lit,Fine without high winds,Dry,None,None,1,Yes,E01003501,2005
8865,200501KF60299,540500.0,183080.0,0.024081,51.529103,1,3,2,1,27/05/2005,6,16:30,17,E09000025,4,166,Single carriageway,30,None,-1,0,None within 50 metres,No physical crossing within 50 meters,Daylight: Street light present,Fine without high winds,Dry,None,None,1,Yes,E01003595,2005
8866,200501KF60300,540330.0,183930.0,0.021971,51.536783,1,3,2,2,15/05/2005,1,11:08,17,E09000025,3,114,Single carriageway,30,Automatic traffic signal,4,165,None within 50 metres,No physical crossing within 50 meters,Daylight: Street light present,Fine without high winds,Dry,None,None,1,Yes,E01003596,2005
8867,200501KF60301,539500.0,181530.0,0.009061,51.515422,1,3,2,2,17/05/2005,3,15:37,17,E09000025,3,13,Single carriageway,30,Automatic traffic signal,3,1011,None within 50 metres,Pedestrian phase at traffic signal junction,Daylight: Street light present,Fine without high winds,Dry,None,None,1,Yes,E01003505,2005
8868,200501KF60302,539260.0,184960.0,0.00696,51.546303,1,2,2,1,19/05/2005,5,15:10,17,E09000025,5,0,Roundabout,30,Giveway or uncontrolled,4,164,None within 50 metres,Zebra crossing,Daylight: Street light present,Raining without high winds,Wet/Damp,None,None,1,No,E01003549,2005
8869,200501KF60303,542020.0,183780.0,0.046261,51.535013,1,3,2,1,17/05/2005,3,17:02,17,E09000025,6,0,Single carriageway,30,Giveway or uncontrolled,4,109,None within 50 metres,No physical crossing within 50 meters,Daylight: Street light present,Fine without high winds,Dry,None,None,1,Yes,E01003490,2005
8870,200501KF60304,538910.0,184330.0,0.001667,51.540728,1,3,2,1,17/05/2005,3,07:34,17,E09000025,3,11,Single carriageway,30,Automatic traffic signal,3,11,None within 50 metres,Pedestrian phase at traffic signal junction,Daylight: Street light present,Fine without high winds,Dry,None,None,1,Yes,E01003619,2005
8871,200501KF60305,541170.0,181750.0,0.033201,51.516984,1,3,3,2,19/05/2005,5,18:20,17,E09000025,3,13,Dual carriageway,40,None,-1,0,None within 50 metres,No physical crossing within 50 meters,Daylight: Street light present,Fine without high winds,Dry,None,None,1,Yes,E01003516,2005
8872,200501KF60306,540970.0,182400.0,0.03058,51.522875,1,3,2,1,16/05/2005,2,21:00,17,E09000025,6,0,Single carriageway,30,Giveway or uncontrolled,3,112,None within 50 metres,No physical crossing within 50 meters,Darkness: Street lights present and lit,Raining without high winds,Wet/Damp,None,None,1,No,E01003601,2005
8873,200501KF60307,542170.0,185090.0,0.048951,51.546747,1,3,2,1,23/05/2005,2,18:50,17,E09000025,6,0,Single carriageway,30,Giveway or uncontrolled,3,117,None within 50 metres,No physical crossing within 50 meters,Daylight: Street light present,Fine without high winds,Dry,None,None,1,No,E01003534,2005
8874,200501KF60308,539390.0,181530.0,0.007477,51.515449,1,3,2,1,02/05/2005,2,15:00,17,E09000025,3,13,Roundabout,30,Giveway or uncontrolled,3,1011,None within 50 metres,No physical crossing within 50 meters,Daylight: Street light present,Fine without high winds,Dry,None,None,1,No,E01003497,2005
8875,200501KF60309,541410.0,184490.0,0.037757,51.541546,1,3,2,1,21/05/2005,7,20:19,17,E09000025,4,109,Single carriageway,30,Giveway or uncontrolled,6,0,None within 50 metres,No physical crossing within 50 meters,Daylight: Street light present,Fine without high winds,Dry,None,None,1,Yes,E01003562,2005
8876,200501KF60310,541100.0,183010.0,0.032697,51.528324,1,3,1,1,22/05/2005,1,14:50,17,E09000025,5,0,Single carriageway,30,Giveway or uncontrolled,3,124,None within 50 metres,No physical crossing within 50 meters,Daylight: Street light present,Fine without high winds,Dry,None,None,1,Yes,E01003606,2005
8877,200501KF60311,540900.0,182640.0,0.029668,51.525049,1,3,1,1,24/05/2005,3,10:35,17,E09000025,3,112,Single carriageway,30,Giveway or uncontrolled,6,0,None within 50 metres,No physical crossing within 50 meters,Daylight: Street light present,Fine without high winds,Dry,None,None,1,Yes,E01003602,2005
8878,200501KF60312,543030.0,181630.0,0.059941,51.515439,1,3,1,1,22/05/2005,1,18:10,17,E09000025,3,117,Roundabout,30,Giveway or uncontrolled,3,117,None within 50 metres,No physical crossing within 50 meters,Daylight: Street light present,Fine without high winds,Dry,None,None,1,Yes,E01003486,2005
8879,200501KF60313,538510.0,183820.0,-0.004297,51.536244,1,3,2,1,24/05/2005,3,15:45,17,E09000025,3,11,Dual carriageway,30,Automatic traffic signal,3,115,None within 50 metres,Pedestrian phase at traffic signal junction,Daylight: Street light present,Fine without high winds,Dry,None,None,1,No,E01003613,2005
8880,200501KF60314,541990.0,183380.0,0.045668,51.531426,1,3,2,1,26/05/2005,5,07:15,17,E09000025,6,0,Single carriageway,30,Giveway or uncontrolled,3,124,None within 50 metres,No physical crossing within 50 meters,Daylight: Street light present,Fine without high winds,Dry,None,None,1,Yes,E01003493,2005
8881,200501KF60316,542200.0,181490.0,0.047931,51.51439,1,3,2,1,26/05/2005,5,18:41,17,E09000025,6,0,Single carriageway,30,None,-1,0,None within 50 metres,No physical crossing within 50 meters,Daylight: Street light present,Fine without high winds,Dry,None,None,1,Yes,E01003513,2005
8882,200501KF60318,541770.0,184890.0,0.043106,51.54505,1,3,2,1,24/05/2005,3,13:15,17,E09000025,6,0,Single carriageway,30,None,-1,0,None within 50 metres,No physical crossing within 50 meters,Daylight: Street light present,Fine without high winds,Dry,None,None,1,Yes,E01003588,2005
8883,200501KF60319,542190.0,185600.0,0.049445,51.551324,1,3,2,1,26/05/2005,5,13:05,17,E09000025,6,0,Single carriageway,30,Automatic traffic signal,3,118,None within 50 metres,Pedestrian phase at traffic signal junction,Daylight: Street light present,Fine without high winds,Dry,None,None,1,Yes,E01003591,2005
8884,200501KF60320,543120.0,184560.0,0.062427,51.541744,1,3,2,1,30/05/2005,2,00:50,17,E09000025,6,0,Single carriageway,30,Giveway or uncontrolled,6,0,None within 50 metres,No physical crossing within 50 meters,Darkness: Street lights present and lit,Fine without high winds,Dry,None,None,1,Yes,E01003625,2005
8885,200501KF60321,543240.0,184320.0,0.064059,51.539557,1,3,2,3,24/04/2005,1,22:40,17,E09000025,6,0,Single carriageway,30,None,-1,0,None within 50 metres,No physical crossing within 50 meters,Darkness: Street lights present and lit,Raining without high winds,Wet/Damp,None,None,1,Yes,E01003625,2005
8886,200501KF60322,538540.0,185230.0,-0.00331,51.548907,1,3,2,1,30/05/2005,2,11:22,17,E09000025,3,112,Single carriageway,30,Giveway or uncontrolled,3,112,None within 50 metres,No physical crossing within 50 meters,Daylight: Street light present,Fine without high winds,Dry,None,None,1,Yes,E01003614,2005
8887,200501KF60323,541030.0,181750.0,0.031185,51.517019,1,3,4,2,30/05/2005,2,13:20,17,E09000025,3,13,Dual carriageway,40,None,-1,0,None within 50 metres,No physical crossing within 50 meters,Daylight: Street light present,Fine without high winds,Dry,None,None,1,Yes,E01003517,2005
8888,200501KF60325,540180.0,180890.0,0.0186,51.509503,1,3,2,1,30/05/2005,2,16:05,17,E09000025,3,1020,Single carriageway,30,Giveway or uncontrolled,6,0,None within 50 metres,No physical crossing within 50 meters,Daylight: Street light present,Fine without high winds,Dry,None,None,1,Yes,E01003506,2005
8889,200501KF60326,542640.0,185870.0,0.056041,51.553637,1,3,1,2,07/06/2005,3,16:45,17,E09000025,3,118,Single carriageway,30,Giveway or uncontrolled,6,0,None within 50 metres,non-junction pedestrian crossing,Daylight: Street light present,Fine without high winds,Dry,None,None,1,No,E01003578,2005
8890,200501KF60327,542700.0,183600.0,0.055986,51.533224,1,3,2,2,16/06/2005,5,16:50,17,E09000025,3,124,Single carriageway,30,Giveway or uncontrolled,6,0,None within 50 metres,Zebra crossing,Daylight: Street light present,Fine without high winds,Dry,None,None,1,Yes,E01003523,2005
8891,200501KF60328,540970.0,182700.0,0.0307,51.525571,1,3,2,1,31/05/2005,3,12:08,17,E09000025,6,0,Single carriageway,30,Giveway or uncontrolled,6,0,None within 50 metres,No physical crossing within 50 meters,Daylight: Street light present,Fine without high winds,Dry,None,None,1,Yes,E01003601,2005
8892,200501KF60329,542610.0,181680.0,0.053912,51.515994,1,3,1,1,31/05/2005,3,20:00,17,E09000025,5,0,Single carriageway,30,Giveway or uncontrolled,6,0,None within 50 metres,No physical crossing within 50 meters,Daylight: Street light present,Fine without high winds,Dry,None,None,1,Yes,E01003486,2005
8893,200501KF60330,541900.0,184220.0,0.044709,51.538997,1,3,2,1,19/05/2005,5,09:10,17,E09000025,4,165,Single carriageway,30,Giveway or uncontrolled,6,0,None within 50 metres,No physical crossing within 50 meters,Daylight: Street light present,Fine without high winds,Dry,None,None,1,Yes,E01003533,2005
8894,200501KF60333,542060.0,185510.0,0.047535,51.550548,1,2,1,1,01/06/2005,4,23:08,17,E09000025,3,118,Single carriageway,30,Automatic traffic signal,3,117,None within 50 metres,Pedestrian phase at traffic signal junction,Darkness: Street lights present and lit,Fine without high winds,Dry,None,None,1,Yes,E01003591,2005
8895,200501KF60334,542830.0,185960.0,0.058816,51.554398,1,3,3,3,29/05/2005,1,14:35,17,E09000025,3,118,Single carriageway,30,Automatic traffic signal,4,165,None within 50 metres,No physical crossing within 50 meters,Daylight: Street light present,Fine without high winds,Dry,None,None,1,Yes,E01003576,2005
8896,200501KF60335,539200.0,184490.0,0.005909,51.542095,1,2,2,6,02/06/2005,5,13:45,17,E09000025,3,118,Single carriageway,30,Giveway or uncontrolled,6,0,None within 50 metres,No physical crossing within 50 meters,Daylight: Street light present,Fine without high winds,Dry,None,None,1,Yes,E01003618,2005
8897,200501KF60336,543760.0,180890.0,0.070153,51.508604,1,3,2,1,03/06/2005,6,15:06,17,E09000025,3,1020,Roundabout,30,Giveway or uncontrolled,3,117,None within 50 metres,No physical crossing within 50 meters,Daylight: Street light present,Fine without high winds,Dry,None,None,1,Yes,E01003482,2005
8898,200501KF60337,541040.0,184550.0,0.032449,51.542178,1,3,1,1,04/06/2005,7,12:50,17,E09000025,4,167,Single carriageway,30,None,-1,0,None within 50 metres,Zebra crossing,Daylight: Street light present,Fine without high winds,Dry,None,None,1,Yes,E01003571,2005
8899,200501KF60338,539730.0,184470.0,0.013539,51.541784,1,3,1,1,06/06/2005,2,18:15,17,E09000025,6,0,Single carriageway,30,Giveway or uncontrolled,6,0,None within 50 metres,No physical crossing within 50 meters,Daylight: Street light present,Fine without high winds,Dry,None,None,1,Yes,E01003554,2005
8900,200501KF60339,540300.0,183220.0,0.021256,51.53041,1,3,2,1,12/06/2005,1,13:05,17,E09000025,3,112,Single carriageway,30,Automatic traffic signal,3,114,None within 50 metres,Pedestrian phase at traffic signal junction,Daylight: Street light present,Fine without high winds,Dry,None,None,1,Yes,E01003595,2005
8901,200501KF60340,541240.0,183840.0,0.035047,51.535748,1,3,1,1,10/06/2005,6,09:00,17,E09000025,4,167,Single carriageway,30,Giveway or uncontrolled,6,0,None within 50 metres,Zebra crossing,Daylight: Street light present,Fine without high winds,Dry,None,None,1,Yes,E01003569,2005
8902,200501KF60341,540470.0,184680.0,0.024287,51.543488,1,3,1,1,08/06/2005,4,19:27,17,E09000025,6,0,Single carriageway,30,None,-1,0,None within 50 metres,No physical crossing within 50 meters,Daylight: Street light present,Fine without high winds,Dry,None,None,1,Yes,E01003558,2005
8903,200501KF60342,542270.0,183470.0,0.049738,51.532164,1,3,2,1,12/06/2005,1,21:20,17,E09000025,3,124,Dual carriageway,30,Automatic traffic signal,6,0,None within 50 metres,No physical crossing within 50 meters,Daylight: Street light present,Fine without high winds,Dry,None,None,1,Yes,E01003525,2005
8904,200501KF60343,539780.0,181820.0,0.013209,51.517959,1,3,2,4,12/06/2005,1,21:30,17,E09000025,3,124,Single carriageway,30,Automatic traffic signal,5,0,None within 50 metres,Pedestrian phase at traffic signal junction,Darkness: Street lights present and lit,Fine without high winds,Dry,None,None,1,No,E01003502,2005
8905,200501KF60344,540530.0,185080.0,0.025311,51.547067,1,3,2,1,02/06/2005,5,11:45,17,E09000025,3,114,Single carriageway,30,Giveway or uncontrolled,6,0,None within 50 metres,non-junction pedestrian crossing,Daylight: Street light present,Fine without high winds,Dry,None,None,1,Yes,E01003556,2005
8906,200501KF60345,538200.0,184190.0,-0.008618,51.539645,1,3,3,1,04/06/2005,7,19:20,17,E09000025,3,115,Single carriageway,30,Giveway or uncontrolled,3,115,None within 50 metres,No physical crossing within 50 meters,Daylight: Street light present,Fine without high winds,Dry,None,None,1,Yes,E01003620,2005
8907,200501KF60346,541780.0,181700.0,0.041967,51.516382,1,3,3,2,12/06/2005,1,13:08,17,E09000025,5,0,Single carriageway,30,Giveway or uncontrolled,5,0,None within 50 metres,No physical crossing within 50 meters,Daylight: Street light present,Fine without high winds,Dry,None,None,1,Yes,E01003513,2005
8908,200501KF60347,539110.0,184990.0,0.00481,51.54661,1,3,2,5,11/06/2005,7,02:05,17,E09000025,6,0,Single carriageway,30,None,-1,0,None within 50 metres,No physical crossing within 50 meters,Darkness: Street lights present and lit,Fine without high winds,Dry,None,None,1,No,E01003616,2005
8909,200501KF60348,539690.0,181610.0,0.011829,51.516094,1,3,2,1,16/06/2005,5,17:45,17,E09000025,3,13,Dual carriageway,30,None,-1,0,None within 50 metres,No physical crossing within 50 meters,Daylight: Street light present,Fine without high winds,Dry,None,None,1,Yes,E01003505,2005
8910,200501KF60349,538420.0,183690.0,-0.005645,51.535098,1,3,2,5,30/05/2005,2,06:15,17,E09000025,3,11,Dual carriageway,40,Automatic traffic signal,3,11,None within 50 metres,No physical crossing within 50 meters,Daylight: Street light present,Raining without high winds,Wet/Damp,None,None,1,Yes,E01003613,2005
8911,200501KF60350,541030.0,184680.0,0.032357,51.543348,1,3,1,1,13/06/2005,2,15:20,17,E09000025,4,167,Single carriageway,30,Giveway or uncontrolled,6,0,None within 50 metres,No physical crossing within 50 meters,Daylight: Street light present,Fine without high winds,Dry,None,None,1,Yes,E01003571,2005
8912,200501KF60351,541710.0,183300.0,0.041601,51.530777,1,3,2,1,25/02/2005,6,15:22,17,E09000025,6,0,Single carriageway,30,Giveway or uncontrolled,3,124,None within 50 metres,No physical crossing within 50 meters,Daylight: Street light present,Fine without high winds,Dry,None,None,1,Yes,E01003493,2005
8913,200501KF60352,538590.0,183930.0,-0.003101,51.537213,1,3,1,1,13/06/2005,2,14:40,17,E09000025,3,11,Single carriageway,30,Giveway or uncontrolled,6,0,None within 50 metres,No physical crossing within 50 meters,Daylight: Street light present,Fine without high winds,Dry,None,None,1,Yes,E01003620,2005
8914,200501KF60353,540510.0,185710.0,0.025274,51.552733,1,3,2,1,14/05/2005,7,20:05,17,E09000025,6,0,Single carriageway,30,Giveway or uncontrolled,3,114,None within 50 metres,No physical crossing within 50 meters,Daylight: Street light present,Fine without high winds,Dry,None,None,1,Yes,E01003550,2005
8915,200501KF60354,540360.0,184070.0,0.022459,51.538034,1,3,2,1,16/06/2005,5,17:47,17,E09000025,3,114,Single carriageway,30,Giveway or uncontrolled,6,0,None within 50 metres,Zebra crossing,Daylight: Street light present,Fine without high winds,Dry,None,None,1,Yes,E01003635,2005
8916,200501KF60356,541110.0,184140.0,0.033294,51.538476,1,3,2,3,05/07/2005,3,18:35,17,E09000025,6,0,Single carriageway,30,Giveway or uncontrolled,4,167,None within 50 metres,No physical crossing within 50 meters,Daylight: Street light present,Fine without high winds,Dry,None,None,1,No,E01003569,2005
8917,200501KF60357,542690.0,184470.0,0.056194,51.541044,1,3,2,1,31/05/2005,3,19:40,17,E09000025,6,0,Single carriageway,30,None,-1,0,None within 50 metres,No physical crossing within 50 meters,Daylight: Street light present,Fine without high winds,Dry,None,None,1,Yes,E01003530,2005
8918,200501KF60358,539470.0,181510.0,0.008621,51.51525,1,3,2,1,05/06/2005,1,15:04,17,E09000025,3,13,Roundabout,30,Automatic traffic signal,3,1011,None within 50 metres,Pedestrian phase at traffic signal junction,Daylight: Street light present,Fine without high winds,Dry,None,None,1,Yes,E01003505,2005
8919,200501KF60359,541430.0,184460.0,0.038033,51.541271,1,3,2,1,03/06/2005,6,23:40,17,E09000025,4,109,Single carriageway,30,Giveway or uncontrolled,6,0,None within 50 metres,Zebra crossing,Darkness: Street lights present and lit,Fine without high winds,Dry,None,None,1,Yes,E01003562,2005
8920,200501KF60360,540780.0,184820.0,0.02881,51.544669,1,3,2,1,11/06/2005,7,20:08,17,E09000025,6,0,Single carriageway,30,Giveway or uncontrolled,6,0,None within 50 metres,No physical crossing within 50 meters,Darkness: Street lights present and lit,Fine without high winds,Dry,None,None,1,Yes,E01003570,2005
8921,200501KF60361,538410.0,185420.0,-0.005109,51.550646,1,2,2,1,08/06/2005,4,20:40,17,E09000025,6,0,Single carriageway,30,Giveway or uncontrolled,6,0,None within 50 metres,No physical crossing within 50 meters,Darkness: Street lights present and lit,Fine without high winds,Dry,Road surface defective,None,1,Yes,E01003614,2005
8922,200501KF60362,540940.0,185020.0,0.031196,51.546426,1,3,2,1,22/06/2005,4,17:10,17,E09000025,4,167,Single carriageway,30,Giveway or uncontrolled,3,118,None within 50 metres,No physical crossing within 50 meters,Daylight: Street light present,Fine without high winds,Dry,None,None,1,Yes,E01003570,2005
8923,200501KF60363,539400.0,181590.0,0.007645,51.515986,1,3,1,1,22/06/2005,4,22:09,17,E09000025,3,1011,Single carriageway,30,Automatic traffic signal,3,13,None within 50 metres,No physical crossing within 50 meters,Darkness: Street lights present and lit,Fine without high winds,Dry,None,None,1,Yes,E01003497,2005
8924,200501KF60364,541260.0,185130.0,0.035852,51.547334,1,3,3,1,07/07/2005,5,06:30,17,E09000025,4,109,Single carriageway,30,Automatic traffic signal,3,118,None within 50 metres,Pedestrian phase at traffic signal junction,Darkness: Street lights present and lit,Fine without high winds,Dry,None,None,1,Yes,E01003567,2005
8925,200501KF60365,539510.0,184610.0,0.010424,51.543097,1,2,1,1,21/06/2005,3,23:30,17,E09000025,3,118,Single carriageway,30,None,-1,0,None within 50 metres,No physical crossing within 50 meters,Darkness: Street lights present and lit,Fine without high winds,Dry,None,None,1,No,E01003559,2005
8926,200501KF60366,539330.0,181480.0,0.006593,51.515015,1,3,3,2,17/06/2005,6,17:40,17,E09000025,3,13,Dual carriageway,40,Automatic traffic signal,3,13,None within 50 metres,No physical crossing within 50 meters,Daylight: Street light present,Fine without high winds,Dry,None,None,1,Yes,E01003505,2005
8927,200501KF60367,541290.0,183750.0,0.035731,51.534926,1,3,2,1,21/06/2005,3,16:35,17,E09000025,6,0,Single carriageway,30,Giveway or uncontrolled,4,167,None within 50 metres,No physical crossing within 50 meters,Daylight: Street light present,Fine without high winds,Dry,None,None,1,No,E01003489,2005
8928,200501KF60368,540300.0,185580.0,0.022196,51.551617,1,3,1,1,21/06/2005,3,18:00,17,E09000025,6,0,Single carriageway,30,None,-1,0,None within 50 metres,No physical crossing within 50 meters,Daylight: Street light present,Fine without high winds,Dry,None,None,1,Yes,E01003546,2005
8929,200501KF60369,539850.0,183450.0,0.014864,51.532589,1,3,2,1,10/06/2005,6,15:10,17,E09000025,3,112,Single carriageway,30,Giveway or uncontrolled,6,0,None within 50 metres,No physical crossing within 50 meters,Daylight: Street light present,Fine without high winds,Dry,None,None,1,Yes,E01003630,2005
8930,200501KF60370,539120.0,185330.0,0.005088,51.549663,1,3,2,1,22/06/2005,4,12:00,17,E09000025,3,11,Single carriageway,30,Giveway or uncontrolled,3,112,None within 50 metres,Zebra crossing,Daylight: Street light present,Fine without high winds,Dry,None,None,1,Yes,E01003548,2005
8931,200501KF60371,539800.0,183500.0,0.014163,51.53305,1,3,2,1,09/06/2005,5,16:00,17,E09000025,6,0,Single carriageway,30,Giveway or uncontrolled,3,112,None within 50 metres,No physical crossing within 50 meters,Daylight: Street light present,Fine without high winds,Dry,None,None,1,Yes,E01003630,2005
8932,200501KF60372,540970.0,183750.0,0.03112,51.535006,1,3,2,1,23/06/2005,5,19:00,17,E09000025,6,0,Single carriageway,30,None,-1,0,None within 50 metres,No physical crossing within 50 meters,Daylight: Street light present,Fine without high winds,Dry,None,None,1,No,E01003568,2005
8933,200501KF60373,542380.0,185200.0,0.052022,51.547682,1,3,1,1,22/06/2005,4,12:00,17,E09000025,6,0,Single carriageway,30,Giveway or uncontrolled,6,0,None within 50 metres,No physical crossing within 50 meters,Daylight: Street light present,Fine without high winds,Dry,None,None,1,No,E01003575,2005
8934,200501KF60374,539120.0,185340.0,0.005092,51.549753,1,3,2,1,22/06/2005,4,16:15,17,E09000025,3,11,Single carriageway,30,Giveway or uncontrolled,3,112,None within 50 metres,No physical crossing within 50 meters,Daylight: Street light present,Fine without high winds,Dry,None,None,1,Yes,E01003548,2005
8935,200501KF60375,542700.0,183590.0,0.055982,51.533134,1,3,1,1,22/06/2005,4,08:08,17,E09000025,3,124,Single carriageway,30,Giveway or uncontrolled,6,0,None within 50 metres,Zebra crossing,Daylight: Street light present,Fine without high winds,Dry,None,None,1,Yes,E01003523,2005
8936,200501KF60376,542370.0,185700.0,0.05208,51.552178,1,3,2,1,02/04/2005,7,15:30,17,E09000025,6,0,Single carriageway,30,Giveway or uncontrolled,3,118,None within 50 metres,No physical crossing within 50 meters,Daylight: Street light present,Fine without high winds,Dry,None,None,1,No,E01003591,2005
8937,200501KF60377,543720.0,180850.0,0.069561,51.508255,1,3,2,1,13/06/2005,2,16:12,17,E09000025,3,1020,Roundabout,30,Giveway or uncontrolled,3,117,None within 50 metres,No physical crossing within 50 meters,Daylight: Street light present,Fine without high winds,Dry,None,None,1,No,E01003480,2005
8938,200501KF60378,542710.0,185270.0,0.056806,51.548228,1,3,2,1,14/06/2005,3,08:45,17,E09000025,4,165,Single carriageway,30,Giveway or uncontrolled,4,165,None within 50 metres,Zebra crossing,Daylight: Street light present,Fine without high winds,Dry,None,None,1,No,E01003579,2005
8939,200501KF60379,540400.0,182310.0,0.022334,51.522208,1,3,1,1,15/06/2005,4,14:10,17,E09000025,3,124,Single carriageway,30,Authorised person,5,0,None within 50 metres,No physical crossing within 50 meters,Daylight: Street light present,Fine without high winds,Dry,None,None,1,No,E01003499,2005
8940,200501KF60380,543550.0,184060.0,0.06842,51.537142,1,3,4,1,22/06/2005,4,16:45,17,E09000025,3,406,Dual carriageway,50,None,-1,0,None within 50 metres,No physical crossing within 50 meters,Daylight: Street light present,Fine without high winds,Dry,None,None,1,Yes,E01003622,2005
8941,200501KF60381,539640.0,181610.0,0.011109,51.516106,1,3,2,1,23/06/2005,5,23:15,17,E09000025,3,13,Slip road,40,Giveway or uncontrolled,3,13,None within 50 metres,No physical crossing within 50 meters,Darkness: Street lights present and lit,Fine without high winds,Dry,None,None,1,Yes,E01003503,2005
8942,200501KF60382,539400.0,183720.0,0.008487,51.535126,1,3,2,1,23/06/2005,5,12:01,17,E09000025,3,112,Single carriageway,30,Automatic traffic signal,3,1011,None within 50 metres,Pedestrian phase at traffic signal junction,Daylight: Street light present,Fine without high winds,Dry,None,None,1,No,E01003633,2005
8943,200501KF60386,542620.0,183000.0,0.05459,51.527853,1,3,1,1,25/06/2005,7,14:36,17,E09000025,4,167,Single carriageway,30,Giveway or uncontrolled,6,0,None within 50 metres,No physical crossing within 50 meters,Daylight: Street light present,Fine without high winds,Dry,None,None,1,Yes,E01003527,2005
8944,200501KF60387,539160.0,183040.0,0.00476,51.529075,1,3,1,1,26/06/2005,1,19:40,17,E09000025,3,1011,Single carriageway,30,Giveway or uncontrolled,6,0,None within 50 metres,No physical crossing within 50 meters,Daylight: Street light present,Fine without high winds,Dry,None,None,1,Yes,E01003631,2005
8945,200501KF60388,540420.0,183160.0,0.02296,51.529841,1,3,2,2,29/06/2005,4,11:30,17,E09000025,3,112,Single carriageway,30,Giveway or uncontrolled,6,0,None within 50 metres,Zebra crossing,Daylight: Street light present,Fine without high winds,Dry,None,None,1,No,E01003595,2005
8946,200501KF60389,542360.0,184150.0,0.051309,51.538252,1,3,2,2,26/06/2005,1,19:00,17,E09000025,3,117,Single carriageway,30,Automatic traffic signal,5,0,None within 50 metres,Pedestrian phase at traffic signal junction,Darkness: Street lights present and lit,Fine without high winds,Dry,None,None,1,Yes,E01003520,2005
8947,200501KF60390,543900.0,182940.0,0.073005,51.526989,1,3,3,2,29/06/2005,4,08:00,17,E09000025,3,406,Dual carriageway,50,None,-1,0,None within 50 metres,No physical crossing within 50 meters,Daylight: Street light present,Fine without high winds,Dry,None,None,1,Yes,E01003535,2005
8948,200501KF60391,539050.0,184450.0,0.003732,51.541772,1,3,2,1,20/06/2005,2,17:30,17,E09000025,3,118,Single carriageway,30,Automatic traffic signal,3,11,None within 50 metres,Pedestrian phase at traffic signal junction,Daylight: Street light present,Fine without high winds,Dry,None,None,1,No,E01003619,2005
8949,200501KF60392,538680.0,183450.0,-0.001993,51.532877,1,3,2,1,30/06/2005,5,10:55,17,E09000025,6,0,Single carriageway,30,None,-1,0,None within 50 metres,No physical crossing within 50 meters,Daylight: Street light present,Fine without high winds,Dry,None,None,1,Yes,E01003613,2005
8950,200501KF60393,543030.0,181900.0,0.060051,51.517865,1,3,2,1,30/06/2005,5,17:50,17,E09000025,6,0,Dual carriageway,30,Giveway or uncontrolled,3,117,None within 50 metres,No physical crossing within 50 meters,Daylight: Street light present,Fine without high winds,Dry,None,None,1,Yes,E01003482,2005
8951,200501KF60395,542880.0,185990.0,0.059549,51.554655,1,3,2,1,01/07/2005,6,16:18,17,E09000025,3,118,Single carriageway,30,Giveway or uncontrolled,6,0,None within 50 metres,No physical crossing within 50 meters,Daylight: Street light present,Fine without high winds,Dry,None,None,1,Yes,E01003576,2005
8952,200501KF60396,540620.0,183060.0,0.025802,51.528893,1,3,2,1,02/07/2005,7,17:49,17,E09000025,3,112,Single carriageway,30,Giveway or uncontrolled,3,112,None within 50 metres,No physical crossing within 50 meters,Daylight: Street light present,Fine without high winds,Dry,None,None,1,Yes,E01003607,2005
8953,200501KF60397,539720.0,181610.0,0.012261,51.516087,1,3,2,1,01/07/2005,6,08:28,17,E09000025,3,13,Dual carriageway,50,None,-1,0,None within 50 metres,No physical crossing within 50 meters,Daylight: Street light present,Fine without high winds,Dry,None,None,1,Yes,E01003505,2005
8954,200501KF60398,540160.0,182110.0,0.018797,51.520471,1,2,1,1,20/07/2005,4,13:20,17,E09000025,3,124,Single carriageway,30,Giveway or uncontrolled,6,0,None within 50 metres,No physical crossing within 50 meters,Daylight: Street light present,Fine without high winds,Dry,None,None,1,Yes,E01003508,2005
8955,200501KF60399,539520.0,185930.0,0.011092,51.554956,1,3,1,1,25/06/2005,7,16:30,13,E09000031,6,0,One way street,30,None,-1,0,None within 50 metres,No physical crossing within 50 meters,Daylight: Street light present,Fine without high winds,Dry,None,None,1,Yes,E01004329,2005
8956,200501KF60400,538490.0,183640.0,-0.004656,51.534631,1,3,2,1,27/06/2005,2,11:30,17,E09000025,6,0,Single carriageway,30,None,-1,0,None within 50 metres,No physical crossing within 50 meters,Daylight: Street light present,Fine without high winds,Dry,None,None,1,Yes,E01003613,2005
8957,200501KF60401,542720.0,185920.0,0.057214,51.554066,1,3,2,2,24/06/2005,6,19:00,17,E09000025,6,0,Single carriageway,30,Giveway or uncontrolled,3,118,None within 50 metres,No physical crossing within 50 meters,Daylight: Street light present,Fine without high winds,Dry,None,None,1,Yes,E01003576,2005
8958,200501KF60402,539570.0,184630.0,0.011297,51.543262,1,3,2,1,01/07/2005,6,23:52,17,E09000025,3,118,Single carriageway,30,None,-1,0,None within 50 metres,No physical crossing within 50 meters,Darkness: Street lights present and lit,Fine without high winds,Dry,None,None,1,Yes,E01003559,2005
8959,200501KF60403,539030.0,184570.0,0.003491,51.542856,1,3,2,1,01/04/2005,6,17:30,17,E09000025,3,11,Single carriageway,30,None,-1,0,None within 50 metres,No physical crossing within 50 meters,Daylight: Street light present,Fine without high winds,Dry,None,None,1,No,E01003617,2005
8960,200501KF60404,542080.0,184540.0,0.047432,51.541827,1,3,1,1,03/07/2005,1,02:00,17,E09000025,6,0,Single carriageway,30,Giveway or uncontrolled,6,0,None within 50 metres,No physical crossing within 50 meters,Darkness: Street lights present and lit,Fine without high winds,Dry,None,None,1,Yes,E01003531,2005
8961,200501KF60405,541280.0,180930.0,0.034457,51.509588,1,2,2,1,02/07/2005,7,21:20,17,E09000025,3,112,Single carriageway,30,Automatic traffic signal,3,112,None within 50 metres,Pedestrian phase at traffic signal junction,Darkeness: No street lighting,Fine without high winds,Dry,None,None,1,Yes,E01003515,2005
8962,200501KF60406,540590.0,184810.0,0.026068,51.544626,1,3,2,1,03/07/2005,1,12:00,17,E09000025,3,114,Single carriageway,30,Giveway or uncontrolled,6,0,None within 50 metres,No physical crossing within 50 meters,Daylight: Street light present,Fine without high winds,Dry,None,None,1,Yes,E01003558,2005
8963,200501KF60407,539130.0,184480.0,0.004897,51.542022,1,3,2,1,03/07/2005,1,22:00,17,E09000025,3,118,Single carriageway,30,None,-1,0,None within 50 metres,No physical crossing within 50 meters,Darkness: Street lights present and lit,Fine without high winds,Dry,None,None,1,Yes,E01003619,2005
8964,200501KF60409,540530.0,185010.0,0.025283,51.546438,1,2,1,1,03/07/2005,1,22:15,17,E09000025,3,118,Single carriageway,30,Giveway or uncontrolled,3,114,None within 50 metres,Zebra crossing,Darkness: Street lights present and lit,Fine without high winds,Dry,None,None,1,No,E01003558,2005
8965,200501KF60410,541290.0,184740.0,0.036128,51.543822,1,3,2,1,03/07/2005,1,19:30,17,E09000025,6,0,Single carriageway,30,None,-1,0,None within 50 metres,No physical crossing within 50 meters,Daylight: Street light present,Fine without high winds,Dry,None,None,1,No,E01003562,2005
8966,200501KF60411,538470.0,183760.0,-0.004897,51.535714,1,3,4,2,30/05/2005,2,21:20,17,E09000025,3,11,Dual carriageway,30,Giveway or uncontrolled,6,0,None within 50 metres,No physical crossing within 50 meters,Darkness: Street lights present and lit,Fine without high winds,Dry,None,None,1,Yes,E01003613,2005
8967,200501KF60412,542810.0,183620.0,0.057579,51.533376,1,3,2,1,03/07/2005,1,13:50,17,E09000025,3,124,Single carriageway,30,Giveway or uncontrolled,6,0,None within 50 metres,No physical crossing within 50 meters,Daylight: Street light present,Fine without high winds,Dry,None,None,1,Yes,E01003523,2005
8968,200501KF60413,541410.0,183380.0,0.037311,51.531572,1,3,1,1,10/07/2005,1,19:25,17,E09000025,4,167,Single carriageway,30,None,-1,0,None within 50 metres,No physical crossing within 50 meters,Daylight: Street light present,Fine without high winds,Dry,None,None,1,Yes,E01003491,2005
8969,200501KF60414,539210.0,181450.0,0.004853,51.514775,1,3,2,1,05/07/2005,3,18:10,17,E09000025,3,13,Dual carriageway,50,None,-1,0,None within 50 metres,No physical crossing within 50 meters,Daylight: Street light present,Fine without high winds,Dry,None,None,1,Yes,E01003497,2005
8970,200501KF60415,541050.0,184460.0,0.032557,51.541366,1,3,1,1,12/07/2005,3,16:15,17,E09000025,4,167,Single carriageway,30,Giveway or uncontrolled,6,0,None within 50 metres,No physical crossing within 50 meters,Daylight: Street light present,Fine without high winds,Dry,None,None,1,Yes,E01003573,2005
8971,200501KF60416,543160.0,183670.0,0.062642,51.533737,1,3,2,1,04/07/2005,2,17:10,17,E09000025,3,124,Single carriageway,30,None,-1,0,None within 50 metres,No physical crossing within 50 meters,Daylight: Street light present,Raining without high winds,Wet/Damp,None,None,1,Yes,E01003622,2005
8972,200501KF60418,540300.0,183220.0,0.021256,51.53041,1,3,2,1,10/07/2005,1,14:30,17,E09000025,3,112,Single carriageway,30,Automatic traffic signal,3,114,None within 50 metres,Pedestrian phase at traffic signal junction,Daylight: Street light present,Fine without high winds,Dry,None,None,1,Yes,E01003595,2005
8973,200501KF60419,542980.0,183840.0,0.060117,51.53531,1,2,1,1,12/07/2005,3,23:50,17,E09000025,6,0,Single carriageway,30,None,-1,0,None within 50 metres,No physical crossing within 50 meters,Darkness: Street lights present and lit,Fine without high winds,Dry,None,None,1,Yes,E01003621,2005
8974,200501KF60420,541720.0,184120.0,0.042075,51.538143,1,3,2,1,13/06/2005,2,17:05,17,E09000025,4,165,Single carriageway,30,Automatic traffic signal,4,109,None within 50 metres,Pedestrian phase at traffic signal junction,Daylight: Street light present,Fine without high winds,Dry,None,None,1,No,E01003565,2005
8975,200501KF60422,542520.0,183680.0,0.053425,51.533988,1,3,1,1,14/06/2005,3,14:40,17,E09000025,3,117,Single carriageway,30,Giveway or uncontrolled,6,0,None within 50 metres,No physical crossing within 50 meters,Daylight: Street light present,Fine without high winds,Dry,None,None,1,Yes,E01003521,2005
8976,200501KF60423,541730.0,183030.0,0.041781,51.528346,1,3,3,1,14/05/2005,7,19:50,17,E09000025,4,167,Single carriageway,30,Giveway or uncontrolled,6,0,None within 50 metres,No physical crossing within 50 meters,Daylight: Street light present,Fine without high winds,Dry,None,None,1,Yes,E01003492,2005
8977,200501KF60424,542800.0,183620.0,0.057435,51.533379,1,3,1,1,06/07/2005,4,16:27,17,E09000025,3,124,Single carriageway,30,Giveway or uncontrolled,6,0,None within 50 metres,No physical crossing within 50 meters,Daylight: Street light present,Fine without high winds,Dry,None,None,1,No,E01003523,2005
8978,200501KF60425,538720.0,183320.0,-0.001468,51.531699,1,3,1,1,15/06/2005,4,13:00,17,E09000025,5,0,Single carriageway,30,None,-1,0,None within 50 metres,No physical crossing within 50 meters,Daylight: Street light present,Raining without high winds,Wet/Damp,None,None,1,Yes,E01003613,2005
8979,200501KF60426,538080.0,183230.0,-0.010724,51.531047,1,3,2,1,14/07/2005,5,09:50,17,E09000025,3,11,Dual carriageway,40,None,-1,0,None within 50 metres,No physical crossing within 50 meters,Daylight: Street light present,Fine without high winds,Dry,None,None,1,Yes,E01003613,2005
8980,200501KF60427,539430.0,184570.0,0.009256,51.542757,1,3,1,1,14/07/2005,5,11:23,17,E09000025,3,118,Single carriageway,30,Automatic traffic signal,4,164,None within 50 metres,Pedestrian phase at traffic signal junction,Daylight: Street light present,Fine without high winds,Dry,None,None,1,No,E01003618,2005
8981,200501KF60428,543610.0,182560.0,0.068673,51.523648,1,2,3,1,25/07/2005,2,18:10,17,E09000025,3,13,Dual carriageway,40,None,-1,0,None within 50 metres,No physical crossing within 50 meters,Daylight: Street light present,Fine without high winds,Dry,None,None,1,Yes,E01003536,2005
8982,200501KF60429,542060.0,180130.0,0.045367,51.502204,1,2,1,1,14/07/2005,5,16:53,17,E09000025,3,1011,Single carriageway,30,None,-1,0,None within 50 metres,Zebra crossing,Daylight: Street light present,Fine without high winds,Dry,None,None,1,Yes,E01003609,2005
8983,200501KF60430,540520.0,185000.0,0.025135,51.546351,1,3,1,1,27/01/2005,5,07:20,17,E09000025,3,118,Single carriageway,30,Giveway or uncontrolled,3,114,None within 50 metres,No physical crossing within 50 meters,Daylight: Street light present,Raining without high winds,Wet/Damp,None,None,1,No,E01003558,2005
8984,200501KF60431,540900.0,181750.0,0.029312,51.517052,1,3,3,1,14/01/2005,6,17:30,17,E09000025,3,13,Dual carriageway,40,None,-1,0,None within 50 metres,No physical crossing within 50 meters,Darkness: Street lights present and lit,Fine without high winds,Dry,None,None,1,Yes,E01003517,2005
8985,200501KF60432,541250.0,185150.0,0.035716,51.547517,1,3,2,1,13/02/2005,1,21:05,17,E09000025,3,118,Single carriageway,30,Automatic traffic signal,4,109,None within 50 metres,Pedestrian phase at traffic signal junction,Darkness: Street lights present and lit,Raining without high winds,Wet/Damp,None,None,1,Yes,E01003555,2005
8986,200501KF60433,538950.0,184280.0,0.002224,51.540269,1,3,1,1,01/04/2005,6,13:31,17,E09000025,3,112,Single carriageway,30,None,-1,0,None within 50 metres,No physical crossing within 50 meters,Daylight: Street light present,Fine without high winds,Dry,None,None,1,Yes,E01003619,2005
8987,200501KF60434,542900.0,182270.0,0.058328,51.521222,1,3,2,1,13/07/2005,4,19:40,17,E09000025,3,117,Single carriageway,30,Giveway or uncontrolled,3,117,None within 50 metres,Zebra crossing,Daylight: Street light present,Fine without high winds,Dry,None,None,1,No,E01003540,2005
8988,200501KF60435,542080.0,180120.0,0.045651,51.502109,1,2,2,2,28/03/2005,2,23:26,17,E09000025,3,1011,Single carriageway,30,Giveway or uncontrolled,6,0,None within 50 metres,No physical crossing within 50 meters,Darkness: Street lights present and lit,Fine without high winds,Dry,None,None,1,Yes,E01003609,2005
8989,200501KF60436,539700.0,181760.0,0.012033,51.517439,1,3,2,1,12/02/2005,7,15:21,17,E09000025,6,0,Dual carriageway,30,Giveway or uncontrolled,3,124,None within 50 metres,No physical crossing within 50 meters,Daylight: Street light present,Fine without high winds,Dry,None,None,1,No,E01003502,2005
8990,200501KF60438,542530.0,185800.0,0.054427,51.553036,1,3,2,1,19/07/2005,3,11:50,17,E09000025,3,118,Single carriageway,30,Giveway or uncontrolled,6,0,None within 50 metres,No physical crossing within 50 meters,Daylight: Street light present,Fine without high winds,Dry,None,None,1,Yes,E01003578,2005
8991,200501KF60439,542810.0,182640.0,0.057182,51.52457,1,3,2,1,18/07/2005,2,18:05,17,E09000025,3,117,Single carriageway,30,None,-1,0,None within 50 metres,No physical crossing within 50 meters,Daylight: Street light present,Fine without high winds,Dry,None,None,1,Yes,E01003538,2005
8992,200501KF60440,542800.0,183060.0,0.057208,51.528346,1,3,2,1,07/04/2005,5,21:00,17,E09000025,6,0,Single carriageway,30,None,-1,0,None within 50 metres,No physical crossing within 50 meters,Darkness: Street lights present and lit,Raining without high winds,Wet/Damp,None,None,1,No,E01003542,2005
8993,200501KF60441,542570.0,183600.0,0.054113,51.533257,1,3,2,1,07/01/2005,6,16:00,17,E09000025,3,117,Single carriageway,30,None,-1,0,None within 50 metres,No physical crossing within 50 meters,Daylight: Street light present,Fine without high winds,Dry,None,None,1,No,E01003525,2005
8994,200501KF60442,539130.0,184940.0,0.005078,51.546156,1,3,2,1,19/07/2005,3,12:15,17,E09000025,6,0,Single carriageway,30,Giveway or uncontrolled,3,11,None within 50 metres,No physical crossing within 50 meters,Daylight: Street light present,Fine without high winds,Dry,None,None,1,No,E01003616,2005
8995,200501KF60443,543150.0,183670.0,0.062498,51.533739,1,3,2,1,24/07/2005,1,12:15,17,E09000025,3,124,Single carriageway,30,Giveway or uncontrolled,6,0,None within 50 metres,No physical crossing within 50 meters,Daylight: Street light present,Fine without high winds,Dry,None,None,1,No,E01003622,2005
8996,200501KF60444,540910.0,185070.0,0.030784,51.546883,1,3,1,1,16/06/2005,5,10:00,17,E09000025,3,118,Single carriageway,30,Automatic traffic signal,4,167,None within 50 metres,No physical crossing within 50 meters,Daylight: Street light present,Fine without high winds,Dry,None,None,1,No,E01003556,2005
8997,200501KF60445,540610.0,184590.0,0.026268,51.542644,1,3,1,2,18/06/2005,7,22:28,17,E09000025,3,114,Single carriageway,30,Giveway or uncontrolled,6,0,None within 50 metres,No physical crossing within 50 meters,Darkness: Street lights present and lit,Fine without high winds,Dry,None,None,1,No,E01003572,2005
8998,200501KF60446,539880.0,181600.0,0.014562,51.515957,1,2,1,1,22/06/2005,4,16:18,17,E09000025,6,0,Single carriageway,30,None,-1,0,None within 50 metres,No physical crossing within 50 meters,Daylight: Street light present,Fine without high winds,Dry,None,None,1,Yes,E01003510,2005
8999,200501KF60448,542850.0,185550.0,0.058938,51.550708,1,3,3,1,26/06/2005,1,05:59,17,E09000025,4,165,Single carriageway,30,Giveway or uncontrolled,6,0,None within 50 metres,No physical crossing within 50 meters,Darkness: Street lights present and lit,Fine without high winds,Dry,None,None,1,Yes,E01003583,2005
9000,200501KF60450,542140.0,183430.0,0.047849,51.531838,1,3,2,1,01/07/2005,6,21:07,17,E09000025,3,124,Single carriageway,30,Automatic traffic signal,4,109,None within 50 metres,Pedestrian phase at traffic signal junction,Darkness: Street lights present and lit,Fine without high winds,Dry,None,None,1,No,E01003525,2005
9001,200501KF60451,539430.0,184560.0,0.009252,51.542667,1,3,2,1,07/02/2005,2,08:40,17,E09000025,3,118,Single carriageway,30,Automatic traffic signal,4,164,None within 50 metres,Pedestrian phase at traffic signal junction,Daylight: Street light present,Fine without high winds,Dry,None,None,1,No,E01003618,2005
9002,200501KF60452,539040.0,184210.0,0.003493,51.539618,1,3,2,1,07/07/2005,5,10:20,17,E09000025,6,0,Single carriageway,30,Giveway or uncontrolled,3,112,None within 50 metres,No physical crossing within 50 meters,Daylight: Street light present,Raining without high winds,Wet/Damp,None,None,1,Yes,E01003619,2005
9003,200501KF60453,540490.0,185360.0,0.024846,51.549593,1,3,1,1,12/07/2005,3,15:14,17,E09000025,3,114,Single carriageway,30,Giveway or uncontrolled,3,114,None within 50 metres,non-junction pedestrian crossing,Daylight: Street light present,Fine without high winds,Dry,None,None,1,Yes,E01003544,2005
9004,200501KF60454,542570.0,185820.0,0.055012,51.553205,1,3,1,1,15/07/2005,6,16:09,17,E09000025,3,118,Single carriageway,30,Giveway or uncontrolled,6,0,None within 50 metres,No physical crossing within 50 meters,Daylight: Street light present,Fine without high winds,Dry,None,None,1,Yes,E01003578,2005
9005,200501KF60455,541560.0,185180.0,0.040196,51.547709,1,3,2,1,11/07/2005,2,08:35,17,E09000025,6,0,Single carriageway,30,None,-1,0,None within 50 metres,No physical crossing within 50 meters,Daylight: Street light present,Fine without high winds,Dry,None,None,1,Yes,E01003586,2005
9006,200501KF60457,539310.0,183490.0,0.007099,51.533082,1,3,2,1,25/07/2005,2,19:30,17,E09000025,5,0,Single carriageway,30,Giveway or uncontrolled,6,0,None within 50 metres,No physical crossing within 50 meters,Daylight: Street light present,Fine without high winds,Dry,None,None,1,No,E01003633,2005
9007,200501KF60458,542840.0,182420.0,0.057525,51.522585,1,3,2,1,25/07/2005,2,13:36,17,E09000025,3,117,Single carriageway,30,Giveway or uncontrolled,6,0,None within 50 metres,No physical crossing within 50 meters,Daylight: Street light present,Fine without high winds,Dry,None,None,1,Yes,E01003538,2005
9008,200501KF60459,542580.0,184210.0,0.054504,51.538736,1,3,2,1,15/07/2005,6,08:15,17,E09000025,6,0,Single carriageway,30,None,-1,0,None within 50 metres,No physical crossing within 50 meters,Daylight: Street light present,Fine without high winds,Dry,None,None,1,No,E01003627,2005
9009,200501KF60460,542110.0,185550.0,0.048272,51.550895,1,3,2,1,30/07/2005,7,17:00,17,E09000025,3,118,Single carriageway,30,Giveway or uncontrolled,6,0,None within 50 metres,No physical crossing within 50 meters,Daylight: Street light present,Fine without high winds,Dry,None,None,1,No,E01003591,2005
9010,200501KF60461,542850.0,181240.0,0.057191,51.51198,1,3,2,1,20/05/2005,6,14:45,17,E09000025,6,0,Single carriageway,30,Giveway or uncontrolled,6,0,None within 50 metres,No physical crossing within 50 meters,Daylight: Street light present,Fine without high winds,Dry,None,None,1,No,E01003481,2005
9011,200501KF60462,539620.0,181590.0,0.010813,51.515932,1,3,3,10,07/07/2005,5,16:10,17,E09000025,3,13,Dual carriageway,40,None,-1,0,None within 50 metres,No physical crossing within 50 meters,Daylight: Street light present,Fine without high winds,Dry,None,None,1,Yes,E01003503,2005
9012,200501KF60463,539110.0,185320.0,0.00494,51.549575,1,3,2,1,28/07/2005,5,12:20,17,E09000025,3,11,Single carriageway,30,Giveway or uncontrolled,3,112,None within 50 metres,No physical crossing within 50 meters,Daylight: Street light present,Fine without high winds,Dry,None,None,1,No,E01003615,2005
9013,200501KF60464,541880.0,185400.0,0.044897,51.549605,1,3,2,1,27/07/2005,4,16:45,17,E09000025,3,118,Single carriageway,30,Giveway or uncontrolled,6,0,None within 50 metres,No physical crossing within 50 meters,Daylight: Street light present,Fine without high winds,Dry,None,None,1,Yes,E01003591,2005
9014,200501KF60466,544020.0,182750.0,0.074656,51.525251,1,3,3,1,21/07/2005,5,16:45,17,E09000025,3,13,Roundabout,70,Giveway or uncontrolled,3,406,None within 50 metres,No physical crossing within 50 meters,Daylight: Street light present,Fine without high winds,Dry,None,None,1,No,E01003482,2005
9015,200501KF60467,538270.0,184100.0,-0.007645,51.538819,1,3,2,2,27/07/2005,4,08:10,17,E09000025,3,115,Single carriageway,30,None,-1,0,None within 50 metres,No physical crossing within 50 meters,Daylight: Street light present,Fine without high winds,Dry,None,None,1,Yes,E01003620,2005
9016,200501KF60468,542660.0,183410.0,0.055333,51.531527,1,3,2,1,24/07/2005,1,16:38,17,E09000025,3,117,Single carriageway,30,Giveway or uncontrolled,6,0,None within 50 metres,No physical crossing within 50 meters,Daylight: Street light present,Fine without high winds,Wet/Damp,None,None,1,Yes,E01003526,2005
9017,200501KF60469,543870.0,183060.0,0.072622,51.528075,1,3,2,1,24/07/2005,1,15:05,17,E09000025,3,406,Dual carriageway,50,None,-1,0,None within 50 metres,No physical crossing within 50 meters,Daylight: Street light present,Fine without high winds,Wet/Damp,None,None,1,Yes,E01003535,2005
9018,200501KF60470,543080.0,182250.0,0.060913,51.520997,1,3,3,1,30/07/2005,7,17:22,17,E09000025,3,13,Dual carriageway,40,None,-1,0,None within 50 metres,No physical crossing within 50 meters,Daylight: Street light present,Fine without high winds,Dry,None,None,1,Yes,E01003482,2005
9019,200501KF60471,541050.0,184550.0,0.032593,51.542175,1,3,2,1,24/03/2005,5,08:00,17,E09000025,4,167,Single carriageway,30,Giveway or uncontrolled,5,0,None within 50 metres,Zebra crossing,Daylight: Street light present,Fine without high winds,Dry,None,None,1,No,E01003571,2005
9020,200501KF60472,540260.0,183240.0,0.020687,51.5306,1,3,3,1,24/07/2005,1,18:15,17,E09000025,3,112,Single carriageway,30,Giveway or uncontrolled,6,0,None within 50 metres,non-junction pedestrian crossing,Daylight: Street light present,Fine without high winds,Wet/Damp,None,None,1,No,E01003595,2005
9021,200501KF60473,542940.0,181660.0,0.058657,51.515731,1,3,2,1,31/07/2005,1,08:33,17,E09000025,5,0,Single carriageway,30,None,-1,0,None within 50 metres,No physical crossing within 50 meters,Daylight: Street light present,Fine without high winds,Dry,None,None,1,Yes,E01003486,2005
9022,200501KF60474,541360.0,183140.0,0.036495,51.529427,1,3,2,1,16/07/2005,7,15:05,17,E09000025,6,0,Single carriageway,30,None,-1,0,None within 50 metres,No physical crossing within 50 meters,Daylight: Street light present,Fine without high winds,Dry,None,None,1,Yes,E01003605,2005
9023,200501KF60475,542860.0,183630.0,0.058303,51.533453,1,3,2,3,22/04/2005,6,21:10,17,E09000025,6,0,Single carriageway,30,Giveway or uncontrolled,3,124,None within 50 metres,No physical crossing within 50 meters,Darkness: Street lights present and lit,Fine without high winds,Dry,None,None,1,No,E01003523,2005
9024,200501KF60476,540470.0,182350.0,0.023358,51.52255,1,3,1,1,03/08/2005,4,11:58,17,E09000025,3,124,Single carriageway,30,Giveway or uncontrolled,6,0,None within 50 metres,Zebra crossing,Daylight: Street light present,Fine without high winds,Dry,None,None,1,Yes,E01003507,2005
9025,200501KF60477,539430.0,184560.0,0.009252,51.542667,1,3,2,1,01/08/2005,2,16:10,17,E09000025,3,118,Single carriageway,30,Automatic traffic signal,4,164,None within 50 metres,Pedestrian phase at traffic signal junction,Daylight: Street light present,Fine without high winds,Wet/Damp,None,None,1,Yes,E01003618,2005
9026,200501KF60478,542730.0,182990.0,0.056171,51.527735,1,3,1,1,04/08/2005,5,12:28,17,E09000025,3,117,Single carriageway,30,Automatic traffic signal,3,117,None within 50 metres,Pedestrian phase at traffic signal junction,Daylight: Street light present,Fine without high winds,Dry,None,None,1,Yes,E01003527,2005
9027,200501KF60479,542630.0,185860.0,0.055893,51.55355,1,3,2,1,04/08/2005,5,12:24,17,E09000025,3,118,Single carriageway,30,Giveway or uncontrolled,6,0,None within 50 metres,non-junction pedestrian crossing,Daylight: Street light present,Fine without high winds,Dry,None,None,1,Yes,E01003578,2005
9028,200501KF60480,539740.0,181620.0,0.012553,51.516172,1,3,2,2,18/08/2005,5,00:15,17,E09000025,3,13,Dual carriageway,50,None,-1,0,None within 50 metres,No physical crossing within 50 meters,Darkness: Street lights present and lit,Fine without high winds,Dry,None,None,1,No,E01003505,2005
9029,200501KF60481,539170.0,184490.0,0.005477,51.542102,1,3,1,1,22/07/2005,6,17:18,17,E09000025,3,118,Single carriageway,30,Giveway or uncontrolled,6,0,None within 50 metres,No physical crossing within 50 meters,Daylight: Street light present,Fine without high winds,Dry,None,None,1,No,E01003619,2005
9030,200501KF60483,542890.0,185990.0,0.059693,51.554652,1,3,2,1,27/07/2005,4,08:52,17,E09000025,3,118,Single carriageway,30,Giveway or uncontrolled,6,0,None within 50 metres,No physical crossing within 50 meters,Daylight: Street light present,Raining without high winds,Wet/Damp,None,None,1,Yes,E01003576,2005
9031,200501KF60484,539080.0,184160.0,0.00405,51.539159,1,3,2,1,01/07/2005,6,22:35,17,E09000025,3,112,Single carriageway,30,Giveway or uncontrolled,6,0,None within 50 metres,No physical crossing within 50 meters,Darkness: Street lights present and lit,Fine without high winds,Dry,None,None,1,Yes,E01003619,2005
9032,200501KF60485,541300.0,183670.0,0.035843,51.534205,1,3,2,4,31/07/2005,1,19:22,17,E09000025,6,0,Single carriageway,30,Giveway or uncontrolled,4,167,None within 50 metres,No physical crossing within 50 meters,Daylight: Street light present,Fine without high winds,Dry,None,None,1,Yes,E01003491,2005
9033,200501KF60486,540920.0,182680.0,0.029972,51.525404,1,3,2,1,29/03/2005,3,19:00,17,E09000025,6,0,Single carriageway,30,Giveway or uncontrolled,6,0,None within 50 metres,No physical crossing within 50 meters,Darkness: Street lights present and lit,Fine without high winds,Dry,None,None,1,Yes,E01003601,2005
9034,200501KF60487,539830.0,184750.0,0.015091,51.544276,1,3,1,1,16/07/2005,7,13:45,17,E09000025,3,118,Single carriageway,30,None,-1,0,None within 50 metres,No physical crossing within 50 meters,Daylight: Street light present,Fine without high winds,Dry,None,None,1,Yes,E01003553,2005
9035,200501KF60488,539100.0,184120.0,0.004322,51.538795,1,3,2,1,24/07/2005,1,13:15,17,E09000025,3,112,Single carriageway,30,Giveway or uncontrolled,6,0,None within 50 metres,No physical crossing within 50 meters,Daylight: Street light present,Fine without high winds,Dry,None,None,1,No,E01003619,2005
9036,200501KF60489,539570.0,181550.0,0.010077,51.515584,1,3,2,1,28/07/2005,5,18:07,17,E09000025,3,13,Slip road,30,Giveway or uncontrolled,3,1011,None within 50 metres,No physical crossing within 50 meters,Daylight: Street light present,Fine without high winds,Dry,None,None,1,Yes,E01003505,2005
9037,200501KF60490,540670.0,185580.0,0.027529,51.551525,1,2,1,1,28/07/2005,5,10:30,17,E09000025,6,0,Single carriageway,30,None,-1,0,None within 50 metres,No physical crossing within 50 meters,Daylight: Street light present,Fine without high winds,Dry,None,None,1,Yes,E01003543,2005
9038,200501KF60491,542080.0,180120.0,0.045651,51.502109,1,3,2,1,31/07/2005,1,09:52,17,E09000025,3,1011,Single carriageway,30,Giveway or uncontrolled,6,0,None within 50 metres,Zebra crossing,Daylight: Street light present,Fine without high winds,Dry,None,None,1,Yes,E01003609,2005
9039,200501KF60492,543310.0,179910.0,0.063275,51.499912,1,3,2,1,03/08/2005,4,19:20,17,E09000025,3,117,Single carriageway,30,Giveway or uncontrolled,3,1011,None within 50 metres,Zebra crossing,Daylight: Street light present,Fine without high winds,Dry,None,None,1,Yes,E01003611,2005
9040,200501KF60493,540880.0,185320.0,0.030451,51.549137,1,3,2,1,04/08/2005,5,16:30,17,E09000025,6,0,Roundabout,30,Giveway or uncontrolled,6,0,None within 50 metres,No physical crossing within 50 meters,Daylight: Street light present,Fine without high winds,Dry,None,None,1,No,E01003556,2005
9041,200501KF60494,541120.0,181740.0,0.032477,51.516907,1,3,2,2,04/08/2005,5,05:54,17,E09000025,3,13,Single carriageway,30,Automatic traffic signal,3,112,None within 50 metres,Pedestrian phase at traffic signal junction,Daylight: Street light present,Fine without high winds,Dry,None,None,1,Yes,E01003516,2005
9042,200501KF60495,539850.0,183450.0,0.014864,51.532589,1,3,3,3,25/03/2005,6,20:04,17,E09000025,3,112,Single carriageway,30,Giveway or uncontrolled,6,0,None within 50 metres,No physical crossing within 50 meters,Daylight: Street light present,Fine without high winds,Dry,None,None,1,Yes,E01003630,2005
9043,200501KF60496,541720.0,184130.0,0.042079,51.538233,1,3,2,1,01/08/2005,2,01:07,17,E09000025,4,165,Single carriageway,30,Automatic traffic signal,4,109,None within 50 metres,Pedestrian phase at traffic signal junction,Darkness: Street lights present and lit,Raining without high winds,Wet/Damp,None,None,1,No,E01003565,2005
9044,200501KF60497,540420.0,184980.0,0.023686,51.546196,1,3,3,2,01/08/2005,2,12:30,17,E09000025,3,118,Single carriageway,30,Giveway or uncontrolled,6,0,None within 50 metres,No physical crossing within 50 meters,Daylight: Street light present,Fine without high winds,Dry,None,None,1,Yes,E01003558,2005
9045,200501KF60498,540600.0,184590.0,0.026124,51.542647,1,2,2,2,01/05/2005,1,14:55,17,E09000025,3,114,Single carriageway,30,Giveway or uncontrolled,6,0,None within 50 metres,No physical crossing within 50 meters,Daylight: Street light present,Fine without high winds,Wet/Damp,None,None,1,Yes,E01003572,2005
9046,200501KF60499,541070.0,182070.0,0.031889,51.519885,1,3,2,1,15/05/2005,1,10:28,17,E09000025,6,0,Single carriageway,30,Giveway or uncontrolled,3,112,None within 50 metres,No physical crossing within 50 meters,Daylight: Street light present,Fine without high winds,Dry,None,None,1,Yes,E01003601,2005
9047,200501KF60500,539420.0,184570.0,0.009111,51.542759,1,3,1,1,06/07/2005,4,11:49,17,E09000025,4,164,Single carriageway,30,Automatic traffic signal,3,118,None within 50 metres,Pedestrian phase at traffic signal junction,Daylight: Street light present,Fine without high winds,Dry,None,None,1,No,E01003618,2005
9048,200501KF60501,539090.0,184470.0,0.004316,51.541942,1,3,2,1,09/08/2005,3,12:10,17,E09000025,3,118,Single carriageway,30,None,-1,0,None within 50 metres,No physical crossing within 50 meters,Daylight: Street light present,Fine without high winds,Dry,None,None,1,No,E01003619,2005
9049,200501KF60502,542680.0,185890.0,0.056625,51.553807,1,3,2,1,03/08/2005,4,15:36,17,E09000025,3,118,Single carriageway,30,Giveway or uncontrolled,6,0,None within 50 metres,No physical crossing within 50 meters,Daylight: Street light present,Fine without high winds,Dry,None,None,1,Yes,E01003576,2005
9050,200501KF60503,542120.0,183470.0,0.047577,51.532202,1,3,3,1,07/08/2005,1,23:30,17,E09000025,4,109,Single carriageway,30,None,-1,0,None within 50 metres,No physical crossing within 50 meters,Darkness: Street lights present and lit,Fine without high winds,Dry,None,None,1,Yes,E01003524,2005
9051,200501KF60504,541330.0,183210.0,0.036091,51.530064,1,3,1,1,06/08/2005,7,15:15,17,E09000025,3,124,Single carriageway,30,Giveway or uncontrolled,6,0,None within 50 metres,No physical crossing within 50 meters,Daylight: Street light present,Fine without high winds,Dry,None,None,1,No,E01003605,2005
9052,200501KF60505,540220.0,183280.0,0.020127,51.530969,1,3,2,1,14/05/2005,7,03:01,17,E09000025,3,112,Single carriageway,30,None,-1,0,None within 50 metres,No physical crossing within 50 meters,Darkness: Street lights present and lit,Fine without high winds,Dry,None,None,1,Yes,E01003595,2005
9053,200501KF60506,540440.0,184990.0,0.023978,51.546281,1,3,2,1,07/08/2005,1,15:59,17,E09000025,3,118,Single carriageway,30,None,-1,0,None within 50 metres,No physical crossing within 50 meters,Daylight: Street light present,Fine without high winds,Dry,None,None,1,Yes,E01003558,2005
9054,200501KF60507,542620.0,183510.0,0.054797,51.532436,1,3,1,1,13/08/2005,7,12:00,17,E09000025,3,117,Single carriageway,30,None,-1,0,None within 50 metres,No physical crossing within 50 meters,Daylight: Street light present,Fine without high winds,Dry,None,None,1,No,E01003525,2005
9055,200501KF60508,542390.0,184050.0,0.051701,51.537346,1,3,2,1,13/08/2005,7,17:35,17,E09000025,3,117,Dual carriageway,30,None,-1,0,None within 50 metres,No physical crossing within 50 meters,Daylight: Street light present,Fine without high winds,Dry,None,None,1,No,E01003521,2005
9056,200501KF60509,542080.0,180120.0,0.045651,51.502109,1,2,2,1,10/08/2005,4,07:50,17,E09000025,3,1011,Single carriageway,30,Giveway or uncontrolled,6,0,None within 50 metres,No physical crossing within 50 meters,Daylight: Street light present,Fine without high winds,Dry,None,None,1,Yes,E01003609,2005
9057,200501KF60510,543080.0,182880.0,0.061168,51.526658,1,3,1,1,18/08/2005,5,12:55,17,E09000025,6,0,Single carriageway,30,Giveway or uncontrolled,6,0,None within 50 metres,No physical crossing within 50 meters,Daylight: Street light present,Fine without high winds,Dry,None,None,1,No,E01003535,2005
9058,200501KF60511,540250.0,184930.0,0.021216,51.545789,1,3,1,1,24/08/2005,4,00:54,17,E09000025,3,118,Single carriageway,30,Giveway or uncontrolled,6,0,None within 50 metres,No physical crossing within 50 meters,Darkness: Street lights present and lit,Fine without high winds,Dry,None,None,1,Yes,E01003551,2005
9059,200501KF60512,540620.0,183060.0,0.025802,51.528893,1,2,2,2,27/08/2005,7,08:10,17,E09000025,3,112,Single carriageway,30,Giveway or uncontrolled,3,112,None within 50 metres,Zebra crossing,Daylight: Street light present,Fine without high winds,Dry,None,None,1,Yes,E01003607,2005
9060,200501KF60513,540740.0,185030.0,0.028318,51.546566,1,3,2,1,26/08/2005,6,10:44,17,E09000025,3,118,Single carriageway,30,Giveway or uncontrolled,6,0,None within 50 metres,No physical crossing within 50 meters,Daylight: Street light present,Fine without high winds,Dry,None,None,1,Yes,E01003570,2005
9061,200501KF60514,542350.0,184150.0,0.051165,51.538255,1,3,2,1,01/09/2005,5,11:30,17,E09000025,5,0,Single carriageway,30,Automatic traffic signal,3,117,None within 50 metres,Pedestrian phase at traffic signal junction,Daylight: Street light present,Fine without high winds,Dry,None,None,1,Yes,E01003520,2005
9062,200501KF60515,540450.0,183950.0,0.023708,51.536933,1,2,1,1,26/07/2005,3,11:00,17,E09000025,4,165,Single carriageway,30,None,-1,0,None within 50 metres,No physical crossing within 50 meters,Daylight: Street light present,Fine without high winds,Dry,None,None,1,No,E01003596,2005
9063,200501KF60516,541090.0,181950.0,0.032129,51.518802,1,3,1,1,06/08/2005,7,13:20,17,E09000025,3,112,Single carriageway,30,Giveway or uncontrolled,6,0,None within 50 metres,No physical crossing within 50 meters,Daylight: Street light present,Fine without high winds,Dry,None,None,1,Yes,E01003604,2005
9064,200501KF60517,539780.0,184730.0,0.014363,51.544108,1,3,3,2,08/08/2005,2,14:15,17,E09000025,3,118,Single carriageway,30,Giveway or uncontrolled,6,0,None within 50 metres,No physical crossing within 50 meters,Daylight: Street light present,Fine without high winds,Dry,None,None,1,Yes,E01003553,2005
9065,200501KF60519,543050.0,181510.0,0.06018,51.514355,1,3,2,1,03/05/2005,3,17:30,17,E09000025,6,0,Single carriageway,30,Giveway or uncontrolled,6,0,None within 50 metres,Zebra crossing,Daylight: Street light present,Fine without high winds,Dry,None,None,1,Yes,E01003486,2005
9066,200501KF60520,540460.0,181740.0,0.022971,51.517071,1,3,2,1,25/08/2005,5,08:40,17,E09000025,3,13,Dual carriageway,40,None,-1,0,None within 50 metres,No physical crossing within 50 meters,Daylight: Street light present,Fine without high winds,Dry,None,None,1,Yes,E01003508,2005
9067,200501KF60521,543310.0,179890.0,0.063267,51.499732,1,3,2,1,03/08/2005,4,07:30,17,E09000025,3,117,Single carriageway,30,Giveway or uncontrolled,3,117,None within 50 metres,Zebra crossing,Daylight: Street light present,Fine without high winds,Dry,None,None,1,No,E01003611,2005
9068,200501KF60522,543850.0,182790.0,0.072224,51.525654,1,3,2,2,05/08/2005,6,20:45,17,E09000025,3,13,Roundabout,40,Automatic traffic signal,3,406,None within 50 metres,No physical crossing within 50 meters,Daylight: Street light present,Fine without high winds,Dry,None,None,1,Yes,E01003535,2005
9069,200501KF60523,540590.0,184820.0,0.026072,51.544716,1,3,1,1,08/08/2005,2,17:15,17,E09000025,3,114,Single carriageway,30,Giveway or uncontrolled,6,0,None within 50 metres,No physical crossing within 50 meters,Daylight: Street light present,Fine without high winds,Dry,None,None,1,Yes,E01003558,2005
9070,200501KF60524,542050.0,183400.0,0.04654,51.531591,1,3,2,1,09/08/2005,3,12:39,17,E09000025,3,124,Single carriageway,30,Giveway or uncontrolled,6,0,None within 50 metres,No physical crossing within 50 meters,Daylight: Street light present,Fine without high winds,Dry,None,None,1,Yes,E01003493,2005
9071,200501KF60527,540140.0,185250.0,0.019758,51.548692,1,3,2,1,13/08/2005,7,10:20,17,E09000025,5,0,Single carriageway,30,Giveway or uncontrolled,6,0,None within 50 metres,No physical crossing within 50 meters,Daylight: Street light present,Raining without high winds,Wet/Damp,None,None,1,No,E01003545,2005
9072,200501KF60528,540490.0,185350.0,0.024842,51.549503,1,3,2,1,21/06/2005,3,07:30,17,E09000025,3,114,Single carriageway,30,Giveway or uncontrolled,5,0,None within 50 metres,No physical crossing within 50 meters,Daylight: Street light present,Fine without high winds,Dry,None,None,1,No,E01003544,2005
9073,200501KF60529,542680.0,183330.0,0.055588,51.530803,1,2,2,1,15/07/2005,6,17:30,17,E09000025,3,117,Single carriageway,30,None,-1,0,None within 50 metres,No physical crossing within 50 meters,Daylight: Street light present,Fine without high winds,Dry,None,None,1,No,E01003523,2005
9074,200501KF60530,542440.0,183920.0,0.052369,51.536165,1,3,1,1,21/07/2005,5,16:15,17,E09000025,3,117,Single carriageway,30,None,-1,0,None within 50 metres,No physical crossing within 50 meters,Daylight: Street light present,Fine without high winds,Dry,None,None,1,No,E01003521,2005
9075,200501KF60531,543800.0,180940.0,0.070749,51.509043,1,3,6,3,24/07/2005,1,12:08,17,E09000025,3,406,Dual carriageway,40,None,-1,0,None within 50 metres,No physical crossing within 50 meters,Daylight: Street light present,Raining without high winds,Wet/Damp,None,None,1,Yes,E01003482,2005
9076,200501KF60532,538890.0,184550.0,0.001466,51.54271,1,3,2,1,24/08/2005,4,16:20,17,E09000025,6,0,Single carriageway,30,None,-1,0,None within 50 metres,No physical crossing within 50 meters,Daylight: Street light present,Raining without high winds,Wet/Damp,None,None,1,No,E01003617,2005
9077,200501KF60533,540600.0,184570.0,0.026116,51.542467,1,3,1,1,03/08/2005,4,18:44,17,E09000025,3,114,Single carriageway,30,Giveway or uncontrolled,6,0,None within 50 metres,No physical crossing within 50 meters,Daylight: Street light present,Fine without high winds,Dry,None,None,1,Yes,E01003572,2005
9078,200501KF60534,540520.0,185000.0,0.025135,51.546351,1,3,2,1,04/08/2005,5,22:30,17,E09000025,3,118,Single carriageway,30,None,-1,0,None within 50 metres,No physical crossing within 50 meters,Darkness: Street lights present and lit,Fine without high winds,Dry,None,None,1,No,E01003558,2005
9079,200501KF60535,540230.0,180890.0,0.019321,51.50949,1,3,2,2,20/08/2005,7,14:25,17,E09000025,3,1020,Single carriageway,40,None,-1,0,None within 50 metres,No physical crossing within 50 meters,Daylight: Street light present,Fine without high winds,Dry,None,None,1,Yes,E01003504,2005
9080,200501KF60536,539490.0,182550.0,0.009321,51.52459,1,3,2,1,16/08/2005,3,06:38,17,E09000025,5,0,Single carriageway,30,Giveway or uncontrolled,6,0,None within 50 metres,No physical crossing within 50 meters,Daylight: Street light present,Fine without high winds,Dry,None,None,1,Yes,E01003500,2005
9081,200501KF60537,540500.0,183090.0,0.024085,51.529193,1,3,3,1,27/07/2005,4,19:30,17,E09000025,4,166,Single carriageway,30,Giveway or uncontrolled,3,112,None within 50 metres,No physical crossing within 50 meters,Daylight: Street light present,Fine without high winds,Dry,None,None,1,Yes,E01003595,2005
9082,200501KF60538,537890.0,183070.0,-0.013524,51.529656,1,3,2,1,05/07/2005,3,12:50,5,E09000030,3,12,Roundabout,30,Giveway or uncontrolled,3,11,None within 50 metres,No physical crossing within 50 meters,Daylight: Street light present,Raining without high winds,Wet/Damp,None,None,1,No,E01004238,2005
9083,200501KF60540,539400.0,181560.0,0.007633,51.515716,1,3,2,1,08/08/2005,2,13:10,17,E09000025,3,13,Roundabout,30,Giveway or uncontrolled,3,1011,None within 50 metres,No physical crossing within 50 meters,Daylight: Street light present,Fine without high winds,Dry,None,None,1,Yes,E01003497,2005
9084,200501KF60542,542930.0,182190.0,0.058728,51.520496,1,3,2,1,13/08/2005,7,15:15,17,E09000025,3,117,Single carriageway,30,Automatic traffic signal,3,117,None within 50 metres,Pedestrian phase at traffic signal junction,Daylight: Street light present,Fine without high winds,Dry,None,None,1,No,E01003540,2005
9085,200501KF60543,541250.0,184650.0,0.035515,51.543024,1,3,2,1,16/08/2005,3,15:40,17,E09000025,6,0,One way street,30,None,-1,0,None within 50 metres,No physical crossing within 50 meters,Daylight: Street light present,Fine without high winds,Dry,None,None,1,No,E01003562,2005
9086,200501KF60545,539540.0,181540.0,0.009641,51.515502,1,3,4,3,18/08/2005,5,08:37,17,E09000025,3,13,Dual carriageway,40,None,-1,0,None within 50 metres,No physical crossing within 50 meters,Daylight: Street light present,Fine without high winds,Dry,None,None,1,Yes,E01003505,2005
9087,200501KF60546,540170.0,182120.0,0.018945,51.520558,1,3,2,3,19/08/2005,6,20:15,17,E09000025,3,124,Single carriageway,30,Giveway or uncontrolled,6,0,None within 50 metres,No physical crossing within 50 meters,Darkness: Street lights present and lit,Raining without high winds,Wet/Damp,None,None,1,No,E01003501,2005
9088,200501KF60547,538480.0,183790.0,-0.004741,51.535982,1,2,1,1,19/08/2005,6,20:14,17,E09000025,3,11,Dual carriageway,30,None,-1,0,None within 50 metres,Pedestrian phase at traffic signal junction,Darkness: Street lights present and lit,Raining without high winds,Wet/Damp,None,None,1,Yes,E01003613,2005
9089,200501KF60548,539180.0,185090.0,0.005858,51.547491,1,3,2,1,31/08/2005,4,14:00,17,E09000025,3,11,Single carriageway,30,None,-1,0,None within 50 metres,No physical crossing within 50 meters,Daylight: Street light present,Fine without high winds,Dry,None,None,1,No,E01003616,2005
9090,200501KF60549,539910.0,181920.0,0.015121,51.518825,1,3,2,1,18/05/2005,4,16:30,17,E09000025,3,124,Single carriageway,30,Giveway or uncontrolled,6,0,None within 50 metres,No physical crossing within 50 meters,Daylight: Street light present,Fine without high winds,Dry,None,None,1,Yes,E01003503,2005
9091,200501KF60550,541010.0,184750.0,0.032097,51.543982,1,3,2,1,19/08/2005,6,12:10,17,E09000025,4,167,Single carriageway,30,Giveway or uncontrolled,6,0,None within 50 metres,No physical crossing within 50 meters,Daylight: Street light present,Raining without high winds,Wet/Damp,None,None,1,Yes,E01003571,2005
9092,200501KF60551,539220.0,184960.0,0.006383,51.546313,1,3,2,1,13/08/2005,7,21:20,17,E09000025,3,11,Roundabout,30,Giveway or uncontrolled,3,11,None within 50 metres,Zebra crossing,Darkness: Street lights present and lit,Fine without high winds,Dry,None,None,1,No,E01003616,2005
9093,200501KF60552,541090.0,182010.0,0.032153,51.519341,1,3,1,1,26/08/2005,6,13:20,17,E09000025,3,112,Single carriageway,30,Giveway or uncontrolled,6,0,None within 50 metres,No physical crossing within 50 meters,Daylight: Street light present,Fine without high winds,Dry,None,None,1,Yes,E01003601,2005
9094,200501KF60553,542080.0,184190.0,0.047291,51.538682,1,3,2,2,24/08/2005,4,14:15,17,E09000025,6,0,Single carriageway,30,Giveway or uncontrolled,6,0,None within 50 metres,No physical crossing within 50 meters,Daylight: Street light present,Fine without high winds,Dry,None,None,1,No,E01003531,2005
9095,200501KF60554,539270.0,184740.0,0.007017,51.544324,1,3,2,1,21/08/2005,1,11:14,17,E09000025,6,0,Single carriageway,30,None,-1,0,None within 50 metres,No physical crossing within 50 meters,Daylight: Street light present,Fine without high winds,Dry,None,None,1,Yes,E01003559,2005
9096,200501KF60555,542350.0,184240.0,0.051202,51.539063,1,3,1,1,11/08/2005,5,20:15,17,E09000025,3,117,Single carriageway,30,None,-1,0,None within 50 metres,non-junction pedestrian crossing,Daylight: Street light present,Fine without high winds,Dry,None,None,1,No,E01003531,2005
9097,200501KF60556,542160.0,185070.0,0.048799,51.546569,1,3,2,1,13/08/2005,7,20:56,17,E09000025,3,117,Single carriageway,30,Giveway or uncontrolled,6,0,None within 50 metres,Zebra crossing,Darkness: Street lights present and lit,Raining without high winds,Wet/Damp,None,None,1,Yes,E01003587,2005
9098,200501KF60557,541760.0,184540.0,0.042821,51.541907,1,3,2,1,03/09/2005,7,17:00,17,E09000025,6,0,Single carriageway,30,Giveway or uncontrolled,6,0,None within 50 metres,No physical crossing within 50 meters,Daylight: Street light present,Fine without high winds,Dry,None,None,1,No,E01003563,2005
9099,200501KF60559,540420.0,184980.0,0.023686,51.546196,1,3,2,1,24/08/2005,4,19:20,17,E09000025,3,118,Single carriageway,30,Giveway or uncontrolled,6,0,None within 50 metres,No physical crossing within 50 meters,Darkness: Street lights present and lit,Raining without high winds,Wet/Damp,None,None,1,Yes,E01003558,2005
9100,200501KF60560,539600.0,181210.0,0.010375,51.512522,1,2,2,1,30/08/2005,3,14:57,17,E09000025,3,1011,Dual carriageway,40,Automatic traffic signal,6,0,None within 50 metres,Pedestrian phase at traffic signal junction,Daylight: Street light present,Fine without high winds,Dry,None,None,1,Yes,E01003504,2005
9101,200501KF60561,541290.0,180930.0,0.034601,51.509586,1,2,1,3,16/08/2005,3,22:00,17,E09000025,3,112,Single carriageway,30,None,-1,0,None within 50 metres,No physical crossing within 50 meters,Darkness: Street lights present and lit,Fine without high winds,Dry,None,None,1,No,E01003515,2005
9102,200501KF60562,539410.0,181500.0,0.007753,51.515175,1,3,2,1,20/05/2005,6,22:10,17,E09000025,3,13,Roundabout,30,Giveway or uncontrolled,3,1011,None within 50 metres,No physical crossing within 50 meters,Darkness: Street lights present and lit,Fine without high winds,Dry,None,None,1,No,E01003505,2005
9103,200501KF60563,540580.0,184860.0,0.025944,51.545078,1,2,1,1,30/08/2005,3,12:45,17,E09000025,3,114,Single carriageway,30,None,-1,0,None within 50 metres,No physical crossing within 50 meters,Daylight: Street light present,Fine without high winds,Dry,None,None,1,Yes,E01003558,2005
9104,200501KF60564,542890.0,185990.0,0.059693,51.554652,1,3,2,1,28/08/2005,1,14:50,17,E09000025,3,118,Single carriageway,30,Giveway or uncontrolled,6,0,None within 50 metres,No physical crossing within 50 meters,Daylight: Street light present,Fine without high winds,Dry,None,None,1,Yes,E01003576,2005
9105,200501KF60565,543300.0,185470.0,0.065391,51.549876,1,3,2,1,26/08/2005,6,15:00,17,E09000025,6,0,Single carriageway,30,Giveway or uncontrolled,6,0,None within 50 metres,No physical crossing within 50 meters,Daylight: Street light present,Fine without high winds,Dry,None,None,1,No,E01003582,2005
9106,200501KF60566,542720.0,182100.0,0.055667,51.51974,1,3,1,1,06/09/2005,3,17:22,17,E09000025,3,13,Dual carriageway,40,None,-1,0,None within 50 metres,No physical crossing within 50 meters,Daylight: Street light present,Fine without high winds,Dry,None,None,1,Yes,E01003540,2005
9107,200501KF60568,543780.0,180900.0,0.070445,51.508689,1,3,2,1,08/08/2005,2,15:00,17,E09000025,3,406,Roundabout,30,Giveway or uncontrolled,6,0,None within 50 metres,No physical crossing within 50 meters,Daylight: Street light present,Fine without high winds,Dry,None,None,1,No,E01003480,2005
9108,200501KF60569,540410.0,182320.0,0.022482,51.522296,1,3,1,1,06/09/2005,3,16:49,17,E09000025,5,0,Single carriageway,30,Automatic traffic signal,4,166,None within 50 metres,Pedestrian phase at traffic signal junction,Daylight: Street light present,Fine without high winds,Dry,None,None,1,Yes,E01003499,2005
9109,200501KF60570,541880.0,185400.0,0.044897,51.549605,1,3,2,1,09/09/2005,6,15:40,17,E09000025,3,118,Single carriageway,30,Giveway or uncontrolled,6,0,None within 50 metres,No physical crossing within 50 meters,Daylight: Street light present,Fine without high winds,Dry,None,None,1,No,E01003591,2005
9110,200501KF60571,542390.0,184870.0,0.052033,51.544714,1,3,1,1,11/09/2005,1,13:48,17,E09000025,6,0,One way street,30,None,-1,0,None within 50 metres,No physical crossing within 50 meters,Daylight: Street light present,Fine without high winds,Dry,None,None,1,Yes,E01003529,2005
9111,200501KF60572,542980.0,181220.0,0.059055,51.511767,1,3,2,1,27/06/2005,2,12:15,17,E09000025,6,0,Single carriageway,30,None,-1,0,None within 50 metres,No physical crossing within 50 meters,Daylight: Street light present,Fine without high winds,Dry,None,None,1,No,E01003481,2005
9112,200501KF60573,542810.0,185950.0,0.058524,51.554313,1,3,2,1,04/09/2005,1,15:55,17,E09000025,3,118,Single carriageway,30,Automatic traffic signal,4,165,None within 50 metres,Pedestrian phase at traffic signal junction,Daylight: Street light present,Fine without high winds,Dry,None,None,1,Yes,E01003576,2005
9113,200501KF60574,541280.0,185050.0,0.036108,51.54661,1,3,2,1,22/08/2005,2,08:25,17,E09000025,4,109,Single carriageway,30,None,-1,0,None within 50 metres,No physical crossing within 50 meters,Daylight: Street light present,Fine without high winds,Dry,None,None,1,Yes,E01003567,2005
9114,200501KF60575,541310.0,184900.0,0.03648,51.545255,1,3,2,1,06/09/2005,3,08:10,17,E09000025,4,109,Single carriageway,30,Giveway or uncontrolled,6,0,None within 50 metres,No physical crossing within 50 meters,Daylight: Street light present,Fine without high winds,Dry,None,None,1,No,E01003561,2005
9115,200501KF60576,539830.0,184750.0,0.015091,51.544276,1,3,1,1,23/08/2005,3,21:22,17,E09000025,3,118,Single carriageway,30,None,-1,0,None within 50 metres,No physical crossing within 50 meters,Darkness: Street lights present and lit,Fine without high winds,Dry,None,None,1,Yes,E01003553,2005
9116,200501KF60577,542250.0,184600.0,0.049906,51.542323,1,3,1,1,24/08/2005,4,18:06,17,E09000025,6,0,Single carriageway,30,Giveway or uncontrolled,3,117,None within 50 metres,No physical crossing within 50 meters,Daylight: Street light present,Raining without high winds,Wet/Damp,None,None,1,Yes,E01003529,2005
9117,200501KF60578,540030.0,182010.0,0.016885,51.519604,1,3,2,1,08/08/2005,2,17:53,17,E09000025,3,124,Single carriageway,30,Giveway or uncontrolled,3,124,None within 50 metres,No physical crossing within 50 meters,Daylight: Street light present,Fine without high winds,Dry,None,None,1,No,E01003508,2005
9118,200501KF60579,541320.0,185160.0,0.036729,51.547589,1,3,2,1,26/08/2005,6,08:20,17,E09000025,3,118,Single carriageway,30,Giveway or uncontrolled,6,0,None within 50 metres,No physical crossing within 50 meters,Daylight: Street light present,Fine without high winds,Dry,None,None,1,No,E01003567,2005
9119,200501KF60580,540240.0,184930.0,0.021072,51.545791,1,3,1,1,20/08/2005,7,16:04,17,E09000025,3,118,Single carriageway,30,Giveway or uncontrolled,6,0,None within 50 metres,No physical crossing within 50 meters,Daylight: Street light present,Fine without high winds,Dry,None,None,1,Yes,E01003551,2005
9120,200501KF60582,538750.0,184180.0,-0.000697,51.53942,1,3,2,1,12/09/2005,2,18:15,17,E09000025,3,11,Dual carriageway,30,Automatic traffic signal,3,11,None within 50 metres,Pedestrian phase at traffic signal junction,Daylight: Street light present,Fine without high winds,Dry,None,None,1,No,E01003619,2005
9121,200501KF60586,539050.0,184470.0,0.00374,51.541952,1,3,3,4,03/09/2005,7,21:52,17,E09000025,3,11,Single carriageway,30,Automatic traffic signal,3,118,None within 50 metres,Pedestrian phase at traffic signal junction,Darkness: Street lights present and lit,Fine without high winds,Dry,None,None,1,Yes,E01003619,2005
9122,200501KF60587,541070.0,181430.0,0.031633,51.514134,1,3,2,1,02/09/2005,6,20:34,17,E09000025,3,112,Single carriageway,30,Giveway or uncontrolled,6,0,None within 50 metres,No physical crossing within 50 meters,Darkness: Street lights present and lit,Fine without high winds,Wet/Damp,None,None,1,Yes,E01003512,2005
9123,200501KF60588,539090.0,184820.0,0.004455,51.545087,1,3,2,1,23/08/2005,3,18:00,17,E09000025,3,11,Single carriageway,30,None,-1,0,None within 50 metres,No physical crossing within 50 meters,Daylight: Street light present,Fine without high winds,Dry,None,None,1,Yes,E01003617,2005
9124,200501KF60589,542520.0,183550.0,0.053372,51.53282,1,3,2,4,02/09/2005,6,16:50,17,E09000025,3,124,Single carriageway,30,None,-1,0,None within 50 metres,No physical crossing within 50 meters,Daylight: Street light present,Fine without high winds,Dry,None,None,1,Yes,E01003525,2005
9125,200501KF60590,540850.0,182760.0,0.028996,51.52614,1,3,2,1,30/08/2005,3,09:25,17,E09000025,3,112,Single carriageway,30,Giveway or uncontrolled,3,112,None within 50 metres,No physical crossing within 50 meters,Daylight: Street light present,Fine without high winds,Dry,None,None,1,Yes,E01003607,2005
9126,200501KF60591,542490.0,185760.0,0.053834,51.552686,1,3,2,3,21/08/2005,1,15:40,17,E09000025,5,0,Single carriageway,30,Automatic traffic signal,3,118,None within 50 metres,Pedestrian phase at traffic signal junction,Daylight: Street light present,Fine without high winds,Dry,None,None,1,Yes,E01003578,2005
9127,200501KF60593,538620.0,183960.0,-0.002657,51.537475,1,3,2,1,25/08/2005,5,14:10,17,E09000025,3,11,Dual carriageway,30,None,-1,0,None within 50 metres,Zebra crossing,Daylight: Street light present,Fine without high winds,Dry,None,None,1,No,E01003620,2005
9128,200501KF60594,541320.0,184750.0,0.036564,51.543905,1,3,2,1,26/08/2005,6,17:40,17,E09000025,4,109,Single carriageway,30,Giveway or uncontrolled,6,0,None within 50 metres,No physical crossing within 50 meters,Daylight: Street light present,Fine without high winds,Dry,None,None,1,No,E01003562,2005
9129,200501KF60595,541450.0,183220.0,0.037824,51.530124,1,3,2,1,30/08/2005,3,12:10,17,E09000025,3,124,Single carriageway,30,Automatic traffic signal,4,167,None within 50 metres,Pedestrian phase at traffic signal junction,Daylight: Street light present,Fine without high winds,Dry,None,None,1,Yes,E01003492,2005
9130,200501KF60596,540630.0,183980.0,0.026313,51.537158,1,3,1,1,31/08/2005,4,12:33,17,E09000025,4,165,Single carriageway,30,Giveway or uncontrolled,6,0,None within 50 metres,Zebra crossing,Daylight: Street light present,Fine without high winds,Dry,None,None,1,Yes,E01003596,2005
9131,200501KF60597,541020.0,184730.0,0.032233,51.5438,1,3,2,1,04/09/2005,1,16:30,17,E09000025,4,167,Single carriageway,30,Giveway or uncontrolled,6,0,None within 50 metres,Zebra crossing,Daylight: Street light present,Fine without high winds,Dry,None,None,1,No,E01003571,2005
9132,200501KF60598,543910.0,182850.0,0.073113,51.526178,1,3,2,1,07/09/2005,4,06:30,17,E09000025,3,406,Roundabout,40,Giveway or uncontrolled,3,13,None within 50 metres,No physical crossing within 50 meters,Daylight: Street light present,Fine without high winds,Dry,None,None,1,Yes,E01003535,2005
9133,200501KF60599,541010.0,184460.0,0.031981,51.541376,1,3,1,1,10/09/2005,7,09:03,17,E09000025,6,0,Single carriageway,30,None,-1,0,None within 50 metres,No physical crossing within 50 meters,Daylight: Street light present,Raining without high winds,Wet/Damp,None,None,1,Yes,E01003573,2005
9134,200501KF60600,541460.0,181180.0,0.037149,51.51179,1,3,1,1,16/09/2005,6,15:10,17,E09000025,6,0,Single carriageway,30,Giveway or uncontrolled,6,0,None within 50 metres,No physical crossing within 50 meters,Daylight: Street light present,Fine without high winds,Dry,None,None,1,Yes,E01003515,2005
9135,200501KF60601,543860.0,182840.0,0.072388,51.526101,1,3,2,1,20/09/2005,3,07:10,17,E09000025,3,13,Dual carriageway,50,Giveway or uncontrolled,3,406,None within 50 metres,No physical crossing within 50 meters,Daylight: Street light present,Fine without high winds,Dry,None,None,1,Yes,E01003535,2005
9136,200501KF60602,540050.0,186210.0,0.018843,51.557341,1,3,2,1,28/09/2005,4,11:10,13,E09000031,4,161,Single carriageway,30,Giveway or uncontrolled,6,0,None within 50 metres,No physical crossing within 50 meters,Daylight: Street light present,Fine without high winds,Dry,None,None,1,No,E01004331,2005
9137,200501KF60603,540820.0,180950.0,0.027841,51.509883,1,3,1,1,07/09/2005,4,15:35,17,E09000025,3,1020,Single carriageway,30,Giveway or uncontrolled,6,0,None within 50 metres,Zebra crossing,Daylight: Street light present,Fine without high winds,Dry,None,None,1,Yes,E01003515,2005
9138,200501KF60604,542900.0,183640.0,0.058884,51.533533,1,3,2,1,10/09/2005,7,09:35,17,E09000025,3,124,Single carriageway,30,Giveway or uncontrolled,6,0,None within 50 metres,No physical crossing within 50 meters,Daylight: Street light present,Fine without high winds,Dry,None,None,1,Yes,E01003622,2005
9139,200501KF60605,543950.0,182810.0,0.073673,51.525808,1,3,3,2,17/09/2005,7,15:14,17,E09000025,3,406,Roundabout,50,Automatic traffic signal,3,13,None within 50 metres,No physical crossing within 50 meters,Daylight: Street light present,Fine without high winds,Dry,None,None,1,Yes,E01003535,2005
9140,200501KF60606,541320.0,184830.0,0.036596,51.544624,1,3,3,1,19/09/2005,2,22:00,17,E09000025,4,109,Single carriageway,30,Giveway or uncontrolled,6,0,None within 50 metres,No physical crossing within 50 meters,Darkness: Street lights present and lit,Fine without high winds,Dry,None,None,1,Yes,E01003561,2005
9141,200501KF60607,542490.0,183300.0,0.052839,51.530581,1,3,2,1,09/09/2005,6,19:52,17,E09000025,6,0,Single carriageway,30,None,-1,0,None within 50 metres,No physical crossing within 50 meters,Daylight: Street light present,Fine without high winds,Dry,None,None,1,No,E01003526,2005
9142,200501KF60608,541710.0,184140.0,0.041939,51.538326,1,3,2,1,15/09/2005,5,17:00,17,E09000025,4,109,Single carriageway,30,Automatic traffic signal,4,165,None within 50 metres,Pedestrian phase at traffic signal junction,Daylight: Street light present,Fine without high winds,Dry,None,None,1,No,E01003565,2005
9143,200501KF60610,542890.0,182290.0,0.058192,51.521405,1,3,2,1,26/09/2005,2,16:00,17,E09000025,3,117,Single carriageway,30,None,-1,0,None within 50 metres,No physical crossing within 50 meters,Daylight: Street light present,Fine without high winds,Dry,None,None,1,No,E01003540,2005
9144,200501KF60611,539480.0,181600.0,0.008801,51.516056,1,3,2,1,23/06/2005,5,14:15,17,E09000025,3,124,Roundabout,30,Automatic traffic signal,3,1011,None within 50 metres,No physical crossing within 50 meters,Daylight: Street light present,Fine without high winds,Dry,None,None,1,Yes,E01003503,2005
9145,200501KF60612,541480.0,185210.0,0.039055,51.547998,1,3,2,1,15/09/2005,5,22:50,17,E09000025,3,118,Single carriageway,30,Giveway or uncontrolled,6,0,None within 50 metres,No physical crossing within 50 meters,Darkness: Street lights present and lit,Fine without high winds,Dry,None,None,1,No,E01003586,2005
9146,200501KF60614,542830.0,183630.0,0.057871,51.533461,1,3,1,1,17/09/2005,7,15:31,17,E09000025,3,124,Single carriageway,30,Giveway or uncontrolled,6,0,None within 50 metres,No physical crossing within 50 meters,Daylight: Street light present,Fine without high winds,Dry,None,None,1,Yes,E01003523,2005
9147,200501KF60615,543540.0,183950.0,0.068231,51.536156,1,3,2,2,19/09/2005,2,09:05,16,E09000002,3,124,Roundabout,30,Giveway or uncontrolled,3,406,None within 50 metres,No physical crossing within 50 meters,Daylight: Street light present,Fine without high winds,Dry,None,None,1,Yes,E01000008,2005
9148,200501KF60616,539400.0,183710.0,0.008483,51.535036,1,3,1,1,26/09/2005,2,18:30,17,E09000025,3,112,Single carriageway,30,Automatic traffic signal,3,1011,None within 50 metres,Pedestrian phase at traffic signal junction,Daylight: Street light present,Fine without high winds,Dry,None,None,1,No,E01003633,2005
9149,200501KF60617,538730.0,184240.0,-0.000961,51.539964,1,3,2,1,15/09/2005,5,13:00,17,E09000025,3,11,One way street,30,Giveway or uncontrolled,6,0,None within 50 metres,No physical crossing within 50 meters,Daylight: Street light present,Raining without high winds,Wet/Damp,None,None,1,No,E01003620,2005
9150,200501KF60618,543090.0,183670.0,0.061633,51.533754,1,3,2,1,28/09/2005,4,07:50,17,E09000025,3,124,Single carriageway,30,Giveway or uncontrolled,6,0,None within 50 metres,No physical crossing within 50 meters,Daylight: Street light present,Fine without high winds,Dry,None,None,1,No,E01003622,2005
9151,200501KF60620,540430.0,183150.0,0.023101,51.529749,1,3,2,1,19/09/2005,2,08:40,17,E09000025,3,112,Single carriageway,30,Giveway or uncontrolled,6,0,None within 50 metres,Zebra crossing,Daylight: Street light present,Fine without high winds,Dry,None,None,1,Yes,E01003595,2005
9152,200501KF60621,543600.0,182560.0,0.068529,51.523651,1,3,2,1,22/02/2005,3,17:30,17,E09000025,3,13,Dual carriageway,50,None,-1,0,None within 50 metres,No physical crossing within 50 meters,Daylight: Street light present,Fine without high winds,Dry,None,None,1,No,E01003536,2005
9153,200501KF60622,540760.0,183360.0,0.027939,51.531554,1,3,1,1,20/09/2005,3,16:01,17,E09000025,6,0,Single carriageway,30,Giveway or uncontrolled,6,0,None within 50 metres,No physical crossing within 50 meters,Daylight: Street light present,Fine without high winds,Dry,None,None,1,Yes,E01003592,2005
9154,200501KF60623,539700.0,182340.0,0.012263,51.522651,1,3,2,1,17/09/2005,7,17:20,17,E09000025,5,0,Single carriageway,30,Giveway or uncontrolled,6,0,None within 50 metres,No physical crossing within 50 meters,Daylight: Street light present,Fine without high winds,Dry,None,None,1,Yes,E01003501,2005
9155,200501KF60624,541040.0,185090.0,0.032665,51.54703,1,3,3,1,17/09/2005,7,15:15,17,E09000025,6,0,Single carriageway,30,Automatic traffic signal,3,118,None within 50 metres,Pedestrian phase at traffic signal junction,Daylight: Street light present,Fine without high winds,Dry,None,None,1,Yes,E01003567,2005
9156,200501KF60625,542920.0,186110.0,0.060174,51.555723,1,3,1,1,20/09/2005,3,18:23,17,E09000025,6,0,Single carriageway,30,None,-1,0,None within 50 metres,No physical crossing within 50 meters,Daylight: Street light present,Fine without high winds,Dry,None,None,1,Yes,E01003576,2005
9157,200501KF60626,539240.0,184960.0,0.006672,51.546308,1,3,1,1,27/09/2005,3,16:30,17,E09000025,4,164,Single carriageway,30,Giveway or uncontrolled,3,11,None within 50 metres,Zebra crossing,Daylight: Street light present,Fine without high winds,Dry,None,None,1,No,E01003549,2005
9158,200501KF60627,539280.0,181480.0,0.005873,51.515027,1,3,1,1,14/09/2005,4,22:46,17,E09000025,3,13,Single carriageway,30,None,-1,0,None within 50 metres,No physical crossing within 50 meters,Darkness: Street lights present and lit,Fine without high winds,Dry,None,None,1,Yes,E01003497,2005
9159,200501KF60628,539220.0,184810.0,0.006324,51.544965,1,3,2,1,19/09/2005,2,16:52,17,E09000025,6,0,Single carriageway,30,None,-1,0,None within 50 metres,No physical crossing within 50 meters,Daylight: Street light present,Fine without high winds,Dry,None,None,1,Yes,E01003559,2005
9160,200501KF60630,542300.0,185660.0,0.051055,51.551836,1,2,2,1,29/08/2005,2,17:25,17,E09000025,6,0,Single carriageway,30,Giveway or uncontrolled,3,118,None within 50 metres,No physical crossing within 50 meters,Daylight: Street light present,Fine without high winds,Dry,None,None,1,Yes,E01003591,2005
9161,200501KF60631,542690.0,182080.0,0.055226,51.519568,1,2,2,1,23/09/2005,6,16:44,17,E09000025,3,13,Slip road,30,Giveway or uncontrolled,6,0,None within 50 metres,No physical crossing within 50 meters,Daylight: Street light present,Fine without high winds,Dry,None,None,1,Yes,E01003483,2005
9162,200501KF60632,541940.0,185300.0,0.045721,51.548691,1,2,2,1,22/09/2005,5,17:00,17,E09000025,6,0,Single carriageway,30,Giveway or uncontrolled,6,0,None within 50 metres,No physical crossing within 50 meters,Daylight: Street light present,Fine without high winds,Dry,None,None,1,Yes,E01003587,2005
9163,200501KF60633,543610.0,182570.0,0.068677,51.523738,1,3,1,1,23/09/2005,6,05:25,17,E09000025,3,13,Dual carriageway,30,None,-1,0,None within 50 metres,No physical crossing within 50 meters,Darkness: Street lights present and lit,Fine without high winds,Dry,None,None,1,Yes,E01003536,2005
9164,200501KF60634,539400.0,181610.0,0.007653,51.516166,1,3,2,1,21/09/2005,4,14:25,17,E09000025,3,1011,Roundabout,30,Automatic traffic signal,3,124,None within 50 metres,Pedestrian phase at traffic signal junction,Daylight: Street light present,Fine without high winds,Dry,None,None,1,Yes,E01003497,2005
9165,200501KF60635,542360.0,184150.0,0.051309,51.538252,1,3,1,1,22/08/2005,2,15:15,17,E09000025,3,117,Single carriageway,30,Automatic traffic signal,3,117,None within 50 metres,Pedestrian phase at traffic signal junction,Daylight: Street light present,Raining without high winds,Wet/Damp,None,None,1,Yes,E01003520,2005
9166,200501KF60636,542170.0,183440.0,0.048285,51.53192,1,3,2,1,10/08/2005,4,23:00,17,E09000025,3,124,Single carriageway,30,Giveway or uncontrolled,3,124,None within 50 metres,No physical crossing within 50 meters,Darkness: Street lights present and lit,Fine without high winds,Dry,None,None,1,Yes,E01003525,2005
9167,200501KF60637,541380.0,182750.0,0.036627,51.525918,1,3,2,1,25/08/2005,5,19:15,17,E09000025,5,0,Single carriageway,30,Giveway or uncontrolled,6,0,None within 50 metres,No physical crossing within 50 meters,Daylight: Street light present,Fine without high winds,Wet/Damp,None,None,1,Yes,E01003603,2005
9168,200501KF60638,543880.0,182590.0,0.072574,51.523849,1,3,2,1,26/08/2005,6,19:10,17,E09000025,3,13,Roundabout,30,Giveway or uncontrolled,3,13,None within 50 metres,No physical crossing within 50 meters,Daylight: Street light present,Fine without high winds,Dry,None,None,1,Yes,E01003482,2005
9169,200501KF60639,539230.0,184960.0,0.006528,51.546311,1,3,1,1,21/09/2005,4,17:10,17,E09000025,3,11,Single carriageway,30,Giveway or uncontrolled,4,164,None within 50 metres,No physical crossing within 50 meters,Daylight: Street light present,Fine without high winds,Dry,None,None,1,No,E01003616,2005
9170,200501KF60640,542720.0,183110.0,0.056075,51.528816,1,3,1,1,10/09/2005,7,13:55,17,E09000025,3,117,Single carriageway,30,Giveway or uncontrolled,6,0,None within 50 metres,No physical crossing within 50 meters,Daylight: Street light present,Fine without high winds,Dry,None,None,1,Yes,E01003523,2005
9171,200501KF60642,537770.0,184500.0,-0.014693,51.542535,1,3,2,1,29/09/2005,5,17:10,17,E09000025,3,115,Single carriageway,30,Automatic traffic signal,6,0,None within 50 metres,No physical crossing within 50 meters,Daylight: Street light present,Fine without high winds,Dry,None,None,1,Yes,E01003614,2005
9172,200501KF60643,540500.0,185420.0,0.025014,51.55013,1,3,1,1,25/09/2005,1,23:40,17,E09000025,3,114,Single carriageway,30,Giveway or uncontrolled,6,0,None within 50 metres,No physical crossing within 50 meters,Darkness: Street lights present and lit,Fine without high winds,Dry,None,None,1,Yes,E01003544,2005
9173,200501KF60645,543250.0,183680.0,0.063942,51.533804,1,2,1,1,07/09/2005,4,19:18,17,E09000025,3,124,Single carriageway,30,Giveway or uncontrolled,6,0,None within 50 metres,non-junction pedestrian crossing,Darkness: Street lights present and lit,Fine without high winds,Dry,None,None,1,Yes,E01003623,2005
9174,200501KF60646,540280.0,183920.0,0.021246,51.536706,1,3,2,1,28/09/2005,4,11:55,17,E09000025,6,0,Single carriageway,30,Giveway or uncontrolled,4,165,None within 50 metres,No physical crossing within 50 meters,Daylight: Street light present,Fine without high winds,Dry,None,None,1,No,E01003596,2005
9175,200501KF60647,538530.0,185370.0,-0.003399,51.550167,1,3,2,1,29/09/2005,5,22:12,17,E09000025,6,0,Single carriageway,30,Giveway or uncontrolled,3,112,None within 50 metres,No physical crossing within 50 meters,Darkness: Street lights present and lit,Fine without high winds,Dry,None,None,1,Yes,E01003614,2005
9176,200501KF60648,541430.0,183960.0,0.037832,51.536778,1,3,1,1,28/09/2005,4,07:58,17,E09000025,5,0,Single carriageway,30,Giveway or uncontrolled,4,165,None within 50 metres,Zebra crossing,Daylight: Street light present,Fine without high winds,Dry,None,None,1,Yes,E01003566,2005
9177,200501KF60649,543870.0,182440.0,0.072369,51.522504,1,3,2,2,27/09/2005,3,20:01,17,E09000025,3,406,Dual carriageway,40,Automatic traffic signal,6,0,None within 50 metres,No physical crossing within 50 meters,Darkness: Street lights present and lit,Fine without high winds,Dry,None,None,1,Yes,E01003482,2005
9178,200501KF60650,538990.0,184260.0,0.002792,51.54008,1,3,2,1,24/09/2005,7,16:58,17,E09000025,3,112,Single carriageway,30,Automatic traffic signal,3,112,None within 50 metres,Pedestrian phase at traffic signal junction,Daylight: Street light present,Fine without high winds,Dry,None,None,1,Yes,E01003619,2005
9179,200501KF60651,537900.0,183080.0,-0.013376,51.529743,1,3,1,2,11/09/2005,1,05:03,5,E09000030,3,11,Slip road,30,Giveway or uncontrolled,3,12,None within 50 metres,No physical crossing within 50 meters,Darkness: Street lights present and lit,Raining without high winds,Wet/Damp,None,None,1,Yes,E01003613,2005
9180,200501KF60652,542960.0,186020.0,0.060714,51.554904,1,2,1,1,24/09/2005,7,16:00,17,E09000025,6,0,Single carriageway,30,Giveway or uncontrolled,3,118,None within 50 metres,No physical crossing within 50 meters,Daylight: Street light present,Fine without high winds,Dry,None,None,1,Yes,E01003576,2005
9181,200501KF60653,541850.0,185530.0,0.044517,51.550781,1,3,2,1,21/09/2005,4,16:47,17,E09000025,6,0,Single carriageway,30,None,-1,0,None within 50 metres,No physical crossing within 50 meters,Daylight: Street light present,Fine without high winds,Dry,None,None,1,Yes,E01003590,2005
9182,200501KF60654,543010.0,184250.0,0.060716,51.538986,1,3,2,1,15/09/2005,5,08:45,17,E09000025,6,0,Single carriageway,30,Giveway or uncontrolled,6,0,None within 50 metres,No physical crossing within 50 meters,Daylight: Street light present,Raining without high winds,Wet/Damp,None,None,1,Yes,E01003625,2005
9183,200501KF60655,543070.0,186090.0,0.062328,51.555505,1,3,2,1,29/09/2005,5,15:50,17,E09000025,3,118,Single carriageway,30,None,-1,0,None within 50 metres,No physical crossing within 50 meters,Daylight: Street light present,Fine without high winds,Dry,None,None,1,Yes,E01003576,2005
9184,200501KF60656,542070.0,181700.0,0.046143,51.51631,1,3,1,1,22/07/2005,6,23:10,17,E09000025,5,0,Single carriageway,30,Giveway or uncontrolled,6,0,None within 50 metres,No physical crossing within 50 meters,Darkness: Street lights present and lit,Fine without high winds,Dry,None,None,1,Yes,E01003513,2005
9185,200501KF60657,537880.0,183070.0,-0.013668,51.529658,1,3,2,1,03/09/2005,7,02:00,5,E09000030,3,11,Roundabout,30,Automatic traffic signal,3,12,None within 50 metres,No physical crossing within 50 meters,Darkness: Street lights present and lit,Raining without high winds,Wet/Damp,None,None,1,Yes,E01004235,2005
9186,200501KF60658,543610.0,182570.0,0.068677,51.523738,1,3,3,1,12/09/2005,2,11:45,17,E09000025,3,13,Dual carriageway,70,None,-1,0,None within 50 metres,No physical crossing within 50 meters,Daylight: Street light present,Fine without high winds,Dry,None,None,1,Yes,E01003536,2005
9187,200501KF60659,539550.0,184630.0,0.011009,51.543267,1,3,2,1,24/09/2005,7,13:20,17,E09000025,3,118,Single carriageway,30,Giveway or uncontrolled,6,0,None within 50 metres,No physical crossing within 50 meters,Daylight: Street light present,Fine without high winds,Dry,None,None,1,Yes,E01003553,2005
9188,200501KF60661,539700.0,181310.0,0.011855,51.513396,1,3,2,2,24/09/2005,7,16:00,17,E09000025,6,0,Single carriageway,30,Giveway or uncontrolled,6,0,None within 50 metres,No physical crossing within 50 meters,Daylight: Street light present,Fine without high winds,Dry,None,None,1,Yes,E01003505,2005
9189,200501KF60662,541190.0,183990.0,0.034386,51.537108,1,3,2,1,26/09/2005,2,09:01,17,E09000025,4,167,Single carriageway,30,Giveway or uncontrolled,4,165,None within 50 metres,No physical crossing within 50 meters,Daylight: Street light present,Fine without high winds,Dry,None,None,1,Yes,E01003569,2005
9190,200501KF60663,542850.0,182390.0,0.057657,51.522313,1,3,1,1,02/09/2005,6,21:01,17,E09000025,3,117,Single carriageway,30,None,-1,0,None within 50 metres,non-junction pedestrian crossing,Darkness: Street lights present and lit,Fine without high winds,Dry,None,None,1,Yes,E01003540,2005
9191,200501KF60664,539110.0,185330.0,0.004944,51.549665,1,2,2,1,24/09/2005,7,15:30,17,E09000025,3,112,Roundabout,30,Giveway or uncontrolled,3,11,None within 50 metres,No physical crossing within 50 meters,Daylight: Street light present,Fine without high winds,Dry,None,None,1,Yes,E01003615,2005
9192,200501KF60665,542680.0,185890.0,0.056625,51.553807,1,3,2,1,02/10/2005,1,19:42,17,E09000025,3,118,Single carriageway,30,Giveway or uncontrolled,6,0,None within 50 metres,non-junction pedestrian crossing,Darkness: Street lights present and lit,Fine without high winds,Dry,None,None,1,Yes,E01003576,2005
9193,200501KF60666,542830.0,179980.0,0.056393,51.500663,1,3,1,1,01/10/2005,7,08:57,17,E09000025,3,1011,Single carriageway,30,None,-1,0,None within 50 metres,No physical crossing within 50 meters,Daylight: Street light present,Fine without high winds,Dry,None,None,1,No,E01003609,2005
9194,200501KF60667,542360.0,184150.0,0.051309,51.538252,1,3,2,1,02/10/2005,1,17:45,17,E09000025,3,117,Single carriageway,30,Automatic traffic signal,5,0,None within 50 metres,Pedestrian phase at traffic signal junction,Daylight: Street light present,Fine without high winds,Dry,None,None,1,Yes,E01003520,2005
9195,200501KF60669,539810.0,184740.0,0.014799,51.544191,1,2,1,1,08/10/2005,7,17:08,17,E09000025,3,118,Single carriageway,30,None,-1,0,None within 50 metres,non-junction pedestrian crossing,Daylight: Street light present,Fine without high winds,Dry,None,None,1,Yes,E01003553,2005
9196,200501KF60670,542750.0,182850.0,0.056402,51.526472,1,3,2,1,03/10/2005,2,20:40,17,E09000025,3,117,Single carriageway,30,Giveway or uncontrolled,6,0,None within 50 metres,No physical crossing within 50 meters,Darkness: Street lights present and lit,Fine without high winds,Dry,None,None,1,Yes,E01003542,2005
9197,200501KF60672,538520.0,183850.0,-0.004141,51.536511,1,3,2,1,18/10/2005,3,19:40,17,E09000025,3,115,Single carriageway,30,Giveway or uncontrolled,3,115,None within 50 metres,No physical crossing within 50 meters,Darkness: Street lights present and lit,Fine without high winds,Dry,None,None,1,No,E01003620,2005
9198,200501KF60673,542670.0,183370.0,0.05546,51.531165,1,3,2,1,29/09/2005,5,08:00,17,E09000025,3,117,Single carriageway,30,Giveway or uncontrolled,6,0,None within 50 metres,Zebra crossing,Daylight: Street light present,Fine without high winds,Dry,None,None,1,Yes,E01003523,2005
9199,200501KF60674,539140.0,185600.0,0.005483,51.552084,1,3,4,1,01/10/2005,7,17:54,13,E09000031,3,11,Single carriageway,30,None,-1,0,None within 50 metres,No physical crossing within 50 meters,Darkness: Street lights present and lit,Fine without high winds,Dry,None,None,1,No,E01004335,2005
9200,200501KF60675,538130.0,183330.0,-0.009964,51.531934,1,3,2,2,08/10/2005,7,11:04,17,E09000025,3,11,Single carriageway,30,None,-1,0,None within 50 metres,No physical crossing within 50 meters,Daylight: Street light present,Fine without high winds,Dry,None,None,1,Yes,E01003613,2005
9201,200501KF60676,543640.0,184010.0,0.069696,51.53667,1,3,2,1,03/10/2005,2,15:05,16,E09000002,3,124,Roundabout,30,Giveway or uncontrolled,3,406,None within 50 metres,No physical crossing within 50 meters,Daylight: Street light present,Fine without high winds,Dry,None,None,1,No,E01000008,2005
9202,200501KF60677,539090.0,184160.0,0.004194,51.539157,1,3,2,1,07/10/2005,6,18:00,17,E09000025,3,112,Single carriageway,30,Giveway or uncontrolled,6,0,None within 50 metres,No physical crossing within 50 meters,Daylight: Street light present,Fine without high winds,Dry,None,None,1,Yes,E01003619,2005
9203,200501KF60678,538810.0,184620.0,0.00034,51.543359,1,2,3,3,07/10/2005,6,08:26,17,E09000025,3,112,Single carriageway,30,None,-1,0,None within 50 metres,No physical crossing within 50 meters,Daylight: Street light present,Fine without high winds,Dry,None,None,1,Yes,E01003617,2005
9204,200501KF60679,541030.0,184670.0,0.032353,51.543258,1,3,3,2,26/08/2005,6,21:15,17,E09000025,4,167,Single carriageway,30,None,-1,0,None within 50 metres,No physical crossing within 50 meters,Darkness: Street lights present and lit,Fine without high winds,Dry,None,None,1,Yes,E01003571,2005
9205,200501KF60680,542960.0,182530.0,0.059298,51.523544,1,3,2,1,11/10/2005,3,17:30,17,E09000025,6,0,Single carriageway,30,Giveway or uncontrolled,6,0,None within 50 metres,No physical crossing within 50 meters,Daylight: Street light present,Fine without high winds,Dry,None,None,1,Yes,E01003538,2005
9206,200501KF60681,542230.0,184810.0,0.049703,51.544215,1,3,2,1,09/10/2005,1,16:25,17,E09000025,3,117,Single carriageway,30,Giveway or uncontrolled,6,0,None within 50 metres,No physical crossing within 50 meters,Daylight: Street light present,Fine without high winds,Dry,None,None,1,Yes,E01003589,2005
9207,200501KF60683,542520.0,185800.0,0.054283,51.553038,1,3,1,1,09/10/2005,1,11:50,17,E09000025,5,0,Single carriageway,30,Giveway or uncontrolled,3,118,None within 50 metres,No physical crossing within 50 meters,Daylight: Street light present,Fine without high winds,Dry,None,None,1,Yes,E01003578,2005
9208,200501KF60684,538750.0,184190.0,-0.000693,51.53951,1,3,1,1,14/10/2005,6,11:30,17,E09000025,3,11,Single carriageway,30,Automatic traffic signal,3,11,None within 50 metres,Pedestrian phase at traffic signal junction,Daylight: Street light present,Fine without high winds,Dry,None,None,1,Yes,E01003619,2005
9209,200501KF60685,539270.0,185090.0,0.007155,51.547469,1,3,2,1,19/10/2005,4,11:45,17,E09000025,6,0,Single carriageway,30,None,-1,0,None within 50 metres,No physical crossing within 50 meters,Daylight: Street light present,Raining without high winds,Wet/Damp,None,None,1,No,E01003548,2005
9210,200501KF60686,541250.0,185150.0,0.035716,51.547517,1,3,2,1,16/10/2005,1,14:40,17,E09000025,5,0,Single carriageway,30,Automatic traffic signal,3,118,None within 50 metres,Pedestrian phase at traffic signal junction,Daylight: Street light present,Fine without high winds,Dry,None,None,1,Yes,E01003555,2005
9211,200501KF60687,538960.0,184350.0,0.002396,51.540896,1,3,1,1,06/10/2005,5,09:45,17,E09000025,3,112,Single carriageway,30,Automatic traffic signal,3,112,None within 50 metres,Pedestrian phase at traffic signal junction,Daylight: Street light present,Fine without high winds,Dry,None,None,1,No,E01003619,2005
9212,200501KF60688,539480.0,181520.0,0.008769,51.515337,1,3,2,1,04/10/2005,3,09:36,17,E09000025,3,13,Roundabout,30,Giveway or uncontrolled,3,1011,None within 50 metres,No physical crossing within 50 meters,Daylight: Street light present,Fine without high winds,Dry,None,None,1,Yes,E01003505,2005
9213,200501KF60689,538940.0,184350.0,0.002107,51.540901,1,3,1,1,12/10/2005,4,18:09,17,E09000025,3,112,Dual carriageway,30,Automatic traffic signal,3,112,None within 50 metres,Pedestrian phase at traffic signal junction,Darkness: Street lights present and lit,Raining without high winds,Wet/Damp,None,None,1,Yes,E01003619,2005
9214,200501KF60690,539080.0,184160.0,0.00405,51.539159,1,3,1,1,06/10/2005,5,08:33,17,E09000025,6,0,Single carriageway,30,Giveway or uncontrolled,3,112,None within 50 metres,No physical crossing within 50 meters,Daylight: Street light present,Fine without high winds,Dry,None,None,1,Yes,E01003619,2005
9215,200501KF60691,540880.0,184850.0,0.030263,51.544913,1,3,3,2,01/10/2005,7,23:45,17,E09000025,6,0,Single carriageway,30,Giveway or uncontrolled,6,0,None within 50 metres,No physical crossing within 50 meters,Darkness: Street lights present and lit,Fine without high winds,Dry,None,None,1,Yes,E01003570,2005
9216,200501KF60692,539700.0,181750.0,0.012029,51.51735,1,3,2,1,10/10/2005,2,14:40,17,E09000025,6,0,Single carriageway,30,Giveway or uncontrolled,3,124,None within 50 metres,No physical crossing within 50 meters,Daylight: Street light present,Fine without high winds,Dry,None,None,1,No,E01003502,2005
9217,200501KF60693,541160.0,184050.0,0.033978,51.537655,1,3,2,1,10/10/2005,2,09:00,17,E09000025,4,165,Roundabout,30,Giveway or uncontrolled,4,167,None within 50 metres,No physical crossing within 50 meters,Daylight: Street light present,Fine without high winds,Dry,None,None,1,No,E01003569,2005
9218,200501KF60695,542320.0,183480.0,0.050462,51.532242,1,3,1,1,05/10/2005,4,14:00,17,E09000025,3,124,Single carriageway,30,None,-1,0,None within 50 metres,No physical crossing within 50 meters,Daylight: Street light present,Fine without high winds,Dry,None,None,1,Yes,E01003525,2005
9219,200501KF60696,540570.0,181770.0,0.024567,51.517314,1,3,2,4,14/08/2005,1,16:42,17,E09000025,3,13,Dual carriageway,50,None,-1,0,None within 50 metres,No physical crossing within 50 meters,Daylight: Street light present,Raining without high winds,Wet/Damp,None,None,1,Yes,E01003509,2005
9220,200501KF60697,543780.0,183600.0,0.071546,51.53295,1,3,2,1,15/10/2005,7,12:55,17,E09000025,3,406,Dual carriageway,50,None,-1,0,None within 50 metres,No physical crossing within 50 meters,Daylight: Street light present,Fine without high winds,Dry,None,Involvement with previous accident,1,Yes,E01003623,2005
9221,200501KF60698,539240.0,184960.0,0.006672,51.546308,1,3,1,1,27/09/2005,3,20:30,17,E09000025,4,164,Single carriageway,30,Giveway or uncontrolled,3,11,None within 50 metres,Zebra crossing,Daylight: Street light present,Fine without high winds,Dry,None,None,1,Yes,E01003549,2005
9222,200501KF60699,542340.0,183590.0,0.050795,51.533225,1,3,2,1,09/10/2005,1,14:38,17,E09000025,6,0,Single carriageway,30,Giveway or uncontrolled,6,0,None within 50 metres,No physical crossing within 50 meters,Daylight: Street light present,Fine without high winds,Dry,None,None,1,No,E01003525,2005
9223,200501KF60700,538500.0,183810.0,-0.004445,51.536156,1,3,3,1,02/11/2005,4,15:10,17,E09000025,3,11,Dual carriageway,30,Automatic traffic signal,3,115,None within 50 metres,Pedestrian phase at traffic signal junction,Daylight: Street light present,Raining without high winds,Wet/Damp,None,None,1,Yes,E01003613,2005
9224,200501KF60701,542140.0,181700.0,0.047151,51.516292,1,3,1,1,13/10/2005,5,07:48,17,E09000025,5,0,Single carriageway,30,None,-1,0,None within 50 metres,Zebra crossing,Daylight: Street light present,Fine without high winds,Dry,None,None,1,Yes,E01003513,2005
9225,200501KF60702,539660.0,181570.0,0.011381,51.515742,1,3,2,2,23/10/2005,1,19:02,17,E09000025,3,13,Dual carriageway,40,None,-1,0,None within 50 metres,No physical crossing within 50 meters,Darkness: Street lights present and lit,Fine without high winds,Dry,None,None,1,Yes,E01003505,2005
9226,200501KF60704,541810.0,184070.0,0.043352,51.537672,1,3,2,1,17/10/2005,2,14:05,17,E09000025,4,109,Single carriageway,30,Giveway or uncontrolled,6,0,None within 50 metres,No physical crossing within 50 meters,Daylight: Street light present,Fine without high winds,Dry,None,None,1,Yes,E01003565,2005
9227,200501KF60705,543280.0,185640.0,0.065172,51.551408,1,3,2,1,19/10/2005,4,14:10,17,E09000025,6,0,Single carriageway,30,None,-1,0,None within 50 metres,No physical crossing within 50 meters,Daylight: Street light present,Fine without high winds,Dry,None,None,1,No,E01003577,2005
9228,200501KF60706,540260.0,183250.0,0.020691,51.53069,1,3,2,1,23/10/2005,1,15:40,17,E09000025,3,112,Single carriageway,30,Giveway or uncontrolled,6,0,None within 50 metres,No physical crossing within 50 meters,Daylight: Street light present,Fine without high winds,Dry,None,None,1,No,E01003595,2005
9229,200501KF60707,541230.0,185140.0,0.035424,51.547432,1,3,2,1,02/10/2005,1,22:08,17,E09000025,3,118,Single carriageway,30,Automatic traffic signal,4,109,None within 50 metres,Pedestrian phase at traffic signal junction,Darkness: Street lights present and lit,Fine without high winds,Dry,None,None,1,Yes,E01003567,2005
9230,200501KF60708,541290.0,185150.0,0.036293,51.547507,1,3,2,1,03/10/2005,2,19:00,17,E09000025,3,118,Single carriageway,30,None,-1,0,None within 50 metres,Pedestrian phase at traffic signal junction,Daylight: Street light present,Fine without high winds,Dry,None,None,1,No,E01003567,2005
9231,200501KF60710,538560.0,185240.0,-0.003017,51.548992,1,3,2,1,24/10/2005,2,20:30,17,E09000025,3,112,Single carriageway,30,None,-1,0,None within 50 metres,No physical crossing within 50 meters,Darkness: Street lights present and lit,Raining without high winds,Wet/Damp,None,None,1,No,E01003614,2005
9232,200501KF60712,540300.0,183920.0,0.021534,51.536701,1,3,2,1,26/10/2005,4,14:30,17,E09000025,4,165,Single carriageway,30,Giveway or uncontrolled,4,165,None within 50 metres,No physical crossing within 50 meters,Daylight: Street light present,Fine without high winds,Dry,None,None,1,No,E01003596,2005
9233,200501KF60713,542390.0,185710.0,0.052372,51.552262,1,3,1,1,28/10/2005,6,12:56,17,E09000025,3,118,Single carriageway,30,Giveway or uncontrolled,6,0,None within 50 metres,No physical crossing within 50 meters,Daylight: Street light present,Fine without high winds,Dry,None,None,1,Yes,E01003578,2005
9234,200501KF60714,539090.0,184900.0,0.004486,51.545806,1,3,1,2,30/10/2005,1,04:35,17,E09000025,3,11,Single carriageway,30,Giveway or uncontrolled,6,0,None within 50 metres,No physical crossing within 50 meters,Darkness: Street lights present and lit,Fine without high winds,Dry,None,None,1,Yes,E01003616,2005
9235,200501KF60715,540040.0,183320.0,0.017549,51.531374,1,3,1,1,05/10/2005,4,16:10,17,E09000025,3,112,Single carriageway,30,None,-1,0,None within 50 metres,Zebra crossing,Daylight: Street light present,Fine without high winds,Dry,None,None,1,Yes,E01003630,2005
9236,200501KF60716,542580.0,183570.0,0.054245,51.532985,1,3,2,1,15/10/2005,7,05:00,17,E09000025,3,124,Single carriageway,30,Automatic traffic signal,3,117,None within 50 metres,Pedestrian phase at traffic signal junction,Darkness: Street lights present and lit,Fine without high winds,Dry,None,None,1,Yes,E01003525,2005
9237,200501KF60717,540540.0,182040.0,0.024243,51.519747,1,3,1,1,17/10/2005,2,19:21,17,E09000025,5,0,Single carriageway,30,None,-1,0,None within 50 metres,No physical crossing within 50 meters,Daylight: Street light present,Fine without high winds,Dry,None,None,1,Yes,E01003507,2005
9238,200501KF60718,542720.0,185920.0,0.057214,51.554066,1,3,2,2,20/10/2005,5,12:30,17,E09000025,3,118,Single carriageway,30,Giveway or uncontrolled,6,0,None within 50 metres,No physical crossing within 50 meters,Daylight: Street light present,Fine without high winds,Dry,None,None,1,Yes,E01003576,2005
9239,200501KF60719,541100.0,181740.0,0.032189,51.516912,1,3,2,1,21/10/2005,6,15:30,17,E09000025,3,112,Single carriageway,30,Automatic traffic signal,3,13,None within 50 metres,No physical crossing within 50 meters,Daylight: Street light present,Fine without high winds,Dry,None,None,1,Yes,E01003517,2005
9240,200501KF60720,540810.0,182670.0,0.028383,51.525341,1,3,2,1,07/10/2005,6,14:30,17,E09000025,3,124,Single carriageway,30,Giveway or uncontrolled,6,0,None within 50 metres,No physical crossing within 50 meters,Daylight: Street light present,Fine without high winds,Dry,None,None,1,No,E01003602,2005
9241,200501KF60722,543120.0,181370.0,0.061132,51.51308,1,3,2,1,12/10/2005,4,09:53,17,E09000025,3,117,Single carriageway,30,None,-1,0,None within 50 metres,No physical crossing within 50 meters,Daylight: Street light present,Fine without high winds,Dry,None,None,1,Yes,E01003486,2005
9242,200501KF60723,539360.0,181500.0,0.007033,51.515187,1,3,4,2,20/10/2005,5,18:40,17,E09000025,3,13,Dual carriageway,30,None,-1,0,None within 50 metres,No physical crossing within 50 meters,Darkness: Street lights present and lit,Fine without high winds,Dry,None,None,1,Yes,E01003497,2005
9243,200501KF60725,541690.0,180920.0,0.040357,51.509396,1,3,1,1,26/10/2005,4,10:27,17,E09000025,3,112,Single carriageway,30,Giveway or uncontrolled,3,112,None within 50 metres,No physical crossing within 50 meters,Daylight: Street light present,Fine without high winds,Dry,None,None,1,Yes,E01003515,2005
9244,200501KF60726,539560.0,181560.0,0.009937,51.515677,1,3,3,1,06/10/2005,5,21:47,17,E09000025,3,13,Dual carriageway,30,None,-1,0,None within 50 metres,No physical crossing within 50 meters,Darkness: Street lights present and lit,Fine without high winds,Dry,Roadworks,Other object in carriageway,1,Yes,E01003505,2005
9245,200501KF60727,541070.0,184230.0,0.032753,51.539295,1,3,1,1,25/10/2005,3,17:44,17,E09000025,4,167,Single carriageway,30,None,-1,0,None within 50 metres,No physical crossing within 50 meters,Daylight: Street light present,Fine without high winds,Dry,None,None,1,No,E01003573,2005
9246,200501KF60728,539410.0,184550.0,0.008959,51.542582,1,3,1,2,09/10/2005,1,15:35,17,E09000025,3,118,Single carriageway,30,Automatic traffic signal,4,164,None within 50 metres,Pedestrian phase at traffic signal junction,Daylight: Street light present,Fine without high winds,Dry,None,None,1,Yes,E01003618,2005
9247,200501KF60729,542680.0,185890.0,0.056625,51.553807,1,3,2,2,11/10/2005,3,21:30,17,E09000025,3,118,Single carriageway,30,Giveway or uncontrolled,6,0,None within 50 metres,No physical crossing within 50 meters,Darkness: Street lights present and lit,Fine without high winds,Dry,None,None,1,Yes,E01003576,2005
9248,200501KF60730,542560.0,183700.0,0.054009,51.534158,1,3,1,1,13/10/2005,5,15:52,17,E09000025,6,0,Single carriageway,30,None,-1,0,None within 50 metres,No physical crossing within 50 meters,Daylight: Street light present,Fine without high winds,Dry,None,None,1,Yes,E01003521,2005
9249,200501KF60731,541860.0,185390.0,0.044604,51.54952,1,2,1,1,16/10/2005,1,03:39,17,E09000025,3,118,Single carriageway,30,None,-1,0,None within 50 metres,No physical crossing within 50 meters,Darkness: Street lights present and lit,Fine without high winds,Dry,None,None,1,Yes,E01003591,2005
9250,200501KF60732,540830.0,182750.0,0.028703,51.526055,1,3,1,1,19/10/2005,4,15:00,17,E09000025,3,124,Single carriageway,30,Giveway or uncontrolled,3,112,None within 50 metres,No physical crossing within 50 meters,Daylight: Street light present,Fine without high winds,Dry,None,None,1,No,E01003602,2005
9251,200501KF60733,543820.0,182680.0,0.071747,51.524673,1,3,2,2,19/10/2005,4,19:41,17,E09000025,3,13,Dual carriageway,40,Giveway or uncontrolled,3,406,None within 50 metres,No physical crossing within 50 meters,Darkness: Street lights present and lit,Raining without high winds,Wet/Damp,None,None,1,Yes,E01003535,2005
9252,200501KF60734,540540.0,185020.0,0.025431,51.546526,1,3,2,1,20/10/2005,5,19:29,17,E09000025,3,118,Single carriageway,30,Automatic traffic signal,3,114,None within 50 metres,Pedestrian phase at traffic signal junction,Darkness: Street lights present and lit,Fine without high winds,Dry,None,None,1,Yes,E01003558,2005
9253,200501KF60735,543470.0,183860.0,0.067185,51.535365,1,3,2,1,22/10/2005,7,10:45,16,E09000002,3,124,Single carriageway,30,Giveway or uncontrolled,3,406,None within 50 metres,No physical crossing within 50 meters,Daylight: Street light present,Fine without high winds,Dry,None,None,1,Yes,E01003622,2005
9254,200501KF60737,540870.0,185050.0,0.030199,51.546713,1,3,1,1,31/10/2005,2,10:30,17,E09000025,3,118,Single carriageway,30,None,-1,0,None within 50 metres,No physical crossing within 50 meters,Daylight: Street light present,Fine without high winds,Dry,None,None,1,Yes,E01003570,2005
9255,200501KF60738,539660.0,183250.0,0.012047,51.530839,1,3,2,1,30/10/2005,1,16:26,17,E09000025,6,0,Single carriageway,30,None,-1,0,None within 50 metres,No physical crossing within 50 meters,Darkness: Street lights present and lit,Fine without high winds,Dry,None,None,1,Yes,E01003632,2005
9256,200501KF60739,541040.0,184310.0,0.032353,51.540021,1,3,1,1,31/10/2005,2,10:11,17,E09000025,4,167,Single carriageway,30,Giveway or uncontrolled,6,0,None within 50 metres,No physical crossing within 50 meters,Daylight: Street light present,Fine without high winds,Dry,None,None,1,Yes,E01003573,2005
9257,200501KF60740,542150.0,185060.0,0.048651,51.546482,1,3,2,2,31/10/2005,2,21:05,17,E09000025,3,117,Single carriageway,30,Giveway or uncontrolled,6,0,None within 50 metres,Zebra crossing,Darkness: Street lights present and lit,Raining without high winds,Wet/Damp,None,None,1,No,E01003587,2005
9258,200501KF60741,543990.0,182820.0,0.074253,51.525888,1,3,3,2,25/10/2005,3,16:15,17,E09000025,3,13,Slip road,50,Giveway or uncontrolled,3,406,None within 50 metres,No physical crossing within 50 meters,Daylight: Street light present,Fine without high winds,Dry,None,None,1,Yes,E01003535,2005
9259,200501KF60743,543960.0,182830.0,0.073825,51.525985,1,3,2,2,26/10/2005,4,21:35,17,E09000025,3,13,Roundabout,40,Giveway or uncontrolled,3,406,None within 50 metres,No physical crossing within 50 meters,Darkness: Street lights present and lit,Fine without high winds,Dry,None,None,1,Yes,E01003535,2005
9260,200501KF60744,542320.0,183980.0,0.050664,51.536735,1,3,1,1,01/11/2005,3,00:05,17,E09000025,6,0,Roundabout,30,Giveway or uncontrolled,6,0,None within 50 metres,No physical crossing within 50 meters,Darkness: Street lights present and lit,Raining without high winds,Wet/Damp,None,None,1,Yes,E01003520,2005
9261,200501KF60745,542780.0,185970.0,0.058099,51.5545,1,3,1,1,07/11/2005,2,15:40,17,E09000025,3,118,Single carriageway,30,None,-1,0,None within 50 metres,No physical crossing within 50 meters,Daylight: Street light present,Fine without high winds,Dry,None,None,1,No,E01003576,2005
9262,200501KF60746,540390.0,180920.0,0.021637,51.50972,1,3,1,1,02/11/2005,4,18:30,17,E09000025,3,1020,Single carriageway,30,Giveway or uncontrolled,6,0,None within 50 metres,No physical crossing within 50 meters,Darkness: Street lights present and lit,Raining without high winds,Wet/Damp,None,None,1,Yes,E01003506,2005
9263,200501KF60747,541080.0,184040.0,0.032821,51.537585,1,3,2,1,03/11/2005,5,13:35,17,E09000025,6,0,Single carriageway,30,Giveway or uncontrolled,4,165,None within 50 metres,No physical crossing within 50 meters,Daylight: Street light present,Fine without high winds,Dry,None,None,1,Yes,E01003569,2005
9264,200501KF60748,541560.0,186440.0,0.040703,51.559031,1,3,3,1,10/09/2005,7,02:45,14,E09000026,3,116,Single carriageway,30,None,-1,0,None within 50 metres,No physical crossing within 50 meters,Darkness: Street lights present and lit,Fine without high winds,Dry,None,None,1,Yes,E01003792,2005
9265,200501KF60749,540510.0,185530.0,0.025203,51.551116,1,2,1,1,04/11/2005,6,15:45,17,E09000025,3,114,Single carriageway,30,None,-1,0,None within 50 metres,Zebra crossing,Daylight: Street light present,Fine without high winds,Dry,None,None,1,Yes,E01003543,2005
9266,200501KF60750,543880.0,182620.0,0.072587,51.524119,1,3,2,1,02/11/2005,4,17:40,17,E09000025,3,406,Roundabout,40,Automatic traffic signal,3,406,None within 50 metres,Pedestrian phase at traffic signal junction,Daylight: Street light present,Fine without high winds,Dry,None,None,1,Yes,E01003482,2005
9267,200501KF60751,540140.0,182100.0,0.018505,51.520386,1,2,1,1,05/11/2005,7,18:23,17,E09000025,6,0,Single carriageway,30,Giveway or uncontrolled,3,124,None within 50 metres,No physical crossing within 50 meters,Darkness: Street lights present and lit,Fine without high winds,Dry,None,None,1,Yes,E01003501,2005
9268,200501KF60754,542730.0,183040.0,0.056191,51.528184,1,3,2,2,14/11/2005,2,13:45,17,E09000025,3,117,Dual carriageway,30,None,-1,0,None within 50 metres,Zebra crossing,Daylight: Street light present,Fine without high winds,Dry,None,None,1,Yes,E01003523,2005
9269,200501KF60755,541400.0,183960.0,0.0374,51.536786,1,3,2,1,11/11/2005,6,21:50,17,E09000025,4,165,Single carriageway,30,None,-1,0,None within 50 metres,Zebra crossing,Darkness: Street lights present and lit,Raining without high winds,Wet/Damp,None,None,1,Yes,E01003566,2005
9270,200501KF60756,541770.0,183310.0,0.04247,51.530852,1,3,2,1,03/11/2005,5,22:20,17,E09000025,6,0,Single carriageway,30,Giveway or uncontrolled,3,124,None within 50 metres,No physical crossing within 50 meters,Darkness: Street lights present and lit,Fine without high winds,Dry,None,None,1,No,E01003493,2005
9271,200501KF60757,539190.0,184500.0,0.005769,51.542187,1,3,2,1,04/11/2005,6,13:10,17,E09000025,6,0,Single carriageway,30,Giveway or uncontrolled,3,118,None within 50 metres,No physical crossing within 50 meters,Daylight: Street light present,Fine without high winds,Dry,None,None,1,Yes,E01003618,2005
9272,200501KF60758,540870.0,183210.0,0.029464,51.530179,1,3,1,1,04/11/2005,6,07:37,17,E09000025,6,0,Single carriageway,30,None,-1,0,None within 50 metres,No physical crossing within 50 meters,Daylight: Street light present,Raining without high winds,Wet/Damp,None,None,1,Yes,E01003606,2005
9273,200501KF60759,541450.0,183260.0,0.03784,51.530483,1,3,2,1,09/11/2005,4,18:15,17,E09000025,4,167,Single carriageway,30,None,-1,0,None within 50 metres,No physical crossing within 50 meters,Daylight: Street light present,Fine without high winds,Dry,None,None,1,No,E01003491,2005
9274,200501KF60760,538370.0,183640.0,-0.006385,51.534661,1,3,3,1,10/11/2005,5,14:35,17,E09000025,3,11,Dual carriageway,50,None,-1,0,None within 50 metres,No physical crossing within 50 meters,Daylight: Street light present,Fine without high winds,Dry,None,None,1,No,E01003613,2005
9275,200501KF60761,542260.0,184510.0,0.050014,51.541512,1,3,2,1,11/11/2005,6,19:10,17,E09000025,6,0,Single carriageway,30,None,-1,0,None within 50 metres,No physical crossing within 50 meters,Daylight: Street light present,Fine without high winds,Dry,None,None,1,No,E01003531,2005
9276,200501KF60762,541080.0,181980.0,0.031997,51.519074,1,3,1,1,05/11/2005,7,16:27,17,E09000025,3,112,Single carriageway,30,None,-1,0,None within 50 metres,No physical crossing within 50 meters,Daylight: Street light present,Fine without high winds,Dry,None,None,1,Yes,E01003601,2005
9277,200501KF60763,538640.0,184300.0,-0.002235,51.540525,1,3,2,1,18/10/2005,3,12:15,17,E09000025,3,11,Single carriageway,30,Automatic traffic signal,3,11,None within 50 metres,No physical crossing within 50 meters,Daylight: Street light present,Fine without high winds,Dry,None,None,1,Yes,E01003620,2005
9278,200501KF60764,542620.0,183520.0,0.054801,51.532525,1,3,1,1,08/11/2005,3,14:35,17,E09000025,3,117,Single carriageway,30,None,-1,0,None within 50 metres,No physical crossing within 50 meters,Daylight: Street light present,Fine without high winds,Dry,None,None,1,Yes,E01003525,2005
9279,200501KF60765,540420.0,184980.0,0.023686,51.546196,1,3,1,1,29/10/2005,7,15:30,17,E09000025,3,118,Single carriageway,30,Giveway or uncontrolled,6,0,None within 50 metres,No physical crossing within 50 meters,Daylight: Street light present,Fine without high winds,Dry,None,None,1,Yes,E01003558,2005
9280,200501KF60766,540690.0,185030.0,0.027597,51.546578,1,3,1,1,29/10/2005,7,05:50,17,E09000025,3,118,Single carriageway,30,None,-1,0,None within 50 metres,No physical crossing within 50 meters,Darkness: Street lights present and lit,Raining without high winds,Wet/Damp,None,None,1,Yes,E01003570,2005
9281,200501KF60767,539320.0,184520.0,0.007651,51.542335,1,3,2,1,12/08/2005,6,16:15,17,E09000025,3,118,Single carriageway,30,None,-1,0,None within 50 metres,No physical crossing within 50 meters,Daylight: Street light present,Fine without high winds,Dry,None,None,1,No,E01003618,2005
9282,200501KF60768,539540.0,184620.0,0.010861,51.543179,1,3,2,1,03/11/2005,5,17:05,17,E09000025,3,118,Single carriageway,30,Giveway or uncontrolled,6,0,None within 50 metres,No physical crossing within 50 meters,Darkness: Street lights present and lit,Fine without high winds,Dry,None,None,1,Yes,E01003559,2005
9283,200501KF60769,543010.0,184180.0,0.060688,51.538357,1,3,3,1,06/11/2005,1,12:40,17,E09000025,6,0,Single carriageway,30,Giveway or uncontrolled,6,0,None within 50 metres,No physical crossing within 50 meters,Daylight: Street light present,Fine without high winds,Wet/Damp,None,None,1,No,E01003627,2005
9284,200501KF60771,540970.0,184920.0,0.031589,51.54552,1,3,1,1,04/10/2005,3,16:00,17,E09000025,4,167,Single carriageway,30,None,-1,0,None within 50 metres,No physical crossing within 50 meters,Daylight: Street light present,Fine without high winds,Dry,None,None,1,No,E01003570,2005
9285,200501KF60772,542660.0,183430.0,0.055341,51.531707,1,3,2,1,15/11/2005,3,20:42,17,E09000025,3,117,Single carriageway,30,Giveway or uncontrolled,6,0,None within 50 metres,No physical crossing within 50 meters,Darkness: Street lights present and lit,Fine without high winds,Dry,None,None,1,Yes,E01003526,2005
9286,200501KF60773,542670.0,185880.0,0.056477,51.553719,1,3,4,3,07/11/2005,2,11:15,17,E09000025,3,118,Single carriageway,30,Giveway or uncontrolled,6,0,None within 50 metres,No physical crossing within 50 meters,Daylight: Street light present,Fine without high winds,Dry,None,None,1,Yes,E01003576,2005
9287,200501KF60774,539640.0,183590.0,0.011893,51.533899,1,3,2,2,11/11/2005,6,20:02,17,E09000025,3,112,Single carriageway,30,None,-1,0,None within 50 metres,No physical crossing within 50 meters,Darkness: Street lights present and lit,Raining without high winds,Wet/Damp,None,None,1,Yes,E01003630,2005
9288,200501KF60775,542950.0,183100.0,0.059385,51.528668,1,3,2,1,24/10/2005,2,16:50,17,E09000025,6,0,Single carriageway,30,Giveway or uncontrolled,6,0,None within 50 metres,No physical crossing within 50 meters,Daylight: Street light present,Fine without high winds,Dry,None,None,1,Yes,E01003542,2005
9289,200501KF60777,541050.0,184370.0,0.032521,51.540558,1,3,1,1,29/09/2005,5,10:45,17,E09000025,4,167,Single carriageway,30,Giveway or uncontrolled,6,0,None within 50 metres,No physical crossing within 50 meters,Daylight: Street light present,Fine without high winds,Dry,None,None,1,Yes,E01003573,2005
9290,200501KF60778,539340.0,182090.0,0.006978,51.520494,1,2,2,1,20/11/2005,1,15:39,17,E09000025,5,0,Single carriageway,30,Giveway or uncontrolled,5,0,None within 50 metres,No physical crossing within 50 meters,Daylight: Street light present,Fine without high winds,Dry,None,None,1,Yes,E01003497,2005
9291,200501KF60779,542360.0,184150.0,0.051309,51.538252,1,3,1,1,08/11/2005,3,10:12,17,E09000025,3,117,Single carriageway,30,Automatic traffic signal,3,117,None within 50 metres,Pedestrian phase at traffic signal junction,Daylight: Street light present,Fine without high winds,Dry,None,None,1,Yes,E01003520,2005
9292,200501KF60780,540260.0,180280.0,0.01951,51.504001,1,2,2,1,16/11/2005,4,17:28,17,E09000025,3,1011,Slip road,30,Automatic traffic signal,3,1011,None within 50 metres,Pedestrian phase at traffic signal junction,Darkness: Street lights present and lit,Fine without high winds,Dry,None,None,1,Yes,E01003612,2005
9293,200501KF60781,541070.0,181750.0,0.031761,51.517009,1,3,3,2,23/11/2005,4,18:20,17,E09000025,3,13,Dual carriageway,40,Automatic traffic signal,3,112,None within 50 metres,Pedestrian phase at traffic signal junction,Darkness: Street lights present and lit,Fine without high winds,Dry,None,None,1,Yes,E01003604,2005
9294,200501KF60782,541470.0,184490.0,0.038622,51.541531,1,3,1,1,02/09/2005,6,21:00,17,E09000025,6,0,Single carriageway,30,None,-1,0,None within 50 metres,No physical crossing within 50 meters,Daylight: Street light present,Fine without high winds,Dry,None,None,1,Yes,E01003563,2005
9295,200501KF60783,543280.0,181630.0,0.063542,51.515375,1,3,2,1,06/11/2005,1,18:55,17,E09000025,6,0,Single carriageway,30,None,-1,0,None within 50 metres,No physical crossing within 50 meters,Darkness: Street lights present and lit,Raining without high winds,Wet/Damp,None,None,1,Yes,E01003486,2005
9296,200501KF60784,540760.0,184920.0,0.028562,51.545572,1,3,2,1,12/11/2005,7,13:00,17,E09000025,6,0,Single carriageway,30,Giveway or uncontrolled,6,0,None within 50 metres,No physical crossing within 50 meters,Daylight: Street light present,Fine without high winds,Dry,None,None,1,No,E01003570,2005
9297,200501KF60785,542310.0,180070.0,0.048942,51.501602,1,3,2,1,13/11/2005,1,13:12,17,E09000025,3,1011,Single carriageway,30,Giveway or uncontrolled,6,0,None within 50 metres,No physical crossing within 50 meters,Daylight: Street light present,Fine without high winds,Dry,None,None,1,Yes,E01003609,2005
9298,200501KF60786,540180.0,182130.0,0.019093,51.520645,1,3,2,2,05/11/2005,7,06:09,17,E09000025,3,124,Single carriageway,30,None,-1,0,None within 50 metres,No physical crossing within 50 meters,Darkness: Street lights present and lit,Fine without high winds,Dry,None,None,1,Yes,E01003501,2005
9299,200501KF60787,540560.0,184990.0,0.025708,51.546251,1,3,3,1,17/11/2005,5,09:10,17,E09000025,3,114,Single carriageway,30,Automatic traffic signal,3,118,None within 50 metres,Pedestrian phase at traffic signal junction,Daylight: Street light present,Fine without high winds,Dry,None,None,1,No,E01003558,2005
9300,200501KF60788,541060.0,182150.0,0.031777,51.520606,1,2,2,1,12/11/2005,7,13:26,17,E09000025,3,112,Single carriageway,30,Giveway or uncontrolled,6,0,None within 50 metres,No physical crossing within 50 meters,Daylight: Street light present,Fine without high winds,Dry,None,None,1,Yes,E01003601,2005
9301,200501KF60789,542550.0,185810.0,0.054719,51.553121,1,3,2,1,17/11/2005,5,03:20,17,E09000025,3,118,Single carriageway,30,Giveway or uncontrolled,6,0,None within 50 metres,No physical crossing within 50 meters,Darkness: Street lights present and lit,Fine without high winds,Dry,None,None,1,Yes,E01003578,2005
9302,200501KF60791,540770.0,184240.0,0.028434,51.539459,1,3,1,1,08/11/2005,3,15:10,17,E09000025,6,0,Single carriageway,30,None,-1,0,None within 50 metres,No physical crossing within 50 meters,Daylight: Street light present,Fine without high winds,Dry,None,None,1,Yes,E01003574,2005
9303,200501KF60792,540710.0,180940.0,0.026253,51.50982,1,3,3,2,15/11/2005,3,18:11,17,E09000025,3,1020,Single carriageway,30,Automatic traffic signal,3,1020,None within 50 metres,Pedestrian phase at traffic signal junction,Darkness: Street lights present and lit,Fine without high winds,Dry,None,None,1,Yes,E01003504,2005
9304,200501KF60793,541120.0,183000.0,0.032981,51.528229,1,3,2,1,12/11/2005,7,18:57,17,E09000025,3,124,Single carriageway,30,Automatic traffic signal,3,124,None within 50 metres,Pedestrian phase at traffic signal junction,Darkness: Street lights present and lit,Fine without high winds,Dry,None,None,1,Yes,E01003605,2005
9305,200501KF60794,542610.0,185040.0,0.055272,51.546186,1,3,1,1,12/11/2005,7,13:10,17,E09000025,6,0,Single carriageway,30,None,-1,0,None within 50 metres,No physical crossing within 50 meters,Daylight: Street light present,Fine without high winds,Dry,None,None,1,Yes,E01003534,2005
9306,200501KF60795,542810.0,182620.0,0.057174,51.52439,1,2,1,1,18/11/2005,6,11:29,17,E09000025,3,117,Single carriageway,30,Giveway or uncontrolled,6,0,None within 50 metres,No physical crossing within 50 meters,Daylight: Street light present,Fine without high winds,Dry,None,None,1,Yes,E01003538,2005
9307,200501KF60796,541070.0,181380.0,0.031613,51.513685,1,3,2,1,18/11/2005,6,12:48,17,E09000025,6,0,Single carriageway,30,Giveway or uncontrolled,3,112,None within 50 metres,Zebra crossing,Daylight: Street light present,Fine without high winds,Dry,None,None,1,Yes,E01003512,2005
9308,200501KF60797,542300.0,184430.0,0.050558,51.540783,1,3,2,1,28/11/2005,2,17:45,17,E09000025,6,0,Single carriageway,30,Giveway or uncontrolled,3,117,None within 50 metres,No physical crossing within 50 meters,Darkness: Street lights present and lit,Fine without high winds,Dry,None,None,1,Yes,E01003531,2005
9309,200501KF60798,542830.0,182560.0,0.057437,51.523846,1,3,1,1,16/11/2005,4,10:00,17,E09000025,6,0,Single carriageway,30,Giveway or uncontrolled,3,117,None within 50 metres,Zebra crossing,Daylight: Street light present,Fine without high winds,Dry,None,None,1,Yes,E01003538,2005
9310,200501KF60799,542940.0,182180.0,0.058868,51.520404,1,3,2,1,22/11/2005,3,08:00,17,E09000025,3,13,Dual carriageway,50,Automatic traffic signal,3,117,None within 50 metres,Pedestrian phase at traffic signal junction,Daylight: Street light present,Fine without high winds,Dry,None,None,1,Yes,E01003482,2005
9311,200501KF60800,541100.0,181750.0,0.032193,51.517002,1,3,2,2,31/10/2005,2,15:50,17,E09000025,3,112,Dual carriageway,50,Automatic traffic signal,3,13,None within 50 metres,Pedestrian phase at traffic signal junction,Daylight: Street light present,Fine without high winds,Dry,None,None,1,Yes,E01003604,2005
9312,200501KF60801,540890.0,181760.0,0.029172,51.517144,1,3,2,1,19/11/2005,7,23:58,17,E09000025,3,13,Dual carriageway,50,None,-1,0,None within 50 metres,No physical crossing within 50 meters,Darkness: Street lights present and lit,Fine without high winds,Wet/Damp,None,None,1,Yes,E01003604,2005
9313,200501KF60802,538470.0,183760.0,-0.004897,51.535714,1,3,3,3,06/11/2005,1,10:38,17,E09000025,3,11,Dual carriageway,40,Automatic traffic signal,6,0,None within 50 metres,No physical crossing within 50 meters,Daylight: Street light present,Raining without high winds,Wet/Damp,None,None,1,Yes,E01003613,2005
9314,200501KF60803,539410.0,183700.0,0.008623,51.534944,1,3,2,3,12/11/2005,7,14:47,17,E09000025,3,1011,Single carriageway,30,Automatic traffic signal,3,112,None within 50 metres,No physical crossing within 50 meters,Daylight: Street light present,Fine without high winds,Dry,None,None,1,Yes,E01003633,2005
9315,200501KF60804,541190.0,184010.0,0.034394,51.537288,1,3,2,1,16/10/2005,1,09:40,17,E09000025,4,167,Roundabout,30,Giveway or uncontrolled,4,165,None within 50 metres,No physical crossing within 50 meters,Daylight: Street light present,Fine without high winds,Dry,None,None,1,Yes,E01003566,2005
9316,200501KF60806,543860.0,182480.0,0.072241,51.522866,1,3,6,2,13/11/2005,1,13:20,17,E09000025,3,406,Dual carriageway,30,Giveway or uncontrolled,6,0,None within 50 metres,No physical crossing within 50 meters,Daylight: Street light present,Fine without high winds,Dry,None,None,1,Yes,E01003482,2005
9317,200501KF60807,539150.0,183110.0,0.004644,51.529706,1,3,2,1,15/11/2005,3,11:30,17,E09000025,3,1011,Single carriageway,30,None,-1,0,None within 50 metres,No physical crossing within 50 meters,Daylight: Street light present,Fine without high winds,Dry,None,None,1,Yes,E01003631,2005
9318,200501KF60808,542340.0,184270.0,0.05107,51.539335,1,3,1,1,16/11/2005,4,14:49,17,E09000025,6,0,Single carriageway,30,Giveway or uncontrolled,3,117,None within 50 metres,Zebra crossing,Daylight: Street light present,Fine without high winds,Dry,None,None,1,Yes,E01003531,2005
9319,200501KF60809,540550.0,185010.0,0.025571,51.546433,1,3,2,1,07/11/2005,2,22:12,17,E09000025,3,114,Single carriageway,30,Automatic traffic signal,3,118,None within 50 metres,No physical crossing within 50 meters,Darkness: Street lights present and lit,Fine without high winds,Dry,None,None,1,Yes,E01003558,2005
9320,200501KF60810,542310.0,184360.0,0.050674,51.540152,1,3,1,1,03/11/2005,5,05:17,17,E09000025,3,117,Single carriageway,30,Giveway or uncontrolled,4,165,None within 50 metres,Pedestrian phase at traffic signal junction,Darkness: Street lights present and lit,Fine with high winds,Wet/Damp,None,None,1,Yes,E01003531,2005
9321,200501KF60811,538770.0,184160.0,-0.000416,51.539235,1,2,1,1,14/11/2005,2,13:35,17,E09000025,3,11,Single carriageway,30,None,-1,0,None within 50 metres,Pedestrian phase at traffic signal junction,Daylight: Street light present,Fine without high winds,Dry,None,None,1,Yes,E01003619,2005
9322,200501KF60812,543040.0,183660.0,0.060909,51.533677,1,3,2,1,02/12/2005,6,15:28,17,E09000025,3,124,Single carriageway,30,Giveway or uncontrolled,6,0,None within 50 metres,Zebra crossing,Daylight: Street light present,Fine without high winds,Dry,None,None,1,Yes,E01003622,2005
9323,200501KF60813,542010.0,181220.0,0.045086,51.512012,1,3,2,1,02/11/2005,4,15:32,17,E09000025,3,1020,Single carriageway,30,Giveway or uncontrolled,6,0,None within 50 metres,No physical crossing within 50 meters,Daylight: Street light present,Fine without high winds,Dry,None,None,1,Yes,E01003513,2005
9324,200501KF60814,540360.0,184070.0,0.022459,51.538034,1,3,1,1,11/11/2005,6,15:51,17,E09000025,6,0,Single carriageway,30,Giveway or uncontrolled,3,114,None within 50 metres,Zebra crossing,Daylight: Street light present,Fine without high winds,Dry,None,None,1,Yes,E01003635,2005
9325,200501KF60815,542220.0,184340.0,0.049369,51.539995,1,2,2,7,19/11/2005,7,10:13,17,E09000025,4,165,Single carriageway,30,None,-1,0,None within 50 metres,No physical crossing within 50 meters,Daylight: Street light present,Fine without high winds,Dry,None,None,1,Yes,E01003531,2005
9326,200501KF60816,540960.0,184890.0,0.031432,51.545253,1,3,2,1,11/11/2005,6,19:03,17,E09000025,6,0,Single carriageway,30,Giveway or uncontrolled,4,167,None within 50 metres,No physical crossing within 50 meters,Darkness: Street lights present and lit,Fine without high winds,Dry,None,None,1,Yes,E01003570,2005
9327,200501KF60817,541020.0,184740.0,0.032237,51.54389,1,3,1,1,21/11/2005,2,15:40,17,E09000025,6,0,Single carriageway,30,Giveway or uncontrolled,4,167,None within 50 metres,Zebra crossing,Daylight: Street light present,Fine without high winds,Dry,None,None,1,Yes,E01003571,2005
9328,200501KF60818,543460.0,183860.0,0.067041,51.535368,1,3,2,1,20/11/2005,1,11:23,17,E09000025,6,0,Single carriageway,30,Giveway or uncontrolled,3,124,None within 50 metres,No physical crossing within 50 meters,Daylight: Street light present,Fine without high winds,Dry,None,None,1,Yes,E01003622,2005
9329,200501KF60819,543780.0,180240.0,0.070176,51.502758,1,3,3,1,22/11/2005,3,15:28,17,E09000025,3,117,Single carriageway,30,None,-1,0,None within 50 metres,No physical crossing within 50 meters,Daylight: Street light present,Fine without high winds,Wet/Damp,None,None,1,Yes,E01003610,2005
9330,200501KF60820,540170.0,184900.0,0.020051,51.545539,1,3,2,1,18/11/2005,6,08:25,17,E09000025,6,0,Single carriageway,30,Automatic traffic signal,3,118,None within 50 metres,Pedestrian phase at traffic signal junction,Daylight: Street light present,Fine without high winds,Dry,None,None,1,No,E01003558,2005
9331,200501KF60821,539690.0,181990.0,0.01198,51.519509,1,3,2,1,22/11/2005,3,18:20,17,E09000025,5,0,Single carriageway,30,Giveway or uncontrolled,5,0,None within 50 metres,Zebra crossing,Darkness: Street lights present and lit,Fine without high winds,Dry,None,None,1,No,E01003503,2005
9332,200501KF60822,543730.0,180880.0,0.069717,51.508522,1,3,3,2,13/09/2005,3,14:00,17,E09000025,3,117,Roundabout,30,Giveway or uncontrolled,3,1020,None within 50 metres,non-junction pedestrian crossing,Daylight: Street light present,Fine without high winds,Dry,None,None,1,Yes,E01003480,2005
9333,200501KF60824,538920.0,184340.0,0.001815,51.540816,1,3,2,2,30/11/2005,4,00:02,17,E09000025,3,11,Dual carriageway,30,Automatic traffic signal,3,11,None within 50 metres,No physical crossing within 50 meters,Darkness: Street lights present and lit,Fine without high winds,Dry,None,None,1,Yes,E01003619,2005
9334,200501KF60825,541450.0,183220.0,0.037824,51.530124,1,3,2,1,06/12/2005,3,08:20,17,E09000025,3,124,Single carriageway,30,Automatic traffic signal,4,167,None within 50 metres,Pedestrian phase at traffic signal junction,Daylight: Street light present,Fine without high winds,Dry,None,None,1,Yes,E01003492,2005
9335,200501KF60826,542310.0,184360.0,0.050674,51.540152,1,2,1,1,07/12/2005,4,16:30,17,E09000025,3,117,Single carriageway,30,Automatic traffic signal,4,165,None within 50 metres,Pedestrian phase at traffic signal junction,Darkness: Street lights present and lit,Fine without high winds,Dry,None,None,1,Yes,E01003531,2005
9336,200501KF60827,539980.0,184820.0,0.017281,51.544867,1,3,2,1,19/11/2005,7,20:10,17,E09000025,6,0,Single carriageway,30,Giveway or uncontrolled,3,118,None within 50 metres,No physical crossing within 50 meters,Darkness: Street lights present and lit,Fine without high winds,Dry,None,None,1,No,E01003551,2005
9337,200501KF60828,540740.0,185040.0,0.028322,51.546655,1,3,2,1,01/12/2005,5,15:25,17,E09000025,6,0,Single carriageway,30,Giveway or uncontrolled,3,118,None within 50 metres,No physical crossing within 50 meters,Daylight: Street light present,Fine without high winds,Wet/Damp,None,None,1,Yes,E01003556,2005
9338,200501KF60830,542820.0,182600.0,0.057309,51.524208,1,3,1,1,15/11/2005,3,09:55,17,E09000025,3,117,Single carriageway,30,Giveway or uncontrolled,6,0,None within 50 metres,No physical crossing within 50 meters,Daylight: Street light present,Unknown,Dry,None,None,1,Yes,E01003538,2005
9339,200501KF60831,538540.0,185230.0,-0.00331,51.548907,1,3,2,1,05/10/2005,4,19:40,17,E09000025,3,112,Single carriageway,30,Giveway or uncontrolled,3,112,None within 50 metres,No physical crossing within 50 meters,Darkness: Street lights present and lit,Fine without high winds,Dry,None,None,1,Yes,E01003614,2005
9340,200501KF60832,540450.0,186980.0,0.024916,51.56416,1,3,2,1,05/11/2005,7,09:06,14,E09000026,3,116,Roundabout,30,Giveway or uncontrolled,3,114,None within 50 metres,No physical crossing within 50 meters,Daylight: Street light present,Fine without high winds,Dry,None,None,1,Yes,E01003791,2005
9341,200501KF60836,539160.0,182100.0,0.004389,51.520628,1,3,2,1,23/11/2005,4,08:10,17,E09000025,3,1011,Single carriageway,30,Giveway or uncontrolled,6,0,None within 50 metres,No physical crossing within 50 meters,Daylight: Street light present,Raining without high winds,Wet/Damp,None,None,1,Yes,E01003497,2005
9342,200501KF60838,542550.0,182100.0,0.053218,51.519783,1,3,2,1,24/11/2005,5,07:30,17,E09000025,3,13,Dual carriageway,50,None,-1,0,None within 50 metres,No physical crossing within 50 meters,Daylight: Street light present,Fine without high winds,Dry,None,None,1,Yes,E01003541,2005
9343,200501KF60840,538920.0,184340.0,0.001815,51.540816,1,3,2,1,27/11/2005,1,00:30,17,E09000025,3,11,Single carriageway,30,Automatic traffic signal,3,11,None within 50 metres,Pedestrian phase at traffic signal junction,Darkness: Street lights present and lit,Fine without high winds,Dry,None,None,1,Yes,E01003619,2005
9344,200501KF60841,539880.0,180720.0,0.014213,51.508049,1,3,2,1,27/11/2005,1,18:17,17,E09000025,3,1011,Dual carriageway,30,Automatic traffic signal,3,1011,None within 50 metres,No physical crossing within 50 meters,Darkness: Street lights present and lit,Fine without high winds,Dry,None,None,1,Yes,E01003504,2005
9345,200501KF60843,539350.0,181480.0,0.006881,51.51501,1,3,2,1,05/11/2005,7,18:03,17,E09000025,3,13,Dual carriageway,30,None,-1,0,None within 50 metres,non-junction pedestrian crossing,Darkness: Street lights present and lit,Fine without high winds,Dry,None,None,1,Yes,E01003505,2005
9346,200501KF60845,539450.0,183940.0,0.009294,51.537091,1,3,2,2,03/12/2005,7,16:30,17,E09000025,4,165,Single carriageway,30,Automatic traffic signal,4,164,None within 50 metres,Pedestrian phase at traffic signal junction,Darkness: Street lights present and lit,Raining without high winds,Wet/Damp,None,None,1,Yes,E01003636,2005
9347,200501KF60846,543200.0,186150.0,0.064227,51.556011,1,3,1,1,25/10/2005,3,19:13,17,E09000025,3,118,Single carriageway,30,None,-1,0,None within 50 metres,No physical crossing within 50 meters,Daylight: Street light present,Fine without high winds,Dry,None,None,1,Yes,E01003577,2005
9348,200501KF60847,539430.0,184560.0,0.009252,51.542667,1,3,2,1,28/11/2005,2,06:11,17,E09000025,3,118,Single carriageway,30,Giveway or uncontrolled,4,164,None within 50 metres,No physical crossing within 50 meters,Darkness: Street lights present and lit,Raining without high winds,Wet/Damp,None,None,1,Yes,E01003618,2005
9349,200501KF60848,539890.0,180770.0,0.014377,51.508496,1,3,1,1,05/12/2005,2,18:05,17,E09000025,3,1020,Roundabout,30,Giveway or uncontrolled,6,0,None within 50 metres,No physical crossing within 50 meters,Darkness: Street lights present and lit,Raining without high winds,Wet/Damp,None,None,1,Yes,E01003504,2005
9350,200501KF60849,539710.0,182140.0,0.012327,51.520852,1,3,1,1,06/12/2005,3,20:20,17,E09000025,5,0,Single carriageway,30,Giveway or uncontrolled,6,0,None within 50 metres,No physical crossing within 50 meters,Darkness: Street lights present and lit,Fine without high winds,Dry,None,None,1,Yes,E01003502,2005
9351,200501KF60851,537890.0,183080.0,-0.01352,51.529746,1,3,2,3,01/12/2005,5,19:30,5,E09000030,3,11,Single carriageway,30,Automatic traffic signal,3,12,None within 50 metres,No physical crossing within 50 meters,Darkness: Street lights present and lit,Fine without high winds,Dry,None,None,1,No,E01004238,2005
9352,200501KF60852,539400.0,184550.0,0.008815,51.542585,1,3,1,1,07/12/2005,4,10:52,17,E09000025,3,118,Single carriageway,30,Automatic traffic signal,4,164,None within 50 metres,Pedestrian phase at traffic signal junction,Daylight: Street light present,Fine without high winds,Dry,None,None,1,Yes,E01003618,2005
9353,200501KF60854,543390.0,181850.0,0.065215,51.517324,1,3,3,1,01/12/2005,5,17:00,17,E09000025,6,0,Single carriageway,30,None,-1,0,None within 50 metres,No physical crossing within 50 meters,Darkness: Street lights present and lit,Fine without high winds,Dry,None,None,1,Yes,E01003482,2005
9354,200501KF60855,543390.0,183520.0,0.065894,51.532331,1,3,2,1,23/11/2005,4,10:00,17,E09000025,6,0,Single carriageway,30,None,-1,0,None within 50 metres,No physical crossing within 50 meters,Daylight: Street light present,Fine without high winds,Dry,None,None,1,No,E01003623,2005
9355,200501KF60856,539090.0,184140.0,0.004186,51.538977,1,3,1,1,26/11/2005,7,15:50,17,E09000025,6,0,Single carriageway,30,Giveway or uncontrolled,3,112,None within 50 metres,No physical crossing within 50 meters,Daylight: Street light present,Raining with high winds,Wet/Damp,None,None,1,Yes,E01003619,2005
9356,200501KF60857,543030.0,181900.0,0.060051,51.517865,1,3,2,1,30/11/2005,4,19:27,17,E09000025,6,0,Dual carriageway,30,Giveway or uncontrolled,3,117,None within 50 metres,No physical crossing within 50 meters,Darkness: Street lights present and lit,Fine without high winds,Dry,None,None,1,Yes,E01003482,2005
9357,200501KF60859,538680.0,184330.0,-0.001646,51.540785,1,3,1,1,02/11/2005,4,16:35,17,E09000025,3,11,Dual carriageway,50,None,-1,0,None within 50 metres,No physical crossing within 50 meters,Darkness: Street lights present and lit,Raining without high winds,Wet/Damp,None,None,1,Yes,E01003620,2005
9358,200501KF60860,542850.0,185970.0,0.059108,51.554482,1,3,2,1,12/12/2005,2,19:15,17,E09000025,3,118,Single carriageway,30,None,-1,0,None within 50 metres,No physical crossing within 50 meters,Darkness: Street lights present and lit,Fine without high winds,Dry,None,None,1,No,E01003576,2005
9359,200501KF60861,543780.0,180890.0,0.070441,51.508599,1,3,2,1,06/12/2005,3,02:10,17,E09000025,3,1020,Dual carriageway,40,Automatic traffic signal,6,0,None within 50 metres,Pedestrian phase at traffic signal junction,Darkness: Street lights present and lit,Fine without high winds,Dry,None,None,1,Yes,E01003482,2005
9360,200501KF60862,544370.0,182540.0,0.079612,51.523275,1,3,2,1,07/12/2005,4,13:03,17,E09000025,6,0,Single carriageway,30,Giveway or uncontrolled,6,0,None within 50 metres,No physical crossing within 50 meters,Daylight: Street light present,Fine without high winds,Dry,None,None,1,Yes,E01003482,2005
9361,200501KF60863,538260.0,183490.0,-0.008028,51.53334,1,3,2,1,11/11/2005,6,12:27,17,E09000025,3,11,Dual carriageway,50,Automatic traffic signal,3,11,None within 50 metres,Pedestrian phase at traffic signal junction,Daylight: Street light present,Fine without high winds,Dry,None,None,1,Yes,E01003613,2005
9362,200501KF60864,542940.0,182160.0,0.05886,51.520224,1,3,2,1,24/12/2005,7,18:35,17,E09000025,3,13,Dual carriageway,30,Automatic traffic signal,3,117,None within 50 metres,Pedestrian phase at traffic signal junction,Darkness: Street lights present and lit,Fine without high winds,Dry,None,None,1,No,E01003482,2005
9363,200501KF60866,543770.0,183570.0,0.07139,51.532683,1,3,2,1,29/12/2005,5,20:05,17,E09000025,3,406,Dual carriageway,50,None,-1,0,None within 50 metres,No physical crossing within 50 meters,Darkness: Street lights present and lit,Fine without high winds,Dry,None,None,1,No,E01003623,2005
9364,200501KF60867,539100.0,184470.0,0.00446,51.54194,1,3,2,1,10/12/2005,7,23:30,17,E09000025,3,118,Single carriageway,30,None,-1,0,None within 50 metres,No physical crossing within 50 meters,Darkness: Street lights present and lit,Fine without high winds,Dry,None,None,1,No,E01003619,2005
9365,200501KF60868,543320.0,180880.0,0.063813,51.508626,1,3,2,1,15/12/2005,5,18:47,17,E09000025,3,1020,Dual carriageway,40,None,-1,0,None within 50 metres,No physical crossing within 50 meters,Darkness: Street lights present and lit,Fine without high winds,Dry,None,None,1,Yes,E01003480,2005
9366,200501KF60869,541250.0,183850.0,0.035195,51.535835,1,3,2,1,13/12/2005,3,18:20,17,E09000025,4,167,Single carriageway,30,Giveway or uncontrolled,6,0,None within 50 metres,Zebra crossing,Darkness: Street lights present and lit,Raining without high winds,Wet/Damp,None,None,1,Yes,E01003566,2005
9367,200501KF60870,542680.0,185490.0,0.056463,51.550212,1,3,2,1,17/09/2005,7,11:12,17,E09000025,6,0,Single carriageway,30,None,-1,0,None within 50 metres,No physical crossing within 50 meters,Daylight: Street light present,Fine without high winds,Dry,None,None,1,Yes,E01003579,2005
9368,200501KF60871,542200.0,184930.0,0.049319,51.545301,1,3,2,1,05/12/2005,2,21:10,17,E09000025,3,117,Single carriageway,30,Giveway or uncontrolled,6,0,None within 50 metres,No physical crossing within 50 meters,Darkness: Street lights present and lit,Fine without high winds,Dry,None,None,1,Yes,E01003589,2005
9369,200501KF60872,543860.0,181640.0,0.071899,51.515318,1,3,3,2,11/12/2005,1,13:50,17,E09000025,3,406,Dual carriageway,40,Giveway or uncontrolled,6,0,None within 50 metres,No physical crossing within 50 meters,Daylight: Street light present,Fine without high winds,Dry,None,None,1,Yes,E01003482,2005
9370,200501KF60873,539390.0,181530.0,0.007477,51.515449,1,3,2,1,19/12/2005,2,19:35,17,E09000025,3,13,Roundabout,30,Automatic traffic signal,3,1011,None within 50 metres,No physical crossing within 50 meters,Darkness: Street lights present and lit,Fine without high winds,Dry,None,None,1,No,E01003497,2005
9371,200501KF60874,541450.0,183230.0,0.037828,51.530214,1,3,1,1,07/11/2005,2,12:05,17,E09000025,4,167,Single carriageway,30,Automatic traffic signal,3,124,None within 50 metres,No physical crossing within 50 meters,Daylight: Street light present,Fine without high winds,Dry,None,None,1,Yes,E01003492,2005
9372,200501KF60875,543160.0,183120.0,0.062418,51.528795,1,3,1,1,29/11/2005,3,14:00,17,E09000025,6,0,Single carriageway,30,Giveway or uncontrolled,6,0,None within 50 metres,No physical crossing within 50 meters,Daylight: Street light present,Fine without high winds,Dry,None,None,1,Yes,E01003542,2005
9373,200501KF60876,543930.0,182850.0,0.073401,51.526173,1,3,2,1,18/12/2005,1,13:00,17,E09000025,3,406,Roundabout,30,Automatic traffic signal,3,13,None within 50 metres,No physical crossing within 50 meters,Daylight: Street light present,Fine without high winds,Dry,None,None,1,No,E01003535,2005
9374,200501KF60877,542720.0,183600.0,0.056274,51.533219,1,3,2,2,03/12/2005,7,14:55,17,E09000025,3,124,Single carriageway,30,Giveway or uncontrolled,6,0,None within 50 metres,Zebra crossing,Daylight: Street light present,Fine without high winds,Dry,None,None,1,Yes,E01003523,2005
9375,200501KF60879,539530.0,184330.0,0.010602,51.540576,1,2,1,2,18/12/2005,1,10:10,17,E09000025,4,164,Single carriageway,30,Giveway or uncontrolled,6,0,None within 50 metres,No physical crossing within 50 meters,Daylight: Street light present,Raining without high winds,Wet/Damp,None,Other object in carriageway,1,Yes,E01003636,2005
9376,200501KF60880,541980.0,185740.0,0.046475,51.552635,1,3,2,1,20/12/2005,3,09:15,17,E09000025,3,117,Single carriageway,30,Automatic traffic signal,6,0,None within 50 metres,No physical crossing within 50 meters,Daylight: Street light present,Fine without high winds,Dry,None,None,1,No,E01003590,2005
9377,200501KF60881,540370.0,184430.0,0.022746,51.541266,1,3,2,1,25/12/2005,1,17:00,17,E09000025,3,114,Single carriageway,30,Giveway or uncontrolled,6,0,None within 50 metres,No physical crossing within 50 meters,Darkness: Street lights present and lit,Fine without high winds,Dry,None,None,1,No,E01003574,2005
9378,200501KF60882,542130.0,183430.0,0.047705,51.53184,1,3,2,1,06/08/2005,7,20:14,17,E09000025,4,109,Single carriageway,30,Automatic traffic signal,3,124,None within 50 metres,Pedestrian phase at traffic signal junction,Daylight: Street light present,Fine without high winds,Dry,None,None,1,No,E01003525,2005
9379,200501KF60883,541820.0,182650.0,0.042925,51.524909,1,3,2,2,05/12/2005,2,15:32,17,E09000025,6,0,Single carriageway,30,Giveway or uncontrolled,6,0,None within 50 metres,No physical crossing within 50 meters,Darkness: Street lights present and lit,Fine without high winds,Dry,None,None,1,Yes,E01003539,2005
9380,200501KF60884,542050.0,185530.0,0.047399,51.550731,1,3,2,1,18/12/2005,1,16:04,17,E09000025,3,117,Single carriageway,30,Automatic traffic signal,3,118,None within 50 metres,Pedestrian phase at traffic signal junction,Darkness: Street lights present and lit,Raining without high winds,Wet/Damp,None,None,1,Yes,E01003591,2005
9381,200501KF60885,540120.0,184880.0,0.019323,51.545372,1,3,1,1,16/12/2005,6,11:35,17,E09000025,3,118,Single carriageway,30,None,-1,0,None within 50 metres,No physical crossing within 50 meters,Daylight: Street light present,Fine without high winds,Dry,None,None,1,Yes,E01003551,2005
9382,200501KF60886,542540.0,183550.0,0.05366,51.532815,1,2,1,1,26/12/2005,2,22:57,17,E09000025,3,124,Single carriageway,30,None,-1,0,None within 50 metres,No physical crossing within 50 meters,Darkness: Street lights present and lit,Raining without high winds,Wet/Damp,None,None,1,Yes,E01003525,2005
9383,200501KF60888,543490.0,183890.0,0.067486,51.53563,1,2,1,1,31/12/2005,7,23:30,17,E09000025,3,124,Single carriageway,30,None,-1,0,None within 50 metres,No physical crossing within 50 meters,Darkness: Street lights present and lit,Fine without high winds,Dry,None,None,1,Yes,E01003622,2005
9384,200501KF60889,539950.0,180790.0,0.015249,51.508661,1,3,2,1,11/12/2005,1,15:50,17,E09000025,3,1020,Single carriageway,30,None,-1,0,None within 50 metres,No physical crossing within 50 meters,Darkness: Street lights present and lit,Fine without high winds,Dry,None,None,1,Yes,E01003504,2005
9385,200501KF60890,542760.0,183610.0,0.056854,51.533299,1,3,1,1,09/12/2005,6,17:18,17,E09000025,3,124,Single carriageway,30,Giveway or uncontrolled,6,0,None within 50 metres,No physical crossing within 50 meters,Darkness: Street lights present and lit,Raining without high winds,Wet/Damp,None,None,1,Yes,E01003523,2005
9386,200501KF60892,540700.0,180940.0,0.026109,51.509823,1,3,2,1,17/12/2005,7,12:30,17,E09000025,3,1020,Single carriageway,30,Automatic traffic signal,5,0,None within 50 metres,Pedestrian phase at traffic signal junction,Daylight: Street light present,Fine without high winds,Dry,None,None,1,Yes,E01003504,2005
9387,200501KF60894,542860.0,182380.0,0.057797,51.522221,1,3,1,1,16/12/2005,6,15:45,17,E09000025,3,117,Single carriageway,30,Giveway or uncontrolled,6,0,None within 50 metres,No physical crossing within 50 meters,Darkness: Street lights present and lit,Fine without high winds,Dry,None,None,1,Yes,E01003540,2005
9388,200501KF60895,542610.0,183880.0,0.054802,51.535763,1,3,2,1,06/12/2005,3,10:45,17,E09000025,6,0,Single carriageway,30,Giveway or uncontrolled,6,0,None within 50 metres,No physical crossing within 50 meters,Daylight: Street light present,Fine without high winds,Dry,None,None,1,No,E01003521,2005
9389,200501KF60897,541550.0,185240.0,0.040076,51.54825,1,3,2,1,01/12/2005,5,21:50,17,E09000025,3,118,Single carriageway,30,Giveway or uncontrolled,6,0,None within 50 metres,No physical crossing within 50 meters,Darkness: Street lights present and lit,Fine without high winds,Dry,None,None,1,No,E01003586,2005
9390,200501KF60898,540950.0,184960.0,0.031316,51.545884,1,3,2,1,11/12/2005,1,10:05,17,E09000025,4,167,Single carriageway,30,Giveway or uncontrolled,6,0,None within 50 metres,No physical crossing within 50 meters,Daylight: Street light present,Fine without high winds,Dry,None,None,1,Yes,E01003570,2005
9391,200501KF60899,541640.0,185270.0,0.041385,51.548497,1,3,3,2,17/12/2005,7,12:59,17,E09000025,3,118,Single carriageway,30,Giveway or uncontrolled,6,0,None within 50 metres,No physical crossing within 50 meters,Daylight: Street light present,Fine without high winds,Dry,Roadworks,None,1,Yes,E01003586,2005
9392,200501KF60900,541130.0,181740.0,0.032621,51.516905,1,2,2,1,21/12/2005,4,15:36,17,E09000025,3,13,Dual carriageway,40,None,-1,0,None within 50 metres,Footbridge or subway,Daylight: Street light present,Fine without high winds,Dry,None,None,1,Yes,E01003516,2005
9393,200501KF60901,541250.0,180940.0,0.034029,51.509686,1,3,1,1,13/12/2005,3,15:11,17,E09000025,3,112,Dual carriageway,30,Giveway or uncontrolled,3,112,None within 50 metres,No physical crossing within 50 meters,Daylight: Street light present,Fine without high winds,Dry,None,None,1,Yes,E01003515,2005
9394,200501KF60902,542770.0,185930.0,0.057939,51.554143,1,3,2,1,13/12/2005,3,16:50,17,E09000025,3,118,Single carriageway,30,None,-1,0,None within 50 metres,No physical crossing within 50 meters,Darkness: Street lights present and lit,Fine without high winds,Dry,None,None,1,Yes,E01003576,2005
9395,200501KF60903,541130.0,183300.0,0.033245,51.530923,1,3,2,1,14/11/2005,2,12:55,17,E09000025,6,0,Single carriageway,30,Giveway or uncontrolled,6,0,None within 50 metres,No physical crossing within 50 meters,Daylight: Street light present,Fine without high winds,Dry,None,None,1,Yes,E01003599,2005
9396,200501KF60904,542950.0,186030.0,0.060574,51.554996,1,3,4,2,05/12/2005,2,19:45,17,E09000025,3,118,Single carriageway,30,Giveway or uncontrolled,6,0,None within 50 metres,No physical crossing within 50 meters,Darkness: Street lights present and lit,Fine without high winds,Dry,None,None,1,Yes,E01003576,2005
9397,200501KF60905,543210.0,186140.0,0.064367,51.555919,1,3,2,1,24/12/2005,7,11:48,17,E09000025,3,118,Slip road,30,Giveway or uncontrolled,6,0,None within 50 metres,No physical crossing within 50 meters,Daylight: Street light present,Fine without high winds,Dry,None,None,1,Yes,E01003577,2005
9398,200501KF69001,539210.0,184500.0,0.006057,51.542182,1,2,1,1,17/12/2005,7,21:09,17,E09000025,3,118,Single carriageway,30,Giveway or uncontrolled,6,0,None within 50 metres,No physical crossing within 50 meters,Darkness: Street lights present and lit,Fine without high winds,Dry,None,None,1,Yes,E01003618,2005
9399,200501KF69008,540590.0,184690.0,0.02602,51.543548,1,3,1,1,11/12/2005,1,22:12,17,E09000025,3,114,Single carriageway,30,Giveway or uncontrolled,6,0,None within 50 metres,No physical crossing within 50 meters,Darkness: Street lights present and lit,Fine without high winds,Wet/Damp,None,None,1,Yes,E01003558,2005
9400,200501KF69009,539790.0,181630.0,0.013277,51.516249,1,3,2,1,16/12/2005,6,07:10,17,E09000025,3,13,Dual carriageway,40,None,-1,0,None within 50 metres,No physical crossing within 50 meters,Darkness: Street lights present and lit,Fine with high winds,Dry,None,None,1,Yes,E01003510,2005
9401,200501KF69010,542070.0,185470.0,0.047663,51.550186,1,3,1,1,19/12/2005,2,12:00,17,E09000025,3,117,Single carriageway,30,None,-1,0,None within 50 metres,Pedestrian phase at traffic signal junction,Daylight: Street light present,Fine without high winds,Dry,None,None,1,Yes,E01003591,2005
9402,200501KF69013,543630.0,181140.0,0.068383,51.510883,1,3,2,1,24/09/2005,7,12:01,17,E09000025,6,0,Roundabout,30,Giveway or uncontrolled,3,117,None within 50 metres,No physical crossing within 50 meters,Daylight: Street light present,Fine without high winds,Dry,None,None,1,No,E01003480,2005
9403,200501KF69024,542860.0,182370.0,0.057792,51.522131,1,3,1,1,16/12/2005,6,14:20,17,E09000025,3,117,Single carriageway,30,Giveway or uncontrolled,6,0,None within 50 metres,Zebra crossing,Daylight: Street light present,Unknown,Dry,None,None,1,Yes,E01003540,2005
9404,200501KF69039,539110.0,185110.0,0.004857,51.547688,1,3,2,1,21/10/2005,6,17:10,17,E09000025,6,0,Single carriageway,30,Giveway or uncontrolled,6,0,None within 50 metres,No physical crossing within 50 meters,Darkness: Street lights present and lit,Fine without high winds,Dry,None,None,1,No,E01003616,2005
9405,200501KF69063,543910.0,182330.0,0.0729,51.521505,1,3,3,2,19/11/2005,7,14:30,17,E09000025,3,406,Single carriageway,40,None,-1,0,None within 50 metres,No physical crossing within 50 meters,Daylight: Street light present,Fine without high winds,Dry,None,None,1,Yes,E01003482,2005
9406,200501KF69064,542430.0,185740.0,0.052961,51.552522,1,2,1,1,13/12/2005,3,15:45,17,E09000025,3,118,Single carriageway,30,Giveway or uncontrolled,6,0,None within 50 metres,No physical crossing within 50 meters,Daylight: Street light present,Fine without high winds,Dry,None,None,1,Yes,E01003578,2005
9407,200501KF69074,542190.0,182390.0,0.04815,51.52248,1,3,2,2,11/12/2005,1,23:30,17,E09000025,5,0,Single carriageway,30,Giveway or uncontrolled,6,0,None within 50 metres,No physical crossing within 50 meters,Darkness: Street lights present and lit,Fine without high winds,Dry,None,None,1,No,E01003541,2005
9408,200501KF69083,538840.0,184590.0,0.000761,51.543082,1,3,2,1,05/12/2005,2,17:40,17,E09000025,3,112,Single carriageway,30,Automatic traffic signal,3,11,None within 50 metres,No physical crossing within 50 meters,Darkness: Street lights present and lit,Fine without high winds,Dry,None,None,1,Yes,E01003617,2005
9409,200501KG70002,550890.0,186960.0,0.175417,51.561286,1,3,1,1,01/01/2005,7,12:35,16,E09000002,6,0,Single carriageway,30,Giveway or uncontrolled,6,0,None within 50 metres,No physical crossing within 50 meters,Daylight: Street light present,Fine without high winds,Dry,None,None,1,Yes,E01000037,2005
9410,200501KG70003,548480.0,190510.0,0.142175,51.593823,1,3,2,5,02/01/2005,1,20:35,16,E09000002,3,1112,Single carriageway,30,None,-1,0,None within 50 metres,No physical crossing within 50 meters,Darkness: Street lights present and lit,Fine without high winds,Dry,None,None,2,Yes,E01000027,2005
9411,200501KG70004,546620.0,184580.0,0.11287,51.541026,1,3,2,1,03/01/2005,2,12:45,16,E09000002,3,1153,Single carriageway,30,Automatic traffic signal,5,0,None within 50 metres,Pedestrian phase at traffic signal junction,Daylight: Street light present,Fine without high winds,Dry,None,None,1,Yes,E01000072,2005
9412,200501KG70005,549910.0,185840.0,0.160813,51.551484,1,3,2,2,02/01/2005,1,10:10,16,E09000002,3,1112,Single carriageway,30,Automatic traffic signal,3,1112,None within 50 metres,Pedestrian phase at traffic signal junction,Daylight: Street light present,Fine without high winds,Dry,Auto traffic singal out,None,1,Yes,E01000035,2005
9413,200501KG70006,543610.0,184040.0,0.069276,51.536947,1,3,2,2,07/01/2005,6,16:45,16,E09000002,3,124,Single carriageway,30,Giveway or uncontrolled,3,406,None within 50 metres,No physical crossing within 50 meters,Darkness: Street lights present and lit,Fine without high winds,Dry,None,None,1,Yes,E01000008,2005
9414,200501KG70007,543510.0,182500.0,0.067208,51.523135,1,3,2,1,06/01/2005,5,07:48,17,E09000025,3,13,Dual carriageway,50,None,-1,0,None within 50 metres,No physical crossing within 50 meters,Daylight: Street light present,Fine without high winds,Dry,None,None,1,Yes,E01003482,2005
9415,200501KG70008,547750.0,186570.0,0.129988,51.558613,1,3,2,3,03/01/2005,2,20:55,16,E09000002,5,0,Single carriageway,30,Automatic traffic signal,5,0,None within 50 metres,Pedestrian phase at traffic signal junction,Darkness: Street lights present and lit,Fine without high winds,Dry,Auto traffic singal out,None,1,Yes,E01000102,2005
9416,200501KG70010,547510.0,189720.0,0.12785,51.586979,1,3,2,1,13/01/2005,5,13:16,14,E09000026,5,0,Single carriageway,30,Giveway or uncontrolled,6,0,None within 50 metres,No physical crossing within 50 meters,Daylight: Street light present,Fine without high winds,Dry,None,None,1,Yes,E01003640,2005
9417,200501KG70011,547590.0,186880.0,0.127812,51.56144,1,3,2,1,13/01/2005,5,09:00,16,E09000002,3,1083,Single carriageway,30,None,-1,0,None within 50 metres,No physical crossing within 50 meters,Daylight: Street light present,Fine without high winds,Dry,None,None,1,Yes,E01000097,2005
9418,200501KG70012,546660.0,185760.0,0.113938,51.551619,1,3,2,1,15/01/2005,7,12:45,16,E09000002,3,124,Roundabout,30,Giveway or uncontrolled,3,124,None within 50 metres,No physical crossing within 50 meters,Daylight: Street light present,Fine without high winds,Dry,None,None,1,Yes,E01000023,2005
9419,200501KG70013,547520.0,184980.0,0.126006,51.544386,1,3,1,1,11/01/2005,3,12:47,16,E09000002,5,0,Single carriageway,30,None,-1,0,None within 50 metres,No physical crossing within 50 meters,Daylight: Street light present,Fine without high winds,Dry,None,None,1,Yes,E01000075,2005
9420,200501KG70014,548020.0,187840.0,0.134414,51.569953,1,3,1,1,07/01/2005,6,20:45,16,E09000002,6,0,Single carriageway,30,Giveway or uncontrolled,6,0,None within 50 metres,No physical crossing within 50 meters,Darkness: Street lights present and lit,Fine without high winds,Dry,None,None,1,Yes,E01000113,2005
9421,200501KG70015,544010.0,183710.0,0.074905,51.53388,1,3,2,1,11/01/2005,3,18:48,16,E09000002,3,123,Single carriageway,30,Giveway or uncontrolled,6,0,None within 50 metres,non-junction pedestrian crossing,Darkness: Street lights present and lit,Raining without high winds,Wet/Damp,None,None,1,Yes,E01000047,2005
9422,200501KG70016,547130.0,183900.0,0.119935,51.534783,1,3,2,1,16/01/2005,1,10:28,16,E09000002,6,0,Single carriageway,30,None,-1,0,None within 50 metres,No physical crossing within 50 meters,Daylight: Street light present,Fine without high winds,Dry,None,None,1,Yes,E01000046,2005
9423,200501KG70022,548570.0,187970.0,0.142399,51.570977,1,2,2,1,18/01/2005,3,21:30,16,E09000002,3,1112,Slip road,30,None,-1,0,None within 50 metres,No physical crossing within 50 meters,Darkness: Street lights present and lit,Fine without high winds,Wet/Damp,None,None,1,Yes,E01000112,2005
9424,200501KG70023,546960.0,184110.0,0.117573,51.536715,1,3,2,1,19/01/2005,4,17:04,16,E09000002,6,0,Single carriageway,30,None,-1,0,None within 50 metres,No physical crossing within 50 meters,Darkness: Street lights present and lit,Fine without high winds,Dry,None,None,1,Yes,E01000041,2005
9425,200501KG70024,548330.0,183830.0,0.137194,51.533841,1,2,2,1,19/01/2005,4,14:55,16,E09000002,6,0,Single carriageway,30,Giveway or uncontrolled,6,0,None within 50 metres,No physical crossing within 50 meters,Daylight: Street light present,Fine without high winds,Dry,None,None,1,Yes,E01000056,2005
9426,200501KG70025,550120.0,185950.0,0.163886,51.552416,1,2,1,1,17/01/2005,2,15:03,16,E09000002,5,0,Single carriageway,30,Automatic traffic signal,6,0,None within 50 metres,Pedestrian phase at traffic signal junction,Daylight: Street light present,Raining without high winds,Wet/Damp,None,None,1,Yes,E01000035,2005
9427,200501KG70027,546800.0,184720.0,0.115522,51.542237,1,3,2,1,16/01/2005,1,19:15,16,E09000002,3,1153,Single carriageway,30,None,-1,0,None within 50 metres,No physical crossing within 50 meters,Darkness: Street lights present and lit,Fine without high winds,Dry,None,None,1,Yes,E01000072,2005
9428,200501KG70028,549000.0,182890.0,0.14645,51.525218,1,3,1,1,20/01/2005,5,11:39,16,E09000002,3,13,One way street,40,Automatic traffic signal,6,0,None within 50 metres,No physical crossing within 50 meters,Daylight: Street light present,Fine without high winds,Dry,None,None,1,Yes,E01000095,2005
9429,200501KG70029,546710.0,185810.0,0.114679,51.552055,1,3,3,1,24/01/2005,2,18:10,16,E09000002,5,0,Single carriageway,30,None,-1,0,None within 50 metres,No physical crossing within 50 meters,Darkness: Street lights present and lit,Fine without high winds,Dry,None,None,1,Yes,E01000021,2005
9430,200501KG70030,549060.0,184550.0,0.148016,51.540118,1,3,2,1,19/01/2005,4,10:38,16,E09000002,3,1240,Dual carriageway,30,Automatic traffic signal,5,0,None within 50 metres,Pedestrian phase at traffic signal junction,Daylight: Street light present,Fine without high winds,Dry,None,None,1,Yes,E01000084,2005
9431,200501KG70031,543950.0,184110.0,0.074204,51.53749,1,3,1,2,19/01/2005,4,15:25,16,E09000002,6,0,Single carriageway,30,None,-1,0,None within 50 metres,No physical crossing within 50 meters,Daylight: Street light present,Fine without high winds,Dry,None,None,1,Yes,E01000010,2005
9432,200501KG70032,543850.0,182930.0,0.072281,51.526912,1,3,3,2,29/01/2005,7,21:00,17,E09000025,3,406,Dual carriageway,50,None,-1,0,None within 50 metres,No physical crossing within 50 meters,Darkness: Street lights present and lit,Fine without high winds,Dry,None,None,1,Yes,E01003535,2005
9433,200501KG70033,539890.0,191630.0,0.018694,51.606084,1,3,2,1,12/01/2005,4,18:25,14,E09000026,3,104,Roundabout,30,Giveway or uncontrolled,3,104,None within 50 metres,No physical crossing within 50 meters,Darkness: Street lights present and lit,Fine without high winds,Dry,None,None,1,No,E01003750,2005
9434,200501KG70034,543850.0,183320.0,0.07244,51.530416,1,3,3,1,12/01/2005,4,17:30,17,E09000025,3,406,Dual carriageway,50,None,-1,0,None within 50 metres,No physical crossing within 50 meters,Darkness: Street lights present and lit,Fine without high winds,Dry,None,None,1,No,E01003535,2005
9435,200501KG70035,549500.0,185890.0,0.154925,51.552042,1,3,2,1,14/01/2005,6,17:30,16,E09000002,6,0,Single carriageway,30,Giveway or uncontrolled,6,0,None within 50 metres,No physical crossing within 50 meters,Darkness: Street lights present and lit,Fine without high winds,Dry,None,None,1,No,E01000064,2005
9436,200501KG70036,547640.0,185780.0,0.128071,51.551543,1,3,2,1,17/01/2005,2,09:30,16,E09000002,3,124,Single carriageway,30,None,-1,0,None within 50 metres,No physical crossing within 50 meters,Daylight: Street light present,Raining with high winds,Wet/Damp,None,None,1,No,E01000077,2005
9437,200501KG70037,547720.0,183580.0,0.128301,51.531754,1,3,3,1,21/01/2005,6,17:15,16,E09000002,3,13,Dual carriageway,40,None,-1,0,None within 50 metres,No physical crossing within 50 meters,Darkness: Street lights present and lit,Fine without high winds,Dry,None,None,1,No,E01000095,2005
9438,200501KG70038,547720.0,186900.0,0.129694,51.561586,1,3,2,3,21/01/2005,6,19:20,16,E09000002,3,1083,Single carriageway,30,Automatic traffic signal,5,0,None within 50 metres,Pedestrian phase at traffic signal junction,Darkness: Street lights present and lit,Fine without high winds,Dry,None,None,1,No,E01000099,2005
9439,200501KG70040,548500.0,189070.0,0.141855,51.580879,1,3,2,1,01/02/2005,3,01:10,16,E09000002,3,12,Dual carriageway,30,Automatic traffic signal,3,1112,None within 50 metres,Pedestrian phase at traffic signal junction,Darkness: Street lights present and lit,Fine without high winds,Wet/Damp,None,None,1,Yes,E01000031,2005
9440,200501KG70042,543920.0,182870.0,0.073265,51.526355,1,3,2,1,25/01/2005,3,19:51,17,E09000025,3,406,Dual carriageway,40,Giveway or uncontrolled,3,13,None within 50 metres,No physical crossing within 50 meters,Darkness: Street lights present and lit,Fine without high winds,Wet/Damp,None,None,1,Yes,E01003535,2005
9441,200501KG70043,548020.0,183550.0,0.13261,51.531406,1,3,2,1,26/01/2005,4,19:20,16,E09000002,3,13,Single carriageway,30,Automatic traffic signal,3,13,None within 50 metres,No physical crossing within 50 meters,Darkness: Street lights present and lit,Fine without high winds,Wet/Damp,None,None,1,Yes,E01000095,2005
9442,200501KG70044,544750.0,183760.0,0.085587,51.53414,1,3,1,1,25/01/2005,3,08:28,16,E09000002,3,123,Single carriageway,30,None,-1,0,None within 50 metres,Zebra crossing,Daylight: Street light present,Fine without high winds,Dry,None,None,1,Yes,E01000050,2005
9443,200501KG70045,547690.0,185790.0,0.128796,51.55162,1,3,2,1,15/01/2005,7,15:20,16,E09000002,3,124,Single carriageway,30,Automatic traffic signal,6,0,None within 50 metres,No physical crossing within 50 meters,Daylight: Street light present,Fine without high winds,Dry,None,None,1,Yes,E01000083,2005
9444,200501KG70047,547720.0,187220.0,0.129828,51.564461,1,3,2,1,30/01/2005,1,13:00,16,E09000002,5,0,Dual carriageway,30,Giveway or uncontrolled,6,0,None within 50 metres,No physical crossing within 50 meters,Daylight: Street light present,Fine without high winds,Dry,None,None,1,Yes,E01000097,2005
9445,200501KG70048,544630.0,184550.0,0.084182,51.54127,1,3,2,1,24/01/2005,2,17:17,16,E09000002,3,124,Single carriageway,30,Giveway or uncontrolled,6,0,None within 50 metres,No physical crossing within 50 meters,Darkness: Street lights present and lit,Fine without high winds,Dry,None,None,1,Yes,E01000009,2005
9446,200501KG70049,546340.0,183660.0,0.108453,51.532832,1,3,2,1,16/01/2005,1,17:55,16,E09000002,3,13,Roundabout,30,Giveway or uncontrolled,3,123,None within 50 metres,No physical crossing within 50 meters,Darkness: Street lights present and lit,Fine without high winds,Dry,None,None,1,No,E01000045,2005
9447,200501KG70051,549040.0,186890.0,0.148719,51.561149,1,3,2,1,17/01/2005,2,09:05,16,E09000002,3,124,Single carriageway,30,None,-1,0,None within 50 metres,Pedestrian phase at traffic signal junction,Daylight: Street light present,Fine without high winds,Dry,None,None,1,No,E01000114,2005
9448,200501KG70053,542950.0,182170.0,0.059008,51.520311,1,3,2,1,03/02/2005,5,06:20,17,E09000025,3,13,Dual carriageway,30,Automatic traffic signal,3,117,None within 50 metres,Pedestrian phase at traffic signal junction,Darkness: Street lights present and lit,Fine without high winds,Dry,None,None,1,Yes,E01003482,2005
9449,200501KG70054,548610.0,183330.0,0.141017,51.529274,1,3,2,2,21/01/2005,6,21:55,16,E09000002,3,13,Dual carriageway,70,None,-1,0,None within 50 metres,No physical crossing within 50 meters,Darkness: Street lights present and lit,Fine without high winds,Dry,None,None,1,Yes,E01000095,2005
9450,200501KG70055,550730.0,182260.0,0.171099,51.519099,1,3,2,1,31/01/2005,2,15:38,15,E09000016,3,13,Unknown,70,None,-1,0,None within 50 metres,No physical crossing within 50 meters,Daylight: Street light present,Fine without high winds,Dry,None,None,2,Yes,E01002370,2005
9451,200501KG70056,549060.0,183450.0,0.147551,51.530234,1,3,1,1,19/01/2005,4,23:02,16,E09000002,5,0,Single carriageway,30,Giveway or uncontrolled,6,0,None within 50 metres,No physical crossing within 50 meters,Darkness: Street lights present and lit,Fine without high winds,Wet/Damp,None,None,1,Yes,E01000095,2005
9452,200501KG70057,548390.0,186880.0,0.139344,51.56123,1,3,2,2,02/02/2005,4,20:00,16,E09000002,3,1083,Single carriageway,30,Giveway or uncontrolled,6,0,None within 50 metres,Zebra crossing,Darkness: Street lights present and lit,Fine without high winds,Dry,None,None,1,Yes,E01000100,2005
9453,200501KG70058,547700.0,187220.0,0.12954,51.564466,1,3,2,2,01/02/2005,3,07:20,16,E09000002,5,0,Dual carriageway,30,Giveway or uncontrolled,6,0,None within 50 metres,No physical crossing within 50 meters,Daylight: Street light present,Fine without high winds,Dry,None,None,1,Yes,E01000097,2005
9454,200501KG70059,546990.0,183610.0,0.117797,51.532214,1,3,2,1,01/02/2005,3,11:30,16,E09000002,3,13,Dual carriageway,30,Automatic traffic signal,5,0,None within 50 metres,Pedestrian phase at traffic signal junction,Daylight: Street light present,Fine without high winds,Dry,None,None,1,Yes,E01000096,2005
9455,200501KG70060,545520.0,184610.0,0.097032,51.54158,1,2,2,1,27/01/2005,5,14:50,16,E09000002,5,0,Single carriageway,30,Giveway or uncontrolled,6,0,None within 50 metres,No physical crossing within 50 meters,Daylight: Street light present,Fine without high winds,Dry,None,None,1,Yes,E01000070,2005
9456,200501KG70061,549600.0,185770.0,0.156315,51.550937,1,3,3,2,22/02/2005,3,09:50,16,E09000002,5,0,Single carriageway,30,Giveway or uncontrolled,6,0,None within 50 metres,No physical crossing within 50 meters,Daylight: Street light present,Snowing without high winds,Wet/Damp,None,None,1,Yes,E01000016,2005
9457,200501KG70063,549080.0,183860.0,0.148012,51.533913,1,3,1,1,04/02/2005,6,17:50,16,E09000002,3,1240,Single carriageway,30,None,-1,0,None within 50 metres,No physical crossing within 50 meters,Darkness: Street lights present and lit,Fine without high winds,Dry,None,None,1,Yes,E01000053,2005
9458,200501KG70064,548510.0,188100.0,0.141589,51.572161,1,3,2,1,07/02/2005,2,09:15,16,E09000002,3,118,Single carriageway,30,Automatic traffic signal,3,1112,None within 50 metres,Pedestrian phase at traffic signal junction,Daylight: Street light present,Fine without high winds,Dry,None,None,1,Yes,E01000112,2005
9459,200501KG70065,550280.0,184920.0,0.165753,51.543119,1,3,3,2,12/02/2005,7,11:00,16,E09000002,3,1112,Single carriageway,30,Giveway or uncontrolled,6,0,None within 50 metres,Zebra crossing,Daylight: Street light present,Fine without high winds,Dry,Roadworks,None,1,Yes,E01000108,2005
9460,200501KG70066,546550.0,183660.0,0.111479,51.532778,1,3,2,1,25/01/2005,3,22:42,16,E09000002,3,13,Dual carriageway,30,None,-1,0,None within 50 metres,No physical crossing within 50 meters,Darkness: Street lights present and lit,Fine with high winds,Dry,None,None,1,Yes,E01000045,2005
9461,200501KG70067,544470.0,183960.0,0.081635,51.536009,1,3,3,1,31/01/2005,2,18:20,16,E09000002,3,124,Single carriageway,30,None,-1,0,None within 50 metres,No physical crossing within 50 meters,Darkness: Street lights present and lit,Fine without high winds,Dry,None,None,1,Yes,E01000010,2005
9462,200501KG70068,547920.0,189840.0,0.133814,51.58795,1,3,3,1,20/02/2005,1,20:45,16,E09000002,6,0,Single carriageway,30,Giveway or uncontrolled,6,0,None within 50 metres,No physical crossing within 50 meters,Darkness: Street lighting unknown,Other,Frost/Ice,None,None,2,Yes,E01000027,2005
9463,200501KG70069,549120.0,186910.0,0.14988,51.561307,1,3,2,1,07/02/2005,2,14:50,16,E09000002,3,124,Single carriageway,30,Giveway or uncontrolled,6,0,None within 50 metres,No physical crossing within 50 meters,Daylight: Street light present,Fine without high winds,Dry,None,None,1,Yes,E01000114,2005
9464,200501KG70070,547500.0,186540.0,0.126372,51.558408,1,3,1,1,09/02/2005,4,15:43,16,E09000002,5,0,Single carriageway,30,Giveway or uncontrolled,4,191,None within 50 metres,No physical crossing within 50 meters,Daylight: Street light present,Fine without high winds,Dry,None,None,1,Yes,E01000020,2005
9465,200501KG70071,546340.0,183670.0,0.108457,51.532922,1,3,2,1,14/02/2005,2,07:10,16,E09000002,3,13,Roundabout,40,Giveway or uncontrolled,3,123,None within 50 metres,No physical crossing within 50 meters,Daylight: Street light present,Fine without high winds,Dry,None,None,1,Yes,E01000045,2005
9466,200501KG70074,548440.0,188750.0,0.140854,51.578019,1,3,2,1,18/02/2005,6,07:35,16,E09000002,3,1112,Single carriageway,30,Giveway or uncontrolled,6,0,None within 50 metres,No physical crossing within 50 meters,Daylight: Street light present,Fine without high winds,Wet/Damp,None,None,1,Yes,E01000031,2005
9467,200501KG70076,546420.0,183710.0,0.109626,51.533261,1,3,1,1,17/02/2005,5,22:40,16,E09000002,3,1153,Dual carriageway,40,Giveway or uncontrolled,3,13,None within 50 metres,No physical crossing within 50 meters,Darkness: Street lights present and lit,Raining without high winds,Wet/Damp,None,None,1,Yes,E01000045,2005
9468,200501KG70077,544890.0,183790.0,0.087616,51.534374,1,3,2,2,16/01/2005,1,11:13,16,E09000002,5,0,Dual carriageway,30,Giveway or uncontrolled,3,123,None within 50 metres,No physical crossing within 50 meters,Daylight: Street light present,Fine without high winds,Dry,None,None,1,Yes,E01000050,2005
9469,200501KG70078,545560.0,182360.0,0.096679,51.521352,1,3,2,1,02/02/2005,4,12:58,16,E09000002,5,0,Single carriageway,30,Giveway or uncontrolled,6,0,None within 50 metres,No physical crossing within 50 meters,Daylight: Street light present,Fine without high winds,Dry,None,None,1,Yes,E01000092,2005
9470,200501KG70079,546500.0,185770.0,0.111636,51.55175,1,3,1,1,13/02/2005,1,05:10,16,E09000002,3,124,Single carriageway,30,None,-1,0,None within 50 metres,No physical crossing within 50 meters,Darkness: Street lights present and lit,Raining without high winds,Wet/Damp,None,None,1,Yes,E01000023,2005
9471,200501KG70080,545920.0,183950.0,0.102522,51.535547,1,3,3,1,06/02/2005,1,10:50,16,E09000002,3,123,Single carriageway,30,Automatic traffic signal,3,123,None within 50 metres,No physical crossing within 50 meters,Daylight: Street light present,Fine without high winds,Wet/Damp,None,None,1,Yes,E01000043,2005
9472,200501KG70081,546160.0,185720.0,0.106715,51.551389,1,3,2,1,26/02/2005,7,17:40,16,E09000002,3,124,Single carriageway,30,Giveway or uncontrolled,6,0,None within 50 metres,No physical crossing within 50 meters,Daylight: Street light present,Fine without high winds,Wet/Damp,None,None,1,Yes,E01003738,2005
9473,200501KG70082,549540.0,186980.0,0.155965,51.561825,1,3,2,1,07/02/2005,2,13:35,16,E09000002,3,124,Single carriageway,30,Giveway or uncontrolled,6,0,None within 50 metres,No physical crossing within 50 meters,Daylight: Street light present,Fine without high winds,Dry,None,None,1,Yes,E01000061,2005
9474,200501KG70083,543930.0,184400.0,0.074034,51.540101,1,3,1,1,19/02/2005,7,15:21,16,E09000002,3,124,Single carriageway,30,None,-1,0,None within 50 metres,No physical crossing within 50 meters,Daylight: Street light present,Fine without high winds,Dry,None,None,1,Yes,E01000007,2005
9475,200501KG70084,547650.0,183560.0,0.127284,51.531593,1,3,2,1,10/02/2005,5,10:20,16,E09000002,3,13,Dual carriageway,30,Giveway or uncontrolled,5,0,None within 50 metres,No physical crossing within 50 meters,Daylight: Street light present,Raining without high winds,Wet/Damp,None,None,1,Yes,E01000095,2005
9476,200501KG70085,544200.0,184810.0,0.078092,51.543716,1,3,2,1,11/02/2005,6,14:35,16,E09000002,3,123,Single carriageway,30,Giveway or uncontrolled,6,0,None within 50 metres,Zebra crossing,Daylight: Street light present,Fine without high winds,Wet/Damp,None,None,1,Yes,E01000012,2005
9477,200501KG70086,546990.0,183610.0,0.117797,51.532214,1,3,2,1,13/02/2005,1,21:38,16,E09000002,3,13,Dual carriageway,30,Automatic traffic signal,5,0,None within 50 metres,Pedestrian phase at traffic signal junction,Darkness: Street lights present and lit,Fine without high winds,Wet/Damp,None,None,1,Yes,E01000096,2005
9478,200501KG70087,544850.0,183330.0,0.086851,51.530251,1,3,1,1,21/02/2005,2,19:30,16,E09000002,6,0,Single carriageway,30,None,-1,0,None within 50 metres,No physical crossing within 50 meters,Daylight: Street light present,Raining without high winds,Wet/Damp,None,None,1,Yes,E01000049,2005
9479,200501KG70088,546880.0,185430.0,0.116971,51.548596,1,3,2,2,03/03/2005,5,07:59,16,E09000002,6,0,Single carriageway,30,None,-1,0,None within 50 metres,No physical crossing within 50 meters,Daylight: Street light present,Fine without high winds,Dry,None,None,1,Yes,E01000025,2005
9480,200501KG70089,546030.0,185560.0,0.104775,51.549985,1,3,2,2,22/02/2005,3,14:10,16,E09000002,3,124,Single carriageway,30,Giveway or uncontrolled,6,0,None within 50 metres,No physical crossing within 50 meters,Daylight: Street light present,Snowing without high winds,Wet/Damp,None,None,1,Yes,E01003738,2005
9481,200501KG70091,545140.0,183550.0,0.091119,51.532153,1,3,2,1,28/02/2005,2,08:24,16,E09000002,5,0,Single carriageway,30,Giveway or uncontrolled,6,0,None within 50 metres,No physical crossing within 50 meters,Daylight: Street light present,Fine without high winds,Dry,None,None,1,Yes,E01000049,2005
9482,200501KG70092,545640.0,182140.0,0.09774,51.519355,1,3,2,2,27/02/2005,1,08:30,16,E09000002,5,0,Single carriageway,30,None,-1,0,None within 50 metres,No physical crossing within 50 meters,Daylight: Street light present,Fine without high winds,Dry,None,None,1,Yes,E01000092,2005
9483,200501KG70093,548330.0,183920.0,0.137232,51.534649,1,3,2,1,25/02/2005,6,17:53,16,E09000002,6,0,Single carriageway,30,None,-1,0,None within 50 metres,No physical crossing within 50 meters,Darkness: Street lights present and lit,Fine without high winds,Dry,None,None,1,Yes,E01000056,2005
9484,200501KG70094,548250.0,184660.0,0.136391,51.54132,1,3,1,1,28/02/2005,2,09:30,16,E09000002,6,0,Single carriageway,30,Giveway or uncontrolled,6,0,None within 50 metres,No physical crossing within 50 meters,Daylight: Street light present,Fine without high winds,Dry,None,None,1,Yes,E01000014,2005
9485,200501KG70095,543850.0,182830.0,0.07224,51.526013,1,3,2,1,04/03/2005,6,22:22,17,E09000025,3,13,Dual carriageway,50,Giveway or uncontrolled,3,406,None within 50 metres,No physical crossing within 50 meters,Darkness: Street lights present and lit,Fine without high winds,Dry,None,None,1,Yes,E01003535,2005
9486,200501KG70096,543580.0,183950.0,0.068807,51.536146,1,3,2,1,04/03/2005,6,20:19,16,E09000002,3,124,Roundabout,30,Giveway or uncontrolled,3,406,None within 50 metres,No physical crossing within 50 meters,Darkness: Street lights present and lit,Fine without high winds,Dry,None,None,1,Yes,E01003622,2005
9487,200501KG70097,544510.0,184490.0,0.082428,51.540761,1,3,6,2,09/02/2005,4,08:39,16,E09000002,3,124,Roundabout,30,Giveway or uncontrolled,3,124,None within 50 metres,Pedestrian phase at traffic signal junction,Daylight: Street light present,Fine without high winds,Dry,None,None,1,Yes,E01000007,2005
9488,200501KG70098,548530.0,188080.0,0.141869,51.571976,1,3,2,1,09/03/2005,4,12:10,16,E09000002,3,118,Dual carriageway,30,Automatic traffic signal,3,1112,None within 50 metres,Pedestrian phase at traffic signal junction,Daylight: Street light present,Fine without high winds,Dry,None,None,1,Yes,E01000112,2005
9489,200501KG70100,547620.0,184650.0,0.127309,51.541395,1,3,2,4,09/03/2005,4,09:20,16,E09000002,5,0,Single carriageway,30,Giveway or uncontrolled,6,0,None within 50 metres,No physical crossing within 50 meters,Daylight: Street light present,Fine without high winds,Dry,None,None,1,Yes,E01000075,2005
9490,200501KG70103,549460.0,185800.0,0.15431,51.551244,1,3,2,1,03/03/2005,5,14:40,16,E09000002,5,0,Single carriageway,30,None,-1,0,None within 50 metres,Zebra crossing,Daylight: Street light present,Fine without high winds,Dry,None,None,1,No,E01000064,2005
9491,200501KG70112,546910.0,186090.0,0.117679,51.554519,1,3,2,1,14/03/2005,2,08:54,16,E09000002,5,0,Single carriageway,30,Giveway or uncontrolled,6,0,None within 50 metres,No physical crossing within 50 meters,Daylight: Street light present,Fine without high winds,Dry,None,None,1,Yes,E01000021,2005
9492,200501KG70113,545920.0,185490.0,0.10316,51.549384,1,3,1,1,15/03/2005,3,23:04,16,E09000002,3,124,Single carriageway,30,Giveway or uncontrolled,6,0,None within 50 metres,No physical crossing within 50 meters,Darkness: Street lights present and lit,Fine without high winds,Dry,None,None,1,Yes,E01000067,2005
9493,200501KG70115,548400.0,186630.0,0.139383,51.558981,1,3,2,2,17/03/2005,5,19:28,16,E09000002,5,0,Single carriageway,30,Giveway or uncontrolled,6,0,None within 50 metres,No physical crossing within 50 meters,Daylight: Street light present,Fine without high winds,Dry,None,None,1,Yes,E01000100,2005
9494,200501KG70116,547960.0,189770.0,0.134362,51.587311,1,3,2,1,09/01/2005,1,11:45,16,E09000002,6,0,Single carriageway,30,None,-1,0,None within 50 metres,No physical crossing within 50 meters,Daylight: Street light present,Fine without high winds,Dry,None,None,1,No,E01000027,2005
9495,200501KG70117,548430.0,188730.0,0.140702,51.577842,1,3,2,1,22/01/2005,7,13:20,16,E09000002,3,1112,Single carriageway,30,Giveway or uncontrolled,6,0,None within 50 metres,No physical crossing within 50 meters,Daylight: Street light present,Fine without high winds,Dry,None,None,1,No,E01000031,2005
9496,200501KG70118,543560.0,183950.0,0.068519,51.536151,1,3,2,1,07/03/2005,2,07:40,16,E09000002,3,124,Roundabout,30,Giveway or uncontrolled,3,406,None within 50 metres,No physical crossing within 50 meters,Daylight: Street light present,Fine without high winds,Dry,None,None,1,No,E01003622,2005
9497,200501KG70119,547790.0,185790.0,0.130237,51.551594,1,3,1,1,10/03/2005,5,14:40,16,E09000002,3,1153,Single carriageway,30,Automatic traffic signal,3,124,None within 50 metres,No physical crossing within 50 meters,Daylight: Street light present,Fine without high winds,Dry,None,None,1,No,E01000077,2005
9498,200501KG70120,549910.0,185840.0,0.160813,51.551484,1,3,2,1,14/03/2005,2,15:30,16,E09000002,3,1112,Dual carriageway,30,Giveway or uncontrolled,3,1112,None within 50 metres,No physical crossing within 50 meters,Daylight: Street light present,Fine without high winds,Dry,None,None,1,No,E01000035,2005
9499,200501KG70121,549320.0,183490.0,0.151313,51.530525,1,3,1,1,14/03/2005,2,09:16,16,E09000002,6,0,Single carriageway,30,Giveway or uncontrolled,3,1306,None within 50 metres,No physical crossing within 50 meters,Daylight: Street light present,Fine without high winds,Dry,Roadworks,None,1,No,E01000087,2005
9500,200501KG70123,543540.0,184080.0,0.068284,51.537324,1,3,2,1,18/03/2005,6,09:38,17,E09000025,3,406,Dual carriageway,50,None,-1,0,None within 50 metres,No physical crossing within 50 meters,Daylight: Street light present,Fine without high winds,Dry,None,None,1,Yes,E01003622,2005
9501,200501KG70124,543920.0,182880.0,0.073269,51.526445,1,3,2,1,11/03/2005,6,18:56,17,E09000025,3,406,Dual carriageway,40,None,-1,0,None within 50 metres,No physical crossing within 50 meters,Darkness: Street lights present and lit,Fine without high winds,Dry,None,None,1,Yes,E01003535,2005
9502,200501KG70125,543550.0,184070.0,0.068424,51.537232,1,3,2,1,04/03/2005,6,20:33,17,E09000025,3,406,Dual carriageway,50,None,-1,0,None within 50 metres,No physical crossing within 50 meters,Darkness: Street lights present and lit,Raining without high winds,Wet/Damp,None,None,1,Yes,E01003622,2005
9503,200501KG70126,548850.0,187200.0,0.146111,51.563984,1,3,2,1,28/03/2005,2,19:20,16,E09000002,6,0,Single carriageway,30,Giveway or uncontrolled,3,1112,None within 50 metres,No physical crossing within 50 meters,Daylight: Street light present,Fine without high winds,Dry,None,None,1,No,E01000114,2005
9504,200501KG70127,549440.0,184860.0,0.153623,51.542803,1,3,1,1,25/03/2005,6,02:31,16,E09000002,5,0,One way street,30,None,-1,0,None within 50 metres,No physical crossing within 50 meters,Darkness: Street lights present and lit,Fine without high winds,Dry,None,None,1,Yes,E01000015,2005
9505,200501KG70129,545910.0,183510.0,0.102196,51.531595,1,3,2,2,24/03/2005,5,15:25,16,E09000002,3,13,Dual carriageway,40,None,-1,0,None within 50 metres,No physical crossing within 50 meters,Daylight: Street light present,Fine without high winds,Dry,None,None,1,Yes,E01000093,2005
9506,200501KG70130,547460.0,183850.0,0.124668,51.534248,1,3,1,1,19/03/2005,7,11:25,16,E09000002,6,0,Single carriageway,30,Giveway or uncontrolled,6,0,None within 50 metres,No physical crossing within 50 meters,Daylight: Street light present,Fine without high winds,Dry,None,None,1,Yes,E01000096,2005
9507,200501KG70131,549800.0,187070.0,0.159751,51.562565,1,3,1,1,28/03/2005,2,16:35,15,E09000016,3,124,Roundabout,30,Giveway or uncontrolled,3,124,None within 50 metres,No physical crossing within 50 meters,Daylight: Street light present,Fine without high winds,Dry,Ol or diesel,None,1,Yes,E01000061,2005
9508,200501KG70132,547360.0,186900.0,0.124504,51.56168,1,3,2,1,26/03/2005,7,15:30,16,E09000002,3,1083,Single carriageway,30,Giveway or uncontrolled,4,191,None within 50 metres,No physical crossing within 50 meters,Daylight: Street light present,Fine without high winds,Dry,None,None,1,Yes,E01000026,2005
9509,200501KG70133,546600.0,184200.0,0.112424,51.537617,1,3,3,2,23/02/2005,4,23:21,16,E09000002,3,1153,Single carriageway,30,Automatic traffic signal,5,0,None within 50 metres,No physical crossing within 50 meters,Darkness: Street lights present and lit,Fine without high winds,Wet/Damp,None,None,1,Yes,E01000045,2005
9510,200501KG70135,544250.0,184770.0,0.078796,51.543344,1,3,2,1,21/03/2005,2,17:27,16,E09000002,3,123,Single carriageway,30,None,-1,0,None within 50 metres,Zebra crossing,Daylight: Street light present,Fine without high winds,Dry,None,None,1,No,E01000011,2005
9511,200501KG70136,546330.0,183690.0,0.108322,51.533104,1,3,2,1,10/04/2005,1,14:40,16,E09000002,3,123,Roundabout,30,Giveway or uncontrolled,3,13,None within 50 metres,No physical crossing within 50 meters,Daylight: Street light present,Fine without high winds,Dry,None,None,1,No,E01000045,2005
9512,200501KG70137,543590.0,183950.0,0.068951,51.536144,1,3,5,1,04/03/2005,6,21:15,16,E09000002,3,406,Dual carriageway,50,Giveway or uncontrolled,3,124,None within 50 metres,non-junction pedestrian crossing,Darkness: Street lights present and lit,Fine without high winds,Dry,None,None,1,Yes,E01000047,2005
9513,200501KG70138,551390.0,181660.0,0.180347,51.513531,1,3,1,2,15/04/2005,6,11:30,15,E09000016,3,13,Dual carriageway,50,Giveway or uncontrolled,6,0,None within 50 metres,No physical crossing within 50 meters,Daylight: Street light present,Fine without high winds,Dry,None,None,2,Yes,E01002344,2005
9514,200501KG70139,547640.0,185790.0,0.128075,51.551633,1,3,1,1,11/04/2005,2,12:00,16,E09000002,3,124,Single carriageway,30,None,-1,0,None within 50 metres,No physical crossing within 50 meters,Daylight: Street light present,Fine without high winds,Dry,None,None,1,Yes,E01000083,2005
9515,200501KG70140,548780.0,183530.0,0.143551,51.531027,1,3,3,1,15/04/2005,6,07:30,16,E09000002,3,1306,Dual carriageway,30,None,-1,0,None within 50 metres,No physical crossing within 50 meters,Daylight: Street light present,Fine without high winds,Dry,None,None,1,Yes,E01000095,2005
9516,200501KG70141,549450.0,186060.0,0.154276,51.553583,1,3,1,1,03/04/2005,1,19:47,16,E09000002,6,0,Single carriageway,30,None,-1,0,None within 50 metres,No physical crossing within 50 meters,Daylight: Street light present,Fine without high winds,Dry,None,None,1,Yes,E01000062,2005
9517,200501KG70142,543880.0,183020.0,0.07275,51.527713,1,3,2,1,10/04/2005,1,06:30,17,E09000025,3,406,Dual carriageway,50,None,-1,0,None within 50 metres,No physical crossing within 50 meters,Daylight: Street light present,Fine without high winds,Dry,None,None,1,Yes,E01003535,2005
9518,200501KG70143,548130.0,190020.0,0.136919,51.589512,1,3,2,1,15/03/2005,3,17:45,16,E09000002,6,0,Single carriageway,30,Giveway or uncontrolled,6,0,None within 50 metres,No physical crossing within 50 meters,Daylight: Street light present,Fine without high winds,Dry,None,None,2,Yes,E01000027,2005
9519,200501KG70144,547690.0,187430.0,0.129484,51.566356,1,2,2,1,05/04/2005,3,14:33,16,E09000002,5,0,Single carriageway,30,Giveway or uncontrolled,5,0,None within 50 metres,No physical crossing within 50 meters,Daylight: Street light present,Fine without high winds,Dry,None,None,1,Yes,E01000097,2005
9520,200501KG70145,548990.0,184540.0,0.147003,51.540047,1,3,2,1,10/04/2005,1,20:06,16,E09000002,5,0,Single carriageway,30,Giveway or uncontrolled,6,0,None within 50 metres,No physical crossing within 50 meters,Darkness: Street lights present and lit,Fine without high winds,Dry,None,None,1,Yes,E01000084,2005
9521,200501KG70146,546990.0,183610.0,0.117797,51.532214,1,3,4,1,08/04/2005,6,12:37,16,E09000002,3,13,Dual carriageway,50,Automatic traffic signal,5,0,None within 50 metres,No physical crossing within 50 meters,Daylight: Street light present,Fine without high winds,Wet/Damp,None,None,1,Yes,E01000096,2005
9522,200501KG70147,544410.0,184640.0,0.081049,51.542135,1,3,3,1,03/04/2005,1,16:35,16,E09000002,3,123,Single carriageway,30,Giveway or uncontrolled,6,0,None within 50 metres,Zebra crossing,Daylight: Street light present,Fine without high winds,Dry,None,None,1,Yes,E01000009,2005
9523,200501KG70148,544340.0,184200.0,0.07986,51.538199,1,3,1,1,01/04/2005,6,18:10,16,E09000002,6,0,Single carriageway,30,None,-1,0,None within 50 metres,Zebra crossing,Daylight: Street light present,Fine without high winds,Dry,None,None,1,Yes,E01000010,2005
9524,200501KG70151,545350.0,183050.0,0.093938,51.527606,1,3,2,1,07/04/2005,5,08:43,16,E09000002,5,0,Single carriageway,30,Giveway or uncontrolled,5,0,None within 50 metres,No physical crossing within 50 meters,Daylight: Street light present,Fine without high winds,Dry,None,None,1,Yes,E01000092,2005
9525,200501KG70154,546900.0,186090.0,0.117535,51.554521,1,3,2,1,11/04/2005,2,12:36,16,E09000002,5,0,Dual carriageway,30,Giveway or uncontrolled,6,0,None within 50 metres,No physical crossing within 50 meters,Daylight: Street light present,Fine without high winds,Dry,None,None,1,Yes,E01000021,2005
9526,200501KG70155,547690.0,187460.0,0.129497,51.566625,1,2,2,1,12/03/2005,7,22:00,16,E09000002,5,0,Roundabout,30,Automatic traffic signal,5,0,None within 50 metres,Pedestrian phase at traffic signal junction,Darkness: Street lights present and lit,Fine without high winds,Dry,None,None,1,Yes,E01003717,2005
9527,200501KG70156,548440.0,188890.0,0.140914,51.579277,1,3,2,1,16/04/2005,7,18:15,16,E09000002,3,1112,Single carriageway,30,Giveway or uncontrolled,6,0,None within 50 metres,No physical crossing within 50 meters,Daylight: Street light present,Fine without high winds,Dry,None,None,1,Yes,E01000031,2005
9528,200501KG70157,548530.0,188100.0,0.141878,51.572155,1,3,2,1,13/04/2005,4,21:58,16,E09000002,3,118,Dual carriageway,30,Automatic traffic signal,3,1112,None within 50 metres,Pedestrian phase at traffic signal junction,Darkness: Street lights present and lit,Fine without high winds,Dry,None,None,1,Yes,E01000112,2005
9529,200501KG70158,547290.0,183850.0,0.122219,51.534292,1,3,2,1,18/04/2005,2,08:41,16,E09000002,6,0,Single carriageway,30,Giveway or uncontrolled,6,0,None within 50 metres,No physical crossing within 50 meters,Daylight: Street light present,Fine without high winds,Dry,None,None,1,Yes,E01000096,2005
9530,200501KG70159,547560.0,183550.0,0.125983,51.531526,1,2,2,1,15/04/2005,6,15:42,16,E09000002,3,13,Dual carriageway,50,None,-1,0,None within 50 metres,No physical crossing within 50 meters,Daylight: Street light present,Fine without high winds,Dry,None,None,1,Yes,E01000095,2005
9531,200501KG70160,544490.0,184390.0,0.082099,51.539868,1,3,4,2,19/04/2005,3,16:40,16,E09000002,5,0,Single carriageway,30,None,-1,0,None within 50 metres,No physical crossing within 50 meters,Daylight: Street light present,Fine without high winds,Dry,None,None,1,Yes,E01000007,2005
9532,200501KG70161,548320.0,185330.0,0.137682,51.547321,1,3,2,1,23/04/2005,7,10:40,16,E09000002,6,0,Single carriageway,30,None,-1,0,None within 50 metres,No physical crossing within 50 meters,Daylight: Street light present,Fine without high winds,Dry,None,None,1,Yes,E01000079,2005
9533,200501KG70162,548470.0,188310.0,0.141101,51.574058,1,3,2,2,20/03/2005,1,15:30,16,E09000002,3,1112,Single carriageway,30,Giveway or uncontrolled,6,0,None within 50 metres,No physical crossing within 50 meters,Darkeness: No street lighting,Fine without high winds,Dry,None,None,1,No,E01000031,2005
9534,200501KG70164,550260.0,185170.0,0.165571,51.545371,1,3,2,1,08/02/2005,3,19:30,16,E09000002,3,1112,Single carriageway,30,Giveway or uncontrolled,5,0,None within 50 metres,No physical crossing within 50 meters,Darkness: Street lights present and lit,Fine without high winds,Dry,None,None,1,Yes,E01000035,2005
9535,200501KG70165,545560.0,182350.0,0.096675,51.521262,1,3,2,1,25/04/2005,2,14:45,16,E09000002,5,0,Single carriageway,30,Giveway or uncontrolled,6,0,None within 50 metres,No physical crossing within 50 meters,Daylight: Street light present,Fine without high winds,Dry,None,None,1,Yes,E01000092,2005
9536,200501KG70166,546590.0,186330.0,0.113166,51.556758,1,3,2,1,18/03/2005,6,09:19,16,E09000002,6,0,Single carriageway,30,None,-1,0,None within 50 metres,No physical crossing within 50 meters,Daylight: Street light present,Fine without high winds,Dry,None,None,1,Yes,E01000021,2005
9537,200501KG70167,548950.0,186960.0,0.147451,51.561801,1,3,2,1,30/04/2005,7,10:00,16,E09000002,6,0,Single carriageway,30,Automatic traffic signal,3,1112,None within 50 metres,Pedestrian phase at traffic signal junction,Daylight: Street light present,Fine without high winds,Dry,None,None,1,Yes,E01000114,2005
9538,200501KG70168,545250.0,183920.0,0.092856,51.53545,1,3,2,1,27/04/2005,4,14:55,16,E09000002,3,123,Single carriageway,30,None,-1,0,None within 50 metres,No physical crossing within 50 meters,Daylight: Street light present,Fine without high winds,Wet/Damp,None,None,1,No,E01000044,2005
9539,200501KG70170,545400.0,184830.0,0.095393,51.543588,1,3,2,1,22/04/2005,6,16:45,16,E09000002,5,0,Single carriageway,30,None,-1,0,None within 50 metres,No physical crossing within 50 meters,Daylight: Street light present,Fine without high winds,Dry,None,None,1,No,E01000070,2005
9540,200501KG70171,546790.0,184710.0,0.115374,51.54215,1,3,2,1,20/04/2005,4,17:45,16,E09000002,3,1153,Single carriageway,30,None,-1,0,None within 50 metres,No physical crossing within 50 meters,Daylight: Street light present,Fine without high winds,Dry,None,None,1,No,E01000072,2005
9541,200501KG70172,543630.0,183990.0,0.069544,51.536493,1,3,2,1,14/04/2005,5,16:40,16,E09000002,3,124,Roundabout,30,Giveway or uncontrolled,3,406,None within 50 metres,No physical crossing within 50 meters,Daylight: Street light present,Fine without high winds,Dry,None,None,1,No,E01000047,2005
9542,200501KG70174,549470.0,185790.0,0.15445,51.551151,1,3,2,1,09/05/2005,2,19:55,16,E09000002,5,0,Single carriageway,30,None,-1,0,None within 50 metres,No physical crossing within 50 meters,Daylight: Street light present,Fine without high winds,Dry,None,None,1,No,E01000064,2005
9543,200501KG70175,544680.0,183140.0,0.084324,51.528587,1,3,2,1,22/02/2005,3,17:35,16,E09000002,3,13,Single carriageway,30,None,-1,0,None within 50 metres,No physical crossing within 50 meters,Darkness: Street lights present and lit,Fine without high winds,Dry,None,None,1,No,E01000049,2005
9544,200501KG70177,548570.0,187960.0,0.142395,51.570887,1,3,2,1,06/05/2005,6,16:26,16,E09000002,3,1112,Single carriageway,30,Giveway or uncontrolled,6,0,None within 50 metres,No physical crossing within 50 meters,Daylight: Street light present,Fine without high winds,Dry,None,None,1,Yes,E01000111,2005
9545,200501KG70178,546950.0,183060.0,0.116991,51.527283,1,3,2,1,27/04/2005,4,15:05,16,E09000002,5,0,Single carriageway,30,Giveway or uncontrolled,6,0,None within 50 metres,No physical crossing within 50 meters,Daylight: Street light present,Raining without high winds,Wet/Damp,None,None,1,Yes,E01000094,2005
9546,200501KG70179,549290.0,183900.0,0.151055,51.534217,1,3,1,1,02/05/2005,2,23:23,16,E09000002,6,0,Single carriageway,30,Giveway or uncontrolled,6,0,None within 50 metres,Zebra crossing,Darkness: Street lights present and lit,Fine without high winds,Dry,None,None,1,Yes,E01000087,2005
9547,200501KG70180,544450.0,184700.0,0.08165,51.542664,1,3,2,1,27/04/2005,4,08:45,16,E09000002,6,0,Single carriageway,30,Giveway or uncontrolled,6,0,None within 50 metres,No physical crossing within 50 meters,Daylight: Street light present,Fine without high winds,Dry,None,None,1,Yes,E01000011,2005
9548,200501KG70182,545500.0,183050.0,0.096099,51.527568,1,3,1,1,11/05/2005,4,16:06,16,E09000002,5,0,Single carriageway,30,Giveway or uncontrolled,6,0,None within 50 metres,No physical crossing within 50 meters,Daylight: Street light present,Fine without high winds,Dry,None,None,1,Yes,E01000092,2005
9549,200501KG70183,549010.0,185390.0,0.147651,51.547679,1,3,2,1,11/05/2005,4,19:29,16,E09000002,6,0,Single carriageway,30,Giveway or uncontrolled,3,1240,None within 50 metres,No physical crossing within 50 meters,Darkness: Street lights present and lit,Fine without high winds,Dry,None,None,1,Yes,E01000017,2005
9550,200501KG70184,548760.0,184740.0,0.143774,51.541904,1,3,2,1,26/04/2005,3,11:55,16,E09000002,6,0,Single carriageway,30,None,-1,0,None within 50 metres,No physical crossing within 50 meters,Daylight: Street light present,Fine without high winds,Dry,None,None,1,Yes,E01000013,2005
9551,200501KG70186,545760.0,184720.0,0.100536,51.542507,1,3,2,1,15/05/2005,1,12:05,16,E09000002,6,0,Roundabout,30,Giveway or uncontrolled,6,0,None within 50 metres,No physical crossing within 50 meters,Daylight: Street light present,Fine without high winds,Dry,None,None,1,Yes,E01000069,2005
9552,200501KG70187,544390.0,184250.0,0.080601,51.538635,1,3,1,1,26/04/2005,3,16:30,16,E09000002,5,0,Single carriageway,30,Giveway or uncontrolled,5,0,None within 50 metres,No physical crossing within 50 meters,Daylight: Street light present,Fine without high winds,Dry,None,None,1,Yes,E01000010,2005
9553,200501KG70188,548700.0,186850.0,0.1438,51.560879,1,3,1,1,11/05/2005,4,20:05,16,E09000002,3,1083,Single carriageway,30,Giveway or uncontrolled,6,0,None within 50 metres,No physical crossing within 50 meters,Daylight: Street light present,Fine without high winds,Dry,None,None,1,Yes,E01000101,2005
9554,200501KG70190,545730.0,183960.0,0.099789,51.535685,1,3,1,1,28/04/2005,5,15:46,16,E09000002,3,123,Single carriageway,30,None,-1,0,None within 50 metres,No physical crossing within 50 meters,Daylight: Street light present,Fine without high winds,Dry,None,None,1,Yes,E01000043,2005
9555,200501KG70191,550270.0,184890.0,0.165596,51.542852,1,3,1,1,10/05/2005,3,11:35,16,E09000002,3,1112,Single carriageway,30,Giveway or uncontrolled,6,0,None within 50 metres,Zebra crossing,Daylight: Street light present,Fine without high winds,Dry,None,None,1,Yes,E01000108,2005
9556,200501KG70192,549560.0,183350.0,0.154711,51.529204,1,3,2,1,19/05/2005,5,14:03,16,E09000002,4,178,Dual carriageway,30,Automatic traffic signal,3,1306,None within 50 metres,No physical crossing within 50 meters,Daylight: Street light present,Fine without high winds,Dry,None,None,1,Yes,E01000090,2005
9557,200501KG70193,549050.0,184550.0,0.147872,51.540121,1,3,1,1,12/05/2005,5,09:50,16,E09000002,3,1240,Single carriageway,30,Automatic traffic signal,5,0,None within 50 metres,Pedestrian phase at traffic signal junction,Daylight: Street light present,Fine without high winds,Dry,None,None,1,Yes,E01000084,2005
9558,200501KG70194,543570.0,183960.0,0.068667,51.536239,1,2,2,1,17/05/2005,3,22:40,16,E09000002,3,406,Roundabout,30,Giveway or uncontrolled,3,124,None within 50 metres,No physical crossing within 50 meters,Darkness: Street lights present and lit,Fine without high winds,Dry,None,None,1,Yes,E01000008,2005
9559,200501KG70195,547640.0,184550.0,0.127555,51.540491,1,3,1,1,17/05/2005,3,16:55,16,E09000002,5,0,Single carriageway,30,None,-1,0,None within 50 metres,No physical crossing within 50 meters,Daylight: Street light present,Fine without high winds,Dry,None,None,1,Yes,E01000075,2005
9560,200501KG70196,549290.0,184550.0,0.15133,51.540057,1,3,1,1,20/05/2005,6,22:10,16,E09000002,6,0,Single carriageway,30,Giveway or uncontrolled,6,0,None within 50 metres,No physical crossing within 50 meters,Darkness: Street lights present and lit,Fine without high winds,Dry,None,None,1,Yes,E01000085,2005
9561,200501KG70197,550260.0,184740.0,0.165388,51.541507,1,3,2,2,21/05/2005,7,16:16,16,E09000002,3,1112,Single carriageway,30,Giveway or uncontrolled,6,0,None within 50 metres,No physical crossing within 50 meters,Daylight: Street light present,Fine without high winds,Dry,None,None,1,Yes,E01000108,2005
9562,200501KG70198,547430.0,186900.0,0.125513,51.561661,1,2,2,1,17/05/2005,3,18:22,16,E09000002,6,0,Single carriageway,30,Giveway or uncontrolled,3,1083,None within 50 metres,No physical crossing within 50 meters,Daylight: Street light present,Fine without high winds,Dry,None,None,1,Yes,E01000098,2005
9563,200501KG70200,549710.0,186560.0,0.158237,51.558006,1,3,3,1,11/05/2005,4,20:16,16,E09000002,3,1112,Dual carriageway,30,None,-1,0,None within 50 metres,No physical crossing within 50 meters,Darkness: Street lights present and lit,Fine without high winds,Dry,None,None,1,Yes,E01000060,2005
9564,200501KG70202,548530.0,188100.0,0.141878,51.572155,1,3,2,1,27/03/2005,1,20:10,16,E09000002,3,118,Single carriageway,30,Automatic traffic signal,3,1112,None within 50 metres,Pedestrian phase at traffic signal junction,Darkness: Street lights present and lit,Fine without high winds,Dry,None,None,1,No,E01000112,2005
9565,200501KG70203,547780.0,187370.0,0.130756,51.565793,1,3,2,1,19/05/2005,5,08:34,16,E09000002,6,0,Dual carriageway,30,None,-1,0,None within 50 metres,No physical crossing within 50 meters,Daylight: Street light present,Fine without high winds,Dry,None,None,1,Yes,E01000097,2005
9566,200501KG70204,546600.0,184200.0,0.112424,51.537617,1,3,2,2,20/05/2005,6,23:50,16,E09000002,5,0,Single carriageway,30,Automatic traffic signal,3,1153,None within 50 metres,No physical crossing within 50 meters,Darkness: Street lights present and lit,Fine without high winds,Dry,None,None,1,Yes,E01000045,2005
9567,200501KG70206,545300.0,183300.0,0.093321,51.529866,1,2,1,1,19/05/2005,5,20:30,16,E09000002,5,0,Slip road,30,Giveway or uncontrolled,3,13,None within 50 metres,No physical crossing within 50 meters,Daylight: Street light present,Fine without high winds,Dry,None,None,1,Yes,E01000092,2005
9568,200501KG70207,548270.0,189090.0,0.138546,51.581119,1,3,2,2,11/05/2005,4,16:40,16,E09000002,3,12,Dual carriageway,60,None,-1,0,None within 50 metres,No physical crossing within 50 meters,Daylight: Street light present,Fine without high winds,Dry,None,None,1,Yes,E01000030,2005
9569,200501KG70208,546660.0,185760.0,0.113938,51.551619,1,3,2,2,04/05/2005,4,13:00,16,E09000002,3,124,Single carriageway,30,Giveway or uncontrolled,5,0,None within 50 metres,No physical crossing within 50 meters,Daylight: Street light present,Fine without high winds,Dry,None,None,1,Yes,E01000023,2005
9570,200501KG70209,547010.0,185720.0,0.118966,51.551168,1,3,2,1,23/04/2005,7,14:25,16,E09000002,3,124,Single carriageway,30,Giveway or uncontrolled,6,0,None within 50 metres,No physical crossing within 50 meters,Daylight: Street light present,Fine without high winds,Dry,None,None,1,Yes,E01000025,2005
9571,200501KG70210,544480.0,183960.0,0.081779,51.536007,1,3,1,1,12/05/2005,5,17:25,16,E09000002,3,123,Single carriageway,30,Giveway or uncontrolled,3,124,None within 50 metres,No physical crossing within 50 meters,Daylight: Street light present,Fine without high winds,Dry,None,None,1,Yes,E01000010,2005
9572,200501KG70211,545570.0,183110.0,0.097132,51.528089,1,3,2,1,11/05/2005,4,15:30,16,E09000002,6,0,Single carriageway,30,None,-1,0,None within 50 metres,No physical crossing within 50 meters,Daylight: Street light present,Fine without high winds,Dry,None,None,1,Yes,E01000092,2005
9573,200501KG70212,548910.0,186020.0,0.146476,51.553366,1,3,1,1,18/05/2005,4,17:10,16,E09000002,6,0,Single carriageway,30,None,-1,0,None within 50 metres,No physical crossing within 50 meters,Daylight: Street light present,Fine without high winds,Dry,None,None,1,Yes,E01000065,2005
9574,200501KG70213,548550.0,189060.0,0.142572,51.580776,1,3,2,1,23/05/2005,2,02:40,16,E09000002,3,12,Dual carriageway,50,None,-1,0,None within 50 metres,No physical crossing within 50 meters,Darkness: Street lights present and lit,Fine without high winds,Dry,None,None,1,Yes,E01000031,2005
9575,200501KG70214,550010.0,186210.0,0.162412,51.554782,1,3,2,1,30/05/2005,2,21:00,16,E09000002,6,0,Single carriageway,30,None,-1,0,None within 50 metres,No physical crossing within 50 meters,Darkness: Street lights present and lit,Fine without high winds,Dry,None,None,1,Yes,E01000033,2005
9576,200501KG70215,548450.0,184470.0,0.139193,51.53956,1,3,2,1,19/04/2005,3,09:15,16,E09000002,5,0,Single carriageway,30,None,-1,0,None within 50 metres,No physical crossing within 50 meters,Daylight: Street light present,Fine without high winds,Dry,None,None,1,No,E01000058,2005
9577,200501KG70216,549490.0,186750.0,0.155146,51.559772,1,3,1,1,25/05/2005,4,10:20,16,E09000002,6,0,Single carriageway,30,Giveway or uncontrolled,3,1112,None within 50 metres,No physical crossing within 50 meters,Daylight: Street light present,Fine without high winds,Dry,None,None,1,Yes,E01000060,2005
9578,200501KG70217,550040.0,184190.0,0.161983,51.536624,1,3,5,2,26/05/2005,5,15:10,16,E09000002,4,178,Single carriageway,30,None,-1,0,None within 50 metres,No physical crossing within 50 meters,Daylight: Street light present,Fine without high winds,Dry,Roadworks,None,1,Yes,E01000103,2005
9579,200501KG70220,548890.0,186860.0,0.146544,51.560919,1,3,1,1,26/05/2005,5,21:50,16,E09000002,3,1083,Single carriageway,30,None,-1,0,None within 50 metres,No physical crossing within 50 meters,Daylight: Street light present,Fine without high winds,Dry,None,None,1,Yes,E01000101,2005
9580,200501KG70221,548050.0,185950.0,0.134052,51.552963,1,3,2,1,24/05/2005,3,18:05,16,E09000002,6,0,Single carriageway,30,Giveway or uncontrolled,6,0,None within 50 metres,No physical crossing within 50 meters,Daylight: Street light present,Fine without high winds,Dry,None,None,1,Yes,E01000078,2005
9581,200501KG70222,549820.0,187080.0,0.160044,51.562649,1,3,2,1,24/05/2005,3,13:35,16,E09000002,3,124,Single carriageway,30,None,-1,0,None within 50 metres,No physical crossing within 50 meters,Daylight: Street light present,Raining without high winds,Wet/Damp,None,None,1,Yes,E01000061,2005
9582,200501KG70223,544440.0,184340.0,0.081358,51.539431,1,3,1,1,24/05/2005,3,17:25,16,E09000002,5,0,One way street,30,Automatic traffic signal,6,0,None within 50 metres,No physical crossing within 50 meters,Daylight: Street light present,Fine without high winds,Dry,None,None,1,Yes,E01000007,2005
9583,200501KG70224,549060.0,184610.0,0.148041,51.540657,1,3,3,1,23/05/2005,2,16:25,16,E09000002,3,1240,Single carriageway,30,None,-1,0,None within 50 metres,No physical crossing within 50 meters,Daylight: Street light present,Fine without high winds,Dry,None,None,1,Yes,E01000084,2005
9584,200501KG70227,546430.0,185770.0,0.110627,51.551768,1,3,2,1,04/05/2005,4,08:40,16,E09000002,3,124,Dual carriageway,30,None,-1,0,None within 50 metres,No physical crossing within 50 meters,Daylight: Street light present,Fine without high winds,Dry,None,None,1,Yes,E01000023,2005
9585,200501KG70228,547930.0,187980.0,0.133176,51.571235,1,3,1,1,19/05/2005,5,08:55,16,E09000002,3,118,Single carriageway,30,None,-1,0,None within 50 metres,No physical crossing within 50 meters,Daylight: Street light present,Fine without high winds,Dry,None,None,1,No,E01000032,2005
9586,200501KG70229,549500.0,185860.0,0.154912,51.551772,1,3,1,1,23/05/2005,2,18:15,16,E09000002,6,0,Single carriageway,30,None,-1,0,None within 50 metres,No physical crossing within 50 meters,Daylight: Street light present,Fine without high winds,Dry,None,None,1,No,E01000064,2005
9587,200501KG70231,544440.0,184030.0,0.081231,51.536646,1,3,2,1,31/05/2005,3,18:05,16,E09000002,6,0,Single carriageway,30,Giveway or uncontrolled,6,0,None within 50 metres,No physical crossing within 50 meters,Daylight: Street light present,Fine without high winds,Dry,None,None,1,Yes,E01000010,2005
9588,200501KG70233,547550.0,186460.0,0.127059,51.557676,1,3,2,1,25/05/2005,4,21:40,16,E09000002,6,0,Single carriageway,30,Giveway or uncontrolled,4,191,None within 50 metres,No physical crossing within 50 meters,Darkness: Street lights present and lit,Fine without high winds,Dry,None,None,1,Yes,E01000020,2005
9589,200501KG70234,550380.0,186240.0,0.167758,51.554953,1,3,2,1,07/06/2005,3,17:30,16,E09000002,6,0,Single carriageway,30,None,-1,0,None within 50 metres,No physical crossing within 50 meters,Daylight: Street light present,Fine without high winds,Dry,None,None,1,Yes,E01000034,2005
9590,200501KG70235,548810.0,187370.0,0.145606,51.565522,1,3,2,2,01/06/2005,4,12:54,16,E09000002,3,1112,Single carriageway,30,Giveway or uncontrolled,6,0,None within 50 metres,No physical crossing within 50 meters,Daylight: Street light present,Raining without high winds,Wet/Damp,None,None,1,Yes,E01000111,2005
9591,200501KG70236,546330.0,183640.0,0.108301,51.532655,1,3,2,3,21/05/2005,7,22:15,16,E09000002,3,13,Dual carriageway,50,Giveway or uncontrolled,3,123,None within 50 metres,No physical crossing within 50 meters,Darkness: Street lights present and lit,Fine without high winds,Dry,None,None,1,Yes,E01000045,2005
9592,200501KG70237,547800.0,185730.0,0.130356,51.551052,1,3,2,1,22/04/2005,6,13:45,16,E09000002,3,1153,Dual carriageway,50,Giveway or uncontrolled,3,1153,None within 50 metres,No physical crossing within 50 meters,Daylight: Street light present,Fine without high winds,Dry,None,None,1,No,E01000078,2005
9593,200501KG70238,547740.0,186560.0,0.12984,51.558525,1,3,2,2,10/06/2005,6,21:00,16,E09000002,5,0,One way street,30,Automatic traffic signal,5,0,None within 50 metres,Pedestrian phase at traffic signal junction,Daylight: Street light present,Fine without high winds,Dry,None,None,1,Yes,E01000098,2005
9594,200501KG70239,549590.0,185770.0,0.156171,51.55094,1,3,2,2,09/06/2005,5,19:57,16,E09000002,5,0,Single carriageway,30,Giveway or uncontrolled,6,0,None within 50 metres,No physical crossing within 50 meters,Daylight: Street light present,Fine without high winds,Dry,None,None,1,Yes,E01000016,2005
9595,200501KG70240,547020.0,184870.0,0.118755,51.543528,1,3,1,1,13/06/2005,2,08:35,16,E09000002,6,0,Single carriageway,30,Authorised person,3,1153,Control by other authorised person,No physical crossing within 50 meters,Daylight: Street light present,Fine without high winds,Dry,None,None,1,Yes,E01000074,2005
9596,200501KG70241,547730.0,187800.0,0.130216,51.56967,1,3,2,3,10/06/2005,6,12:16,16,E09000002,5,0,Single carriageway,30,None,-1,0,None within 50 metres,Zebra crossing,Daylight: Street light present,Fine without high winds,Dry,None,None,1,Yes,E01000113,2005
9597,200501KG70242,546340.0,183670.0,0.108457,51.532922,1,3,2,1,03/06/2005,6,22:30,16,E09000002,3,13,Single carriageway,30,Giveway or uncontrolled,3,123,None within 50 metres,No physical crossing within 50 meters,Darkness: Street lights present and lit,Fine without high winds,Dry,None,None,1,No,E01000045,2005
9598,200501KG70243,547970.0,185850.0,0.132856,51.552085,1,3,2,1,16/05/2005,2,08:45,16,E09000002,6,0,Single carriageway,30,Giveway or uncontrolled,3,124,None within 50 metres,No physical crossing within 50 meters,Daylight: Street light present,Fine without high winds,Dry,None,None,1,No,E01000078,2005
9599,200501KG70244,548970.0,186850.0,0.147693,51.560808,1,3,2,1,03/06/2005,6,17:30,16,E09000002,3,124,Single carriageway,30,Automatic traffic signal,3,1083,None within 50 metres,Pedestrian phase at traffic signal junction,Daylight: Street light present,Fine without high winds,Dry,None,None,1,No,E01000101,2005
9600,200501KG70246,548920.0,186870.0,0.14698,51.561001,1,3,1,1,06/06/2005,2,18:08,16,E09000002,3,1083,Single carriageway,30,None,-1,0,None within 50 metres,No physical crossing within 50 meters,Daylight: Street light present,Fine without high winds,Dry,None,None,1,No,E01000101,2005
9601,200501KG70247,545570.0,184550.0,0.097727,51.541028,1,3,2,1,08/05/2005,1,14:57,16,E09000002,5,0,Single carriageway,30,Giveway or uncontrolled,6,0,None within 50 metres,No physical crossing within 50 meters,Daylight: Street light present,Fine without high winds,Dry,None,None,1,No,E01000071,2005
9602,200501KG70248,548100.0,187470.0,0.135412,51.566608,1,2,2,4,14/06/2005,3,18:08,16,E09000002,5,0,Dual carriageway,30,None,-1,0,None within 50 metres,No physical crossing within 50 meters,Daylight: Street light present,Fine without high winds,Dry,None,None,1,Yes,E01000112,2005
9603,200501KG70249,546960.0,183630.0,0.117373,51.532402,1,3,2,2,13/05/2005,6,14:09,16,E09000002,5,0,Dual carriageway,50,Automatic traffic signal,3,13,None within 50 metres,No physical crossing within 50 meters,Daylight: Street light present,Fine without high winds,Dry,None,None,1,Yes,E01000096,2005
9604,200501KG70250,543880.0,184410.0,0.073317,51.540203,1,3,2,1,14/06/2005,3,16:45,16,E09000002,6,0,Single carriageway,30,None,-1,0,None within 50 metres,No physical crossing within 50 meters,Daylight: Street light present,Fine without high winds,Dry,None,None,1,Yes,E01000007,2005
9605,200501KG70251,548140.0,188110.0,0.136258,51.572348,1,3,2,1,18/05/2005,4,21:40,16,E09000002,6,0,Single carriageway,30,Giveway or uncontrolled,6,0,None within 50 metres,No physical crossing within 50 meters,Darkness: Street lights present and lit,Fine without high winds,Dry,None,None,1,Yes,E01000032,2005
9606,200501KG70252,545670.0,185350.0,0.099499,51.548191,1,2,2,1,07/06/2005,3,19:15,16,E09000002,3,124,Single carriageway,30,None,-1,0,None within 50 metres,No physical crossing within 50 meters,Daylight: Street light present,Fine without high winds,Dry,None,None,1,Yes,E01000067,2005
9607,200501KG70253,548460.0,189020.0,0.141257,51.58044,1,3,2,1,22/06/2005,4,19:24,16,E09000002,3,1112,Slip road,30,Giveway or uncontrolled,6,0,None within 50 metres,No physical crossing within 50 meters,Daylight: Street light present,Fine without high winds,Dry,None,None,1,Yes,E01000031,2005
9608,200501KG70254,547260.0,186930.0,0.123075,51.561975,1,3,2,1,04/06/2005,7,16:50,16,E09000002,3,1083,Single carriageway,30,None,-1,0,None within 50 metres,No physical crossing within 50 meters,Daylight: Street light present,Fine without high winds,Dry,None,None,1,No,E01000026,2005
9609,200501KG70256,548430.0,188880.0,0.140765,51.57919,1,3,3,1,18/06/2005,7,13:20,16,E09000002,3,1112,Single carriageway,30,Giveway or uncontrolled,6,0,None within 50 metres,No physical crossing within 50 meters,Daylight: Street light present,Fine without high winds,Dry,None,None,1,Yes,E01000031,2005
9610,200501KG70257,543960.0,184420.0,0.074474,51.540273,1,3,2,1,13/06/2005,2,21:18,16,E09000002,3,124,Single carriageway,30,Giveway or uncontrolled,3,124,None within 50 metres,No physical crossing within 50 meters,Daylight: Street light present,Fine without high winds,Dry,None,None,1,Yes,E01000007,2005
9611,200501KG70258,548170.0,183550.0,0.134771,51.531367,1,3,2,1,19/06/2005,1,20:05,16,E09000002,3,13,Dual carriageway,40,None,-1,0,None within 50 metres,No physical crossing within 50 meters,Daylight: Street light present,Fine without high winds,Dry,None,None,1,Yes,E01000095,2005
9612,200501KG70260,545310.0,185090.0,0.094204,51.545947,1,3,1,1,22/06/2005,4,19:00,16,E09000002,3,124,Single carriageway,50,None,-1,0,None within 50 metres,No physical crossing within 50 meters,Daylight: Street light present,Fine without high winds,Dry,None,None,1,Yes,E01000070,2005
9613,200501KG70261,545240.0,185050.0,0.093178,51.545606,1,3,1,1,15/06/2005,4,11:53,16,E09000002,3,124,Single carriageway,30,None,-1,0,None within 50 metres,No physical crossing within 50 meters,Daylight: Street light present,Fine without high winds,Dry,None,None,1,Yes,E01000070,2005
9614,200501KG70262,544010.0,182740.0,0.074508,51.525164,1,3,2,1,20/04/2005,4,07:05,17,E09000025,3,13,Roundabout,30,Giveway or uncontrolled,3,406,None within 50 metres,No physical crossing within 50 meters,Daylight: Street light present,Fine without high winds,Dry,None,None,1,No,E01003482,2005
9615,200501KG70263,547770.0,189790.0,0.13163,51.58754,1,3,2,1,19/06/2005,1,18:15,16,E09000002,6,0,Single carriageway,30,Giveway or uncontrolled,6,0,None within 50 metres,No physical crossing within 50 meters,Daylight: Street light present,Fine without high winds,Dry,None,None,1,Yes,E01000027,2005
9616,200501KG70264,549830.0,183350.0,0.158601,51.529132,1,3,2,1,24/07/2005,1,14:57,16,E09000002,6,0,Single carriageway,30,Giveway or uncontrolled,6,0,None within 50 metres,No physical crossing within 50 meters,Daylight: Street light present,Fine without high winds,Dry,None,None,1,Yes,E01000090,2005
9617,200501KG70265,549010.0,185400.0,0.147655,51.547769,1,3,2,1,17/06/2005,6,20:05,16,E09000002,3,1240,Single carriageway,30,Giveway or uncontrolled,6,0,None within 50 metres,No physical crossing within 50 meters,Daylight: Street light present,Fine without high winds,Dry,None,None,1,Yes,E01000017,2005
9618,200501KG70266,543690.0,183810.0,0.070335,51.53486,1,3,2,1,19/06/2005,1,13:22,17,E09000025,3,406,Dual carriageway,50,None,-1,0,None within 50 metres,No physical crossing within 50 meters,Daylight: Street light present,Fine without high winds,Dry,None,None,1,Yes,E01003622,2005
9619,200501KG70267,548490.0,183810.0,0.139491,51.533619,1,3,3,1,19/06/2005,1,20:40,16,E09000002,6,0,Single carriageway,30,None,-1,0,None within 50 metres,No physical crossing within 50 meters,Daylight: Street light present,Fine without high winds,Dry,None,None,1,Yes,E01000053,2005
9620,200501KG70268,547890.0,187450.0,0.132376,51.566483,1,3,1,1,26/06/2005,1,12:15,16,E09000002,5,0,Single carriageway,30,None,-1,0,None within 50 metres,No physical crossing within 50 meters,Daylight: Street light present,Fine without high winds,Dry,None,None,1,Yes,E01000099,2005
9621,200501KG70269,545640.0,184470.0,0.098703,51.540291,1,3,2,1,24/06/2005,6,11:00,16,E09000002,5,0,Single carriageway,30,Giveway or uncontrolled,6,0,None within 50 metres,No physical crossing within 50 meters,Daylight: Street light present,Fine without high winds,Dry,None,None,1,Yes,E01000071,2005
9622,200501KG70270,544550.0,184000.0,0.082804,51.536348,1,3,2,2,18/06/2005,7,08:30,16,E09000002,6,0,Single carriageway,30,None,-1,0,None within 50 metres,No physical crossing within 50 meters,Daylight: Street light present,Fine without high winds,Dry,None,None,1,No,E01000010,2005
9623,200501KG70271,544540.0,184520.0,0.082873,51.541023,1,2,1,1,29/06/2005,4,12:02,16,E09000002,3,124,Single carriageway,30,Automatic traffic signal,3,123,None within 50 metres,Pedestrian phase at traffic signal junction,Daylight: Street light present,Fine without high winds,Dry,None,None,1,Yes,E01000009,2005
9624,200501KG70272,545890.0,183960.0,0.102094,51.535644,1,3,2,2,15/06/2005,4,13:55,16,E09000002,3,123,Single carriageway,30,Automatic traffic signal,3,123,None within 50 metres,Pedestrian phase at traffic signal junction,Daylight: Street light present,Raining without high winds,Wet/Damp,None,None,1,Yes,E01000043,2005
9625,200501KG70273,547610.0,187430.0,0.128331,51.566377,1,3,1,1,29/06/2005,4,16:40,14,E09000026,5,0,Single carriageway,30,Giveway or uncontrolled,6,0,None within 50 metres,No physical crossing within 50 meters,Daylight: Street light present,Fine without high winds,Dry,None,None,1,Yes,E01003717,2005
9626,200501KG70275,547160.0,186970.0,0.12165,51.562361,1,3,1,1,14/06/2005,3,13:35,16,E09000002,6,0,Single carriageway,30,Giveway or uncontrolled,3,1083,None within 50 metres,No physical crossing within 50 meters,Daylight: Street light present,Fine without high winds,Dry,None,None,1,No,E01000026,2005
9627,200501KG70277,546820.0,186150.0,0.116407,51.555081,1,3,2,1,20/06/2005,2,12:09,16,E09000002,6,0,Dual carriageway,30,Giveway or uncontrolled,6,0,None within 50 metres,No physical crossing within 50 meters,Daylight: Street light present,Fine without high winds,Dry,None,None,1,Yes,E01000021,2005
9628,200501KG70279,547090.0,186730.0,0.120541,51.560223,1,3,2,1,01/07/2005,6,17:40,16,E09000002,6,0,Single carriageway,30,Giveway or uncontrolled,6,0,None within 50 metres,No physical crossing within 50 meters,Daylight: Street light present,Raining without high winds,Wet/Damp,None,None,1,Yes,E01000019,2005
9629,200501KG70280,543790.0,184200.0,0.071935,51.538339,1,3,2,1,27/06/2005,2,13:50,16,E09000002,3,124,Single carriageway,30,None,-1,0,None within 50 metres,No physical crossing within 50 meters,Daylight: Street light present,Fine without high winds,Dry,None,None,1,Yes,E01000008,2005
9630,200501KG70281,549430.0,183710.0,0.152991,51.532473,1,3,2,1,04/07/2005,2,09:32,16,E09000002,6,0,Single carriageway,30,Giveway or uncontrolled,6,0,None within 50 metres,No physical crossing within 50 meters,Daylight: Street light present,Fine without high winds,Dry,None,None,1,Yes,E01000087,2005
9631,200501KG70282,544390.0,184260.0,0.080605,51.538725,1,3,2,1,02/07/2005,7,16:00,16,E09000002,5,0,Single carriageway,30,Giveway or uncontrolled,5,0,None within 50 metres,No physical crossing within 50 meters,Daylight: Street light present,Fine without high winds,Dry,None,None,1,Yes,E01000007,2005
9632,200501KG70283,548980.0,186680.0,0.147765,51.559278,1,3,1,1,01/07/2005,6,16:55,16,E09000002,3,124,Single carriageway,30,Giveway or uncontrolled,6,0,None within 50 metres,No physical crossing within 50 meters,Daylight: Street light present,Raining without high winds,Wet/Damp,None,None,1,Yes,E01000060,2005
9633,200501KG70284,548980.0,186850.0,0.147837,51.560805,1,3,2,1,04/07/2005,2,17:00,16,E09000002,3,124,Single carriageway,30,Giveway or uncontrolled,3,1083,None within 50 metres,No physical crossing within 50 meters,Daylight: Street light present,Fine without high winds,Dry,None,None,1,Yes,E01000101,2005
9634,200501KG70285,548550.0,187580.0,0.141946,51.567478,1,3,1,1,01/07/2005,6,16:16,16,E09000002,5,0,Single carriageway,30,None,-1,0,None within 50 metres,No physical crossing within 50 meters,Daylight: Street light present,Raining without high winds,Wet/Damp,None,None,1,Yes,E01000109,2005
9635,200501KG70286,543830.0,184110.0,0.072474,51.53752,1,3,2,1,22/06/2005,4,20:18,16,E09000002,3,124,Roundabout,30,Giveway or uncontrolled,3,124,None within 50 metres,No physical crossing within 50 meters,Daylight: Street light present,Fine without high winds,Dry,None,None,1,Yes,E01000010,2005
9636,200501KG70287,548530.0,188100.0,0.141878,51.572155,1,3,2,2,07/07/2005,5,00:25,16,E09000002,3,1112,Single carriageway,30,Automatic traffic signal,3,118,None within 50 metres,Pedestrian phase at traffic signal junction,Darkness: Street lights present and lit,Fine without high winds,Dry,None,None,1,Yes,E01000112,2005
9637,200501KG70288,548120.0,188040.0,0.13594,51.571724,1,3,1,1,01/07/2005,6,07:45,16,E09000002,3,118,Single carriageway,30,None,-1,0,None within 50 metres,No physical crossing within 50 meters,Daylight: Street light present,Fine without high winds,Dry,None,None,1,Yes,E01000032,2005
9638,200501KG70289,545360.0,183350.0,0.094206,51.5303,1,3,2,1,19/06/2005,1,14:30,16,E09000002,3,13,Dual carriageway,40,None,-1,0,None within 50 metres,No physical crossing within 50 meters,Daylight: Street light present,Fine without high winds,Dry,None,None,1,Yes,E01000092,2005
9639,200501KG70290,550130.0,185420.0,0.163804,51.547652,1,3,1,2,05/07/2005,3,08:35,16,E09000002,6,0,Single carriageway,30,Giveway or uncontrolled,3,1112,None within 50 metres,No physical crossing within 50 meters,Daylight: Street light present,Fine without high winds,Dry,None,None,1,No,E01000035,2005
9640,200501KG70291,546840.0,183640.0,0.115648,51.532523,1,3,2,2,06/07/2005,4,16:45,16,E09000002,3,13,Dual carriageway,30,None,-1,0,None within 50 metres,No physical crossing within 50 meters,Daylight: Street light present,Fine without high winds,Dry,None,None,1,Yes,E01000096,2005
9641,200501KG70292,549160.0,185260.0,0.149758,51.546471,1,3,2,1,17/02/2005,5,17:30,16,E09000002,6,0,Single carriageway,30,Giveway or uncontrolled,6,0,None within 50 metres,No physical crossing within 50 meters,Darkness: Street lights present and lit,Raining without high winds,Wet/Damp,None,None,1,No,E01000018,2005
9642,200501KG70293,547300.0,186870.0,0.123627,51.561426,1,3,1,1,30/06/2005,5,16:47,16,E09000002,6,0,Single carriageway,30,Giveway or uncontrolled,6,0,None within 50 metres,No physical crossing within 50 meters,Daylight: Street light present,Fine without high winds,Dry,None,None,1,Yes,E01000026,2005
9643,200501KG70296,545370.0,183010.0,0.09421,51.527242,1,3,2,1,11/07/2005,2,14:48,16,E09000002,5,0,Single carriageway,30,Giveway or uncontrolled,5,0,None within 50 metres,No physical crossing within 50 meters,Daylight: Street light present,Fine without high winds,Dry,None,None,1,Yes,E01000092,2005
9644,200501KG70297,548050.0,185920.0,0.134039,51.552693,1,3,1,1,05/07/2005,3,16:20,16,E09000002,6,0,Single carriageway,30,None,-1,0,None within 50 metres,No physical crossing within 50 meters,Daylight: Street light present,Fine without high winds,Dry,None,None,1,No,E01000078,2005
9645,200501KG70298,549270.0,186860.0,0.152021,51.560818,1,3,2,1,01/07/2005,6,10:34,16,E09000002,3,124,Single carriageway,30,Giveway or uncontrolled,6,0,Control by school crossing patrol,non-junction pedestrian crossing,Daylight: Street light present,Fine without high winds,Dry,None,None,1,Yes,E01000061,2005
9646,200501KG70299,548900.0,186390.0,0.146489,51.556693,1,3,2,2,02/07/2005,7,01:23,16,E09000002,3,124,Single carriageway,30,Automatic traffic signal,3,1240,None within 50 metres,No physical crossing within 50 meters,Darkness: Street lights present and lit,Fine without high winds,Dry,None,None,1,Yes,E01000063,2005
9647,200501KG70300,548770.0,185170.0,0.144099,51.545765,1,2,1,1,21/06/2005,3,17:30,16,E09000002,6,0,Single carriageway,30,None,-1,0,None within 50 metres,No physical crossing within 50 meters,Daylight: Street light present,Fine without high winds,Dry,None,None,1,Yes,E01000014,2005
9648,200501KG70301,546990.0,187030.0,0.119225,51.562944,1,3,2,1,07/06/2005,3,18:20,16,E09000002,3,1083,Single carriageway,30,Giveway or uncontrolled,3,1083,None within 50 metres,Zebra crossing,Daylight: Street light present,Fine without high winds,Dry,None,None,1,Yes,E01003717,2005
9649,200501KG70303,548680.0,184500.0,0.14252,51.539769,1,3,2,1,12/07/2005,3,15:04,16,E09000002,5,0,Single carriageway,30,Giveway or uncontrolled,6,0,None within 50 metres,No physical crossing within 50 meters,Daylight: Street light present,Fine without high winds,Dry,None,None,1,Yes,E01000084,2005
9650,200501KG70304,544970.0,183720.0,0.08874,51.533724,1,3,2,1,02/06/2005,5,19:45,16,E09000002,5,0,Single carriageway,30,Giveway or uncontrolled,6,0,None within 50 metres,No physical crossing within 50 meters,Daylight: Street light present,Fine without high winds,Dry,None,None,1,No,E01000050,2005
9651,200501KG70305,548570.0,187960.0,0.142395,51.570887,1,3,1,1,14/07/2005,5,06:20,16,E09000002,3,1112,Single carriageway,30,Stop Sign,6,0,None within 50 metres,No physical crossing within 50 meters,Darkness: Street lights present and lit,Fine without high winds,Dry,None,None,1,Yes,E01000111,2005
9652,200501KG70306,549080.0,183940.0,0.148046,51.534632,1,3,2,1,08/07/2005,6,08:51,16,E09000002,3,1240,Single carriageway,30,None,-1,0,None within 50 metres,No physical crossing within 50 meters,Daylight: Street light present,Fine without high winds,Dry,None,None,1,Yes,E01000053,2005
9653,200501KG70307,550900.0,187290.0,0.175703,51.564249,1,3,4,1,27/06/2005,2,14:14,16,E09000002,5,0,Single carriageway,30,None,-1,0,None within 50 metres,No physical crossing within 50 meters,Daylight: Street light present,Fine without high winds,Dry,None,None,1,Yes,E01000038,2005
9654,200501KG70308,546960.0,183630.0,0.117373,51.532402,1,3,2,1,20/06/2005,2,08:15,16,E09000002,3,13,Dual carriageway,30,Automatic traffic signal,5,0,None within 50 metres,Pedestrian phase at traffic signal junction,Daylight: Street light present,Fine without high winds,Dry,None,None,1,No,E01000096,2005
9655,200501KG70309,544560.0,183830.0,0.082878,51.534818,1,3,2,1,05/07/2005,3,15:18,16,E09000002,3,123,Single carriageway,30,Giveway or uncontrolled,6,0,None within 50 metres,No physical crossing within 50 meters,Daylight: Street light present,Fine without high winds,Dry,None,None,1,No,E01000051,2005
9656,200501KG70310,549080.0,184250.0,0.148177,51.537417,1,3,2,1,12/07/2005,3,20:08,16,E09000002,3,1240,Single carriageway,30,Giveway or uncontrolled,6,0,None within 50 metres,No physical crossing within 50 meters,Daylight: Street light present,Fine without high winds,Dry,None,None,1,Yes,E01000086,2005
9657,200501KG70311,547250.0,185040.0,0.12214,51.544996,1,3,4,1,27/06/2005,2,11:08,16,E09000002,3,1153,Single carriageway,30,Giveway or uncontrolled,6,0,None within 50 metres,No physical crossing within 50 meters,Daylight: Street light present,Fine without high winds,Dry,None,None,1,Yes,E01000074,2005
9658,200501KG70312,550270.0,184880.0,0.165592,51.542762,1,3,2,1,16/07/2005,7,20:40,16,E09000002,3,1112,Single carriageway,30,None,-1,0,None within 50 metres,No physical crossing within 50 meters,Daylight: Street light present,Fine without high winds,Dry,None,None,1,Yes,E01000108,2005
9659,200501KG70313,548810.0,183540.0,0.143987,51.531109,1,3,2,2,03/07/2005,1,14:40,16,E09000002,3,1306,Dual carriageway,40,Automatic traffic signal,3,1306,None within 50 metres,No physical crossing within 50 meters,Daylight: Street light present,Fine without high winds,Dry,None,None,1,Yes,E01000095,2005
9660,200501KG70314,547240.0,184520.0,0.121779,51.540326,1,3,4,1,15/07/2005,6,19:00,16,E09000002,6,0,Single carriageway,30,None,-1,0,None within 50 metres,No physical crossing within 50 meters,Daylight: Street light present,Fine without high winds,Dry,None,None,1,Yes,E01000076,2005
9661,200501KG70315,547780.0,186220.0,0.130273,51.55546,1,3,2,2,21/07/2005,5,12:58,16,E09000002,5,0,Single carriageway,30,Giveway or uncontrolled,6,0,None within 50 metres,No physical crossing within 50 meters,Daylight: Street light present,Fine without high winds,Dry,None,None,1,Yes,E01000083,2005
9662,200501KG70316,548470.0,190110.0,0.141862,51.590231,1,2,3,1,08/07/2005,6,17:20,16,E09000002,3,1112,Single carriageway,30,None,-1,0,None within 50 metres,No physical crossing within 50 meters,Daylight: Street light present,Fine without high winds,Dry,None,None,1,Yes,E01000027,2005
9663,200501KG70317,545930.0,183940.0,0.102662,51.535454,1,3,1,1,08/07/2005,6,16:20,16,E09000002,3,123,Single carriageway,30,Automatic traffic signal,3,123,None within 50 metres,Pedestrian phase at traffic signal junction,Daylight: Street light present,Fine without high winds,Dry,None,None,1,Yes,E01000043,2005
9664,200501KG70318,549050.0,184860.0,0.148003,51.542906,1,3,1,2,19/07/2005,3,19:10,16,E09000002,3,1240,Single carriageway,30,Automatic traffic signal,3,1240,None within 50 metres,Pedestrian phase at traffic signal junction,Daylight: Street light present,Fine without high winds,Dry,None,None,1,Yes,E01000013,2005
9665,200501KG70319,547950.0,189790.0,0.134226,51.587493,1,3,2,2,19/07/2005,3,16:30,16,E09000002,6,0,Single carriageway,30,None,-1,0,None within 50 metres,No physical crossing within 50 meters,Daylight: Street light present,Fine without high winds,Dry,None,None,1,Yes,E01000027,2005
9666,200501KG70320,548050.0,185880.0,0.134022,51.552334,1,3,3,2,18/07/2005,2,19:00,16,E09000002,6,0,Single carriageway,30,Giveway or uncontrolled,3,124,None within 50 metres,No physical crossing within 50 meters,Daylight: Street light present,Fine without high winds,Dry,None,None,1,No,E01000078,2005
9667,200501KG70321,544410.0,184280.0,0.080901,51.5389,1,3,1,1,13/07/2005,4,07:05,16,E09000002,5,0,Single carriageway,30,None,-1,0,None within 50 metres,Zebra crossing,Daylight: Street light present,Fine without high winds,Dry,None,None,1,Yes,E01000007,2005
9668,200501KG70322,537880.0,183070.0,-0.013668,51.529658,1,2,2,1,19/07/2005,3,08:30,5,E09000030,3,11,Roundabout,30,Automatic traffic signal,3,12,None within 50 metres,Pedestrian phase at traffic signal junction,Daylight: Street light present,Fine without high winds,Dry,None,None,1,Yes,E01004235,2005
9669,200501KG70323,545230.0,185040.0,0.09303,51.545519,1,3,1,1,15/07/2005,6,15:49,16,E09000002,3,124,Single carriageway,30,None,-1,0,None within 50 metres,No physical crossing within 50 meters,Daylight: Street light present,Fine without high winds,Dry,None,None,1,Yes,E01000070,2005
9670,200501KG70324,546290.0,183620.0,0.107716,51.532486,1,3,2,1,12/07/2005,3,08:27,16,E09000002,3,13,One way street,20,None,-1,0,None within 50 metres,No physical crossing within 50 meters,Daylight: Street light present,Fine without high winds,Dry,None,None,1,No,E01000093,2005
9671,200501KG70325,548530.0,188090.0,0.141873,51.572065,1,3,2,2,15/07/2005,6,07:54,16,E09000002,3,118,Single carriageway,30,Automatic traffic signal,3,1112,None within 50 metres,Pedestrian phase at traffic signal junction,Daylight: Street light present,Fine without high winds,Dry,None,None,1,Yes,E01000112,2005
9672,200501KG70326,545470.0,183380.0,0.095803,51.530541,1,3,1,2,24/07/2005,1,05:12,16,E09000002,3,13,Dual carriageway,50,None,-1,0,None within 50 metres,No physical crossing within 50 meters,Daylight: Street light present,Fine without high winds,Dry,None,None,1,Yes,E01000092,2005
9673,200501KG70327,546520.0,182570.0,0.110593,51.522991,1,3,2,1,16/07/2005,7,18:33,16,E09000002,6,0,Single carriageway,30,Giveway or uncontrolled,6,0,None within 50 metres,No physical crossing within 50 meters,Daylight: Street light present,Fine without high winds,Dry,None,None,1,Yes,E01000092,2005
9674,200501KG70329,550540.0,182300.0,0.16838,51.519509,1,3,1,1,24/07/2005,1,15:29,15,E09000016,3,13,Roundabout,40,Giveway or uncontrolled,3,13,None within 50 metres,No physical crossing within 50 meters,Daylight: Street light present,Fine without high winds,Dry,None,None,1,Yes,E01002370,2005
9675,200501KG70330,547850.0,186220.0,0.131282,51.555442,1,3,2,1,26/07/2005,3,19:30,16,E09000002,6,0,Single carriageway,30,Giveway or uncontrolled,6,0,None within 50 metres,No physical crossing within 50 meters,Daylight: Street light present,Fine without high winds,Dry,None,None,1,Yes,E01000083,2005
9676,200501KG70331,548820.0,185400.0,0.144917,51.547819,1,3,1,1,21/07/2005,5,19:30,16,E09000002,6,0,Single carriageway,30,None,-1,0,None within 50 metres,No physical crossing within 50 meters,Daylight: Street light present,Fine without high winds,Dry,None,None,1,Yes,E01000017,2005
9677,200501KG70333,548810.0,183520.0,0.143979,51.530929,1,3,2,1,23/07/2005,7,20:00,16,E09000002,3,1306,Dual carriageway,40,Automatic traffic signal,3,1306,None within 50 metres,Pedestrian phase at traffic signal junction,Daylight: Street light present,Fine without high winds,Dry,None,None,1,Yes,E01000095,2005
9678,200501KG70334,544890.0,183800.0,0.08762,51.534464,1,3,2,1,24/07/2005,1,15:31,16,E09000002,3,123,Single carriageway,30,Giveway or uncontrolled,5,0,None within 50 metres,No physical crossing within 50 meters,Daylight: Street light present,Raining without high winds,Wet/Damp,None,None,1,Yes,E01000050,2005
9679,200501KG70335,543640.0,183910.0,0.069655,51.535771,1,3,2,1,25/07/2005,2,17:55,17,E09000025,3,406,Dual carriageway,50,None,-1,0,None within 50 metres,No physical crossing within 50 meters,Daylight: Street light present,Fine without high winds,Dry,None,None,1,Yes,E01003622,2005
9680,200501KG70336,548240.0,185920.0,0.136777,51.552644,1,3,1,2,29/07/2005,6,01:06,16,E09000002,3,124,Single carriageway,30,Giveway or uncontrolled,3,124,None within 50 metres,No physical crossing within 50 meters,Darkness: Street lights present and lit,Fine without high winds,Dry,None,None,1,Yes,E01000065,2005
9681,200501KG70337,548490.0,190460.0,0.142298,51.593371,1,3,2,1,26/05/2005,5,16:10,16,E09000002,5,0,Roundabout,30,Giveway or uncontrolled,3,1112,None within 50 metres,No physical crossing within 50 meters,Daylight: Street light present,Fine without high winds,Dry,None,None,2,Yes,E01000027,2005
9682,200501KG70338,546090.0,183780.0,0.104901,51.533975,1,2,1,1,20/07/2005,4,16:28,16,E09000002,3,123,Single carriageway,30,Giveway or uncontrolled,6,0,None within 50 metres,No physical crossing within 50 meters,Daylight: Street light present,Fine without high winds,Dry,None,None,1,Yes,E01000045,2005
9683,200501KG70339,544360.0,183850.0,0.080005,51.535049,1,3,2,1,29/07/2005,6,14:13,16,E09000002,3,124,Dual carriageway,30,None,-1,0,None within 50 metres,No physical crossing within 50 meters,Daylight: Street light present,Fine without high winds,Dry,None,None,1,Yes,E01000010,2005
9684,200501KG70340,547780.0,185730.0,0.130068,51.551057,1,2,2,1,29/07/2005,6,13:00,16,E09000002,3,1153,Dual carriageway,30,Giveway or uncontrolled,3,1153,None within 50 metres,No physical crossing within 50 meters,Daylight: Street light present,Fine without high winds,Dry,None,None,1,No,E01000077,2005
9685,200501KG70341,548920.0,186430.0,0.146794,51.557047,1,3,2,1,31/07/2005,1,16:00,16,E09000002,3,124,Single carriageway,30,Automatic traffic signal,3,1240,None within 50 metres,No physical crossing within 50 meters,Daylight: Street light present,Fine without high winds,Dry,None,None,1,No,E01000063,2005
9686,200501KG70342,548820.0,187320.0,0.145729,51.56507,1,3,2,1,20/07/2005,4,17:15,16,E09000002,3,1112,Single carriageway,30,None,-1,0,None within 50 metres,No physical crossing within 50 meters,Daylight: Street light present,Fine without high winds,Dry,None,None,1,No,E01000111,2005
9687,200501KG70343,546450.0,183750.0,0.110075,51.533612,1,3,1,1,29/07/2005,6,22:38,16,E09000002,3,1153,Single carriageway,30,None,-1,0,None within 50 metres,No physical crossing within 50 meters,Darkness: Street lights present and lit,Fine without high winds,Dry,None,None,1,Yes,E01000045,2005
9688,200501KG70344,545000.0,183770.0,0.089193,51.534166,1,3,4,1,23/07/2005,7,11:00,16,E09000002,6,0,Single carriageway,30,None,-1,0,None within 50 metres,No physical crossing within 50 meters,Daylight: Street light present,Fine without high winds,Dry,None,None,1,No,E01000052,2005
9689,200501KG70347,546340.0,183660.0,0.108453,51.532832,1,3,2,1,31/07/2005,1,20:00,16,E09000002,3,123,Roundabout,30,Giveway or uncontrolled,3,13,None within 50 metres,No physical crossing within 50 meters,Daylight: Street light present,Fine without high winds,Dry,None,None,1,Yes,E01000045,2005
9690,200501KG70348,546850.0,183650.0,0.115797,51.53261,1,3,2,1,07/08/2005,1,23:10,16,E09000002,3,13,Dual carriageway,50,None,-1,0,None within 50 metres,No physical crossing within 50 meters,Darkness: Street lights present and lit,Fine without high winds,Dry,None,None,1,Yes,E01000096,2005
9691,200501KG70349,548400.0,186630.0,0.139383,51.558981,1,3,1,1,20/07/2005,4,08:14,16,E09000002,5,0,Single carriageway,30,Giveway or uncontrolled,6,0,None within 50 metres,No physical crossing within 50 meters,Daylight: Street light present,Fine without high winds,Dry,None,None,1,Yes,E01000100,2005
9692,200501KG70350,547660.0,183570.0,0.127433,51.53168,1,3,3,2,01/08/2005,2,12:25,16,E09000002,3,13,Dual carriageway,50,Giveway or uncontrolled,5,0,None within 50 metres,No physical crossing within 50 meters,Daylight: Street light present,Fine without high winds,Dry,None,None,1,Yes,E01000095,2005
9693,200501KG70351,546890.0,184460.0,0.116711,51.539878,1,3,2,1,02/08/2005,3,16:55,16,E09000002,6,0,Single carriageway,30,None,-1,0,None within 50 metres,No physical crossing within 50 meters,Daylight: Street light present,Fine without high winds,Dry,None,None,1,Yes,E01000072,2005
9694,200501KG70352,548960.0,186950.0,0.147591,51.561709,1,3,2,2,08/08/2005,2,20:30,16,E09000002,3,1112,Dual carriageway,50,Automatic traffic signal,6,0,None within 50 metres,Pedestrian phase at traffic signal junction,Darkness: Street lights present and lit,Fine without high winds,Dry,None,None,1,Yes,E01000114,2005
9695,200501KG70353,547790.0,186010.0,0.130329,51.55357,1,3,1,2,30/07/2005,7,22:15,16,E09000002,5,0,Dual carriageway,30,None,-1,0,None within 50 metres,No physical crossing within 50 meters,Darkness: Street lights present and lit,Fine without high winds,Dry,None,None,1,Yes,E01000083,2005
9696,200501KG70354,545210.0,183320.0,0.092033,51.530069,1,3,3,1,28/07/2005,5,16:39,16,E09000002,3,13,Dual carriageway,50,Giveway or uncontrolled,6,0,None within 50 metres,No physical crossing within 50 meters,Daylight: Street light present,Fine without high winds,Dry,None,None,1,Yes,E01000052,2005
9697,200501KG70355,550400.0,186020.0,0.167952,51.552971,1,2,2,2,31/07/2005,1,07:30,16,E09000002,5,0,Single carriageway,30,Giveway or uncontrolled,6,0,None within 50 metres,No physical crossing within 50 meters,Daylight: Street light present,Fine without high winds,Dry,None,None,1,Yes,E01000039,2005
9698,200501KG70356,546370.0,181910.0,0.108159,51.5171,1,3,2,1,31/07/2005,1,12:15,16,E09000002,5,0,Single carriageway,30,Giveway or uncontrolled,6,0,None within 50 metres,No physical crossing within 50 meters,Daylight: Street light present,Fine without high winds,Dry,None,None,1,Yes,E01000092,2005
9699,200501KG70357,549110.0,186250.0,0.149456,51.55538,1,3,2,1,05/02/2005,7,13:45,16,E09000002,6,0,Single carriageway,30,Giveway or uncontrolled,6,0,None within 50 metres,No physical crossing within 50 meters,Daylight: Street light present,Fine without high winds,Dry,None,None,1,No,E01000062,2005
9700,200501KG70358,546010.0,183890.0,0.103794,51.534984,1,3,1,1,11/04/2005,2,08:20,16,E09000002,3,123,Single carriageway,30,None,-1,0,None within 50 metres,No physical crossing within 50 meters,Daylight: Street light present,Fine without high winds,Dry,None,None,1,No,E01000043,2005
9701,200501KG70363,548810.0,183530.0,0.143983,51.531019,1,3,2,1,05/03/2005,7,16:25,16,E09000002,3,1306,Single carriageway,30,Automatic traffic signal,3,1306,None within 50 metres,Pedestrian phase at traffic signal junction,Daylight: Street light present,Fine without high winds,Dry,None,None,1,Yes,E01000095,2005
9702,200501KG70364,550170.0,184340.0,0.16392,51.537937,1,3,2,2,14/02/2005,2,16:45,16,E09000002,4,178,Single carriageway,30,Giveway or uncontrolled,6,0,None within 50 metres,No physical crossing within 50 meters,Daylight: Street light present,Fine without high winds,Dry,None,None,1,No,E01000104,2005
9703,200501KG70365,549360.0,183470.0,0.151881,51.530335,1,3,2,1,06/03/2005,1,11:46,16,E09000002,3,1306,Dual carriageway,40,None,-1,0,None within 50 metres,No physical crossing within 50 meters,Daylight: Street light present,Fine without high winds,Dry,None,None,1,No,E01000087,2005
9704,200501KG70366,545530.0,184600.0,0.097172,51.541488,1,3,2,1,14/07/2005,5,22:30,16,E09000002,5,0,Single carriageway,30,Giveway or uncontrolled,6,0,None within 50 metres,No physical crossing within 50 meters,Darkness: Street lights present and lit,Fine without high winds,Dry,None,None,1,No,E01000071,2005
9705,200501KG70367,548470.0,190160.0,0.141883,51.590681,1,3,2,1,14/07/2005,5,16:15,16,E09000002,3,1112,Dual carriageway,30,Giveway or uncontrolled,6,0,None within 50 metres,No physical crossing within 50 meters,Daylight: Street light present,Fine without high winds,Dry,None,None,1,No,E01000027,2005
9706,200501KG70368,550140.0,185960.0,0.164179,51.552501,1,3,2,1,12/08/2005,6,18:34,16,E09000002,5,0,Single carriageway,30,None,-1,0,None within 50 metres,No physical crossing within 50 meters,Daylight: Street light present,Fine without high winds,Dry,None,None,1,Yes,E01000034,2005
9707,200501KG70369,544440.0,184320.0,0.08135,51.539252,1,3,2,2,12/08/2005,6,15:45,16,E09000002,5,0,Single carriageway,30,None,-1,0,None within 50 metres,No physical crossing within 50 meters,Daylight: Street light present,Fine without high winds,Dry,None,None,1,Yes,E01000007,2005
9708,200501KG70370,546290.0,183620.0,0.107716,51.532486,1,3,4,3,19/07/2005,3,17:00,16,E09000002,3,13,Dual carriageway,50,None,-1,0,None within 50 metres,No physical crossing within 50 meters,Daylight: Street light present,Fine without high winds,Dry,None,None,1,Yes,E01000093,2005
9709,200501KG70371,547900.0,185830.0,0.131839,51.551924,1,3,2,1,03/08/2005,4,18:59,16,E09000002,3,124,Single carriageway,30,None,-1,0,None within 50 metres,No physical crossing within 50 meters,Daylight: Street light present,Fine without high winds,Dry,None,None,1,Yes,E01000078,2005
9710,200501KG70372,546990.0,186020.0,0.118803,51.553869,1,3,2,1,12/08/2005,6,18:57,16,E09000002,6,0,Single carriageway,30,Giveway or uncontrolled,6,0,None within 50 metres,No physical crossing within 50 meters,Daylight: Street light present,Fine without high winds,Dry,None,None,1,Yes,E01000022,2005
9711,200501KG70374,548860.0,188180.0,0.14667,51.572787,1,2,1,1,13/08/2005,7,10:37,16,E09000002,3,118,Single carriageway,30,None,-1,0,None within 50 metres,No physical crossing within 50 meters,Daylight: Street light present,Fine without high winds,Dry,None,None,1,Yes,E01000110,2005
9712,200501KG70375,547670.0,185570.0,0.128415,51.549648,1,2,1,1,16/08/2005,3,18:40,16,E09000002,3,1153,Single carriageway,30,Giveway or uncontrolled,6,0,None within 50 metres,No physical crossing within 50 meters,Daylight: Street light present,Fine without high winds,Dry,None,None,1,Yes,E01000077,2005
9713,200501KG70376,546600.0,183640.0,0.112191,51.532585,1,3,2,1,23/07/2005,7,15:00,16,E09000002,3,13,Dual carriageway,70,None,-1,0,None within 50 metres,No physical crossing within 50 meters,Daylight: Street light present,Fine without high winds,Dry,None,None,1,No,E01000096,2005
9714,200501KG70377,547380.0,185120.0,0.124047,51.54568,1,3,2,1,14/07/2005,5,09:50,16,E09000002,3,1153,Single carriageway,30,Giveway or uncontrolled,5,0,None within 50 metres,No physical crossing within 50 meters,Daylight: Street light present,Fine without high winds,Dry,None,None,1,No,E01000075,2005
9715,200501KG70378,548970.0,185770.0,0.147235,51.551104,1,3,2,1,23/08/2005,3,18:40,16,E09000002,3,1240,Single carriageway,30,Automatic traffic signal,5,0,None within 50 metres,Pedestrian phase at traffic signal junction,Daylight: Street light present,Fine without high winds,Dry,None,None,1,No,E01000065,2005
9716,200501KG70379,546490.0,183640.0,0.110606,51.532614,1,3,1,1,10/08/2005,4,21:27,16,E09000002,3,13,Dual carriageway,40,None,-1,0,None within 50 metres,No physical crossing within 50 meters,Darkness: Street lights present and lit,Fine without high winds,Dry,None,None,1,Yes,E01000096,2005
9717,200501KG70381,547160.0,186980.0,0.121654,51.562451,1,3,1,2,01/08/2005,2,10:45,16,E09000002,3,1083,Single carriageway,30,Giveway or uncontrolled,6,0,None within 50 metres,non-junction pedestrian crossing,Daylight: Street light present,Fine without high winds,Dry,None,None,1,Yes,E01000026,2005
9718,200501KG70382,547730.0,186900.0,0.129838,51.561583,1,3,2,2,07/08/2005,1,17:46,16,E09000002,3,1083,Single carriageway,30,Automatic traffic signal,5,0,None within 50 metres,Pedestrian phase at traffic signal junction,Daylight: Street light present,Fine without high winds,Dry,None,None,1,Yes,E01000099,2005
9719,200501KG70383,549870.0,182600.0,0.158858,51.522382,1,3,2,1,11/08/2005,5,10:00,16,E09000002,3,13,Dual carriageway,70,None,-1,0,None within 50 metres,No physical crossing within 50 meters,Daylight: Street light present,Fine without high winds,Dry,None,None,1,Yes,E01000090,2005
9720,200501KG70384,549650.0,183750.0,0.156177,51.532774,1,3,2,1,22/08/2005,2,13:29,16,E09000002,6,0,Single carriageway,30,Automatic traffic signal,4,178,None within 50 metres,Pedestrian phase at traffic signal junction,Daylight: Street light present,Raining without high winds,Wet/Damp,None,None,1,Yes,E01000088,2005
9721,200501KG70385,548020.0,185870.0,0.133585,51.552252,1,3,1,1,11/08/2005,5,12:22,16,E09000002,3,124,Single carriageway,30,None,-1,0,None within 50 metres,Zebra crossing,Daylight: Street light present,Fine without high winds,Dry,None,None,1,Yes,E01000078,2005
9722,200501KG70386,548700.0,183170.0,0.142246,51.527813,1,3,2,1,16/08/2005,3,08:40,16,E09000002,3,13,Dual carriageway,50,None,-1,0,None within 50 metres,No physical crossing within 50 meters,Daylight: Street light present,Fine without high winds,Dry,None,None,1,Yes,E01000095,2005
9723,200501KG70387,550080.0,185930.0,0.163301,51.552247,1,3,1,1,10/08/2005,4,20:51,16,E09000002,5,0,Single carriageway,30,None,-1,0,None within 50 metres,No physical crossing within 50 meters,Darkness: Street lights present and lit,Fine without high winds,Dry,None,None,1,Yes,E01000035,2005
9724,200501KG70388,548810.0,184050.0,0.144203,51.535691,1,3,1,1,02/08/2005,3,18:10,16,E09000002,6,0,Single carriageway,30,Giveway or uncontrolled,6,0,None within 50 metres,No physical crossing within 50 meters,Daylight: Street light present,Fine without high winds,Dry,None,None,1,No,E01000086,2005
9725,200501KG70389,545310.0,183920.0,0.093721,51.535434,1,3,2,1,02/08/2005,3,16:00,16,E09000002,3,123,Single carriageway,30,Automatic traffic signal,6,0,None within 50 metres,No physical crossing within 50 meters,Daylight: Street light present,Fine without high winds,Dry,None,None,1,Yes,E01000040,2005
9726,200501KG70391,549130.0,185780.0,0.149546,51.551151,1,3,2,1,22/08/2005,2,16:55,16,E09000002,5,0,Single carriageway,30,Giveway or uncontrolled,6,0,None within 50 metres,No physical crossing within 50 meters,Daylight: Street light present,Fine without high winds,Dry,None,None,1,Yes,E01000017,2005
9727,200501KG70392,548190.0,183560.0,0.135064,51.531451,1,3,2,2,22/08/2005,2,13:40,16,E09000002,3,13,Dual carriageway,70,None,-1,0,None within 50 metres,No physical crossing within 50 meters,Daylight: Street light present,Raining without high winds,Wet/Damp,None,None,1,Yes,E01000095,2005
9728,200501KG70393,546250.0,183620.0,0.10714,51.532496,1,3,3,1,24/08/2005,4,08:00,16,E09000002,3,13,Dual carriageway,50,None,-1,0,None within 50 metres,No physical crossing within 50 meters,Daylight: Street light present,Fine without high winds,Dry,None,None,1,Yes,E01000045,2005
9729,200501KG70394,547820.0,184380.0,0.130077,51.538916,1,3,1,1,06/07/2005,4,18:35,16,E09000002,5,0,Single carriageway,30,None,-1,0,None within 50 metres,No physical crossing within 50 meters,Daylight: Street light present,Fine without high winds,Dry,None,None,1,Yes,E01000057,2005
9730,200501KG70395,545750.0,185410.0,0.100677,51.548709,1,2,2,2,28/08/2005,1,11:34,16,E09000002,6,0,Single carriageway,30,Giveway or uncontrolled,3,124,None within 50 metres,Zebra crossing,Daylight: Street light present,Fine without high winds,Dry,None,None,1,Yes,E01003741,2005
9731,200501KG70396,544180.0,183720.0,0.077358,51.533927,1,3,1,1,24/08/2005,4,10:00,16,E09000002,3,123,Single carriageway,30,None,-1,0,None within 50 metres,non-junction pedestrian crossing,Daylight: Street light present,Fine without high winds,Dry,None,None,1,Yes,E01000047,2005
9732,200501KG70397,548110.0,183410.0,0.133848,51.530125,1,3,2,1,29/08/2005,2,13:00,16,E09000002,6,0,Single carriageway,30,Giveway or uncontrolled,6,0,None within 50 metres,No physical crossing within 50 meters,Daylight: Street light present,Fine without high winds,Dry,None,None,1,Yes,E01000095,2005
9733,200501KG70398,550890.0,186980.0,0.175426,51.561466,1,3,2,1,30/08/2005,3,06:31,16,E09000002,5,0,Single carriageway,30,Giveway or uncontrolled,6,0,None within 50 metres,No physical crossing within 50 meters,Daylight: Street light present,Fine without high winds,Dry,None,None,1,Yes,E01000037,2005
9734,200501KG70399,548560.0,186080.0,0.141457,51.553997,1,3,2,1,27/08/2005,7,20:40,16,E09000002,6,0,Single carriageway,30,Giveway or uncontrolled,3,124,None within 50 metres,Zebra crossing,Darkness: Street lights present and lit,Fine without high winds,Dry,None,None,1,Yes,E01000065,2005
9735,200501KG70400,543800.0,184130.0,0.07205,51.537708,1,3,2,2,19/08/2005,6,15:46,16,E09000002,3,123,Roundabout,30,Giveway or uncontrolled,3,124,None within 50 metres,No physical crossing within 50 meters,Daylight: Street light present,Raining without high winds,Wet/Damp,None,None,1,Yes,E01000008,2005
9736,200501KG70402,548970.0,186590.0,0.147582,51.558472,1,3,4,1,26/08/2005,6,22:25,16,E09000002,6,0,Single carriageway,30,Giveway or uncontrolled,3,124,None within 50 metres,No physical crossing within 50 meters,Darkness: Street lights present and lit,Fine without high winds,Dry,None,None,1,Yes,E01000101,2005
9737,200501KG70404,549910.0,185840.0,0.160813,51.551484,1,3,1,1,03/09/2005,7,14:45,16,E09000002,3,1112,Single carriageway,30,Automatic traffic signal,5,0,None within 50 metres,Pedestrian phase at traffic signal junction,Daylight: Street light present,Fine without high winds,Dry,None,None,1,Yes,E01000035,2005
9738,200501KG70406,547440.0,184150.0,0.124506,51.536949,1,3,1,1,20/07/2005,4,19:10,16,E09000002,6,0,Single carriageway,30,None,-1,0,None within 50 metres,No physical crossing within 50 meters,Daylight: Street light present,Fine without high winds,Dry,None,None,1,No,E01000055,2005
9739,200501KG70407,544410.0,183030.0,0.080389,51.527668,1,3,2,1,21/08/2005,1,21:10,17,E09000025,3,13,Dual carriageway,40,None,-1,0,None within 50 metres,No physical crossing within 50 meters,Darkness: Street lights present and lit,Fine without high winds,Dry,None,None,1,Yes,,2005
9740,200501KG70408,547120.0,186330.0,0.120806,51.556621,1,3,2,1,04/09/2005,1,12:40,16,E09000002,5,0,Single carriageway,30,None,-1,0,None within 50 metres,No physical crossing within 50 meters,Daylight: Street light present,Fine without high winds,Dry,None,None,1,Yes,E01000019,2005
9741,200501KG70409,550260.0,184720.0,0.165379,51.541327,1,3,2,2,30/08/2005,3,18:35,16,E09000002,6,0,Single carriageway,30,Giveway or uncontrolled,3,1112,None within 50 metres,No physical crossing within 50 meters,Daylight: Street light present,Fine without high winds,Dry,None,None,1,Yes,E01000108,2005
9742,200501KG70410,543960.0,184420.0,0.074474,51.540273,1,3,2,2,09/08/2005,3,22:22,16,E09000002,3,124,Single carriageway,30,Automatic traffic signal,3,124,None within 50 metres,Pedestrian phase at traffic signal junction,Darkness: Street lights present and lit,Fine without high winds,Dry,None,None,1,Yes,E01000007,2005
9743,200501KG70411,548450.0,189070.0,0.141134,51.580892,1,3,2,3,22/08/2005,2,23:10,16,E09000002,3,1112,Single carriageway,30,Automatic traffic signal,3,12,None within 50 metres,Pedestrian phase at traffic signal junction,Darkness: Street lights present and lit,Raining without high winds,Wet/Damp,None,None,1,Yes,E01000030,2005
9744,200501KG70412,545640.0,183170.0,0.098166,51.52861,1,2,1,1,27/08/2005,7,18:36,16,E09000002,6,0,Single carriageway,30,None,-1,0,None within 50 metres,No physical crossing within 50 meters,Daylight: Street light present,Fine without high winds,Dry,None,None,1,Yes,E01000093,2005
9745,200501KG70414,544560.0,184530.0,0.083165,51.541108,1,3,1,1,30/08/2005,3,03:45,16,E09000002,3,123,Roundabout,30,Giveway or uncontrolled,3,124,None within 50 metres,No physical crossing within 50 meters,Darkness: Street lights present and lit,Fine without high winds,Dry,None,None,1,Yes,E01000009,2005
9746,200501KG70415,547700.0,187220.0,0.12954,51.564466,1,3,2,2,10/09/2005,7,11:30,16,E09000002,5,0,Single carriageway,30,Giveway or uncontrolled,6,0,None within 50 metres,No physical crossing within 50 meters,Daylight: Street light present,Fine without high winds,Dry,None,None,1,Yes,E01000097,2005
9747,200501KG70417,545290.0,183930.0,0.093437,51.535529,1,3,2,1,08/09/2005,5,07:59,16,E09000002,3,123,Single carriageway,30,Giveway or uncontrolled,6,0,None within 50 metres,No physical crossing within 50 meters,Daylight: Street light present,Fine without high winds,Dry,None,None,1,Yes,E01000044,2005
9748,200501KG70418,545930.0,183940.0,0.102662,51.535454,1,3,2,1,08/09/2005,5,17:25,16,E09000002,3,123,Single carriageway,30,Giveway or uncontrolled,5,0,None within 50 metres,No physical crossing within 50 meters,Daylight: Street light present,Fine without high winds,Dry,None,None,1,Yes,E01000043,2005
9749,200501KG70419,548680.0,186120.0,0.143204,51.554325,1,3,2,1,01/09/2005,5,21:15,16,E09000002,3,124,Single carriageway,30,Giveway or uncontrolled,6,0,None within 50 metres,non-junction pedestrian crossing,Darkness: Street lights present and lit,Fine without high winds,Dry,None,None,1,Yes,E01000065,2005
9750,200501KG70420,548660.0,189060.0,0.144158,51.580747,1,2,2,1,23/08/2005,3,17:30,16,E09000002,3,12,Dual carriageway,50,None,-1,0,None within 50 metres,No physical crossing within 50 meters,Daylight: Street light present,Fine without high winds,Dry,None,None,1,Yes,E01000031,2005
9751,200501KG70421,545530.0,184600.0,0.097172,51.541488,1,3,3,3,15/09/2005,5,19:09,16,E09000002,5,0,Single carriageway,30,Giveway or uncontrolled,6,0,None within 50 metres,No physical crossing within 50 meters,Daylight: Street light present,Fine without high winds,Dry,None,None,1,Yes,E01000071,2005
9752,200501KG70422,546400.0,183090.0,0.109081,51.527695,1,3,1,1,14/09/2005,4,16:15,16,E09000002,5,0,Single carriageway,30,None,-1,0,None within 50 metres,No physical crossing within 50 meters,Daylight: Street light present,Fine without high winds,Dry,None,None,1,Yes,E01000091,2005
9753,200501KG70424,547730.0,186900.0,0.129838,51.561583,1,3,2,4,11/09/2005,1,16:30,16,E09000002,3,1083,Single carriageway,30,Automatic traffic signal,5,0,None within 50 metres,Pedestrian phase at traffic signal junction,Daylight: Street light present,Fine without high winds,Dry,None,None,1,Yes,E01000099,2005
9754,200501KG70425,549540.0,186980.0,0.155965,51.561825,1,3,2,1,08/09/2005,5,17:10,16,E09000002,3,124,Single carriageway,30,Giveway or uncontrolled,6,0,None within 50 metres,No physical crossing within 50 meters,Daylight: Street light present,Fine without high winds,Dry,None,None,1,Yes,E01000061,2005
9755,200501KG70426,546610.0,184580.0,0.112726,51.541029,1,2,3,2,19/09/2005,2,08:57,16,E09000002,3,1153,Single carriageway,30,Giveway or uncontrolled,3,1153,None within 50 metres,Zebra crossing,Daylight: Street light present,Fine without high winds,Dry,None,None,1,Yes,E01000072,2005
9756,200501KG70427,547850.0,186220.0,0.131282,51.555442,1,3,2,2,16/09/2005,6,18:59,16,E09000002,6,0,Single carriageway,30,Giveway or uncontrolled,6,0,None within 50 metres,No physical crossing within 50 meters,Darkness: Street lights present and lit,Fine without high winds,Dry,None,None,1,Yes,E01000083,2005
9757,200501KG70428,547650.0,183590.0,0.127297,51.531862,1,3,2,1,13/05/2005,6,16:45,16,E09000002,5,0,Dual carriageway,50,Giveway or uncontrolled,3,13,None within 50 metres,No physical crossing within 50 meters,Daylight: Street light present,Fine without high winds,Dry,None,None,1,No,E01000096,2005
9758,200501KG70429,544800.0,183770.0,0.086311,51.534217,1,2,1,1,14/09/2005,4,10:30,16,E09000002,3,123,Single carriageway,30,None,-1,0,None within 50 metres,No physical crossing within 50 meters,Daylight: Street light present,Fine without high winds,Dry,None,None,1,Yes,E01000050,2005
9759,200501KG70430,545640.0,183330.0,0.098232,51.530048,1,3,2,2,15/08/2005,2,10:40,16,E09000002,6,0,Single carriageway,30,None,-1,0,None within 50 metres,No physical crossing within 50 meters,Daylight: Street light present,Fine without high winds,Dry,None,None,1,No,E01000092,2005
9760,200501KG70431,544650.0,183750.0,0.084142,51.534076,1,3,2,1,10/05/2005,3,17:30,16,E09000002,3,123,Roundabout,30,Giveway or uncontrolled,6,0,None within 50 metres,No physical crossing within 50 meters,Daylight: Street light present,Fine without high winds,Dry,None,None,1,No,E01000050,2005
9761,200501KG70432,548970.0,186590.0,0.147582,51.558472,1,3,2,1,16/09/2005,6,18:00,16,E09000002,3,124,Dual carriageway,30,Giveway or uncontrolled,6,0,None within 50 metres,No physical crossing within 50 meters,Daylight: Street light present,Fine without high winds,Dry,None,None,1,No,E01000101,2005
9762,200501KG70433,548280.0,183830.0,0.136474,51.533854,1,3,2,2,17/08/2005,4,17:10,16,E09000002,6,0,Single carriageway,30,None,-1,0,None within 50 metres,No physical crossing within 50 meters,Daylight: Street light present,Fine without high winds,Dry,None,None,1,No,E01000056,2005
9763,200501KG70434,548370.0,185830.0,0.138613,51.551801,1,3,2,1,02/09/2005,6,16:32,16,E09000002,5,0,Single carriageway,30,Giveway or uncontrolled,6,0,None within 50 metres,No physical crossing within 50 meters,Daylight: Street light present,Fine without high winds,Dry,None,None,1,Yes,E01000081,2005
9764,200501KG70435,543920.0,184100.0,0.073767,51.537407,1,3,3,2,21/07/2005,5,07:30,16,E09000002,6,0,Single carriageway,30,Giveway or uncontrolled,3,123,None within 50 metres,No physical crossing within 50 meters,Daylight: Street light present,Fine without high winds,Dry,None,None,1,No,E01000010,2005
9765,200501KG70436,546540.0,185780.0,0.112217,51.551829,1,3,2,1,24/07/2005,1,17:15,16,E09000002,6,0,One way street,30,Giveway or uncontrolled,3,124,None within 50 metres,No physical crossing within 50 meters,Daylight: Street light present,Fine without high winds,Dry,None,None,1,No,E01000023,2005
9766,200501KG70437,544430.0,184510.0,0.081284,51.540961,1,3,2,1,30/08/2005,3,14:00,16,E09000002,3,124,Dual carriageway,50,None,-1,0,None within 50 metres,No physical crossing within 50 meters,Daylight: Street light present,Fine without high winds,Dry,None,None,1,No,E01000009,2005
9767,200501KG70438,548230.0,185910.0,0.136629,51.552556,1,3,2,1,13/09/2005,3,15:05,16,E09000002,3,124,Single carriageway,30,Giveway or uncontrolled,5,0,None within 50 metres,Zebra crossing,Daylight: Street light present,Fine without high winds,Dry,None,None,1,No,E01000065,2005
9768,200501KG70439,546350.0,183680.0,0.108606,51.533009,1,3,2,1,15/09/2005,5,16:50,16,E09000002,3,1153,Roundabout,30,Giveway or uncontrolled,3,13,None within 50 metres,No physical crossing within 50 meters,Daylight: Street light present,Raining without high winds,Wet/Damp,None,None,1,Yes,E01000045,2005
9769,200501KG70440,548720.0,184500.0,0.143096,51.539758,1,3,2,1,14/09/2005,4,15:45,16,E09000002,5,0,Single carriageway,30,None,-1,0,None within 50 metres,No physical crossing within 50 meters,Daylight: Street light present,Fine without high winds,Dry,None,None,1,Yes,E01000084,2005
9770,200501KG70441,549350.0,184550.0,0.152195,51.540041,1,3,2,1,26/09/2005,2,09:10,16,E09000002,6,0,Single carriageway,30,None,-1,0,None within 50 metres,No physical crossing within 50 meters,Daylight: Street light present,Fine without high winds,Dry,None,None,1,No,E01000085,2005
9771,200501KG70442,549080.0,184060.0,0.148097,51.53571,1,3,2,1,23/09/2005,6,17:20,16,E09000002,3,1240,Single carriageway,30,None,-1,0,None within 50 metres,No physical crossing within 50 meters,Daylight: Street light present,Fine without high winds,Wet/Damp,None,None,1,No,E01000086,2005
9772,200501KG70443,546430.0,183640.0,0.109741,51.532629,1,3,2,2,11/09/2005,1,20:40,16,E09000002,3,13,Single carriageway,30,Automatic traffic signal,3,1153,None within 50 metres,No physical crossing within 50 meters,Daylight: Street light present,Fine without high winds,Dry,None,None,1,Yes,E01000096,2005
9773,200501KG70445,547670.0,183580.0,0.127581,51.531767,1,3,2,1,16/09/2005,6,16:00,16,E09000002,3,13,Dual carriageway,40,Giveway or uncontrolled,5,0,None within 50 metres,No physical crossing within 50 meters,Daylight: Street light present,Fine without high winds,Dry,None,None,1,Yes,E01000095,2005
9774,200501KG70446,543800.0,184120.0,0.072046,51.537618,1,3,2,2,16/09/2005,6,18:08,16,E09000002,3,124,Single carriageway,30,Automatic traffic signal,3,124,None within 50 metres,No physical crossing within 50 meters,Daylight: Street light present,Fine without high winds,Dry,None,None,1,No,E01000008,2005
9775,200501KG70447,549300.0,185290.0,0.151788,51.546704,1,3,2,1,25/08/2005,5,13:00,16,E09000002,6,0,Single carriageway,30,Giveway or uncontrolled,6,0,None within 50 metres,No physical crossing within 50 meters,Daylight: Street light present,Fine without high winds,Dry,None,None,1,No,E01000018,2005
9776,200501KG70448,548860.0,187190.0,0.146251,51.563892,1,3,2,1,17/09/2005,7,17:48,16,E09000002,3,1112,Single carriageway,30,Giveway or uncontrolled,6,0,None within 50 metres,No physical crossing within 50 meters,Daylight: Street light present,Fine without high winds,Dry,None,None,1,Yes,E01000114,2005
9777,200501KG70449,547640.0,183580.0,0.127149,51.531775,1,3,2,2,07/09/2005,4,07:54,16,E09000002,5,0,Dual carriageway,50,Giveway or uncontrolled,3,13,None within 50 metres,No physical crossing within 50 meters,Daylight: Street light present,Fine without high winds,Dry,None,None,1,Yes,E01000096,2005
9778,200501KG70450,546420.0,183720.0,0.109631,51.533351,1,2,3,1,12/09/2005,2,23:55,16,E09000002,3,1153,Roundabout,30,Giveway or uncontrolled,3,13,None within 50 metres,No physical crossing within 50 meters,Darkness: Street lights present and lit,Fine without high winds,Dry,None,None,1,No,E01000045,2005
9779,200501KG70451,548710.0,183110.0,0.142365,51.527271,1,3,2,1,11/08/2005,5,00:01,16,E09000002,3,13,Dual carriageway,70,None,-1,0,None within 50 metres,No physical crossing within 50 meters,Darkness: Street lights present and lit,Fine without high winds,Dry,None,None,1,No,E01000095,2005
9780,200501KG70453,548970.0,186680.0,0.147621,51.55928,1,3,2,1,15/08/2005,2,07:15,16,E09000002,6,0,Single carriageway,30,Giveway or uncontrolled,3,124,None within 50 metres,No physical crossing within 50 meters,Daylight: Street light present,Fine without high winds,Dry,None,None,1,Yes,E01000101,2005
9781,200501KG70454,543800.0,184130.0,0.07205,51.537708,1,3,2,1,28/09/2005,4,17:15,16,E09000002,3,124,Roundabout,30,Giveway or uncontrolled,3,124,None within 50 metres,Zebra crossing,Daylight: Street light present,Fine without high winds,Dry,None,None,1,Yes,E01000008,2005
9782,200501KG70455,547580.0,183550.0,0.126272,51.531521,1,2,3,1,07/09/2005,4,07:11,16,E09000002,3,13,Dual carriageway,50,None,-1,0,None within 50 metres,No physical crossing within 50 meters,Daylight: Street light present,Fine without high winds,Dry,None,None,1,Yes,E01000095,2005
9783,200501KG70456,545310.0,183180.0,0.093416,51.528785,1,3,2,1,27/09/2005,3,21:33,16,E09000002,5,0,Single carriageway,30,Giveway or uncontrolled,6,0,None within 50 metres,No physical crossing within 50 meters,Daylight: Street light present,Fine without high winds,Dry,None,None,1,Yes,E01000092,2005
9784,200501KG70457,549010.0,183600.0,0.146894,51.531595,1,3,4,4,25/09/2005,1,15:15,16,E09000002,3,1306,Dual carriageway,30,None,-1,0,None within 50 metres,No physical crossing within 50 meters,Daylight: Street light present,Fine without high winds,Dry,None,None,1,Yes,E01000053,2005
9785,200501KG70458,544310.0,183870.0,0.079292,51.535241,1,3,1,1,01/10/2005,7,16:03,16,E09000002,6,0,One way street,30,Giveway or uncontrolled,6,0,None within 50 metres,No physical crossing within 50 meters,Daylight: Street light present,Fine without high winds,Dry,None,None,1,Yes,E01000010,2005
9786,200501KG70459,548970.0,186910.0,0.147718,51.561347,1,3,3,1,25/09/2005,1,09:45,16,E09000002,3,124,Single carriageway,30,Automatic traffic signal,3,1083,None within 50 metres,Pedestrian phase at traffic signal junction,Daylight: Street light present,Fine without high winds,Dry,None,None,1,Yes,E01000114,2005
9787,200501KG70460,545440.0,182760.0,0.095115,51.524977,1,3,2,1,30/09/2005,6,20:53,16,E09000002,5,0,Single carriageway,30,Giveway or uncontrolled,5,0,None within 50 metres,No physical crossing within 50 meters,Darkness: Street lights present and lit,Fine without high winds,Dry,None,None,1,Yes,E01000092,2005
9788,200501KG70461,545860.0,184260.0,0.101786,51.538348,1,3,2,1,26/09/2005,2,09:00,16,E09000002,5,0,Single carriageway,30,None,-1,0,None within 50 metres,No physical crossing within 50 meters,Daylight: Street light present,Fine without high winds,Dry,None,None,1,Yes,E01000071,2005
9789,200501KG70462,550920.0,187330.0,0.176008,51.564603,1,3,2,1,28/09/2005,4,08:20,16,E09000002,6,0,Single carriageway,30,None,-1,0,None within 50 metres,No physical crossing within 50 meters,Daylight: Street light present,Fine without high winds,Dry,None,None,1,Yes,E01000038,2005
9790,200501KG70463,543460.0,184200.0,0.06718,51.538423,1,3,1,1,02/09/2005,6,21:20,17,E09000025,3,406,Dual carriageway,50,None,-1,0,None within 50 metres,No physical crossing within 50 meters,Darkness: Street lights present and lit,Fine without high winds,Dry,None,None,1,Yes,E01003625,2005
9791,200501KG70464,550260.0,184670.0,0.165358,51.540878,1,3,1,1,27/09/2005,3,18:10,16,E09000002,3,1112,Single carriageway,30,None,-1,0,None within 50 metres,No physical crossing within 50 meters,Daylight: Street light present,Fine without high winds,Dry,None,None,1,Yes,E01000108,2005
9792,200501KG70466,549310.0,185900.0,0.152191,51.552182,1,3,2,1,27/09/2005,3,19:53,16,E09000002,6,0,Single carriageway,30,Giveway or uncontrolled,6,0,None within 50 metres,No physical crossing within 50 meters,Daylight: Street light present,Fine without high winds,Dry,None,None,1,Yes,E01000062,2005
9793,200501KG70467,543730.0,183690.0,0.070862,51.533772,1,2,2,1,23/09/2005,6,13:00,17,E09000025,3,406,Dual carriageway,50,None,-1,0,None within 50 metres,No physical crossing within 50 meters,Daylight: Street light present,Fine without high winds,Dry,None,None,1,Yes,E01003622,2005
9794,200501KG70468,545440.0,183390.0,0.095375,51.530638,1,3,2,1,04/10/2005,3,18:00,16,E09000002,3,13,Dual carriageway,40,None,-1,0,None within 50 metres,No physical crossing within 50 meters,Daylight: Street light present,Fine without high winds,Dry,None,None,1,Yes,E01000052,2005
9795,200501KG70469,546740.0,185840.0,0.115124,51.552317,1,3,2,2,03/10/2005,2,20:15,16,E09000002,5,0,Single carriageway,30,None,-1,0,None within 50 metres,No physical crossing within 50 meters,Darkness: Street lights present and lit,Fine without high winds,Dry,None,None,1,Yes,E01000021,2005
9796,200501KG70470,543770.0,183620.0,0.07141,51.533133,1,3,2,1,02/10/2005,1,22:30,17,E09000025,3,406,Dual carriageway,50,Giveway or uncontrolled,6,0,None within 50 metres,No physical crossing within 50 meters,Darkness: Street lights present and lit,Fine without high winds,Dry,None,None,1,Yes,E01003623,2005
9797,200501KG70471,550080.0,185920.0,0.163297,51.552158,1,3,2,3,12/10/2005,4,17:00,16,E09000002,5,0,Single carriageway,30,None,-1,0,None within 50 metres,No physical crossing within 50 meters,Darkness: Street lights present and lit,Raining without high winds,Wet/Damp,None,None,1,Yes,E01000035,2005
9798,200501KG70472,544620.0,184550.0,0.084038,51.541272,1,3,1,1,12/10/2005,4,16:20,16,E09000002,3,124,Single carriageway,30,Giveway or uncontrolled,6,0,None within 50 metres,No physical crossing within 50 meters,Daylight: Street light present,Raining without high winds,Wet/Damp,None,None,1,No,E01000009,2005
9799,200501KG70473,546840.0,185970.0,0.11662,51.553459,1,3,3,2,06/10/2005,5,09:20,16,E09000002,5,0,Single carriageway,30,None,-1,0,None within 50 metres,No physical crossing within 50 meters,Daylight: Street light present,Fine without high winds,Dry,None,None,1,Yes,E01000021,2005
9800,200501KG70474,547000.0,184850.0,0.118458,51.543353,1,3,2,1,05/10/2005,4,21:20,16,E09000002,3,1153,Single carriageway,30,Giveway or uncontrolled,6,0,None within 50 metres,No physical crossing within 50 meters,Darkness: Street lights present and lit,Fine without high winds,Dry,None,None,1,Yes,E01000076,2005
9801,200501KG70476,547420.0,184320.0,0.124289,51.538482,1,2,1,1,23/09/2005,6,19:15,16,E09000002,5,0,Single carriageway,30,Giveway or uncontrolled,6,0,None within 50 metres,No physical crossing within 50 meters,Darkness: Street lights present and lit,Fine without high winds,Dry,None,None,1,Yes,E01000057,2005
9802,200501KG70477,546980.0,187040.0,0.119085,51.563037,1,3,2,1,03/10/2005,2,09:32,16,E09000002,3,1083,Single carriageway,30,Giveway or uncontrolled,3,1083,None within 50 metres,No physical crossing within 50 meters,Daylight: Street light present,Fine without high winds,Dry,None,None,1,Yes,E01003717,2005
9803,200501KG70478,547740.0,185540.0,0.129411,51.54936,1,3,2,2,12/10/2005,4,15:20,16,E09000002,6,0,Single carriageway,30,Giveway or uncontrolled,6,0,None within 50 metres,No physical crossing within 50 meters,Daylight: Street light present,Raining without high winds,Wet/Damp,None,None,1,Yes,E01000080,2005
9804,200501KG70480,546340.0,186440.0,0.109608,51.557812,1,3,1,1,10/10/2005,2,15:15,14,E09000026,6,0,Single carriageway,30,None,-1,0,None within 50 metres,No physical crossing within 50 meters,Daylight: Street light present,Fine without high winds,Dry,None,None,1,Yes,E01003716,2005
9805,200501KG70481,550890.0,186980.0,0.175426,51.561466,1,2,2,1,17/10/2005,2,17:50,16,E09000002,5,0,Single carriageway,30,Giveway or uncontrolled,6,0,None within 50 metres,No physical crossing within 50 meters,Daylight: Street light present,Fine without high winds,Dry,None,None,1,Yes,E01000037,2005
9806,200501KG70483,543970.0,184420.0,0.074618,51.54027,1,3,2,1,11/10/2005,3,22:30,16,E09000002,3,124,Dual carriageway,40,Automatic traffic signal,3,124,None within 50 metres,Pedestrian phase at traffic signal junction,Darkness: Street lights present and lit,Fine without high winds,Dry,None,None,1,Yes,E01000007,2005
9807,200501KG70484,546990.0,183610.0,0.117797,51.532214,1,3,1,1,12/10/2005,4,19:40,16,E09000002,3,13,Single carriageway,30,Automatic traffic signal,5,0,None within 50 metres,No physical crossing within 50 meters,Darkness: Street lights present and lit,Fine without high winds,Dry,None,None,1,Yes,E01000096,2005
9808,200501KG70486,544640.0,183120.0,0.083739,51.528418,1,3,1,1,13/10/2005,5,12:00,16,E09000002,3,13,Single carriageway,30,Giveway or uncontrolled,3,13,None within 50 metres,No physical crossing within 50 meters,Daylight: Street light present,Fine without high winds,Dry,None,None,1,Yes,E01000092,2005
9809,200501KG70487,544560.0,184530.0,0.083165,51.541108,1,3,1,1,13/10/2005,5,08:59,16,E09000002,3,123,Roundabout,30,Giveway or uncontrolled,3,124,None within 50 metres,No physical crossing within 50 meters,Daylight: Street light present,Fine without high winds,Dry,None,None,1,Yes,E01000009,2005
9810,200501KG70489,545360.0,183020.0,0.09407,51.527334,1,3,2,1,19/10/2005,4,15:30,16,E09000002,5,0,Single carriageway,30,Automatic traffic signal,5,0,None within 50 metres,No physical crossing within 50 meters,Daylight: Street light present,Fine without high winds,Dry,None,None,1,Yes,E01000092,2005
9811,200501KG70490,548490.0,183490.0,0.139356,51.530744,1,3,2,1,19/10/2005,4,05:55,16,E09000002,3,13,Roundabout,30,Giveway or uncontrolled,3,13,None within 50 metres,No physical crossing within 50 meters,Darkness: Street lights present and lit,Fine without high winds,Dry,None,None,1,Yes,E01000095,2005
9812,200501KG70491,547890.0,187960.0,0.13259,51.571065,1,2,1,1,04/09/2005,1,10:11,16,E09000002,3,118,Single carriageway,30,Giveway or uncontrolled,6,0,None within 50 metres,non-junction pedestrian crossing,Daylight: Street light present,Fine without high winds,Dry,None,None,1,Yes,E01000113,2005
9813,200501KG70492,548980.0,186860.0,0.147841,51.560895,1,3,3,7,11/10/2005,3,06:20,16,E09000002,3,124,Dual carriageway,30,Automatic traffic signal,3,1083,None within 50 metres,Pedestrian phase at traffic signal junction,Darkness: Street lights present and lit,Fine without high winds,Dry,None,None,1,Yes,E01000101,2005
9814,200501KG70493,548140.0,188120.0,0.136263,51.572438,1,3,2,1,18/05/2005,4,21:04,16,E09000002,6,0,Single carriageway,30,Giveway or uncontrolled,6,0,None within 50 metres,No physical crossing within 50 meters,Darkness: Street lights present and lit,Fine without high winds,Dry,None,None,1,Yes,E01000032,2005
9815,200501KG70495,547560.0,184340.0,0.126314,51.538625,1,3,2,1,23/10/2005,1,11:50,16,E09000002,5,0,Single carriageway,30,Giveway or uncontrolled,6,0,None within 50 metres,No physical crossing within 50 meters,Daylight: Street light present,Fine without high winds,Dry,None,None,1,Yes,E01000057,2005
9816,200501KG70496,544200.0,184300.0,0.077884,51.539133,1,3,2,1,21/10/2005,6,14:00,16,E09000002,6,0,One way street,30,Automatic traffic signal,6,0,None within 50 metres,Pedestrian phase at traffic signal junction,Daylight: Street light present,Fine without high winds,Dry,None,None,1,Yes,E01000010,2005
9817,200501KG70497,543590.0,184000.0,0.068972,51.536593,1,3,3,1,23/10/2005,1,15:13,17,E09000025,3,406,Dual carriageway,50,None,-1,0,None within 50 metres,No physical crossing within 50 meters,Daylight: Street light present,Fine without high winds,Dry,None,None,1,Yes,E01000008,2005
9818,200501KG70498,544000.0,184420.0,0.075051,51.540262,1,3,3,1,24/08/2005,4,16:00,16,E09000002,3,124,Single carriageway,30,Giveway or uncontrolled,3,124,None within 50 metres,No physical crossing within 50 meters,Daylight: Street light present,Fine without high winds,Dry,None,None,1,Yes,E01000007,2005
9819,200501KG70499,548800.0,186860.0,0.145246,51.560942,1,3,2,1,26/10/2005,4,10:20,16,E09000002,3,1083,Single carriageway,30,Giveway or uncontrolled,6,0,None within 50 metres,No physical crossing within 50 meters,Daylight: Street light present,Fine without high winds,Dry,None,None,1,Yes,E01000101,2005
9820,200501KG70501,549550.0,183360.0,0.154571,51.529296,1,3,2,1,02/11/2005,4,08:00,16,E09000002,3,1306,Single carriageway,40,Automatic traffic signal,4,178,None within 50 metres,Pedestrian phase at traffic signal junction,Daylight: Street light present,Raining without high winds,Wet/Damp,None,None,1,Yes,E01000090,2005
9821,200501KG70502,547810.0,185770.0,0.130517,51.551409,1,3,1,1,29/09/2005,5,18:44,16,E09000002,3,1153,Single carriageway,30,None,-1,0,None within 50 metres,No physical crossing within 50 meters,Daylight: Street light present,Fine without high winds,Dry,None,None,1,Yes,E01000078,2005
9822,200501KG70503,550300.0,186230.0,0.1666,51.554884,1,3,2,1,17/09/2005,7,21:40,16,E09000002,6,0,Single carriageway,30,Giveway or uncontrolled,6,0,None within 50 metres,No physical crossing within 50 meters,Darkness: Street lights present and lit,Fine without high winds,Dry,None,None,1,No,E01000034,2005
9823,200501KG70504,548050.0,186880.0,0.134443,51.561319,1,3,1,1,03/11/2005,5,16:40,16,E09000002,3,1083,Single carriageway,30,Giveway or uncontrolled,6,0,None within 50 metres,No physical crossing within 50 meters,Darkness: Street lights present and lit,Fine without high winds,Dry,None,None,1,Yes,E01000099,2005
9824,200501KG70505,544370.0,184520.0,0.080423,51.541067,1,3,2,1,08/10/2005,7,23:05,16,E09000002,3,124,Single carriageway,30,Giveway or uncontrolled,6,0,None within 50 metres,No physical crossing within 50 meters,Darkness: Street lights present and lit,Fine without high winds,Dry,None,None,1,Yes,E01000007,2005
9825,200501KG70506,546980.0,183610.0,0.117653,51.532217,1,3,2,1,05/11/2005,7,23:32,16,E09000002,5,0,Dual carriageway,30,Automatic traffic signal,3,13,None within 50 metres,Pedestrian phase at traffic signal junction,Darkness: Street lights present and lit,Fine without high winds,Dry,None,None,1,Yes,E01000096,2005
9826,200501KG70507,543710.0,184040.0,0.070717,51.536922,1,3,1,1,26/10/2005,4,16:58,16,E09000002,3,124,Single carriageway,30,None,-1,0,None within 50 metres,No physical crossing within 50 meters,Daylight: Street light present,Fine without high winds,Dry,None,None,1,Yes,E01000047,2005
9827,200501KG70508,547560.0,186440.0,0.127195,51.557494,1,3,2,1,09/10/2005,1,00:30,16,E09000002,4,191,Single carriageway,30,None,-1,0,None within 50 metres,No physical crossing within 50 meters,Darkness: Street lights present and lit,Fine without high winds,Dry,None,None,1,No,E01000020,2005
9828,200501KG70509,549040.0,184830.0,0.147846,51.542639,1,2,1,1,30/09/2005,6,16:15,16,E09000002,3,1240,Single carriageway,30,None,-1,0,None within 50 metres,No physical crossing within 50 meters,Daylight: Street light present,Fine without high winds,Dry,None,None,1,No,E01000013,2005
9829,200501KG70510,543620.0,184040.0,0.06942,51.536945,1,3,2,1,31/08/2005,4,17:53,16,E09000002,3,124,Single carriageway,30,Giveway or uncontrolled,3,124,None within 50 metres,No physical crossing within 50 meters,Daylight: Street light present,Fine without high winds,Dry,None,None,1,Yes,E01000008,2005
9830,200501KG70511,546900.0,186090.0,0.117535,51.554521,1,3,2,1,25/10/2005,3,16:20,16,E09000002,5,0,Single carriageway,30,Giveway or uncontrolled,6,0,None within 50 metres,No physical crossing within 50 meters,Daylight: Street light present,Fine without high winds,Dry,None,None,1,Yes,E01000021,2005
9831,200501KG70512,550470.0,184390.0,0.168264,51.538306,1,3,2,3,13/10/2005,5,08:20,16,E09000002,6,0,Single carriageway,30,Giveway or uncontrolled,6,0,None within 50 metres,No physical crossing within 50 meters,Daylight: Street light present,Fine without high winds,Dry,None,None,1,No,E01000104,2005
9832,200501KG70514,548750.0,187760.0,0.144906,51.569042,1,3,1,1,12/08/2005,6,02:28,16,E09000002,6,0,Single carriageway,30,None,-1,0,None within 50 metres,No physical crossing within 50 meters,Darkness: Street lights present and lit,Fine without high winds,Dry,None,None,1,Yes,E01000111,2005
9833,200501KG70515,539410.0,181520.0,0.007761,51.515354,1,3,2,1,04/11/2005,6,04:40,17,E09000025,3,13,Dual carriageway,30,None,-1,0,None within 50 metres,No physical crossing within 50 meters,Darkness: Street lights present and lit,Fine without high winds,Dry,None,None,1,Yes,E01003503,2005
9834,200501KG70516,547570.0,184340.0,0.126458,51.538622,1,3,2,1,08/10/2005,7,12:30,16,E09000002,5,0,Single carriageway,30,Giveway or uncontrolled,6,0,None within 50 metres,Zebra crossing,Daylight: Street light present,Fine without high winds,Dry,None,None,1,No,E01000057,2005
9835,200501KG70517,547690.0,186210.0,0.128972,51.555394,1,3,2,1,17/10/2005,2,08:45,16,E09000002,6,0,Single carriageway,30,Giveway or uncontrolled,6,0,None within 50 metres,No physical crossing within 50 meters,Daylight: Street light present,Fine without high winds,Dry,None,None,1,No,E01000083,2005
9836,200501KG70518,548850.0,186320.0,0.145738,51.556077,1,2,3,2,26/10/2005,4,21:12,16,E09000002,3,124,Single carriageway,30,None,-1,0,None within 50 metres,No physical crossing within 50 meters,Darkness: Street lights present and lit,Fine without high winds,Dry,None,None,1,Yes,E01000063,2005
9837,200501KG70519,543630.0,184000.0,0.069548,51.536583,1,3,2,2,28/10/2005,6,18:33,16,E09000002,3,124,Roundabout,30,Giveway or uncontrolled,3,406,None within 50 metres,No physical crossing within 50 meters,Daylight: Street light present,Fine without high winds,Dry,None,None,1,Yes,E01000008,2005
9838,200501KG70520,549080.0,183830.0,0.148,51.533643,1,3,3,1,09/11/2005,4,19:45,16,E09000002,3,1240,Single carriageway,30,Giveway or uncontrolled,6,0,None within 50 metres,No physical crossing within 50 meters,Darkness: Street lights present and lit,Fine without high winds,Dry,None,None,1,Yes,E01000053,2005
9839,200501KG70521,546910.0,186070.0,0.11767,51.554339,1,3,1,1,11/11/2005,6,20:27,16,E09000002,5,0,Single carriageway,30,Giveway or uncontrolled,6,0,None within 50 metres,No physical crossing within 50 meters,Darkness: Street lights present and lit,Raining without high winds,Wet/Damp,None,None,1,Yes,E01000021,2005
9840,200501KG70523,550140.0,185370.0,0.163927,51.5472,1,3,2,2,19/11/2005,7,14:46,16,E09000002,3,1112,Single carriageway,30,Giveway or uncontrolled,6,0,None within 50 metres,No physical crossing within 50 meters,Daylight: Street light present,Fine without high winds,Wet/Damp,None,None,1,Yes,E01000035,2005
9841,200501KG70524,546340.0,183630.0,0.108441,51.532563,1,3,3,2,05/11/2005,7,11:40,16,E09000002,3,13,Dual carriageway,40,None,-1,0,None within 50 metres,No physical crossing within 50 meters,Daylight: Street light present,Fine without high winds,Dry,None,None,1,Yes,E01000093,2005
9842,200501KG70527,548210.0,183540.0,0.135343,51.531266,1,3,2,1,20/10/2005,5,07:45,16,E09000002,3,13,Single carriageway,30,Giveway or uncontrolled,6,0,None within 50 metres,No physical crossing within 50 meters,Daylight: Street light present,Fine without high winds,Dry,None,None,1,No,E01000095,2005
9843,200501KG70528,543430.0,184340.0,0.066805,51.539689,1,3,2,2,23/10/2005,1,14:25,17,E09000025,3,406,Dual carriageway,50,None,-1,0,None within 50 metres,No physical crossing within 50 meters,Daylight: Street light present,Fine without high winds,Dry,None,None,1,Yes,E01003625,2005
9844,200501KG70530,543990.0,182820.0,0.074253,51.525888,1,3,3,2,08/11/2005,3,12:24,17,E09000025,3,406,Dual carriageway,30,Giveway or uncontrolled,3,13,None within 50 metres,No physical crossing within 50 meters,Daylight: Street light present,Fine without high winds,Dry,None,None,1,Yes,E01003535,2005
9845,200501KG70531,546430.0,185770.0,0.110627,51.551768,1,3,3,1,07/11/2005,2,08:30,16,E09000002,3,124,Single carriageway,30,None,-1,0,None within 50 metres,No physical crossing within 50 meters,Daylight: Street light present,Fine without high winds,Dry,None,None,1,Yes,E01000023,2005
9846,200501KG70532,548160.0,184220.0,0.134909,51.53739,1,3,1,1,11/11/2005,6,18:05,16,E09000002,6,0,Single carriageway,30,Giveway or uncontrolled,6,0,None within 50 metres,No physical crossing within 50 meters,Darkness: Street lights present and lit,Raining without high winds,Wet/Damp,None,None,1,Yes,E01000054,2005
9847,200501KG70533,545820.0,181790.0,0.100188,51.516164,1,3,1,1,15/11/2005,3,12:55,16,E09000002,5,0,Single carriageway,30,Giveway or uncontrolled,6,0,None within 50 metres,No physical crossing within 50 meters,Daylight: Street light present,Fine without high winds,Wet/Damp,None,None,1,Yes,E01000092,2005
9848,200501KG70534,549040.0,184730.0,0.147804,51.541741,1,3,2,1,19/11/2005,7,14:40,16,E09000002,3,1240,Single carriageway,30,None,-1,0,None within 50 metres,non-junction pedestrian crossing,Daylight: Street light present,Fine without high winds,Dry,None,None,1,Yes,E01000013,2005
9849,200501KG70535,546920.0,186080.0,0.117819,51.554426,1,3,2,1,19/11/2005,7,01:40,16,E09000002,5,0,Single carriageway,30,Giveway or uncontrolled,6,0,None within 50 metres,No physical crossing within 50 meters,Darkness: Street lights present and lit,Raining without high winds,Wet/Damp,None,None,1,Yes,E01000021,2005
9850,200501KG70537,546440.0,183670.0,0.109898,51.532896,1,2,1,1,20/11/2005,1,23:03,16,E09000002,3,13,Dual carriageway,50,Giveway or uncontrolled,3,1153,None within 50 metres,No physical crossing within 50 meters,Darkness: Street lights present and lit,Fog or mist,Wet/Damp,None,None,1,Yes,E01000045,2005
9851,200501KG70538,546180.0,183600.0,0.106123,51.532334,1,3,1,1,21/11/2005,2,04:00,16,E09000002,3,13,Dual carriageway,50,None,-1,0,None within 50 metres,No physical crossing within 50 meters,Darkness: Street lights present and lit,Fine without high winds,Wet/Damp,None,None,1,Yes,E01000093,2005
9852,200501KG70539,546930.0,182770.0,0.116582,51.524682,1,3,1,1,22/11/2005,3,00:30,16,E09000002,5,0,Single carriageway,30,Giveway or uncontrolled,5,0,None within 50 metres,No physical crossing within 50 meters,Darkness: Street lights present and lit,Fine without high winds,Wet/Damp,None,None,1,Yes,E01000094,2005
9853,200501KG70540,548440.0,188080.0,0.140571,51.571999,1,3,2,1,16/11/2005,4,06:45,16,E09000002,6,0,Single carriageway,30,Giveway or uncontrolled,3,118,None within 50 metres,No physical crossing within 50 meters,Darkness: Street lights present and lit,Fine without high winds,Dry,None,None,1,Yes,E01000112,2005
9854,200501KG70541,543910.0,184550.0,0.073807,51.541454,1,3,2,1,20/11/2005,1,16:10,16,E09000002,6,0,Single carriageway,30,Giveway or uncontrolled,6,0,None within 50 metres,No physical crossing within 50 meters,Daylight: Street light present,Fine without high winds,Dry,None,None,1,Yes,E01000007,2005
9855,200501KG70542,545990.0,183910.0,0.103514,51.535169,1,2,1,1,21/11/2005,2,16:30,16,E09000002,3,123,Single carriageway,30,None,-1,0,None within 50 metres,No physical crossing within 50 meters,Daylight: Street light present,Fine without high winds,Dry,None,None,1,Yes,E01000043,2005
9856,200501KG70543,548690.0,185050.0,0.142896,51.544708,1,3,1,1,18/11/2005,6,08:45,16,E09000002,5,0,Single carriageway,30,Giveway or uncontrolled,6,0,None within 50 metres,Zebra crossing,Daylight: Street light present,Fine without high winds,Dry,None,None,1,Yes,E01000014,2005
9857,200501KG70544,546910.0,186090.0,0.117679,51.554519,1,3,2,1,21/11/2005,2,15:25,16,E09000002,5,0,Single carriageway,30,Giveway or uncontrolled,6,0,None within 50 metres,No physical crossing within 50 meters,Daylight: Street light present,Fine without high winds,Dry,None,None,1,Yes,E01000021,2005
9858,200501KG70545,547080.0,187010.0,0.120514,51.562741,1,3,2,1,21/11/2005,2,12:20,16,E09000002,3,1083,Single carriageway,30,Giveway or uncontrolled,6,0,None within 50 metres,No physical crossing within 50 meters,Daylight: Street light present,Fine without high winds,Dry,None,None,1,Yes,E01000026,2005
9859,200501KG70546,548130.0,184420.0,0.134561,51.539195,1,3,2,1,22/11/2005,3,09:15,16,E09000002,5,0,Single carriageway,30,None,-1,0,None within 50 metres,No physical crossing within 50 meters,Daylight: Street light present,Fine without high winds,Dry,None,None,1,Yes,E01000058,2005
9860,200501KG70547,548550.0,188070.0,0.142153,51.57188,1,3,2,1,18/11/2005,6,12:24,16,E09000002,3,1112,Single carriageway,30,Automatic traffic signal,3,118,None within 50 metres,Pedestrian phase at traffic signal junction,Daylight: Street light present,Fine without high winds,Dry,None,None,1,Yes,E01000112,2005
9861,200501KG70549,548220.0,188780.0,0.137694,51.578347,1,3,2,1,24/11/2005,5,15:00,16,E09000002,6,0,Single carriageway,30,Giveway or uncontrolled,6,0,None within 50 metres,No physical crossing within 50 meters,Daylight: Street light present,Fine without high winds,Wet/Damp,None,None,1,Yes,E01000029,2005
9862,200501KG70552,548530.0,186870.0,0.141358,51.561103,1,3,2,1,14/08/2005,1,01:50,16,E09000002,3,1083,Single carriageway,30,None,-1,0,None within 50 metres,No physical crossing within 50 meters,Darkness: Street lights present and lit,Raining without high winds,Wet/Damp,None,None,1,Yes,E01000100,2005
9863,200501KG70553,548780.0,184510.0,0.143965,51.539832,1,3,2,2,27/08/2005,7,23:33,16,E09000002,5,0,Single carriageway,30,Giveway or uncontrolled,6,0,None within 50 metres,No physical crossing within 50 meters,Darkness: Street lights present and lit,Fine without high winds,Dry,None,None,1,Yes,E01000084,2005
9864,200501KG70554,545720.0,183960.0,0.099645,51.535688,1,3,2,1,19/09/2005,2,21:15,16,E09000002,3,123,Single carriageway,30,Giveway or uncontrolled,6,0,None within 50 metres,No physical crossing within 50 meters,Daylight: Street light present,Fine without high winds,Dry,None,None,1,Yes,E01000043,2005
9865,200501KG70555,550200.0,185280.0,0.164753,51.546375,1,3,1,1,09/11/2005,4,07:55,16,E09000002,3,1112,Single carriageway,30,None,-1,0,None within 50 metres,No physical crossing within 50 meters,Daylight: Street light present,Fine without high winds,Dry,None,None,1,Yes,E01000035,2005
9866,200501KG70556,545680.0,182790.0,0.098585,51.525185,1,3,2,1,21/11/2005,2,05:28,16,E09000002,5,0,Single carriageway,30,Giveway or uncontrolled,6,0,None within 50 metres,No physical crossing within 50 meters,Darkness: Street lights present and lit,Raining without high winds,Wet/Damp,None,None,1,Yes,E01000092,2005
9867,200501KG70557,546640.0,185240.0,0.113433,51.546951,1,3,1,1,24/11/2005,5,15:20,16,E09000002,5,0,Single carriageway,30,Giveway or uncontrolled,6,0,None within 50 metres,No physical crossing within 50 meters,Daylight: Street light present,Fine without high winds,Dry,None,None,1,Yes,E01000072,2005
9868,200501KG70558,548050.0,185880.0,0.134022,51.552334,1,3,2,1,25/11/2005,6,16:46,16,E09000002,6,0,Single carriageway,30,Giveway or uncontrolled,3,124,None within 50 metres,No physical crossing within 50 meters,Darkness: Street lights present and lit,Fine without high winds,Dry,None,None,1,Yes,E01000078,2005
9869,200501KG70559,549470.0,185800.0,0.154454,51.551241,1,3,2,1,26/11/2005,7,09:02,16,E09000002,5,0,Single carriageway,30,Giveway or uncontrolled,6,0,None within 50 metres,Zebra crossing,Daylight: Street light present,Raining without high winds,Wet/Damp,None,None,1,Yes,E01000064,2005
9870,200501KG70560,550940.0,186530.0,0.175953,51.557409,1,3,2,1,03/12/2005,7,07:10,16,E09000002,5,0,Single carriageway,30,Giveway or uncontrolled,6,0,None within 50 metres,No physical crossing within 50 meters,Daylight: Street light present,Fine without high winds,Wet/Damp,None,None,1,Yes,E01000034,2005
9871,200501KG70561,548840.0,184360.0,0.144766,51.538469,1,3,2,1,03/12/2005,7,23:02,16,E09000002,6,0,Single carriageway,30,Giveway or uncontrolled,6,0,None within 50 metres,No physical crossing within 50 meters,Darkness: Street lights present and lit,Fine without high winds,Dry,None,None,1,Yes,E01000086,2005
9872,200501KG70562,548790.0,187460.0,0.145356,51.566336,1,3,2,1,04/12/2005,1,10:00,16,E09000002,3,1112,Single carriageway,30,Giveway or uncontrolled,6,0,None within 50 metres,No physical crossing within 50 meters,Daylight: Street light present,Fine without high winds,Dry,None,None,1,Yes,E01000111,2005
9873,200501KG70564,545920.0,183970.0,0.102531,51.535726,1,3,1,1,26/11/2005,7,14:45,16,E09000002,3,123,Single carriageway,30,Automatic traffic signal,3,123,None within 50 metres,Pedestrian phase at traffic signal junction,Daylight: Street light present,Fine without high winds,Wet/Damp,None,None,1,Yes,E01000040,2005
9874,200501KG70565,550060.0,184890.0,0.16257,51.542908,1,3,2,2,01/12/2005,5,09:30,16,E09000002,6,0,Single carriageway,30,Giveway or uncontrolled,6,0,None within 50 metres,No physical crossing within 50 meters,Daylight: Street light present,Fine without high winds,Dry,None,None,1,Yes,E01000108,2005
9875,200501KG70567,548050.0,185470.0,0.13385,51.54865,1,3,1,1,24/11/2005,5,11:43,16,E09000002,5,0,Single carriageway,30,Giveway or uncontrolled,6,0,None within 50 metres,No physical crossing within 50 meters,Daylight: Street light present,Fine without high winds,Dry,None,None,1,Yes,E01000080,2005
9876,200501KG70568,549890.0,185910.0,0.160554,51.552118,1,3,1,1,28/11/2005,2,08:31,16,E09000002,3,1112,Dual carriageway,50,None,-1,0,None within 50 metres,No physical crossing within 50 meters,Daylight: Street light present,Fine without high winds,Dry,None,None,1,Yes,E01000064,2005
9877,200501KG70570,548680.0,183180.0,0.141963,51.527908,1,3,2,1,08/11/2005,3,08:35,16,E09000002,3,13,Dual carriageway,50,Giveway or uncontrolled,6,0,None within 50 metres,No physical crossing within 50 meters,Daylight: Street light present,Fine without high winds,Dry,None,None,1,Yes,E01000095,2005
9878,200501KG70571,544420.0,184290.0,0.081049,51.538987,1,3,1,2,05/12/2005,2,16:45,16,E09000002,5,0,Single carriageway,30,None,-1,0,None within 50 metres,Zebra crossing,Darkness: Street lights present and lit,Raining without high winds,Wet/Damp,None,None,1,Yes,E01000007,2005
9879,200501KG70572,545290.0,183350.0,0.093198,51.530318,1,2,1,1,24/11/2005,5,19:00,16,E09000002,3,13,Roundabout,50,Giveway or uncontrolled,3,13,None within 50 metres,No physical crossing within 50 meters,Darkness: Street lights present and lit,Fine without high winds,Dry,None,None,1,Yes,E01000052,2005
9880,200501KG70573,546610.0,184570.0,0.112722,51.540939,1,3,2,1,10/12/2005,7,20:00,16,E09000002,3,1153,Single carriageway,30,Giveway or uncontrolled,3,1153,None within 50 metres,No physical crossing within 50 meters,Darkness: Street lights present and lit,Fine without high winds,Dry,None,None,1,Yes,E01000072,2005
9881,200501KG70574,544320.0,183810.0,0.079412,51.5347,1,3,2,1,11/12/2005,1,00:09,16,E09000002,3,124,Single carriageway,30,None,-1,0,None within 50 metres,non-junction pedestrian crossing,Darkness: Street lights present and lit,Fine without high winds,Wet/Damp,None,None,1,Yes,E01000010,2005
9882,200501KG70575,546360.0,185120.0,0.109348,51.545946,1,3,2,1,11/12/2005,1,15:30,16,E09000002,6,0,Single carriageway,30,None,-1,0,None within 50 metres,No physical crossing within 50 meters,Darkness: Street lights present and lit,Fine without high winds,Dry,None,None,1,Yes,E01000066,2005
9883,200501KG70577,545180.0,185000.0,0.092293,51.545172,1,3,1,2,15/12/2005,5,17:15,16,E09000002,3,124,Single carriageway,30,Giveway or uncontrolled,6,0,None within 50 metres,No physical crossing within 50 meters,Darkness: Street lights present and lit,Fine without high winds,Dry,None,None,1,Yes,E01000070,2005
9884,200501KG70578,544190.0,184170.0,0.077686,51.537968,1,3,1,1,28/11/2005,2,16:40,16,E09000002,6,0,Single carriageway,30,None,-1,0,None within 50 metres,No physical crossing within 50 meters,Daylight: Street light present,Fine without high winds,Dry,None,None,1,Yes,E01000010,2005
9885,200501KG70579,545260.0,183320.0,0.092753,51.530056,1,3,2,1,01/12/2005,5,20:05,16,E09000002,3,13,Dual carriageway,40,None,-1,0,None within 50 metres,No physical crossing within 50 meters,Darkness: Street lights present and lit,Fine without high winds,Dry,None,None,1,Yes,E01000092,2005
9886,200501KG70580,549540.0,183360.0,0.154427,51.529299,1,3,1,1,11/12/2005,1,18:50,16,E09000002,3,1306,Dual carriageway,30,Automatic traffic signal,4,178,None within 50 metres,Pedestrian phase at traffic signal junction,Darkness: Street lights present and lit,Fine without high winds,Wet/Damp,None,None,1,Yes,E01000090,2005
9887,200501KG70581,546330.0,183690.0,0.108322,51.533104,1,3,3,2,15/12/2005,5,14:14,16,E09000002,3,123,Roundabout,30,Giveway or uncontrolled,3,13,None within 50 metres,No physical crossing within 50 meters,Daylight: Street light present,Fine without high winds,Dry,None,None,1,Yes,E01000045,2005
9888,200501KG70582,550920.0,184550.0,0.174816,51.539624,1,2,1,1,17/12/2005,7,18:35,16,E09000002,6,0,Single carriageway,30,Giveway or uncontrolled,6,0,None within 50 metres,No physical crossing within 50 meters,Darkness: Street lights present and lit,Fine without high winds,Dry,None,None,1,Yes,E01000107,2005
9889,200501KG70583,547760.0,186220.0,0.129985,51.555465,1,3,2,1,16/11/2005,4,19:05,16,E09000002,5,0,Single carriageway,30,Giveway or uncontrolled,6,0,None within 50 metres,No physical crossing within 50 meters,Darkness: Street lights present and lit,Fine without high winds,Dry,None,None,1,Yes,E01000083,2005
9890,200501KG70584,548440.0,188560.0,0.140774,51.576312,1,3,1,1,08/12/2005,5,18:15,16,E09000002,3,1112,Single carriageway,30,None,-1,0,None within 50 metres,non-junction pedestrian crossing,Daylight: Street light present,Fine without high winds,Dry,None,None,1,Yes,E01000031,2005
9891,200501KG70587,545260.0,185060.0,0.093471,51.545691,1,3,2,1,17/12/2005,7,19:00,16,E09000002,3,124,Single carriageway,30,Automatic traffic signal,3,124,None within 50 metres,Pedestrian phase at traffic signal junction,Darkness: Street lights present and lit,Fine without high winds,Dry,None,None,1,Yes,E01000070,2005
9892,200501KG70588,545270.0,185060.0,0.093615,51.545688,1,3,2,1,10/12/2005,7,11:13,16,E09000002,3,124,Single carriageway,30,Automatic traffic signal,3,124,None within 50 metres,Pedestrian phase at traffic signal junction,Daylight: Street light present,Fine without high winds,Dry,None,None,1,Yes,E01000070,2005
9893,200501KG70589,544380.0,184510.0,0.080563,51.540974,1,3,2,1,10/12/2005,7,16:55,16,E09000002,3,124,Single carriageway,30,Giveway or uncontrolled,6,0,None within 50 metres,No physical crossing within 50 meters,Darkness: Street lights present and lit,Fine without high winds,Dry,None,None,1,Yes,E01000007,2005
9894,200501KG70591,548540.0,188080.0,0.142013,51.571973,1,2,1,1,16/12/2005,6,15:54,16,E09000002,3,1112,Dual carriageway,30,Automatic traffic signal,3,118,None within 50 metres,Pedestrian phase at traffic signal junction,Darkness: Street lights present and lit,Fine without high winds,Dry,None,None,1,Yes,E01000112,2005
9895,200501KG70593,545910.0,183530.0,0.102204,51.531775,1,3,2,2,03/12/2005,7,10:45,16,E09000002,3,13,Dual carriageway,40,None,-1,0,None within 50 metres,No physical crossing within 50 meters,Daylight: Street light present,Fine without high winds,Wet/Damp,None,None,1,Yes,E01000043,2005
9896,200501KG70594,543600.0,184040.0,0.069132,51.53695,1,3,2,1,23/11/2005,4,16:55,16,E09000002,3,124,Roundabout,30,Giveway or uncontrolled,3,406,None within 50 metres,No physical crossing within 50 meters,Darkness: Street lights present and lit,Fine without high winds,Dry,None,None,1,No,E01000008,2005
9897,200501KG70596,548950.0,186480.0,0.147248,51.557489,1,3,2,1,06/12/2005,3,02:51,16,E09000002,3,124,Single carriageway,30,None,-1,0,None within 50 metres,No physical crossing within 50 meters,Darkness: Street lights present and lit,Fine without high winds,Dry,None,None,1,Yes,E01000060,2005
9898,200501KG70597,543630.0,184010.0,0.069552,51.536673,1,3,2,1,15/11/2005,3,16:30,16,E09000002,3,124,Roundabout,30,Giveway or uncontrolled,3,406,None within 50 metres,No physical crossing within 50 meters,Darkness: Street lights present and lit,Fine without high winds,Dry,None,None,1,No,E01000008,2005
9899,200501KG70598,550330.0,184380.0,0.166243,51.538254,1,3,2,2,29/11/2005,3,08:35,16,E09000002,3,1112,Roundabout,30,Giveway or uncontrolled,6,0,None within 50 metres,No physical crossing within 50 meters,Daylight: Street light present,Fine without high winds,Dry,None,None,1,No,E01000104,2005
9900,200501KG70599,546620.0,184580.0,0.11287,51.541026,1,3,2,1,01/12/2005,5,18:35,16,E09000002,3,1153,Roundabout,30,Giveway or uncontrolled,5,0,None within 50 metres,No physical crossing within 50 meters,Darkness: Street lights present and lit,Fine without high winds,Dry,None,None,1,No,E01000072,2005
9901,200501KG70602,544000.0,184420.0,0.075051,51.540262,1,3,2,1,13/12/2005,3,05:05,16,E09000002,3,124,Dual carriageway,30,Giveway or uncontrolled,6,0,None within 50 metres,No physical crossing within 50 meters,Darkness: Street lights present and lit,Fine without high winds,Wet/Damp,None,None,1,Yes,E01000007,2005
9902,200501KG70603,548460.0,183370.0,0.138873,51.529673,1,3,2,1,21/12/2005,4,17:45,16,E09000002,3,13,Roundabout,30,Automatic traffic signal,3,13,None within 50 metres,No physical crossing within 50 meters,Darkness: Street lights present and lit,Fine without high winds,Wet/Damp,None,None,1,Yes,E01000095,2005
9903,200501KG70604,547930.0,183560.0,0.131318,51.53152,1,3,2,1,13/12/2005,3,00:42,16,E09000002,3,13,Dual carriageway,50,None,-1,0,None within 50 metres,No physical crossing within 50 meters,Darkness: Street lights present and lit,Fine without high winds,Dry,Roadworks,None,1,Yes,E01000095,2005
9904,200501KG70606,546590.0,183660.0,0.112055,51.532767,1,3,2,2,02/12/2005,6,18:30,16,E09000002,3,13,Dual carriageway,40,Giveway or uncontrolled,6,0,None within 50 metres,No physical crossing within 50 meters,Darkness: Street lights present and lit,Raining without high winds,Wet/Damp,None,None,1,No,E01000045,2005
9905,200501KG70607,546620.0,184520.0,0.112845,51.540487,1,3,2,1,11/12/2005,1,17:45,16,E09000002,3,1153,Single carriageway,30,Giveway or uncontrolled,6,0,None within 50 metres,No physical crossing within 50 meters,Darkness: Street lights present and lit,Raining without high winds,Wet/Damp,None,None,1,Yes,E01000072,2005
9906,200501KG70608,545210.0,185020.0,0.092734,51.545344,1,3,1,1,12/12/2005,2,17:20,16,E09000002,3,124,Single carriageway,30,None,-1,0,None within 50 metres,No physical crossing within 50 meters,Darkness: Street lights present and lit,Fine without high winds,Dry,None,None,1,Yes,E01000070,2005
9907,200501KG70609,546690.0,183660.0,0.113496,51.532741,1,3,2,1,11/12/2005,1,09:00,16,E09000002,3,13,Dual carriageway,40,None,-1,0,None within 50 metres,No physical crossing within 50 meters,Daylight: Street light present,Fine without high winds,Dry,None,None,1,Yes,E01000096,2005
9908,200501KG70610,547760.0,186570.0,0.130132,51.55861,1,3,2,1,07/12/2005,4,11:29,16,E09000002,5,0,Single carriageway,30,Automatic traffic signal,5,0,None within 50 metres,Pedestrian phase at traffic signal junction,Daylight: Street light present,Fine without high winds,Dry,None,None,1,Yes,E01000098,2005
9909,200501KG70611,545190.0,183290.0,0.091732,51.529804,1,3,1,1,23/11/2005,4,21:58,16,E09000002,3,13,One way street,30,Giveway or uncontrolled,6,0,None within 50 metres,No physical crossing within 50 meters,Darkness: Street lights present and lit,Fine without high winds,Dry,None,None,1,Yes,E01000092,2005
9910,200501KG70612,547770.0,184370.0,0.129353,51.53884,1,3,2,1,24/12/2005,7,18:34,16,E09000002,5,0,Single carriageway,30,None,-1,0,None within 50 metres,No physical crossing within 50 meters,Darkness: Street lights present and lit,Fine without high winds,Dry,None,None,1,Yes,E01000057,2005
9911,200501KG70614,545540.0,182420.0,0.096415,51.521897,1,3,2,3,20/12/2005,3,10:30,16,E09000002,5,0,Single carriageway,30,None,-1,0,None within 50 metres,No physical crossing within 50 meters,Daylight: Street light present,Fine without high winds,Dry,None,None,1,Yes,E01000092,2005
9912,200501KG70615,546660.0,185760.0,0.113938,51.551619,1,3,2,1,21/12/2005,4,17:05,16,E09000002,3,124,Single carriageway,30,Automatic traffic signal,5,0,None within 50 metres,Pedestrian phase at traffic signal junction,Darkness: Street lights present and lit,Fine without high winds,Dry,None,None,1,Yes,E01000023,2005
9913,200501KG70616,545910.0,183960.0,0.102382,51.535639,1,3,2,1,24/12/2005,7,18:46,16,E09000002,3,123,Single carriageway,30,Giveway or uncontrolled,5,0,None within 50 metres,No physical crossing within 50 meters,Darkness: Street lights present and lit,Fine without high winds,Dry,None,None,1,Yes,E01000043,2005
9914,200501KG70618,550170.0,185970.0,0.164615,51.552583,1,3,2,1,21/12/2005,4,08:30,16,E09000002,5,0,Single carriageway,30,Giveway or uncontrolled,6,0,None within 50 metres,No physical crossing within 50 meters,Daylight: Street light present,Fine without high winds,Wet/Damp,None,None,1,Yes,E01000035,2005
9915,200501KG70619,547500.0,186530.0,0.126367,51.558319,1,3,2,2,26/12/2005,2,13:42,16,E09000002,5,0,Single carriageway,30,Giveway or uncontrolled,4,191,None within 50 metres,No physical crossing within 50 meters,Daylight: Street light present,Fine without high winds,Dry,None,None,1,Yes,E01000020,2005
9916,200501KG70620,548750.0,186860.0,0.144525,51.560956,1,3,1,1,23/12/2005,6,23:00,16,E09000002,3,1083,Single carriageway,30,None,-1,0,None within 50 metres,No physical crossing within 50 meters,Darkness: Street lights present and lit,Fine without high winds,Dry,None,None,1,Yes,E01000101,2005
9917,200501KG70622,545680.0,182790.0,0.098585,51.525185,1,3,2,1,20/12/2005,3,18:36,16,E09000002,5,0,Single carriageway,30,Giveway or uncontrolled,6,0,None within 50 metres,No physical crossing within 50 meters,Darkness: Street lights present and lit,Fine without high winds,Dry,None,None,1,Yes,E01000092,2005
9918,200501KG70623,549890.0,185830.0,0.16052,51.551399,1,3,2,1,05/11/2005,7,19:00,16,E09000002,3,1112,Single carriageway,30,Automatic traffic signal,3,1112,None within 50 metres,Pedestrian phase at traffic signal junction,Darkness: Street lights present and lit,Fine without high winds,Dry,None,None,1,No,E01000035,2005
9919,200501KG70624,546970.0,185550.0,0.118318,51.549651,1,3,2,1,18/12/2005,1,11:45,16,E09000002,6,0,Single carriageway,30,Giveway or uncontrolled,6,0,None within 50 metres,No physical crossing within 50 meters,Daylight: Street light present,Fine without high winds,Dry,None,None,1,No,E01000025,2005
9920,200501KG70626,544650.0,183610.0,0.084084,51.532818,1,3,2,1,31/12/2005,7,15:50,16,E09000002,6,0,Single carriageway,30,None,-1,0,None within 50 metres,No physical crossing within 50 meters,Darkness: Street lights present and lit,Fine without high winds,Dry,None,None,1,No,E01000048,2005
9921,200501KG70627,543610.0,183900.0,0.069219,51.535689,1,3,1,1,24/12/2005,7,12:57,16,E09000002,3,406,Slip road,30,Giveway or uncontrolled,3,124,None within 50 metres,No physical crossing within 50 meters,Daylight: Street light present,Fine without high winds,Dry,None,None,1,Yes,E01003622,2005
9922,200501KG70628,543950.0,182840.0,0.073685,51.526078,1,3,3,2,25/12/2005,1,18:25,17,E09000025,3,406,Dual carriageway,50,Giveway or uncontrolled,3,13,None within 50 metres,No physical crossing within 50 meters,Darkness: Street lights present and lit,Fine without high winds,Wet/Damp,None,None,1,Yes,E01003535,2005
9923,200501KG70629,543830.0,183380.0,0.072176,51.530961,1,3,2,1,29/12/2005,5,19:25,17,E09000025,3,406,Dual carriageway,50,None,-1,0,None within 50 metres,No physical crossing within 50 meters,Darkness: Street lights present and lit,Fine without high winds,Wet/Damp,None,None,1,Yes,E01003623,2005
9924,200501KG70630,546180.0,183600.0,0.106123,51.532334,1,3,2,1,30/12/2005,6,16:45,16,E09000002,3,13,Dual carriageway,40,Giveway or uncontrolled,6,0,None within 50 metres,No physical crossing within 50 meters,Darkness: Street lights present and lit,Raining without high winds,Wet/Damp,None,None,1,Yes,E01000093,2005
9925,200501KG70637,547730.0,187440.0,0.130065,51.566435,1,3,2,1,14/12/2005,4,11:45,16,E09000002,5,0,Single carriageway,30,None,-1,0,None within 50 metres,No physical crossing within 50 meters,Daylight: Street light present,Fine without high winds,Dry,None,None,1,No,E01000097,2005
9926,200501KG70638,546940.0,182960.0,0.116805,51.526387,1,3,2,1,30/12/2005,6,17:40,16,E09000002,5,0,Single carriageway,30,Giveway or uncontrolled,5,0,None within 50 metres,No physical crossing within 50 meters,Darkness: Street lights present and lit,Raining without high winds,Wet/Damp,None,None,1,No,E01000094,2005
9927,200501KG70639,549920.0,185840.0,0.160957,51.551481,1,3,2,1,21/11/2005,2,17:19,16,E09000002,3,1112,Single carriageway,30,Automatic traffic signal,3,1112,None within 50 metres,Pedestrian phase at traffic signal junction,Darkness: Street lights present and lit,Fine without high winds,Dry,None,None,1,Yes,E01000035,2005
9928,200501KG70643,547630.0,184650.0,0.127453,51.541392,1,3,2,2,07/11/2005,2,19:32,16,E09000002,5,0,Single carriageway,30,Giveway or uncontrolled,6,0,None within 50 metres,Pedestrian phase at traffic signal junction,Daylight: Street light present,Fine without high winds,Dry,None,None,1,Yes,E01000075,2005
9929,200501KG79004,546740.0,185750.0,0.115087,51.551508,1,3,1,1,13/12/2005,3,20:35,16,E09000002,3,124,Single carriageway,30,None,-1,0,None within 50 metres,Zebra crossing,Darkness: Street lights present and lit,Fine without high winds,Dry,None,None,1,Yes,E01000021,2005
9930,200501KG79013,545270.0,183910.0,0.093141,51.535355,1,3,1,1,16/12/2005,6,15:20,16,E09000002,3,123,Single carriageway,30,Giveway or uncontrolled,6,0,None within 50 metres,No physical crossing within 50 meters,Daylight: Street light present,Fine without high winds,Dry,None,None,1,Yes,E01000044,2005
9931,200501KG79048,548820.0,184970.0,0.144735,51.543955,1,3,1,1,08/11/2005,3,16:35,16,E09000002,5,0,Single carriageway,30,Giveway or uncontrolled,6,0,None within 50 metres,No physical crossing within 50 meters,Darkness: Street lights present and lit,Fine without high winds,Dry,None,None,1,No,E01000013,2005
9932,200501KG79049,548410.0,184460.0,0.138612,51.53948,1,3,5,1,21/10/2005,6,23:48,16,E09000002,5,0,Single carriageway,30,None,-1,0,None within 50 metres,No physical crossing within 50 meters,Darkness: Street lights present and lit,Fine without high winds,Dry,None,None,1,Yes,E01000058,2005
9933,200501KG79071,547650.0,183610.0,0.127305,51.532042,1,3,2,1,16/11/2005,4,09:44,16,E09000002,5,0,Single carriageway,30,None,-1,0,None within 50 metres,No physical crossing within 50 meters,Daylight: Street light present,Fine without high winds,Dry,None,None,1,Yes,E01000096,2005
9934,200501KG79080,543960.0,184420.0,0.074474,51.540273,1,3,3,1,07/05/2005,7,16:20,16,E09000002,3,124,Single carriageway,30,Automatic traffic signal,3,124,None within 50 metres,Pedestrian phase at traffic signal junction,Daylight: Street light present,Fine without high winds,Wet/Damp,None,None,1,No,E01000007,2005
9935,200501LX50004,530780.0,176000.0,-0.118582,51.467809,1,3,1,1,01/01/2005,7,21:00,9,E09000022,3,203,Single carriageway,30,None,-1,0,None within 50 metres,Zebra crossing,Darkness: Street lights present and lit,Fine without high winds,Wet/Damp,None,None,1,Yes,E01003096,2005
9936,200501LX50006,530870.0,179670.0,-0.115928,51.50077,1,2,1,1,10/01/2005,2,11:10,9,E09000022,3,23,Roundabout,30,Automatic traffic signal,3,23,None within 50 metres,Pedestrian phase at traffic signal junction,Daylight: Street light present,Raining without high winds,Wet/Damp,None,None,1,Yes,E01003013,2005
9937,200501LX50007,530020.0,171690.0,-0.1311,51.429251,1,3,1,1,15/01/2005,7,17:10,9,E09000022,3,23,Single carriageway,30,Giveway or uncontrolled,5,0,None within 50 metres,No physical crossing within 50 meters,Daylight: Street light present,Fine without high winds,Dry,None,None,1,Yes,E01003119,2005
9938,200501LX50013,532100.0,171960.0,-0.101097,51.431197,1,3,1,1,05/01/2005,4,09:09,9,E09000022,6,0,Single carriageway,30,Giveway or uncontrolled,6,0,None within 50 metres,No physical crossing within 50 meters,Daylight: Street light present,Fine without high winds,Dry,None,None,1,Yes,E01003066,2005
9939,200501LX50016,532300.0,172880.0,-0.097878,51.439418,1,2,2,2,05/01/2005,4,09:32,9,E09000022,3,205,Dual carriageway,30,Giveway or uncontrolled,5,0,None within 50 metres,Zebra crossing,Daylight: Street light present,Fine without high winds,Dry,None,None,1,Yes,E01003166,2005
9940,200501LX50019,531180.0,177000.0,-0.112456,51.476704,1,3,2,3,06/01/2005,5,00:54,9,E09000022,3,23,Single carriageway,30,Automatic traffic signal,5,0,None within 50 metres,Pedestrian phase at traffic signal junction,Darkness: Street lights present and lit,Fine without high winds,Wet/Damp,None,None,1,Yes,E01003181,2005
9941,200501LX50020,532030.0,175890.0,-0.100638,51.466531,1,3,1,1,07/01/2005,6,13:40,9,E09000022,3,2217,Single carriageway,30,Giveway or uncontrolled,6,0,None within 50 metres,No physical crossing within 50 meters,Daylight: Street light present,Fine without high winds,Dry,None,None,1,Yes,E01003077,2005
9942,200501LX50021,529460.0,175310.0,-0.137828,51.461912,1,3,2,1,11/01/2005,3,21:25,9,E09000022,3,3,Single carriageway,30,Automatic traffic signal,3,2217,None within 50 metres,Pedestrian phase at traffic signal junction,Darkness: Street lights present and lit,Fine without high winds,Dry,None,None,1,Yes,E01003039,2005
9943,200501LX50022,531220.0,179080.0,-0.111108,51.495387,1,3,2,1,14/01/2005,6,17:51,9,E09000022,3,23,Single carriageway,30,Giveway or uncontrolled,5,0,None within 50 metres,non-junction pedestrian crossing,Darkness: Street lights present and lit,Fine without high winds,Dry,None,None,1,Yes,E01003015,2005
9944,200501LX50023,530850.0,179870.0,-0.116142,51.502572,1,3,1,1,15/01/2005,7,00:48,9,E09000022,3,3200,Single carriageway,30,Automatic traffic signal,6,0,None within 50 metres,Pedestrian phase at traffic signal junction,Darkness: Street lights present and lit,Fine without high winds,Dry,None,None,1,Yes,E01003012,2005
9945,200501LX50024,528990.0,175990.0,-0.144342,51.46813,1,3,2,1,24/01/2005,2,20:50,9,E09000022,3,3036,Single carriageway,30,Automatic traffic signal,4,224,None within 50 metres,No physical crossing within 50 meters,Darkness: Street lights present and lit,Fine without high winds,Wet/Damp,None,None,1,Yes,E01003038,2005
9946,200501LX50025,529670.0,174850.0,-0.134975,51.45773,1,3,2,1,20/01/2005,5,15:35,9,E09000022,5,0,Single carriageway,30,Stop Sign,6,0,None within 50 metres,No physical crossing within 50 meters,Daylight: Street light present,Fine without high winds,Dry,None,None,1,Yes,E01003027,2005
9947,200501LX50029,531350.0,177890.0,-0.109679,51.484663,1,3,2,1,13/01/2005,5,18:02,9,E09000022,3,3,Single carriageway,30,None,-1,0,None within 50 metres,No physical crossing within 50 meters,Darkness: Street lights present and lit,Fine without high winds,Dry,None,None,1,Yes,E01003107,2005
9948,200501LX50030,530380.0,170720.0,-0.126281,51.420451,1,3,2,1,04/01/2005,3,07:57,9,E09000022,5,0,Single carriageway,30,Giveway or uncontrolled,6,0,None within 50 metres,No physical crossing within 50 meters,Daylight: Street light present,Fine without high winds,Dry,None,None,1,Yes,E01003144,2005
9949,200501LX50033,528880.0,174410.0,-0.1465,51.453956,1,3,2,1,11/01/2005,3,07:00,9,E09000022,3,205,Single carriageway,30,Automatic traffic signal,3,24,None within 50 metres,Pedestrian phase at traffic signal junction,Darkness: Street lights present and lit,Fine without high winds,Dry,None,None,1,No,E01003030,2005
9950,200501LX50035,528730.0,175820.0,-0.148145,51.466662,1,3,2,1,24/01/2005,2,00:15,9,E09000022,3,3036,Single carriageway,30,Giveway or uncontrolled,6,0,None within 50 metres,No physical crossing within 50 meters,Darkness: Street lights present and lit,Fine without high winds,Dry,None,None,1,No,E01003037,2005
9951,200501LX50036,532890.0,170920.0,-0.090129,51.421666,1,3,2,1,17/01/2005,2,10:30,9,E09000022,6,0,Single carriageway,30,Giveway or uncontrolled,6,0,None within 50 metres,No physical crossing within 50 meters,Daylight: Street light present,Fine without high winds,Dry,None,None,1,No,E01003063,2005
9952,200501LX50037,529640.0,175130.0,-0.135304,51.460253,1,3,2,3,14/01/2005,6,12:30,9,E09000022,3,2217,Single carriageway,30,Giveway or uncontrolled,6,0,None within 50 metres,No physical crossing within 50 meters,Daylight: Street light present,Fine without high winds,Dry,None,None,1,Yes,E01003032,2005
9953,200501LX50039,530650.0,174300.0,-0.121081,51.452562,1,3,2,1,27/01/2005,5,14:40,9,E09000022,3,23,Single carriageway,30,Giveway or uncontrolled,6,0,None within 50 metres,No physical crossing within 50 meters,Daylight: Street light present,Fine without high winds,Wet/Damp,None,None,1,No,E01003024,2005
9954,200501LX50042,530020.0,171470.0,-0.131181,51.427274,1,3,2,1,21/01/2005,6,17:25,9,E09000022,3,23,Single carriageway,30,Automatic traffic signal,5,0,None within 50 metres,Pedestrian phase at traffic signal junction,Daylight: Street light present,Fine without high winds,Dry,None,None,1,Yes,E01003120,2005
9955,200501LX50043,529670.0,170370.0,-0.136615,51.417468,1,3,1,1,17/01/2005,2,20:00,9,E09000022,4,272,Single carriageway,30,Automatic traffic signal,6,0,None within 50 metres,Pedestrian phase at traffic signal junction,Darkness: Street lights present and lit,Raining without high winds,Wet/Damp,None,None,1,Yes,E01003146,2005
9956,200501LX50045,531230.0,178730.0,-0.111094,51.492239,1,3,2,1,18/01/2005,3,13:31,9,E09000022,3,23,Single carriageway,30,Giveway or uncontrolled,6,0,None within 50 metres,No physical crossing within 50 meters,Daylight: Street light present,Fine without high winds,Dry,None,None,1,Yes,E01003111,2005
9957,200501LX50046,530320.0,176230.0,-0.125116,51.469983,1,3,1,1,19/01/2005,4,08:08,9,E09000022,3,3,Single carriageway,30,None,-1,0,None within 50 metres,No physical crossing within 50 meters,Daylight: Street light present,Fine without high winds,Dry,None,None,1,Yes,E01003128,2005
9958,200501LX50047,531190.0,176250.0,-0.11259,51.469961,1,2,2,1,20/01/2005,5,12:18,9,E09000022,3,23,Single carriageway,30,Giveway or uncontrolled,6,0,None within 50 metres,No physical crossing within 50 meters,Daylight: Street light present,Fine without high winds,Dry,None,None,1,Yes,E01003059,2005
9959,200501LX50048,530350.0,170390.0,-0.126834,51.417492,1,2,1,1,20/01/2005,5,08:40,9,E09000022,3,23,Single carriageway,30,None,-1,0,None within 50 metres,non-junction pedestrian crossing,Daylight: Street light present,Fine without high winds,Wet/Damp,None,None,1,Yes,E01003147,2005
9960,200501LX50051,529540.0,176370.0,-0.136289,51.47142,1,3,1,1,22/01/2005,7,17:47,9,E09000022,3,3036,Single carriageway,30,None,-1,0,None within 50 metres,No physical crossing within 50 meters,Darkness: Street lights present and lit,Raining without high winds,Wet/Damp,None,None,1,Yes,E01003089,2005
9961,200501LX50052,530680.0,178060.0,-0.11926,51.486345,1,3,2,1,03/01/2005,2,14:47,9,E09000022,3,3204,One way street,30,Automatic traffic signal,3,3204,None within 50 metres,Pedestrian phase at traffic signal junction,Daylight: Street light present,Fine without high winds,Dry,None,None,1,Yes,E01003102,2005
9962,200501LX50054,531620.0,172170.0,-0.10792,51.433195,1,3,2,2,28/01/2005,6,19:15,9,E09000022,6,0,Single carriageway,30,Giveway or uncontrolled,6,0,None within 50 metres,No physical crossing within 50 meters,Darkness: Street lights present and lit,Fine without high winds,Wet/Damp,None,None,1,Yes,E01003080,2005
9963,200501LX50059,531240.0,177950.0,-0.11124,51.485227,1,3,2,1,26/01/2005,4,14:20,9,E09000022,3,23,Single carriageway,30,Giveway or uncontrolled,6,0,None within 50 metres,Zebra crossing,Daylight: Street light present,Fine without high winds,Dry,None,None,1,No,E01003101,2005
9964,200501LX50060,532530.0,176530.0,-0.093204,51.472166,1,3,1,1,20/01/2005,5,15:45,8,E09000028,3,215,Single carriageway,30,None,-1,0,None within 50 metres,No physical crossing within 50 meters,Daylight: Street light present,Fine without high winds,Dry,None,None,1,Yes,E01003922,2005
9965,200501LX50061,532170.0,171030.0,-0.100437,51.422822,1,3,2,1,22/01/2005,7,11:47,9,E09000022,6,0,Single carriageway,30,None,-1,0,None within 50 metres,No physical crossing within 50 meters,Daylight: Street light present,Fine without high winds,Dry,None,None,1,Yes,E01003086,2005
9966,200501LX50062,531320.0,177860.0,-0.110122,51.4844,1,3,1,1,22/01/2005,7,09:20,9,E09000022,3,3,Single carriageway,30,Automatic traffic signal,3,23,None within 50 metres,Pedestrian phase at traffic signal junction,Daylight: Street light present,Fine without high winds,Dry,None,None,1,Yes,E01003099,2005
9967,200501LX50063,529550.0,173930.0,-0.137038,51.449489,1,3,3,2,23/01/2005,1,18:45,9,E09000022,3,205,Single carriageway,30,Automatic traffic signal,5,0,None within 50 metres,Pedestrian phase at traffic signal junction,Darkness: Street lights present and lit,Fine without high winds,Dry,None,None,1,Yes,E01003160,2005
9968,200501LX50065,532730.0,172770.0,-0.091736,51.438329,1,3,1,1,25/01/2005,3,18:25,8,E09000028,3,2199,Single carriageway,30,None,-1,0,None within 50 metres,non-junction pedestrian crossing,Darkness: Street lights present and lit,Raining without high winds,Wet/Damp,None,None,1,Yes,E01003165,2005
9969,200501LX50066,529850.0,176290.0,-0.131857,51.47063,1,3,3,1,27/01/2005,5,16:04,9,E09000022,5,0,Single carriageway,30,Giveway or uncontrolled,6,0,None within 50 metres,No physical crossing within 50 meters,Daylight: Street light present,Fine without high winds,Dry,None,None,1,Yes,E01003092,2005
9970,200501LX50067,530200.0,176080.0,-0.126898,51.468662,1,3,2,1,29/01/2005,7,05:11,9,E09000022,3,3,Single carriageway,30,Automatic traffic signal,5,0,None within 50 metres,Pedestrian phase at traffic signal junction,Darkness: Street lights present and lit,Fine without high winds,Dry,None,None,1,Yes,E01003090,2005
9971,200501LX50068,531180.0,174270.0,-0.113468,51.45217,1,3,1,1,28/01/2005,6,07:40,9,E09000022,3,204,Single carriageway,30,None,-1,0,None within 50 metres,Pedestrian phase at traffic signal junction,Daylight: Street light present,Raining without high winds,Wet/Damp,None,None,1,Yes,E01003179,2005
9972,200501LX50070,530060.0,175070.0,-0.129284,51.459617,1,3,1,1,21/01/2005,6,17:00,9,E09000022,3,2217,Dual carriageway,30,Automatic traffic signal,4,221,None within 50 metres,Pedestrian phase at traffic signal junction,Darkness: Street lights present and lit,Fine without high winds,Dry,None,None,1,Yes,E01003029,2005
9973,200501LX50071,531270.0,177930.0,-0.110815,51.485041,1,3,1,1,29/01/2005,7,01:50,9,E09000022,3,23,Single carriageway,30,Giveway or uncontrolled,6,0,None within 50 metres,No physical crossing within 50 meters,Darkness: Street lights present and lit,Fine without high winds,Wet/Damp,None,None,1,Yes,E01003101,2005
9974,200501LX50072,531900.0,176740.0,-0.102191,51.4742,1,2,2,1,31/01/2005,2,06:57,9,E09000022,6,0,Single carriageway,30,None,-1,0,None within 50 metres,No physical crossing within 50 meters,Daylight: Street light present,Fine without high winds,Dry,None,None,1,Yes,E01003180,2005
9975,200501LX50073,530730.0,172640.0,-0.120543,51.437625,1,3,2,1,31/01/2005,2,13:50,9,E09000022,6,0,Single carriageway,30,Giveway or uncontrolled,6,0,None within 50 metres,No physical crossing within 50 meters,Daylight: Street light present,Fine without high winds,Dry,None,None,1,Yes,E01003135,2005
9976,200501LX50074,530050.0,171230.0,-0.130838,51.42511,1,3,2,1,06/01/2005,5,16:15,9,E09000022,3,23,Single carriageway,30,Automatic traffic signal,6,0,None within 50 metres,Pedestrian phase at traffic signal junction,Darkness: Street lights present and lit,Fine without high winds,Dry,None,None,1,No,E01003114,2005
9977,200501LX50078,530340.0,176260.0,-0.124818,51.470248,1,3,2,1,26/01/2005,4,18:30,9,E09000022,3,3,Single carriageway,30,Giveway or uncontrolled,6,0,None within 50 metres,No physical crossing within 50 meters,Darkness: Street lights present and lit,Fine without high winds,Dry,None,None,1,No,E01003128,2005
9978,200501LX50079,531700.0,174740.0,-0.105814,51.456273,1,3,2,1,27/01/2005,5,18:00,9,E09000022,4,223,Single carriageway,30,None,-1,0,None within 50 metres,No physical crossing within 50 meters,Darkness: Street lights present and lit,Raining without high winds,Wet/Damp,None,None,1,No,E01003074,2005
9979,200501LX50080,530280.0,170670.0,-0.127737,51.420024,1,3,2,1,27/01/2005,5,14:30,9,E09000022,5,0,Single carriageway,30,None,-1,0,None within 50 metres,No physical crossing within 50 meters,Daylight: Street light present,Fine without high winds,Wet/Damp,None,None,1,No,E01003144,2005
9980,200501LX50082,532320.0,172900.0,-0.097583,51.439593,1,3,2,1,28/01/2005,6,07:20,9,E09000022,3,205,Single carriageway,30,Giveway or uncontrolled,6,0,None within 50 metres,No physical crossing within 50 meters,Darkness: Street lights present and lit,Raining without high winds,Wet/Damp,None,None,1,No,E01003166,2005
9981,200501LX50083,529910.0,173740.0,-0.13193,51.447699,1,3,2,2,29/01/2005,7,10:15,9,E09000022,4,221,Single carriageway,30,Giveway or uncontrolled,3,205,None within 50 metres,No physical crossing within 50 meters,Daylight: Street light present,Fine without high winds,Dry,None,None,1,No,E01003162,2005
9982,200501LX50084,530810.0,174740.0,-0.118617,51.456479,1,3,1,1,01/02/2005,3,09:45,9,E09000022,3,23,Single carriageway,30,None,-1,0,None within 50 metres,No physical crossing within 50 meters,Daylight: Street light present,Fine without high winds,Dry,None,None,1,Yes,E01003018,2005
9983,200501LX50085,530790.0,175170.0,-0.118745,51.460348,1,3,2,1,01/02/2005,3,18:36,9,E09000022,3,2217,Single carriageway,30,Giveway or uncontrolled,6,0,None within 50 metres,No physical crossing within 50 meters,Darkness: Street lights present and lit,Raining without high winds,Wet/Damp,None,None,1,Yes,E01003055,2005
9984,200501LX50086,529950.0,171410.0,-0.132209,51.42675,1,3,1,1,01/02/2005,3,18:18,9,E09000022,5,0,Single carriageway,30,Giveway or uncontrolled,6,0,None within 50 metres,No physical crossing within 50 meters,Darkness: Street lights present and lit,Raining without high winds,Wet/Damp,None,None,1,Yes,E01003113,2005
9985,200501LX50088,533590.0,170710.0,-0.080146,51.419614,1,3,1,1,01/02/2005,3,11:20,20,E09000008,3,214,Single carriageway,30,None,-1,0,None within 50 metres,No physical crossing within 50 meters,Daylight: Street light present,Fine without high winds,Dry,None,None,1,Yes,E01001164,2005
9986,200501LX50089,530880.0,175860.0,-0.117195,51.466528,1,3,1,2,02/02/2005,4,09:15,9,E09000022,3,203,Single carriageway,30,None,-1,0,None within 50 metres,No physical crossing within 50 meters,Daylight: Street light present,Fine without high winds,Dry,None,None,1,Yes,E01003053,2005
9987,200501LX50091,530910.0,180300.0,-0.115119,51.506423,1,3,1,1,10/01/2005,2,10:00,9,E09000022,3,301,Dual carriageway,30,None,-1,0,None within 50 metres,No physical crossing within 50 meters,Daylight: Street light present,Raining without high winds,Wet/Damp,None,None,1,Yes,E01003012,2005
9988,200501LX50092,529590.0,176430.0,-0.135547,51.471947,1,3,1,1,28/01/2005,6,15:13,9,E09000022,3,3036,Dual carriageway,30,Automatic traffic signal,5,0,None within 50 metres,Pedestrian phase at traffic signal junction,Daylight: Street light present,Raining without high winds,Wet/Damp,None,None,1,Yes,E01003089,2005
9989,200501LX50093,531200.0,175450.0,-0.112743,51.46277,1,3,1,1,03/02/2005,5,13:30,9,E09000022,6,0,Single carriageway,30,None,-1,0,None within 50 metres,No physical crossing within 50 meters,Daylight: Street light present,Fine without high winds,Dry,None,None,1,Yes,E01003047,2005
9990,200501LX50097,531180.0,177000.0,-0.112456,51.476704,1,2,2,2,05/02/2005,7,21:56,9,E09000022,3,23,Single carriageway,30,Automatic traffic signal,5,0,None within 50 metres,Pedestrian phase at traffic signal junction,Darkness: Street lights present and lit,Fine without high winds,Dry,None,None,1,Yes,E01003181,2005
9991,200501LX50098,530890.0,174970.0,-0.117381,51.458528,1,3,2,1,06/02/2005,1,14:10,9,E09000022,6,0,Dual carriageway,30,Giveway or uncontrolled,3,23,None within 50 metres,No physical crossing within 50 meters,Daylight: Street light present,Fine without high winds,Dry,None,None,1,Yes,E01003020,2005
9992,200501LX50099,531220.0,177270.0,-0.11178,51.479121,1,3,2,1,05/02/2005,7,12:19,9,E09000022,3,23,Single carriageway,30,Giveway or uncontrolled,6,0,None within 50 metres,Zebra crossing,Daylight: Street light present,Fine without high winds,Dry,None,None,1,Yes,E01003181,2005
9993,200501LX50100,531070.0,175480.0,-0.114602,51.463069,1,3,2,1,06/02/2005,1,15:43,9,E09000022,4,223,Single carriageway,30,Automatic traffic signal,3,23,None within 50 metres,Pedestrian phase at traffic signal junction,Daylight: Street light present,Fine without high winds,Dry,Roadworks,None,1,Yes,E01003047,2005
9994,200501LX50101,530170.0,173830.0,-0.128158,51.448448,1,3,2,1,17/02/2005,5,15:10,9,E09000022,6,0,Single carriageway,30,Giveway or uncontrolled,6,0,None within 50 metres,No physical crossing within 50 meters,Daylight: Street light present,Fine without high winds,Dry,None,None,1,Yes,E01003023,2005
9995,200501LX50102,531040.0,175450.0,-0.115045,51.462807,1,3,1,1,07/02/2005,2,13:42,9,E09000022,3,23,Single carriageway,30,None,-1,0,None within 50 metres,Pedestrian phase at traffic signal junction,Daylight: Street light present,Fine without high winds,Dry,None,None,1,Yes,E01003055,2005
9996,200501LX50103,529550.0,175360.0,-0.136515,51.462341,1,3,2,1,07/02/2005,2,21:45,9,E09000022,3,3,Single carriageway,30,None,-1,0,None within 50 metres,non-junction pedestrian crossing,Darkness: Street lights present and lit,Fine without high winds,Dry,None,None,1,Yes,E01003041,2005
9997,200501LX50104,529440.0,173980.0,-0.138602,51.449964,1,3,2,1,08/02/2005,3,12:05,9,E09000022,3,205,Single carriageway,30,None,-1,0,None within 50 metres,No physical crossing within 50 meters,Daylight: Street light present,Fine without high winds,Dry,None,None,1,Yes,E01003160,2005
9998,200501LX50105,530990.0,175260.0,-0.115835,51.461111,1,2,2,1,09/02/2005,4,11:55,9,E09000022,3,2217,Single carriageway,30,Automatic traffic signal,3,23,None within 50 metres,Pedestrian phase at traffic signal junction,Daylight: Street light present,Fine without high winds,Dry,None,None,1,Yes,E01003020,2005
9999,200501LX50106,530140.0,173660.0,-0.128651,51.446928,1,3,2,1,10/02/2005,5,10:22,9,E09000022,3,205,Single carriageway,30,Automatic traffic signal,5,0,None within 50 metres,Pedestrian phase at traffic signal junction,Daylight: Street light present,Fine without high winds,Wet/Damp,None,None,1,Yes,E01003162,2005
10000,200501LX50107,531600.0,178290.0,-0.105931,51.488199,1,3,2,1,06/02/2005,1,12:15,9,E09000022,3,3,Single carriageway,30,Automatic traffic signal,5,0,None within 50 metres,Pedestrian phase at traffic signal junction,Daylight: Street light present,Fine without high winds,Dry,None,None,1,No,E01003998,2005
10001,200501LX50109,530550.0,174020.0,-0.122622,51.450069,1,3,2,1,11/02/2005,6,18:03,9,E09000022,3,23,Single carriageway,30,Giveway or uncontrolled,6,0,None within 50 metres,No physical crossing within 50 meters,Darkness: Street lights present and lit,Raining without high winds,Wet/Damp,None,None,1,Yes,E01003024,2005
10002,200501LX50110,531130.0,179440.0,-0.11227,51.498643,1,3,1,1,12/02/2005,7,12:00,9,E09000022,3,302,Single carriageway,30,Automatic traffic signal,3,23,None within 50 metres,Pedestrian phase at traffic signal junction,Daylight: Street light present,Fine without high winds,Dry,None,None,1,Yes,E01003014,2005
10003,200501LX50111,529740.0,176810.0,-0.133249,51.475328,1,3,1,1,12/02/2005,7,17:25,9,E09000022,6,0,Single carriageway,30,Giveway or uncontrolled,6,0,None within 50 metres,No physical crossing within 50 meters,Darkness: Street lights present and lit,Raining without high winds,Wet/Damp,None,None,1,Yes,E01003089,2005
10004,200501LX50112,531190.0,176330.0,-0.112561,51.47068,1,3,2,1,11/02/2005,6,09:25,9,E09000022,3,23,Single carriageway,30,Giveway or uncontrolled,6,0,None within 50 metres,No physical crossing within 50 meters,Daylight: Street light present,Raining without high winds,Wet/Damp,None,None,1,Yes,E01003186,2005
10005,200501LX50113,530790.0,175170.0,-0.118745,51.460348,1,3,2,1,13/02/2005,1,22:50,9,E09000022,3,2217,Single carriageway,30,Giveway or uncontrolled,6,0,None within 50 metres,Zebra crossing,Darkness: Street lights present and lit,Fine without high winds,Wet/Damp,None,None,1,No,E01003055,2005
10006,200501LX50115,530340.0,170410.0,-0.12697,51.417674,1,3,2,1,22/02/2005,3,14:30,9,E09000022,3,23,Single carriageway,30,None,-1,0,None within 50 metres,No physical crossing within 50 meters,Daylight: Street light present,Fine without high winds,Dry,None,None,1,Yes,E01003147,2005
10007,200501LX50117,530200.0,172150.0,-0.128343,51.433343,1,3,1,2,02/02/2005,4,11:20,9,E09000022,3,23,Single carriageway,30,Automatic traffic signal,6,0,None within 50 metres,Pedestrian phase at traffic signal junction,Daylight: Street light present,Fine without high winds,Dry,None,None,1,Yes,E01003153,2005
10008,200501LX50118,531020.0,175350.0,-0.11537,51.461913,1,3,1,1,09/02/2005,4,11:00,9,E09000022,3,23,Single carriageway,30,None,-1,0,None within 50 metres,No physical crossing within 50 meters,Daylight: Street light present,Fine without high winds,Wet/Damp,None,None,1,Yes,E01003047,2005
10009,200501LX50119,531790.0,170980.0,-0.105918,51.422462,1,3,2,1,17/02/2005,5,21:20,9,E09000022,3,215,Single carriageway,30,Giveway or uncontrolled,3,214,None within 50 metres,No physical crossing within 50 meters,Darkness: Street lights present and lit,Raining without high winds,Wet/Damp,None,None,1,Yes,E01001084,2005
10010,200501LX50120,530470.0,176740.0,-0.12277,51.474531,1,3,3,2,17/02/2005,5,23:45,9,E09000022,3,203,Single carriageway,30,Automatic traffic signal,5,0,None within 50 metres,Pedestrian phase at traffic signal junction,Darkness: Street lights present and lit,Fine without high winds,Wet/Damp,None,None,1,Yes,E01003126,2005
10011,200501LX50121,530340.0,176250.0,-0.124821,51.470158,1,2,2,1,17/02/2005,5,13:18,9,E09000022,3,3,Single carriageway,30,Giveway or uncontrolled,6,0,None within 50 metres,No physical crossing within 50 meters,Daylight: Street light present,Raining without high winds,Wet/Damp,None,None,1,Yes,E01003094,2005
10012,200501LX50124,531670.0,171010.0,-0.107632,51.422759,1,2,1,1,14/02/2005,2,17:41,9,E09000022,3,214,Single carriageway,30,None,-1,0,None within 50 metres,No physical crossing within 50 meters,Darkness: Street lights present and lit,Fine without high winds,Dry,None,None,1,Yes,E01001084,2005
10013,200501LX50125,531890.0,172280.0,-0.103997,51.434121,1,3,1,1,28/01/2005,6,15:50,9,E09000022,6,0,Single carriageway,30,Giveway or uncontrolled,3,215,None within 50 metres,non-junction pedestrian crossing,Daylight: Street light present,Raining without high winds,Wet/Damp,None,None,1,Yes,E01003079,2005
10014,200501LX50126,530100.0,171060.0,-0.130181,51.423571,1,3,1,1,24/01/2005,2,12:17,9,E09000022,3,23,Single carriageway,30,Giveway or uncontrolled,6,0,None within 50 metres,No physical crossing within 50 meters,Daylight: Street light present,Fine without high winds,Dry,None,None,1,Yes,E01003114,2005
10015,200501LX50127,530100.0,171060.0,-0.130181,51.423571,1,3,2,1,14/02/2005,2,23:40,9,E09000022,3,23,Single carriageway,30,Giveway or uncontrolled,6,0,None within 50 metres,No physical crossing within 50 meters,Darkness: Street lights present and lit,Fine without high winds,Dry,None,None,1,Yes,E01003114,2005
10016,200501LX50128,529910.0,173770.0,-0.131919,51.447969,1,3,2,1,24/02/2005,5,10:14,9,E09000022,4,221,Single carriageway,30,None,-1,0,None within 50 metres,No physical crossing within 50 meters,Daylight: Street light present,Other,Dry,None,None,1,Yes,E01003162,2005
10017,200501LX50130,532070.0,174120.0,-0.100723,51.450615,1,3,1,1,25/02/2005,6,14:29,9,E09000022,3,215,Single carriageway,30,None,-1,0,None within 50 metres,No physical crossing within 50 meters,Daylight: Street light present,Fine without high winds,Wet/Damp,None,None,1,Yes,E01004074,2005
10018,200501LX50131,530380.0,177980.0,-0.123608,51.485696,1,3,1,1,18/02/2005,6,09:37,9,E09000022,3,203,One way street,30,Giveway or uncontrolled,3,3036,None within 50 metres,No physical crossing within 50 meters,Daylight: Street light present,Fine without high winds,Dry,None,None,1,Yes,E01003102,2005
10019,200501LX50132,530260.0,170580.0,-0.128058,51.41922,1,3,1,1,18/02/2005,6,15:11,9,E09000022,3,23,Single carriageway,30,Giveway or uncontrolled,6,0,None within 50 metres,No physical crossing within 50 meters,Daylight: Street light present,Fine without high winds,Dry,None,None,1,Yes,E01003144,2005
10020,200501LX50133,529830.0,176760.0,-0.131973,51.474858,1,3,1,1,18/02/2005,6,20:30,9,E09000022,3,3036,Single carriageway,30,Giveway or uncontrolled,6,0,None within 50 metres,No physical crossing within 50 meters,Darkness: Street lights present and lit,Fine without high winds,Wet/Damp,None,None,1,Yes,E01003089,2005
10021,200501LX50134,530100.0,171060.0,-0.130181,51.423571,1,3,2,1,18/02/2005,6,17:20,9,E09000022,3,23,Dual carriageway,30,Giveway or uncontrolled,6,0,None within 50 metres,No physical crossing within 50 meters,Darkness: Street lights present and lit,Raining without high winds,Wet/Damp,None,None,1,Yes,E01003114,2005
10022,200501LX50136,530440.0,176880.0,-0.12315,51.475796,1,3,2,1,19/02/2005,7,21:40,9,E09000022,3,203,Single carriageway,30,None,-1,0,None within 50 metres,No physical crossing within 50 meters,Darkness: Street lights present and lit,Fine without high winds,Dry,None,None,1,Yes,E01003124,2005
10023,200501LX50137,533480.0,170710.0,-0.081727,51.41964,1,2,1,1,19/02/2005,7,01:55,20,E09000008,3,214,Single carriageway,30,None,-1,0,None within 50 metres,No physical crossing within 50 meters,Darkness: Street lights present and lit,Fine without high winds,Dry,None,None,1,Yes,E01001164,2005
10024,200501LX50138,532170.0,176090.0,-0.098549,51.468296,1,3,1,1,19/02/2005,7,17:00,9,E09000022,3,2217,Single carriageway,30,Giveway or uncontrolled,6,0,None within 50 metres,No physical crossing within 50 meters,Daylight: Street light present,Fine without high winds,Wet/Damp,None,None,1,Yes,E01003075,2005
10025,200501LX50139,531050.0,175490.0,-0.114886,51.463164,1,3,2,1,20/02/2005,1,13:03,9,E09000022,3,23,Single carriageway,30,Automatic traffic signal,4,223,None within 50 metres,Pedestrian phase at traffic signal junction,Daylight: Street light present,Fine without high winds,Dry,None,None,1,Yes,E01003055,2005
10026,200501LX50140,530980.0,178120.0,-0.114919,51.486815,1,2,1,1,20/02/2005,1,19:48,9,E09000022,3,3204,Single carriageway,30,Giveway or uncontrolled,6,0,None within 50 metres,No physical crossing within 50 meters,Darkness: Street lights present and lit,Fine without high winds,Dry,None,None,1,Yes,E01003101,2005
10027,200501LX50141,529450.0,175320.0,-0.137968,51.462004,1,3,1,1,20/02/2005,1,12:45,9,E09000022,4,224,Single carriageway,30,Automatic traffic signal,3,3,None within 50 metres,Pedestrian phase at traffic signal junction,Daylight: Street light present,Fine without high winds,Dry,None,None,1,Yes,E01003041,2005
10028,200501LX50142,529600.0,175170.0,-0.135865,51.460622,1,3,2,1,21/02/2005,2,20:33,9,E09000022,3,2217,Single carriageway,30,Giveway or uncontrolled,6,0,None within 50 metres,No physical crossing within 50 meters,Darkness: Street lights present and lit,Raining without high winds,Wet/Damp,None,None,1,Yes,E01003032,2005
10029,200501LX50143,530170.0,170870.0,-0.129245,51.421847,1,3,2,1,20/02/2005,1,11:45,9,E09000022,3,23,Single carriageway,30,Automatic traffic signal,4,272,None within 50 metres,No physical crossing within 50 meters,Daylight: Street light present,Fine without high winds,Dry,None,None,1,Yes,E01003115,2005
10030,200501LX50145,530420.0,177030.0,-0.123382,51.477149,1,3,2,1,22/02/2005,3,10:44,9,E09000022,3,203,Single carriageway,30,Automatic traffic signal,6,0,None within 50 metres,Pedestrian phase at traffic signal junction,Daylight: Street light present,Fine without high winds,Wet/Damp,None,None,1,Yes,E01003124,2005
10031,200501LX50146,530340.0,170420.0,-0.126967,51.417764,1,3,1,1,25/02/2005,6,18:25,9,E09000022,3,23,Single carriageway,30,None,-1,0,None within 50 metres,No physical crossing within 50 meters,Darkness: Street lights present and lit,Fine without high winds,Wet/Damp,None,None,1,Yes,E01003147,2005
10032,200501LX50147,530800.0,179810.0,-0.116884,51.502045,1,3,1,2,25/02/2005,6,10:25,9,E09000022,3,3200,Dual carriageway,30,None,-1,0,None within 50 metres,No physical crossing within 50 meters,Daylight: Street light present,Fine without high winds,Wet/Damp,None,None,1,Yes,E01003013,2005
10033,200501LX50148,530530.0,178910.0,-0.121105,51.494019,1,3,2,1,28/02/2005,2,08:40,9,E09000022,3,3036,Roundabout,30,Automatic traffic signal,3,3203,None within 50 metres,Pedestrian phase at traffic signal junction,Daylight: Street light present,Snowing with high winds,Frost/Ice,None,None,1,Yes,E01003112,2005
10034,200501LX50149,530720.0,172550.0,-0.12072,51.436819,1,3,1,1,28/02/2005,2,09:15,9,E09000022,6,0,Single carriageway,30,Giveway or uncontrolled,6,0,None within 50 metres,No physical crossing within 50 meters,Daylight: Street light present,Fine without high winds,Dry,None,None,1,Yes,E01003135,2005
10035,200501LX50150,531160.0,177570.0,-0.112532,51.481831,1,3,2,1,01/03/2005,3,10:02,9,E09000022,3,3,Dual carriageway,30,Automatic traffic signal,3,202,None within 50 metres,Pedestrian phase at traffic signal junction,Daylight: Street light present,Raining without high winds,Wet/Damp,None,None,1,Yes,E01003099,2005
10036,200501LX50151,529450.0,170110.0,-0.139872,51.415182,1,3,2,1,26/02/2005,7,18:20,9,E09000022,4,272,Single carriageway,30,Giveway or uncontrolled,6,0,None within 50 metres,No physical crossing within 50 meters,Darkness: Street lights present and lit,Raining without high winds,Wet/Damp,None,None,1,Yes,E01003139,2005
10037,200501LX50153,529160.0,175450.0,-0.142093,51.463238,1,3,1,1,11/01/2005,3,18:16,9,E09000022,4,303,One way street,30,Giveway or uncontrolled,4,303,None within 50 metres,Zebra crossing,Daylight: Street light present,Fine without high winds,Dry,None,None,1,Yes,E01003039,2005
10038,200501LX50154,530990.0,175260.0,-0.115835,51.461111,1,3,2,1,28/02/2005,2,14:35,9,E09000022,3,23,Single carriageway,30,Automatic traffic signal,3,2217,None within 50 metres,Pedestrian phase at traffic signal junction,Daylight: Street light present,Fine without high winds,Dry,None,None,1,Yes,E01003020,2005
10039,200501LX50155,531310.0,177850.0,-0.110269,51.484312,1,2,1,1,24/01/2005,2,17:20,9,E09000022,3,23,Single carriageway,30,Automatic traffic signal,3,3,None within 50 metres,Pedestrian phase at traffic signal junction,Darkness: Street lights present and lit,Fine without high winds,Dry,None,None,1,No,E01003099,2005
10040,200501LX50156,530420.0,177810.0,-0.123095,51.484159,1,3,3,1,09/01/2005,1,02:35,9,E09000022,3,203,One way street,30,Giveway or uncontrolled,3,203,None within 50 metres,No physical crossing within 50 meters,Darkness: Street lights present and lit,Fine without high winds,Dry,None,None,1,Yes,E01003103,2005
10041,200501LX50157,531420.0,180460.0,-0.107715,51.507742,1,3,2,1,22/02/2005,3,17:45,8,E09000028,6,0,Single carriageway,30,Giveway or uncontrolled,6,0,None within 50 metres,No physical crossing within 50 meters,Darkness: Street lights present and lit,Raining without high winds,Wet/Damp,None,None,1,Yes,E01003934,2005
10042,200501LX50159,530130.0,170980.0,-0.129779,51.422845,1,3,2,1,19/02/2005,7,05:45,9,E09000022,3,23,Single carriageway,30,Automatic traffic signal,3,214,None within 50 metres,Pedestrian phase at traffic signal junction,Darkness: Street lights present and lit,Fine without high winds,Dry,None,None,1,No,E01003115,2005
10043,200501LX50160,532250.0,176720.0,-0.097162,51.473939,1,3,2,1,23/02/2005,4,11:30,8,E09000028,6,0,Single carriageway,30,None,-1,0,None within 50 metres,No physical crossing within 50 meters,Daylight: Street light present,Fine without high winds,Dry,None,None,1,No,E01003919,2005
10044,200501LX50161,530560.0,177980.0,-0.121017,51.485654,1,3,2,2,24/02/2005,5,18:15,9,E09000022,3,202,Single carriageway,30,None,-1,0,None within 50 metres,No physical crossing within 50 meters,Daylight: Street light present,Fine without high winds,Dry,None,None,1,No,E01003102,2005
10045,200501LX50301,529920.0,173090.0,-0.132025,51.441855,1,3,2,1,03/03/2005,5,09:40,9,E09000022,4,221,Single carriageway,30,Giveway or uncontrolled,6,0,None within 50 metres,No physical crossing within 50 meters,Daylight: Street light present,Raining without high winds,Wet/Damp,None,None,1,No,E01003138,2005
10046,200501LX50302,529630.0,176470.0,-0.134957,51.472298,1,3,1,1,03/03/2005,5,08:07,9,E09000022,3,3036,Single carriageway,30,None,-1,0,None within 50 metres,No physical crossing within 50 meters,Daylight: Street light present,Fine without high winds,Dry,None,None,1,No,E01003089,2005
10047,200501LX50305,530420.0,173400.0,-0.12472,51.444527,1,3,1,1,28/02/2005,2,14:35,9,E09000022,3,23,Single carriageway,30,None,-1,0,None within 50 metres,No physical crossing within 50 meters,Daylight: Street light present,Raining without high winds,Wet/Damp,None,None,1,No,E01003137,2005
10048,200501LX50306,529860.0,175550.0,-0.131985,51.463977,1,3,1,1,01/03/2005,3,09:13,9,E09000022,3,3,Single carriageway,30,Giveway or uncontrolled,6,0,None within 50 metres,No physical crossing within 50 meters,Daylight: Street light present,Raining without high winds,Wet/Damp,None,None,1,Yes,E01003054,2005
10049,200501LX50307,530500.0,171040.0,-0.124439,51.423299,1,3,2,1,01/03/2005,3,08:55,9,E09000022,3,214,Single carriageway,30,Giveway or uncontrolled,6,0,None within 50 metres,Pedestrian phase at traffic signal junction,Daylight: Street light present,Fine without high winds,Dry,None,None,1,Yes,E01003144,2005
10050,200501LX50310,529600.0,176230.0,-0.135477,51.470148,1,3,2,1,02/03/2005,4,20:57,9,E09000022,6,0,Single carriageway,30,Giveway or uncontrolled,6,0,None within 50 metres,No physical crossing within 50 meters,Darkness: Street lights present and lit,Raining without high winds,Wet/Damp,None,None,1,Yes,E01003091,2005
10051,200501LX50312,532760.0,170950.0,-0.091986,51.421966,1,3,1,1,03/03/2005,5,07:42,20,E09000008,3,214,Single carriageway,30,Giveway or uncontrolled,6,0,None within 50 metres,No physical crossing within 50 meters,Daylight: Street light present,Fine without high winds,Dry,None,None,1,Yes,E01001162,2005
10052,200501LX50313,531180.0,175950.0,-0.112845,51.467268,1,3,1,1,03/03/2005,5,18:19,9,E09000022,3,23,Single carriageway,30,Giveway or uncontrolled,6,0,None within 50 metres,No physical crossing within 50 meters,Darkness: Street lights present and lit,Fine without high winds,Dry,None,None,1,Yes,E01003045,2005
10053,200501LX50314,531180.0,176380.0,-0.112686,51.471132,1,3,1,1,05/03/2005,7,23:10,9,E09000022,3,23,Single carriageway,30,Giveway or uncontrolled,6,0,None within 50 metres,No physical crossing within 50 meters,Darkness: Street lights present and lit,Fine without high winds,Dry,None,None,1,Yes,E01003186,2005
10054,200501LX50316,531790.0,177190.0,-0.103607,51.47827,1,3,2,1,03/03/2005,5,08:45,9,E09000022,3,202,Single carriageway,30,Automatic traffic signal,3,202,None within 50 metres,Pedestrian phase at traffic signal junction,Daylight: Street light present,Fine without high winds,Dry,None,None,1,Yes,E01003183,2005
10055,200501LX50317,529410.0,170030.0,-0.140476,51.414472,1,3,1,1,05/03/2005,7,19:35,9,E09000022,4,272,Single carriageway,30,Giveway or uncontrolled,6,0,None within 50 metres,Zebra crossing,Darkness: Street lights present and lit,Fine without high winds,Dry,None,None,1,Yes,E01003142,2005
10056,200501LX50318,530020.0,171460.0,-0.131185,51.427184,1,3,1,1,05/03/2005,7,01:00,9,E09000022,3,23,Single carriageway,30,Automatic traffic signal,5,0,None within 50 metres,No physical crossing within 50 meters,Darkness: Street lights present and lit,Fog or mist,Frost/Ice,None,None,1,Yes,E01003120,2005
10057,200501LX50319,530050.0,175790.0,-0.129163,51.46609,1,3,2,1,08/03/2005,3,06:25,9,E09000022,3,3,Single carriageway,30,None,-1,0,None within 50 metres,No physical crossing within 50 meters,Daylight: Street light present,Fine without high winds,Wet/Damp,None,None,1,Yes,E01003090,2005
10058,200501LX50321,531170.0,176930.0,-0.112626,51.476077,1,3,2,1,08/03/2005,3,22:27,9,E09000022,3,23,Single carriageway,30,Giveway or uncontrolled,6,0,None within 50 metres,No physical crossing within 50 meters,Darkness: Street lights present and lit,Fine without high winds,Dry,None,None,1,Yes,E01003185,2005
10059,200501LX50322,530030.0,171320.0,-0.131092,51.425923,1,3,2,1,09/03/2005,4,14:50,9,E09000022,3,23,Single carriageway,30,None,-1,0,None within 50 metres,No physical crossing within 50 meters,Daylight: Street light present,Fine without high winds,Dry,None,None,1,Yes,E01003114,2005
10060,200501LX50329,531220.0,179080.0,-0.111108,51.495387,1,3,1,1,09/03/2005,4,09:00,9,E09000022,3,23,Single carriageway,30,Giveway or uncontrolled,5,0,None within 50 metres,No physical crossing within 50 meters,Daylight: Street light present,Fine without high winds,Dry,None,None,1,Yes,E01003015,2005
10061,200501LX50330,530580.0,174110.0,-0.122157,51.45087,1,3,1,1,09/03/2005,4,16:51,9,E09000022,3,23,Single carriageway,30,Giveway or uncontrolled,6,0,None within 50 metres,No physical crossing within 50 meters,Daylight: Street light present,Fine without high winds,Dry,None,None,1,Yes,E01003024,2005
10062,200501LX50332,531440.0,178450.0,-0.108175,51.489674,1,3,2,1,11/03/2005,6,09:00,9,E09000022,3,3204,Single carriageway,30,Giveway or uncontrolled,6,0,None within 50 metres,Pedestrian phase at traffic signal junction,Daylight: Street light present,Fine without high winds,Dry,None,None,1,Yes,E01003106,2005
10063,200501LX50333,530620.0,171250.0,-0.122636,51.425159,1,3,2,1,02/03/2005,4,14:00,9,E09000022,5,0,Single carriageway,30,None,-1,0,None within 50 metres,No physical crossing within 50 meters,Daylight: Street light present,Fine without high winds,Dry,None,None,1,Yes,E01003149,2005
10064,200501LX50334,531160.0,177560.0,-0.112536,51.481741,1,2,1,1,13/03/2005,1,21:00,9,E09000022,3,3,Single carriageway,30,Automatic traffic signal,3,202,None within 50 metres,Pedestrian phase at traffic signal junction,Darkness: Street lights present and lit,Fine without high winds,Dry,None,None,1,Yes,E01003100,2005
10065,200501LX50335,529960.0,175630.0,-0.130517,51.464673,1,3,2,1,14/03/2005,2,11:30,9,E09000022,3,3,Single carriageway,30,Giveway or uncontrolled,6,0,None within 50 metres,No physical crossing within 50 meters,Daylight: Street light present,Fine without high winds,Dry,None,None,1,Yes,E01003090,2005
10066,200501LX50336,530770.0,172830.0,-0.119897,51.439323,1,3,2,1,16/03/2005,4,19:24,9,E09000022,6,0,Single carriageway,30,Giveway or uncontrolled,6,0,None within 50 metres,No physical crossing within 50 meters,Darkness: Street lights present and lit,Fine without high winds,Wet/Damp,None,None,1,Yes,E01003130,2005
10067,200501LX50337,531310.0,177860.0,-0.110266,51.484402,1,3,1,1,16/03/2005,4,13:50,9,E09000022,3,23,Single carriageway,30,Automatic traffic signal,3,3,None within 50 metres,Pedestrian phase at traffic signal junction,Daylight: Street light present,Fine without high winds,Wet/Damp,Ol or diesel,None,1,Yes,E01003099,2005
10068,200501LX50343,530540.0,170110.0,-0.124206,51.414932,1,3,2,1,10/03/2005,5,20:10,9,E09000022,3,23,Single carriageway,30,Giveway or uncontrolled,6,0,None within 50 metres,No physical crossing within 50 meters,Daylight: Street light present,Fine without high winds,Dry,None,None,1,Yes,E01003141,2005
10069,200501LX50345,530420.0,178400.0,-0.122877,51.489461,1,3,2,1,21/02/2005,2,20:55,9,E09000022,3,3036,Single carriageway,30,None,-1,0,None within 50 metres,No physical crossing within 50 meters,Darkness: Street lights present and lit,Snowing without high winds,Wet/Damp,None,None,1,Yes,E01003109,2005
10070,200501LX50346,530560.0,179110.0,-0.120599,51.495809,1,2,2,1,15/03/2005,3,14:10,9,E09000022,3,3036,Single carriageway,30,None,-1,0,None within 50 metres,No physical crossing within 50 meters,Daylight: Street light present,Fine without high winds,Dry,None,None,1,Yes,E01003013,2005
10071,200501LX50347,531220.0,177310.0,-0.111765,51.47948,1,2,2,1,16/01/2005,1,00:01,9,E09000022,3,23,Single carriageway,30,Giveway or uncontrolled,6,0,None within 50 metres,Zebra crossing,Darkness: Street lights present and lit,Fine without high winds,Dry,None,None,1,No,E01003100,2005
10072,200501LX50348,532630.0,173060.0,-0.093065,51.440958,1,3,2,1,31/01/2005,2,17:30,9,E09000022,3,205,Dual carriageway,30,Automatic traffic signal,3,2199,None within 50 metres,Pedestrian phase at traffic signal junction,Darkness: Street lights present and lit,Fine with high winds,Dry,None,None,1,No,E01003165,2005
10073,200501LX50352,531100.0,175700.0,-0.114089,51.465039,1,3,2,1,22/03/2005,3,11:50,9,E09000022,3,23,Single carriageway,30,Giveway or uncontrolled,5,0,None within 50 metres,Pedestrian phase at traffic signal junction,Daylight: Street light present,Raining without high winds,Wet/Damp,None,None,1,Yes,E01003061,2005
10074,200501LX50353,531540.0,172970.0,-0.108773,51.440403,1,3,2,1,01/03/2005,3,08:45,9,E09000022,3,205,One way street,30,Giveway or uncontrolled,3,205,None within 50 metres,Zebra crossing,Daylight: Street light present,Fine without high winds,Dry,None,None,1,No,E01003174,2005
10075,200501LX50355,531560.0,176310.0,-0.107244,51.470415,1,3,2,1,20/03/2005,1,09:45,9,E09000022,5,0,Single carriageway,30,Automatic traffic signal,6,0,None within 50 metres,Pedestrian phase at traffic signal junction,Daylight: Street light present,Fine without high winds,Dry,None,None,1,Yes,E01003046,2005
10076,200501LX50356,531270.0,175350.0,-0.111773,51.461855,1,2,1,1,18/03/2005,6,18:04,9,E09000022,3,2217,Single carriageway,30,Automatic traffic signal,4,223,None within 50 metres,Pedestrian phase at traffic signal junction,Daylight: Street light present,Fine without high winds,Dry,None,None,1,Yes,E01003047,2005
10077,200501LX50357,530180.0,177820.0,-0.126545,51.484304,1,3,2,2,26/03/2005,7,15:03,9,E09000022,3,3036,Single carriageway,30,Automatic traffic signal,3,3205,None within 50 metres,No physical crossing within 50 meters,Daylight: Street light present,Fine without high winds,Dry,None,None,1,Yes,E01004562,2005
10078,200501LX50358,531840.0,175670.0,-0.103454,51.464598,1,3,2,1,10/03/2005,5,09:25,9,E09000022,3,2217,Single carriageway,30,Giveway or uncontrolled,6,0,None within 50 metres,No physical crossing within 50 meters,Daylight: Street light present,Fine without high winds,Dry,None,None,1,Yes,E01003049,2005
10079,200501LX50359,529460.0,170110.0,-0.139728,51.415179,1,3,1,1,15/03/2005,3,15:30,9,E09000022,4,272,Single carriageway,30,Giveway or uncontrolled,6,0,None within 50 metres,No physical crossing within 50 meters,Daylight: Street light present,Fine without high winds,Dry,None,None,1,Yes,E01003139,2005
10080,200501LX50360,530660.0,176220.0,-0.120228,51.469814,1,3,1,1,26/03/2005,7,00:48,9,E09000022,3,203,Single carriageway,30,Giveway or uncontrolled,6,0,None within 50 metres,No physical crossing within 50 meters,Darkness: Street lights present and lit,Fine without high winds,Dry,None,None,1,Yes,E01003096,2005
10081,200501LX50361,531480.0,175450.0,-0.108715,51.462705,1,3,1,1,15/02/2005,3,15:48,9,E09000022,3,2217,Single carriageway,30,None,-1,0,None within 50 metres,No physical crossing within 50 meters,Daylight: Street light present,Fine without high winds,Dry,None,None,1,Yes,E01003051,2005
10082,200501LX50362,530620.0,174230.0,-0.121538,51.45194,1,3,2,1,22/02/2005,3,15:36,9,E09000022,3,23,Single carriageway,30,Giveway or uncontrolled,6,0,None within 50 metres,Pedestrian phase at traffic signal junction,Daylight: Street light present,Snowing with high winds,Snow,None,None,1,Yes,E01003024,2005
10083,200501LX50363,529480.0,174030.0,-0.138008,51.450404,1,3,2,1,18/02/2005,6,11:45,9,E09000022,6,0,Single carriageway,30,None,-1,0,None within 50 metres,No physical crossing within 50 meters,Daylight: Street light present,Fine without high winds,Dry,None,None,1,No,E01003031,2005
10084,200501LX50364,529510.0,176360.0,-0.136724,51.471337,1,3,2,1,15/03/2005,3,22:30,9,E09000022,3,3036,Single carriageway,30,Giveway or uncontrolled,6,0,None within 50 metres,non-junction pedestrian crossing,Darkness: Street lights present and lit,Fine without high winds,Dry,None,None,1,Yes,E01003091,2005
10085,200501LX50365,531730.0,170990.0,-0.106777,51.422565,1,3,2,1,16/03/2005,4,17:06,9,E09000022,3,214,Single carriageway,30,Giveway or uncontrolled,6,0,None within 50 metres,No physical crossing within 50 meters,Daylight: Street light present,Raining without high winds,Wet/Damp,None,None,1,Yes,E01001084,2005
10086,200501LX50366,532600.0,176180.0,-0.092328,51.469004,1,3,1,1,17/03/2005,5,17:40,8,E09000028,3,215,Single carriageway,30,Automatic traffic signal,6,0,None within 50 metres,Pedestrian phase at traffic signal junction,Daylight: Street light present,Fine without high winds,Dry,None,None,1,Yes,E01003076,2005
10087,200501LX50367,531320.0,171450.0,-0.1125,51.426794,1,3,1,1,17/03/2005,5,08:10,9,E09000022,6,0,Single carriageway,30,None,-1,0,None within 50 metres,No physical crossing within 50 meters,Daylight: Street light present,Fine without high winds,Dry,None,None,1,Yes,E01003085,2005
10088,200501LX50368,531100.0,175700.0,-0.114089,51.465039,1,3,1,1,05/03/2005,7,14:33,9,E09000022,3,23,Single carriageway,30,Automatic traffic signal,5,0,None within 50 metres,Pedestrian phase at traffic signal junction,Daylight: Street light present,Fine without high winds,Dry,None,None,1,Yes,E01003061,2005
10089,200501LX50369,530150.0,176010.0,-0.127643,51.468044,1,3,2,1,17/03/2005,5,17:05,9,E09000022,3,3,Single carriageway,30,Giveway or uncontrolled,6,0,None within 50 metres,No physical crossing within 50 meters,Daylight: Street light present,Fine without high winds,Dry,None,None,1,Yes,E01003090,2005
10090,200501LX50372,531170.0,176590.0,-0.112752,51.473022,1,3,3,2,26/01/2005,4,17:30,9,E09000022,3,23,Dual carriageway,30,None,-1,0,None within 50 metres,No physical crossing within 50 meters,Daylight: Street light present,Raining without high winds,Wet/Damp,None,None,1,Yes,E01003186,2005
10091,200501LX50373,528920.0,174480.0,-0.145899,51.454576,1,3,2,1,13/02/2005,1,12:45,9,E09000022,3,24,Single carriageway,30,Giveway or uncontrolled,6,0,None within 50 metres,No physical crossing within 50 meters,Daylight: Street light present,Fine without high winds,Dry,None,None,1,Yes,E01003030,2005
10092,200501LX50374,529590.0,174340.0,-0.136313,51.453165,1,3,2,1,17/02/2005,5,23:48,9,E09000022,6,0,Single carriageway,30,Giveway or uncontrolled,6,0,None within 50 metres,No physical crossing within 50 meters,Darkness: Street lights present and lit,Raining without high winds,Wet/Damp,None,None,1,Yes,E01003028,2005
10093,200501LX50375,530730.0,174510.0,-0.119852,51.454431,1,3,1,1,17/02/2005,5,22:36,9,E09000022,3,23,Single carriageway,30,Giveway or uncontrolled,6,0,None within 50 metres,No physical crossing within 50 meters,Darkness: Street lights present and lit,Raining without high winds,Wet/Damp,None,None,1,Yes,E01003018,2005
10094,200501LX50376,530440.0,173640.0,-0.124344,51.446679,1,3,1,1,21/02/2005,2,00:20,9,E09000022,3,23,Dual carriageway,30,Giveway or uncontrolled,6,0,None within 50 metres,No physical crossing within 50 meters,Darkness: Street lights present and lit,Raining without high winds,Wet/Damp,None,None,1,Yes,E01003023,2005
10095,200501LX50377,529000.0,173770.0,-0.145007,51.448177,1,3,2,1,23/02/2005,4,10:38,9,E09000022,5,0,Single carriageway,30,Giveway or uncontrolled,6,0,None within 50 metres,No physical crossing within 50 meters,Daylight: Street light present,Fine without high winds,Dry,None,None,1,Yes,E01004473,2005
10096,200501LX50378,531150.0,174580.0,-0.113785,51.454963,1,3,1,1,23/02/2005,4,08:44,9,E09000022,3,204,Single carriageway,30,Automatic traffic signal,3,2214,None within 50 metres,Pedestrian phase at traffic signal junction,Daylight: Street light present,Fine without high winds,Dry,None,None,1,Yes,E01003177,2005
10097,200501LX50379,529700.0,174960.0,-0.134503,51.458711,1,3,2,1,24/02/2005,5,17:13,9,E09000022,6,0,Single carriageway,30,None,-1,0,None within 50 metres,No physical crossing within 50 meters,Darkness: Street lights present and lit,Fine without high winds,Dry,None,None,1,Yes,E01003027,2005
10098,200501LX50380,529550.0,173930.0,-0.137038,51.449489,1,3,2,1,25/02/2005,6,20:20,9,E09000022,5,0,Single carriageway,30,Automatic traffic signal,3,205,None within 50 metres,Pedestrian phase at traffic signal junction,Darkness: Street lights present and lit,Fine without high winds,Dry,None,None,1,Yes,E01003160,2005
10099,200501LX50381,528900.0,174420.0,-0.146209,51.454041,1,3,2,1,28/02/2005,2,10:20,9,E09000022,3,205,Single carriageway,30,Automatic traffic signal,3,24,None within 50 metres,Pedestrian phase at traffic signal junction,Daylight: Street light present,Fine without high winds,Dry,None,None,1,Yes,E01003030,2005
10100,200501LX50383,530240.0,170650.0,-0.128319,51.419854,1,3,2,2,22/03/2005,3,18:30,9,E09000022,3,23,Single carriageway,30,Automatic traffic signal,3,23,None within 50 metres,Pedestrian phase at traffic signal junction,Daylight: Street light present,Fine without high winds,Dry,None,None,1,Yes,E01003144,2005
10101,200501LX50385,531050.0,175500.0,-0.114883,51.463254,1,3,2,1,11/03/2005,6,17:12,9,E09000022,3,23,Single carriageway,30,Automatic traffic signal,4,223,None within 50 metres,Pedestrian phase at traffic signal junction,Daylight: Street light present,Fine without high winds,Dry,None,None,1,Yes,E01003055,2005
10102,200501LX50386,531320.0,176320.0,-0.110694,51.47056,1,2,2,1,11/03/2005,6,22:40,9,E09000022,6,0,Single carriageway,30,None,-1,0,None within 50 metres,No physical crossing within 50 meters,Darkness: Street lights present and lit,Raining without high winds,Wet/Damp,None,None,1,Yes,E01003045,2005
10103,200501LX50388,531540.0,174500.0,-0.108205,51.454153,1,3,1,1,13/03/2005,1,02:24,9,E09000022,3,2214,Single carriageway,30,Giveway or uncontrolled,6,0,None within 50 metres,No physical crossing within 50 meters,Darkness: Street lights present and lit,Raining without high winds,Wet/Damp,None,None,1,Yes,E01003074,2005
10104,200501LX50389,530800.0,174720.0,-0.118768,51.456302,1,3,2,1,25/03/2005,6,02:10,9,E09000022,3,23,Single carriageway,30,None,-1,0,None within 50 metres,No physical crossing within 50 meters,Darkness: Street lights present and lit,Fine without high winds,Dry,None,None,1,Yes,E01003018,2005
10105,200501LX50390,531010.0,175270.0,-0.115543,51.461196,1,3,1,1,12/03/2005,7,10:50,9,E09000022,3,2217,Single carriageway,30,Automatic traffic signal,3,23,None within 50 metres,Pedestrian phase at traffic signal junction,Daylight: Street light present,Fine without high winds,Dry,None,None,1,Yes,E01003050,2005
10106,200501LX50392,529540.0,175360.0,-0.136659,51.462343,1,3,2,1,16/03/2005,4,20:00,9,E09000022,3,3,Single carriageway,30,None,-1,0,None within 50 metres,No physical crossing within 50 meters,Darkness: Street lights present and lit,Fine without high winds,Dry,None,None,1,Yes,E01003041,2005
10107,200501LX50393,531150.0,179290.0,-0.112038,51.49729,1,3,2,1,16/03/2005,4,12:20,9,E09000022,3,23,Single carriageway,30,None,-1,0,None within 50 metres,No physical crossing within 50 meters,Daylight: Street light present,Fine without high winds,Dry,None,None,1,Yes,E01003014,2005
10108,200501LX50394,530330.0,170430.0,-0.127107,51.417856,1,3,2,1,17/03/2005,5,08:06,9,E09000022,3,23,Single carriageway,30,None,-1,0,None within 50 metres,No physical crossing within 50 meters,Daylight: Street light present,Fine without high winds,Dry,None,None,1,Yes,E01003147,2005
10109,200501LX50395,530620.0,174230.0,-0.121538,51.45194,1,3,1,1,17/03/2005,5,13:40,9,E09000022,3,23,Dual carriageway,30,Giveway or uncontrolled,6,0,None within 50 metres,No physical crossing within 50 meters,Daylight: Street light present,Fine without high winds,Dry,None,None,1,Yes,E01003024,2005
10110,200501LX50396,530350.0,177620.0,-0.124172,51.482467,1,3,3,1,13/03/2005,1,13:45,9,E09000022,3,203,Single carriageway,30,Automatic traffic signal,4,301,None within 50 metres,Pedestrian phase at traffic signal junction,Daylight: Street light present,Fine without high winds,Dry,None,None,1,No,E01003103,2005
10111,200501LX50397,530340.0,171890.0,-0.126426,51.430975,1,3,2,1,15/03/2005,3,13:40,9,E09000022,6,0,Single carriageway,30,Giveway or uncontrolled,6,0,None within 50 metres,No physical crossing within 50 meters,Daylight: Street light present,Fine without high winds,Dry,None,None,1,No,E01003155,2005
10112,200501LX50398,530620.0,174210.0,-0.121545,51.45176,1,3,1,1,17/03/2005,5,18:56,9,E09000022,3,23,Single carriageway,30,Automatic traffic signal,3,23,None within 50 metres,Pedestrian phase at traffic signal junction,Darkness: Street lighting unknown,Fine without high winds,Dry,None,None,1,Yes,E01003024,2005
10113,200501LX50399,531190.0,171060.0,-0.114513,51.42332,1,3,3,1,24/03/2005,5,08:10,9,E09000022,3,214,Single carriageway,30,Giveway or uncontrolled,5,0,None within 50 metres,No physical crossing within 50 meters,Daylight: Street light present,Raining without high winds,Wet/Damp,None,None,1,Yes,E01003144,2005
10114,200501LX50400,530620.0,176690.0,-0.12063,51.474047,1,3,2,1,24/03/2005,5,18:35,9,E09000022,3,3,Single carriageway,30,None,-1,0,None within 50 metres,No physical crossing within 50 meters,Darkness: Street lights present and lit,Fine without high winds,Dry,None,None,1,Yes,E01003126,2005
10115,200501LX50401,531170.0,175920.0,-0.113001,51.467,1,2,1,1,23/03/2005,4,15:50,9,E09000022,3,23,Single carriageway,30,None,-1,0,None within 50 metres,No physical crossing within 50 meters,Daylight: Street light present,Fine without high winds,Dry,None,None,1,Yes,E01003060,2005
10116,200501LX50402,530860.0,178110.0,-0.11665,51.486753,1,3,2,1,26/03/2005,7,17:40,9,E09000022,3,3204,Single carriageway,30,Automatic traffic signal,6,0,None within 50 metres,No physical crossing within 50 meters,Daylight: Street light present,Fine without high winds,Dry,None,None,1,Yes,E01003109,2005
10117,200501LX50403,530680.0,179660.0,-0.118668,51.500724,1,3,2,1,26/03/2005,7,00:01,9,E09000022,3,302,Single carriageway,30,None,-1,0,None within 50 metres,Pedestrian phase at traffic signal junction,Darkness: Street lights present and lit,Fine without high winds,Dry,None,None,1,Yes,E01003013,2005
10118,200501LX50404,530730.0,171440.0,-0.120985,51.426841,1,3,2,1,15/03/2005,3,18:30,9,E09000022,5,0,Single carriageway,30,Giveway or uncontrolled,5,0,None within 50 metres,No physical crossing within 50 meters,Darkness: Street lights present and lit,Fine without high winds,Dry,None,None,1,Yes,E01003149,2005
10119,200501LX50405,530040.0,173440.0,-0.13017,51.444973,1,3,1,1,13/04/2005,4,08:30,9,E09000022,5,0,Single carriageway,30,Giveway or uncontrolled,6,0,None within 50 metres,No physical crossing within 50 meters,Daylight: Street light present,Fine without high winds,Dry,None,None,1,No,E01003162,2005
10120,200501LX50406,531180.0,171700.0,-0.11442,51.429074,1,3,2,1,25/03/2005,6,22:30,9,E09000022,5,0,Single carriageway,30,None,-1,0,None within 50 metres,No physical crossing within 50 meters,Darkness: Street lights present and lit,Fine without high winds,Dry,None,None,1,Yes,E01003154,2005
10121,200501LX50407,532590.0,172460.0,-0.093865,51.435576,1,3,2,1,26/03/2005,7,15:40,9,E09000022,6,0,Single carriageway,30,Giveway or uncontrolled,6,0,None within 50 metres,No physical crossing within 50 meters,Daylight: Street light present,Fine without high winds,Dry,None,None,1,Yes,E01003165,2005
10122,200501LX50408,530470.0,176730.0,-0.122773,51.474441,1,3,2,1,27/03/2005,1,02:19,9,E09000022,3,203,Single carriageway,30,Automatic traffic signal,5,0,None within 50 metres,No physical crossing within 50 meters,Darkness: Street lights present and lit,Fine without high winds,Wet/Damp,None,None,1,Yes,E01003126,2005
10123,200501LX50409,532100.0,171000.0,-0.101455,51.422569,1,3,2,1,23/03/2005,4,08:30,9,E09000022,3,214,Single carriageway,30,Giveway or uncontrolled,6,0,None within 50 metres,No physical crossing within 50 meters,Daylight: Street light present,Fine without high winds,Dry,None,None,1,No,E01003086,2005
10124,200501LX50410,530440.0,173160.0,-0.124521,51.442365,1,3,1,1,29/03/2005,3,11:20,9,E09000022,3,23,Single carriageway,30,None,-1,0,None within 50 metres,No physical crossing within 50 meters,Daylight: Street light present,Fine without high winds,Dry,None,None,1,Yes,E01003137,2005
10125,200501LX50411,531190.0,175320.0,-0.112935,51.461604,1,3,2,1,29/03/2005,3,18:59,9,E09000022,3,2217,Single carriageway,30,Giveway or uncontrolled,6,0,None within 50 metres,No physical crossing within 50 meters,Darkness: Street lights present and lit,Raining without high winds,Wet/Damp,None,None,1,Yes,E01003052,2005
10126,200501LX50412,530560.0,176390.0,-0.121604,51.471365,1,3,1,1,29/03/2005,3,13:45,9,E09000022,3,203,Single carriageway,30,None,-1,0,None within 50 metres,No physical crossing within 50 meters,Daylight: Street light present,Fine without high winds,Dry,None,None,1,Yes,E01003093,2005
10127,200501LX50413,531270.0,179850.0,-0.110102,51.502295,1,3,1,1,29/03/2005,3,13:10,9,E09000022,3,301,Single carriageway,30,None,-1,0,None within 50 metres,No physical crossing within 50 meters,Daylight: Street light present,Fine without high winds,Dry,None,None,1,Yes,E01003017,2005
10128,200501LX50414,531170.0,175320.0,-0.113223,51.461608,1,3,1,1,28/03/2005,2,03:00,9,E09000022,3,2217,Single carriageway,30,None,-1,0,None within 50 metres,No physical crossing within 50 meters,Darkness: Street lights present and lit,Fine without high winds,Dry,None,None,1,Yes,E01003047,2005
10129,200501LX50415,530940.0,179390.0,-0.115024,51.498238,1,3,2,1,30/03/2005,4,17:30,9,E09000022,6,0,Single carriageway,30,Giveway or uncontrolled,6,0,None within 50 metres,No physical crossing within 50 meters,Daylight: Street light present,Fine without high winds,Dry,None,None,1,Yes,E01003013,2005
10130,200501LX50416,530820.0,173310.0,-0.119001,51.443626,1,3,2,1,30/03/2005,4,16:35,9,E09000022,3,205,Single carriageway,30,Giveway or uncontrolled,6,0,None within 50 metres,No physical crossing within 50 meters,Daylight: Street light present,Fine without high winds,Dry,None,None,1,Yes,E01003137,2005
10131,200501LX50417,530330.0,178060.0,-0.124298,51.486426,1,3,1,1,03/04/2005,1,18:48,9,E09000022,3,202,Single carriageway,30,Automatic traffic signal,3,3036,None within 50 metres,Pedestrian phase at traffic signal junction,Daylight: Street light present,Fine without high winds,Dry,None,None,1,Yes,E01003103,2005
10132,200501LX50418,529120.0,174840.0,-0.142891,51.457765,1,3,2,1,31/03/2005,5,17:19,9,E09000022,3,24,Single carriageway,30,Giveway or uncontrolled,6,0,None within 50 metres,No physical crossing within 50 meters,Daylight: Street light present,Fine without high winds,Dry,None,None,1,Yes,E01003026,2005
10133,200501LX50419,529540.0,175350.0,-0.136662,51.462253,1,3,1,1,26/03/2005,7,19:58,9,E09000022,3,3,Single carriageway,30,None,-1,0,None within 50 metres,No physical crossing within 50 meters,Daylight: Street light present,Raining without high winds,Wet/Damp,None,None,1,Yes,E01003041,2005
10134,200501LX50420,530970.0,180210.0,-0.114288,51.5056,1,3,2,1,23/02/2005,4,14:37,9,E09000022,3,301,Single carriageway,30,None,-1,0,None within 50 metres,No physical crossing within 50 meters,Daylight: Street light present,Fine without high winds,Wet/Damp,None,None,1,Yes,E01003016,2005
10135,200501LX50421,532170.0,171580.0,-0.100232,51.427765,1,3,1,1,30/03/2005,4,19:00,9,E09000022,4,232,Single carriageway,30,Automatic traffic signal,6,0,None within 50 metres,Pedestrian phase at traffic signal junction,Daylight: Street light present,Fine without high winds,Dry,None,None,1,Yes,E01003082,2005
10136,200501LX50423,530480.0,176480.0,-0.122722,51.472192,1,2,1,1,31/03/2005,5,17:30,9,E09000022,3,3,Single carriageway,30,Automatic traffic signal,3,203,None within 50 metres,Pedestrian phase at traffic signal junction,Daylight: Street light present,Fine without high winds,Dry,None,None,1,No,E01003128,2005
10137,200501LX50425,531710.0,172980.0,-0.106325,51.440454,1,3,1,1,27/03/2005,1,22:15,9,E09000022,3,215,Single carriageway,30,Giveway or uncontrolled,6,0,None within 50 metres,No physical crossing within 50 meters,Darkness: Street lights present and lit,Fine without high winds,Wet/Damp,None,None,1,Yes,E01003164,2005
10138,200501LX50426,530500.0,176490.0,-0.12243,51.472278,1,3,2,1,28/02/2005,2,05:36,9,E09000022,3,3,Single carriageway,30,Automatic traffic signal,3,203,None within 50 metres,Pedestrian phase at traffic signal junction,Darkness: Street lights present and lit,Fine without high winds,Dry,Auto traffic signal partly defective,None,1,Yes,E01003128,2005
10139,200501LX50427,531720.0,172840.0,-0.106233,51.439193,1,3,2,1,05/02/2005,7,10:58,9,E09000022,3,215,Single carriageway,30,None,-1,0,None within 50 metres,Pedestrian phase at traffic signal junction,Daylight: Street light present,Fine without high winds,Dry,None,None,1,Yes,E01003133,2005
10140,200501LX50428,532590.0,172460.0,-0.093865,51.435576,1,3,2,1,31/03/2005,5,23:50,9,E09000022,6,0,Roundabout,30,Giveway or uncontrolled,6,0,None within 50 metres,No physical crossing within 50 meters,Darkness: Street lights present and lit,Fine without high winds,Dry,None,None,1,Yes,E01003165,2005
10141,200501LX50431,531720.0,172920.0,-0.106203,51.439912,1,3,2,1,21/02/2005,2,13:46,9,E09000022,3,215,Single carriageway,30,Giveway or uncontrolled,6,0,None within 50 metres,No physical crossing within 50 meters,Daylight: Street light present,Fine without high winds,Dry,None,None,1,Yes,E01003164,2005
10142,200501LX50432,532600.0,176180.0,-0.092328,51.469004,1,3,1,1,16/03/2005,4,10:38,8,E09000028,3,215,Dual carriageway,30,Automatic traffic signal,6,0,None within 50 metres,Pedestrian phase at traffic signal junction,Daylight: Street light present,Fine without high winds,Dry,None,None,1,Yes,E01003076,2005
10143,200501LX50433,530080.0,174910.0,-0.129055,51.458175,1,3,2,1,22/03/2005,3,17:35,9,E09000022,4,221,Single carriageway,30,Giveway or uncontrolled,5,0,None within 50 metres,No physical crossing within 50 meters,Daylight: Street light present,Fine without high winds,Dry,None,None,1,Yes,E01003029,2005
10144,200501LX50434,531070.0,175580.0,-0.114565,51.463968,1,3,1,1,23/03/2005,4,18:47,9,E09000022,3,23,Single carriageway,30,Giveway or uncontrolled,6,0,None within 50 metres,No physical crossing within 50 meters,Daylight: Street light present,Fine without high winds,Dry,None,None,1,Yes,E01003061,2005
10145,200501LX50435,531260.0,175340.0,-0.111921,51.461767,1,3,1,1,26/03/2005,7,12:00,9,E09000022,3,2217,Single carriageway,30,Automatic traffic signal,4,223,None within 50 metres,Pedestrian phase at traffic signal junction,Daylight: Street light present,Fine without high winds,Dry,None,None,1,Yes,E01003047,2005
10146,200501LX50436,530700.0,174420.0,-0.120317,51.453629,1,3,1,1,26/03/2005,7,15:50,9,E09000022,3,23,Single carriageway,30,Automatic traffic signal,3,23,None within 50 metres,Pedestrian phase at traffic signal junction,Daylight: Street light present,Fine without high winds,Dry,None,None,1,Yes,E01003018,2005
10147,200501LX50437,530070.0,175070.0,-0.12914,51.459615,1,2,2,1,28/03/2005,2,21:25,9,E09000022,3,2217,Single carriageway,30,Automatic traffic signal,4,221,None within 50 metres,Pedestrian phase at traffic signal junction,Darkness: Street lights present and lit,Fine without high winds,Dry,None,None,1,Yes,E01003019,2005
10148,200501LX50438,531340.0,173450.0,-0.111471,51.444763,1,3,1,1,17/03/2005,5,15:25,9,E09000022,6,0,Single carriageway,30,Automatic traffic signal,3,204,None within 50 metres,Pedestrian phase at traffic signal junction,Daylight: Street light present,Fine without high winds,Dry,None,None,1,Yes,E01003169,2005
10149,200501LX50439,530130.0,171990.0,-0.129409,51.431922,1,3,1,1,23/03/2005,4,12:45,9,E09000022,3,23,Single carriageway,30,Automatic traffic signal,6,0,None within 50 metres,Pedestrian phase at traffic signal junction,Daylight: Street light present,Fine without high winds,Dry,None,None,1,Yes,E01003118,2005
10150,200501LX50440,530160.0,177760.0,-0.126855,51.483769,1,3,1,3,21/04/2005,5,13:26,9,E09000022,3,3036,Single carriageway,30,None,-1,0,None within 50 metres,No physical crossing within 50 meters,Daylight: Street light present,Fine without high winds,Dry,None,None,1,Yes,E01004562,2005
10151,200501LX50441,529710.0,176620.0,-0.133751,51.473627,1,3,1,1,03/05/2005,3,19:18,9,E09000022,5,0,Single carriageway,30,None,-1,0,None within 50 metres,No physical crossing within 50 meters,Daylight: Street light present,Fine without high winds,Wet/Damp,None,None,1,Yes,E01003089,2005
10152,200501LX50442,531480.0,174950.0,-0.108901,51.458211,1,3,2,1,01/04/2005,6,17:40,9,E09000022,4,223,Single carriageway,30,None,-1,0,None within 50 metres,No physical crossing within 50 meters,Daylight: Street light present,Fine without high winds,Dry,None,None,1,Yes,E01003043,2005
10153,200501LX50443,531890.0,172000.0,-0.104101,51.431605,1,3,1,1,02/04/2005,7,15:38,9,E09000022,3,215,Single carriageway,30,Giveway or uncontrolled,6,0,None within 50 metres,Zebra crossing,Daylight: Street light present,Fine without high winds,Dry,None,None,1,Yes,E01003081,2005
10154,200501LX50444,530040.0,175580.0,-0.129384,51.464205,1,3,1,1,01/04/2005,6,23:21,9,E09000022,4,221,Single carriageway,30,Giveway or uncontrolled,6,0,None within 50 metres,No physical crossing within 50 meters,Darkness: Street lights present and lit,Fine without high winds,Dry,None,None,1,Yes,E01003090,2005
10155,200501LX50445,530420.0,170280.0,-0.125868,51.416487,1,3,2,2,03/04/2005,1,17:40,9,E09000022,3,23,Single carriageway,30,Giveway or uncontrolled,6,0,None within 50 metres,No physical crossing within 50 meters,Daylight: Street light present,Fine without high winds,Dry,None,None,1,Yes,E01003147,2005
10156,200501LX50446,530650.0,176740.0,-0.120179,51.47449,1,3,2,2,03/04/2005,1,20:05,9,E09000022,3,3,Single carriageway,30,Automatic traffic signal,3,3,None within 50 metres,Pedestrian phase at traffic signal junction,Darkness: Street lights present and lit,Fine without high winds,Dry,None,None,1,Yes,E01003126,2005
10157,200501LX50447,530050.0,175200.0,-0.12938,51.460788,1,3,2,1,04/04/2005,2,10:00,9,E09000022,4,221,Single carriageway,30,Giveway or uncontrolled,6,0,None within 50 metres,No physical crossing within 50 meters,Daylight: Street light present,Raining without high winds,Wet/Damp,None,None,1,Yes,E01003057,2005
10158,200501LX50448,531390.0,172430.0,-0.11113,51.435585,1,3,1,1,04/04/2005,2,19:15,9,E09000022,6,0,Single carriageway,30,None,-1,0,None within 50 metres,No physical crossing within 50 meters,Darkness: Street lights present and lit,Fine without high winds,Dry,None,None,1,Yes,E01003079,2005
10159,200501LX50449,531170.0,174310.0,-0.113597,51.452532,1,3,1,1,05/04/2005,3,14:53,9,E09000022,3,204,Single carriageway,30,None,-1,0,None within 50 metres,No physical crossing within 50 meters,Daylight: Street light present,Fine without high winds,Dry,None,None,1,Yes,E01003179,2005
10160,200501LX50450,529220.0,175490.0,-0.141215,51.463584,1,3,2,2,05/04/2005,3,09:29,9,E09000022,4,224,Single carriageway,30,Giveway or uncontrolled,4,224,None within 50 metres,No physical crossing within 50 meters,Daylight: Street light present,Fine without high winds,Dry,None,None,1,Yes,E01003039,2005
10161,200501LX50451,529580.0,175370.0,-0.13608,51.462424,1,3,1,1,06/04/2005,4,11:25,9,E09000022,3,3,Single carriageway,30,Giveway or uncontrolled,6,0,None within 50 metres,No physical crossing within 50 meters,Daylight: Street light present,Raining without high winds,Wet/Damp,None,None,1,Yes,E01003041,2005
10162,200501LX50452,531110.0,177460.0,-0.113293,51.480854,1,3,2,1,06/04/2005,4,13:09,9,E09000022,3,3,Single carriageway,30,Giveway or uncontrolled,6,0,None within 50 metres,No physical crossing within 50 meters,Daylight: Street light present,Fine without high winds,Wet/Damp,None,None,1,Yes,E01003100,2005
10163,200501LX50453,531950.0,171170.0,-0.103547,51.424132,1,3,2,1,06/04/2005,4,13:00,9,E09000022,6,0,Single carriageway,30,None,-1,0,None within 50 metres,No physical crossing within 50 meters,Daylight: Street light present,Raining without high winds,Wet/Damp,None,None,1,Yes,E01003086,2005
10164,200501LX50454,530330.0,177580.0,-0.124475,51.482112,1,3,2,1,07/04/2005,5,18:34,9,E09000022,3,203,Single carriageway,30,None,-1,0,None within 50 metres,No physical crossing within 50 meters,Daylight: Street light present,Fine without high winds,Dry,None,None,1,Yes,E01003103,2005
10165,200501LX50455,531090.0,174790.0,-0.11457,51.456864,1,3,2,2,07/04/2005,5,16:35,9,E09000022,3,204,Single carriageway,30,Giveway or uncontrolled,6,0,None within 50 metres,Zebra crossing,Daylight: Street light present,Fine without high winds,Dry,None,None,1,Yes,E01003176,2005
10166,200501LX50456,531890.0,172020.0,-0.104094,51.431785,1,2,1,1,08/04/2005,6,15:23,9,E09000022,3,215,Single carriageway,30,Giveway or uncontrolled,6,0,None within 50 metres,Zebra crossing,Daylight: Street light present,Fine without high winds,Dry,None,None,1,Yes,E01003081,2005
10167,200501LX50457,529530.0,175350.0,-0.136806,51.462255,1,3,1,1,08/04/2005,6,17:00,9,E09000022,3,3,Single carriageway,30,None,-1,0,None within 50 metres,No physical crossing within 50 meters,Daylight: Street light present,Fine without high winds,Dry,None,None,1,Yes,E01003041,2005
10168,200501LX50458,529510.0,176360.0,-0.136724,51.471337,1,3,2,1,08/04/2005,6,17:25,9,E09000022,3,3036,Single carriageway,30,Giveway or uncontrolled,6,0,None within 50 metres,No physical crossing within 50 meters,Daylight: Street light present,Raining without high winds,Wet/Damp,None,None,1,Yes,E01003091,2005
10169,200501LX50459,530130.0,172360.0,-0.129273,51.435247,1,3,2,1,10/04/2005,1,22:48,9,E09000022,6,0,Single carriageway,30,None,-1,0,None within 50 metres,No physical crossing within 50 meters,Darkness: Street lights present and lit,Fine without high winds,Dry,None,None,1,Yes,E01003117,2005
10170,200501LX50460,531110.0,175730.0,-0.113934,51.465307,1,3,2,1,10/04/2005,1,06:00,9,E09000022,3,23,Single carriageway,30,None,-1,0,None within 50 metres,No physical crossing within 50 meters,Darkness: Street lights present and lit,Fine without high winds,Dry,None,None,1,Yes,E01003061,2005
10171,200501LX50461,532010.0,174270.0,-0.10153,51.451977,1,3,2,1,10/04/2005,1,16:57,9,E09000022,3,215,Single carriageway,30,Automatic traffic signal,3,2214,None within 50 metres,Pedestrian phase at traffic signal junction,Daylight: Street light present,Fine without high winds,Dry,None,None,1,Yes,E01003074,2005
10172,200501LX50462,530900.0,177150.0,-0.11643,51.478117,1,2,2,1,12/04/2005,3,17:45,9,E09000022,3,3,Single carriageway,30,Giveway or uncontrolled,6,0,None within 50 metres,No physical crossing within 50 meters,Daylight: Street light present,Fine without high winds,Dry,None,None,1,Yes,E01003100,2005
10173,200501LX50463,530360.0,177630.0,-0.124025,51.482555,1,3,2,1,12/04/2005,3,23:12,9,E09000022,3,203,Single carriageway,30,Automatic traffic signal,4,301,None within 50 metres,Pedestrian phase at traffic signal junction,Darkness: Street lights present and lit,Fine without high winds,Dry,None,None,1,Yes,E01003103,2005
10174,200501LX50464,530480.0,171520.0,-0.12455,51.427617,1,3,4,1,13/04/2005,4,13:35,9,E09000022,5,0,Single carriageway,30,None,-1,0,None within 50 metres,No physical crossing within 50 meters,Daylight: Street light present,Fine without high winds,Dry,None,None,1,Yes,E01003148,2005
10175,200501LX50465,531060.0,178130.0,-0.113764,51.486887,1,3,3,1,13/04/2005,4,18:26,9,E09000022,3,3204,Single carriageway,30,Automatic traffic signal,6,0,None within 50 metres,Pedestrian phase at traffic signal junction,Daylight: Street light present,Raining without high winds,Wet/Damp,None,None,1,Yes,E01003101,2005
10176,200501LX50466,529760.0,176390.0,-0.133116,51.471549,1,3,2,1,14/04/2005,5,08:40,9,E09000022,6,0,Single carriageway,30,Giveway or uncontrolled,6,0,None within 50 metres,No physical crossing within 50 meters,Daylight: Street light present,Fine without high winds,Dry,None,None,1,Yes,E01003092,2005
10177,200501LX50467,530690.0,171410.0,-0.121571,51.42658,1,3,2,1,14/04/2005,5,00:58,9,E09000022,5,0,Single carriageway,30,Giveway or uncontrolled,5,0,None within 50 metres,No physical crossing within 50 meters,Darkness: Street lights present and lit,Fine without high winds,Dry,None,None,1,Yes,E01003148,2005
10178,200501LX50469,531440.0,178030.0,-0.108331,51.4859,1,3,1,1,15/04/2005,6,22:30,9,E09000022,3,3,Single carriageway,30,Automatic traffic signal,3,3,None within 50 metres,Pedestrian phase at traffic signal junction,Darkness: Street lights present and lit,Fine without high winds,Dry,None,None,1,Yes,E01003107,2005
10179,200501LX50470,531790.0,170990.0,-0.105914,51.422551,1,3,1,2,15/04/2005,6,19:10,9,E09000022,3,215,Single carriageway,30,Giveway or uncontrolled,3,214,None within 50 metres,No physical crossing within 50 meters,Darkness: Street lights present and lit,Raining without high winds,Wet/Damp,None,None,1,Yes,E01001084,2005
10180,200501LX50471,532950.0,171890.0,-0.088903,51.430369,1,3,1,1,15/04/2005,6,08:45,8,E09000028,3,2199,Single carriageway,30,None,-1,0,None within 50 metres,No physical crossing within 50 meters,Daylight: Street light present,Fine without high winds,Dry,None,None,1,Yes,E01003067,2005
10181,200501LX50472,529780.0,170470.0,-0.134997,51.418342,1,3,2,1,15/04/2005,6,19:15,9,E09000022,4,272,Single carriageway,30,Giveway or uncontrolled,5,0,None within 50 metres,Zebra crossing,Darkness: Street lights present and lit,Fine without high winds,Dry,None,None,1,Yes,E01003145,2005
10182,200501LX50473,530910.0,176350.0,-0.116582,51.470925,1,3,1,1,15/04/2005,6,18:02,9,E09000022,6,0,Single carriageway,30,None,-1,0,None within 50 metres,No physical crossing within 50 meters,Daylight: Street light present,Fine without high winds,Dry,None,None,1,Yes,E01003127,2005
10183,200501LX50474,530010.0,171380.0,-0.131358,51.426467,1,3,2,1,15/04/2005,6,21:35,9,E09000022,3,23,Single carriageway,30,Giveway or uncontrolled,6,0,None within 50 metres,No physical crossing within 50 meters,Darkness: Street lights present and lit,Raining without high winds,Wet/Damp,None,None,1,Yes,E01003113,2005
10184,200501LX50475,529680.0,170380.0,-0.136467,51.417556,1,3,3,1,16/04/2005,7,00:01,9,E09000022,4,272,Single carriageway,30,Automatic traffic signal,6,0,None within 50 metres,Pedestrian phase at traffic signal junction,Darkness: Street lights present and lit,Fine without high winds,Dry,None,None,1,Yes,E01003146,2005
10185,200501LX50476,531230.0,179780.0,-0.110704,51.501675,1,3,1,1,16/04/2005,7,16:50,9,E09000022,6,0,Single carriageway,30,Giveway or uncontrolled,6,0,None within 50 metres,Zebra crossing,Daylight: Street light present,Fine without high winds,Dry,None,None,1,Yes,E01003012,2005
10186,200501LX50477,529120.0,174840.0,-0.142891,51.457765,1,3,2,1,16/04/2005,7,14:30,9,E09000022,3,24,Single carriageway,30,Giveway or uncontrolled,6,0,None within 50 metres,non-junction pedestrian crossing,Daylight: Street light present,Fine without high winds,Dry,None,None,1,Yes,E01003026,2005
10187,200501LX50478,530060.0,175810.0,-0.129012,51.466268,1,3,2,1,18/04/2005,2,13:15,9,E09000022,3,3,Single carriageway,30,None,-1,0,None within 50 metres,No physical crossing within 50 meters,Daylight: Street light present,Fine without high winds,Dry,None,None,1,Yes,E01003090,2005
10188,200501LX50479,529510.0,176360.0,-0.136724,51.471337,1,3,2,2,19/04/2005,3,18:02,9,E09000022,3,3036,Single carriageway,30,Giveway or uncontrolled,6,0,None within 50 metres,No physical crossing within 50 meters,Daylight: Street light present,Fine without high winds,Dry,None,None,1,Yes,E01003091,2005
10189,200501LX50480,530650.0,176750.0,-0.120176,51.47458,1,3,2,1,19/04/2005,3,10:00,9,E09000022,3,3,Single carriageway,30,Automatic traffic signal,3,3,None within 50 metres,Pedestrian phase at traffic signal junction,Daylight: Street light present,Fine without high winds,Wet/Damp,None,None,1,Yes,E01003125,2005
10190,200501LX50481,532400.0,176070.0,-0.095247,51.468062,1,3,1,1,19/04/2005,3,12:00,9,E09000022,6,0,Single carriageway,30,Giveway or uncontrolled,6,0,None within 50 metres,No physical crossing within 50 meters,Daylight: Street light present,Fine without high winds,Dry,None,None,1,Yes,E01003076,2005
10191,200501LX50482,531340.0,177880.0,-0.109826,51.484575,1,3,2,3,20/04/2005,4,20:10,9,E09000022,3,3,Single carriageway,30,Automatic traffic signal,3,23,None within 50 metres,Pedestrian phase at traffic signal junction,Darkness: Street lights present and lit,Fine without high winds,Dry,None,None,1,Yes,E01003107,2005
10192,200501LX50483,530330.0,171050.0,-0.126879,51.423428,1,3,1,1,21/04/2005,5,18:55,9,E09000022,3,214,Single carriageway,30,None,-1,0,None within 50 metres,No physical crossing within 50 meters,Daylight: Street light present,Fine without high winds,Dry,None,None,1,Yes,E01003144,2005
10193,200501LX50484,531290.0,177500.0,-0.110687,51.481172,1,3,2,1,21/04/2005,5,09:30,9,E09000022,3,202,Single carriageway,30,Automatic traffic signal,3,23,None within 50 metres,Pedestrian phase at traffic signal junction,Daylight: Street light present,Fine without high winds,Dry,None,None,1,Yes,E01003183,2005
10194,200501LX50486,530470.0,176740.0,-0.12277,51.474531,1,3,2,1,23/04/2005,7,12:38,9,E09000022,5,0,Single carriageway,30,Automatic traffic signal,3,203,None within 50 metres,Pedestrian phase at traffic signal junction,Daylight: Street light present,Raining without high winds,Wet/Damp,None,None,1,Yes,E01003126,2005
10195,200501LX50488,530320.0,177980.0,-0.124471,51.48571,1,3,2,1,21/04/2005,5,00:30,9,E09000022,3,3036,Single carriageway,30,Automatic traffic signal,3,202,None within 50 metres,Pedestrian phase at traffic signal junction,Darkness: Street lights present and lit,Fine without high winds,Dry,None,None,1,Yes,E01003103,2005
10196,200501LX50489,531270.0,177510.0,-0.110971,51.481266,1,3,1,1,21/04/2005,5,07:38,9,E09000022,3,202,Single carriageway,30,Automatic traffic signal,3,23,None within 50 metres,Pedestrian phase at traffic signal junction,Daylight: Street light present,Fine without high winds,Dry,None,None,1,Yes,E01003100,2005
10197,200501LX50490,530360.0,175070.0,-0.124968,51.459549,1,3,2,1,22/04/2005,6,08:55,9,E09000022,3,2217,Dual carriageway,30,Giveway or uncontrolled,6,0,None within 50 metres,Zebra crossing,Daylight: Street light present,Fine without high winds,Dry,None,None,1,Yes,E01003058,2005
10198,200501LX50491,530610.0,175100.0,-0.121361,51.459761,1,3,2,1,23/04/2005,7,09:37,9,E09000022,3,2217,Single carriageway,30,Giveway or uncontrolled,6,0,None within 50 metres,No physical crossing within 50 meters,Daylight: Street light present,Raining without high winds,Wet/Damp,None,None,1,Yes,E01003020,2005
10199,200501LX50492,530200.0,172390.0,-0.128255,51.4355,1,3,2,2,23/04/2005,7,23:28,9,E09000022,3,23,Single carriageway,30,Giveway or uncontrolled,6,0,None within 50 metres,No physical crossing within 50 meters,Darkness: Street lights present and lit,Fine without high winds,Dry,None,None,1,Yes,E01003117,2005
10200,200501LX50493,530280.0,170540.0,-0.127785,51.418856,1,3,4,1,23/04/2005,7,20:00,9,E09000022,3,23,Single carriageway,30,Giveway or uncontrolled,6,0,None within 50 metres,No physical crossing within 50 meters,Darkness: Street lights present and lit,Fine without high winds,Dry,None,None,1,Yes,E01003144,2005
10201,200501LX50495,531230.0,177320.0,-0.111618,51.479568,1,3,2,1,24/04/2005,1,00:35,9,E09000022,3,23,Single carriageway,30,Automatic traffic signal,6,0,None within 50 metres,Pedestrian phase at traffic signal junction,Darkness: Street lights present and lit,Fine without high winds,Dry,None,None,1,Yes,E01003181,2005
10202,200501LX50497,530100.0,175930.0,-0.128392,51.467337,1,3,2,1,18/01/2005,3,15:05,9,E09000022,3,3,Single carriageway,30,None,-1,0,None within 50 metres,No physical crossing within 50 meters,Daylight: Street light present,Fine without high winds,Dry,None,None,1,Yes,E01003090,2005
10203,200501LX50498,532070.0,175930.0,-0.100047,51.466881,1,3,2,1,24/01/2005,2,09:09,9,E09000022,3,2217,Single carriageway,30,Giveway or uncontrolled,6,0,None within 50 metres,No physical crossing within 50 meters,Daylight: Street light present,Fine without high winds,Dry,None,None,1,Yes,E01003077,2005
10204,200501LX50500,531330.0,173450.0,-0.111615,51.444766,1,3,2,1,30/03/2005,4,12:30,9,E09000022,3,204,Single carriageway,30,Automatic traffic signal,6,0,None within 50 metres,Pedestrian phase at traffic signal junction,Daylight: Street light present,Fine without high winds,Dry,None,None,1,No,E01003172,2005
10205,200501LX50501,529170.0,174230.0,-0.142394,51.452272,1,3,2,1,27/04/2005,4,13:54,9,E09000022,3,205,Single carriageway,30,Giveway or uncontrolled,5,0,None within 50 metres,No physical crossing within 50 meters,Daylight: Street light present,Raining without high winds,Wet/Damp,None,None,1,Yes,E01003031,2005
10206,200501LX50502,530490.0,176480.0,-0.122578,51.47219,1,2,1,1,17/01/2005,2,10:10,9,E09000022,3,3,Single carriageway,30,Automatic traffic signal,3,203,None within 50 metres,Pedestrian phase at traffic signal junction,Daylight: Street light present,Fine without high winds,Dry,None,None,1,Yes,E01003128,2005
10207,200501LX50503,531090.0,177660.0,-0.113506,51.482656,1,3,1,1,12/01/2005,4,15:35,9,E09000022,3,202,Single carriageway,30,Giveway or uncontrolled,6,0,None within 50 metres,No physical crossing within 50 meters,Daylight: Street light present,Fine without high winds,Dry,None,None,1,Yes,E01003099,2005
10208,200501LX50504,531630.0,175910.0,-0.106386,51.466804,1,3,2,1,25/04/2005,2,13:15,9,E09000022,6,0,Single carriageway,30,Giveway or uncontrolled,6,0,None within 50 metres,No physical crossing within 50 meters,Daylight: Street light present,Fine without high winds,Dry,None,None,1,Yes,E01003049,2005
10209,200501LX50505,530020.0,171600.0,-0.131133,51.428442,1,3,1,1,25/04/2005,2,17:15,9,E09000022,3,23,Single carriageway,30,None,-1,0,None within 50 metres,No physical crossing within 50 meters,Daylight: Street light present,Fine without high winds,Dry,None,None,1,Yes,E01003119,2005
10210,200501LX50506,529360.0,175220.0,-0.139299,51.461126,1,3,2,1,25/04/2005,2,08:44,9,E09000022,4,224,Single carriageway,30,Automatic traffic signal,3,24,None within 50 metres,Pedestrian phase at traffic signal junction,Daylight: Street light present,Raining without high winds,Wet/Damp,None,None,1,Yes,E01003032,2005
10211,200501LX50507,530060.0,175070.0,-0.129284,51.459617,1,3,1,1,25/04/2005,2,18:30,9,E09000022,3,2217,Single carriageway,30,Automatic traffic signal,3,2217,None within 50 metres,No physical crossing within 50 meters,Daylight: Street light present,Fine without high winds,Dry,None,None,1,Yes,E01003029,2005
10212,200501LX50508,529550.0,173930.0,-0.137038,51.449489,1,3,2,1,26/04/2005,3,11:00,9,E09000022,3,205,Single carriageway,30,Automatic traffic signal,5,0,None within 50 metres,Pedestrian phase at traffic signal junction,Daylight: Street light present,Raining without high winds,Wet/Damp,None,None,1,Yes,E01003160,2005
10213,200501LX50509,530600.0,172260.0,-0.122552,51.43424,1,3,2,1,26/04/2005,3,20:05,9,E09000022,5,0,Single carriageway,30,Giveway or uncontrolled,5,0,None within 50 metres,No physical crossing within 50 meters,Darkness: Street lights present and lit,Fine without high winds,Dry,None,None,1,Yes,E01003152,2005
10214,200501LX50510,531160.0,176700.0,-0.112855,51.474012,1,3,2,1,10/01/2005,2,20:03,9,E09000022,6,0,Single carriageway,30,Giveway or uncontrolled,3,23,None within 50 metres,non-junction pedestrian crossing,Darkness: Street lights present and lit,Fine without high winds,Wet/Damp,None,None,1,Yes,E01003185,2005
10215,200501LX50512,531050.0,180150.0,-0.113158,51.505042,1,3,1,1,27/04/2005,4,13:40,9,E09000022,3,301,Roundabout,30,Giveway or uncontrolled,3,3200,None within 50 metres,Central refuge,Daylight: Street light present,Fine without high winds,Wet/Damp,None,None,1,Yes,E01003016,2005
10216,200501LX50513,529620.0,175390.0,-0.135497,51.462594,1,3,2,1,03/01/2005,2,12:35,9,E09000022,3,3,Single carriageway,30,Giveway or uncontrolled,6,0,None within 50 metres,No physical crossing within 50 meters,Daylight: Street light present,Fine without high winds,Dry,None,None,1,No,E01003041,2005
10217,200501LX50514,531220.0,177310.0,-0.111765,51.47948,1,3,2,1,06/01/2005,5,08:36,9,E09000022,3,23,Single carriageway,30,Giveway or uncontrolled,6,0,None within 50 metres,Zebra crossing,Daylight: Street light present,Other,Wet/Damp,None,None,1,Yes,E01003100,2005
10218,200501LX50515,531300.0,179890.0,-0.109655,51.502648,1,3,2,1,04/01/2005,3,18:15,9,E09000022,5,0,Single carriageway,30,None,-1,0,None within 50 metres,No physical crossing within 50 meters,Darkness: Street lights present and lit,Raining without high winds,Wet/Damp,None,None,1,Yes,E01003017,2005
10219,200501LX50516,530100.0,171060.0,-0.130181,51.423571,1,3,2,1,15/02/2005,3,19:40,9,E09000022,3,23,Dual carriageway,30,Giveway or uncontrolled,6,0,None within 50 metres,non-junction pedestrian crossing,Daylight: Street light present,Fine without high winds,Dry,None,None,1,Yes,E01003114,2005
10220,200501LX50517,530290.0,178070.0,-0.12487,51.486525,1,2,1,1,15/02/2005,3,17:55,9,E09000022,3,202,Single carriageway,30,Automatic traffic signal,3,3036,None within 50 metres,No physical crossing within 50 meters,Darkness: Street lights present and lit,Fine without high winds,Dry,None,None,1,Yes,E01003103,2005
10221,200501LX50519,531540.0,175470.0,-0.107844,51.46287,1,3,2,1,28/04/2005,5,19:52,9,E09000022,3,2217,Single carriageway,30,Automatic traffic signal,5,0,None within 50 metres,Pedestrian phase at traffic signal junction,Darkness: Street lights present and lit,Fine without high winds,Dry,None,None,1,Yes,E01003051,2005
10222,200501LX50521,530980.0,180130.0,-0.114174,51.504879,1,3,2,1,12/04/2005,3,07:30,9,E09000022,3,301,Roundabout,30,Giveway or uncontrolled,3,301,None within 50 metres,No physical crossing within 50 meters,Daylight: Street light present,Fine without high winds,Dry,None,None,1,Yes,E01003016,2005
10223,200501LX50522,529600.0,175170.0,-0.135865,51.460622,1,3,1,1,13/02/2005,1,22:50,9,E09000022,3,2217,Single carriageway,30,Giveway or uncontrolled,6,0,None within 50 metres,No physical crossing within 50 meters,Darkness: Street lights present and lit,Fine without high winds,Dry,None,None,1,Yes,E01003032,2005
10224,200501LX50523,528910.0,174410.0,-0.146068,51.453949,1,3,2,1,12/01/2005,4,20:00,9,E09000022,3,205,Single carriageway,30,None,-1,0,None within 50 metres,No physical crossing within 50 meters,Darkness: Street lights present and lit,Fine without high winds,Dry,None,None,1,No,E01003030,2005
10225,200501LX50525,529450.0,175300.0,-0.137975,51.461824,1,3,1,1,22/01/2005,7,11:50,9,E09000022,3,24,Single carriageway,30,Automatic traffic signal,3,24,None within 50 metres,Pedestrian phase at traffic signal junction,Daylight: Street light present,Fine without high winds,Dry,None,None,1,Yes,E01003039,2005
10226,200501LX50526,531780.0,170980.0,-0.106062,51.422464,1,3,2,1,06/03/2005,1,09:15,9,E09000022,3,215,Single carriageway,30,Giveway or uncontrolled,3,214,None within 50 metres,No physical crossing within 50 meters,Daylight: Street light present,Fine without high winds,Dry,None,None,1,No,E01001084,2005
10227,200501LX50527,531530.0,172970.0,-0.108917,51.440406,1,3,2,1,06/05/2005,6,08:15,9,E09000022,3,205,Single carriageway,30,Giveway or uncontrolled,3,205,None within 50 metres,Zebra crossing,Daylight: Street light present,Fine without high winds,Dry,None,None,1,Yes,E01003174,2005
10228,200501LX50528,529750.0,171750.0,-0.13496,51.429852,1,3,4,2,06/05/2005,6,08:45,9,E09000022,5,0,Single carriageway,30,Automatic traffic signal,3,214,None within 50 metres,Pedestrian phase at traffic signal junction,Daylight: Street light present,Fine without high winds,Dry,None,None,1,Yes,E01003119,2005
10229,200501LX50530,529730.0,173610.0,-0.134566,51.446572,1,3,1,1,04/04/2005,2,17:35,9,E09000022,6,0,Single carriageway,30,None,-1,0,None within 50 metres,No physical crossing within 50 meters,Daylight: Street light present,Fine without high winds,Dry,Road surface defective,None,1,No,E01003163,2005
10230,200501LX50533,529910.0,173240.0,-0.132113,51.443206,1,3,2,1,21/03/2005,2,08:30,9,E09000022,5,0,Single carriageway,30,None,-1,0,None within 50 metres,No physical crossing within 50 meters,Daylight: Street light present,Fine without high winds,Dry,None,None,1,Yes,E01003163,2005
10231,200501LX50534,530630.0,174220.0,-0.121398,51.451847,1,3,1,1,01/04/2005,6,10:30,9,E09000022,3,23,Single carriageway,30,Giveway or uncontrolled,6,0,None within 50 metres,No physical crossing within 50 meters,Daylight: Street light present,Fine without high winds,Dry,None,None,1,No,E01003171,2005
10232,200501LX50535,531360.0,174800.0,-0.110683,51.456891,1,3,2,1,14/03/2005,2,09:08,9,E09000022,6,0,Single carriageway,30,Giveway or uncontrolled,6,0,None within 50 metres,No physical crossing within 50 meters,Daylight: Street light present,Fine without high winds,Dry,None,None,1,Yes,E01003043,2005
10233,200501LX50536,530750.0,175150.0,-0.119328,51.460178,1,3,2,1,01/04/2005,6,17:50,9,E09000022,3,2217,Single carriageway,30,None,-1,0,None within 50 metres,No physical crossing within 50 meters,Daylight: Street light present,Fine without high winds,Dry,None,None,1,Yes,E01003020,2005
10234,200501LX50537,530060.0,171220.0,-0.130698,51.425018,1,3,2,1,05/04/2005,3,07:45,9,E09000022,3,23,Single carriageway,30,Giveway or uncontrolled,6,0,None within 50 metres,No physical crossing within 50 meters,Daylight: Street light present,Fine without high winds,Dry,None,None,1,No,E01003114,2005
10235,200501LX50539,527820.0,172580.0,-0.162408,51.437749,1,3,2,1,12/05/2005,5,18:15,10,E09000032,3,214,Single carriageway,30,Giveway or uncontrolled,6,0,None within 50 metres,No physical crossing within 50 meters,Daylight: Street light present,Fine without high winds,Dry,None,None,1,No,E01004549,2005
10236,200501LX50540,530130.0,171010.0,-0.129768,51.423114,1,2,2,1,22/04/2005,6,19:00,9,E09000022,3,23,Single carriageway,30,Automatic traffic signal,3,214,None within 50 metres,Pedestrian phase at traffic signal junction,Daylight: Street light present,Fine without high winds,Dry,None,None,1,No,E01003150,2005
10237,200501LX50541,530110.0,171030.0,-0.130049,51.423299,1,3,2,2,07/04/2005,5,13:09,9,E09000022,3,23,Single carriageway,30,Giveway or uncontrolled,6,0,None within 50 metres,No physical crossing within 50 meters,Daylight: Street light present,Fine without high winds,Wet/Damp,None,None,1,Yes,E01003115,2005
10238,200501LX50542,529560.0,173930.0,-0.136894,51.449487,1,3,2,1,12/04/2005,3,11:20,9,E09000022,3,205,Single carriageway,30,Automatic traffic signal,5,0,None within 50 metres,Pedestrian phase at traffic signal junction,Daylight: Street light present,Fine without high winds,Dry,None,None,1,Yes,E01003160,2005
10239,200501LX50544,532640.0,176090.0,-0.091786,51.468186,1,3,2,1,13/04/2005,4,06:36,8,E09000028,3,215,Single carriageway,30,None,-1,0,None within 50 metres,No physical crossing within 50 meters,Daylight: Street light present,Raining without high winds,Wet/Damp,None,None,1,Yes,E01003076,2005
10240,200501LX50545,528950.0,175950.0,-0.144932,51.46778,1,2,1,1,01/05/2005,1,23:20,9,E09000022,3,3036,Single carriageway,30,None,-1,0,None within 50 metres,No physical crossing within 50 meters,Darkness: Street lights present and lit,Fine without high winds,Dry,None,None,1,Yes,E01003038,2005
10241,200501LX50546,530280.0,170530.0,-0.127788,51.418766,1,3,2,1,01/05/2005,1,18:07,9,E09000022,3,23,Single carriageway,30,Giveway or uncontrolled,6,0,None within 50 metres,No physical crossing within 50 meters,Daylight: Street light present,Fine without high winds,Dry,None,None,1,Yes,E01003144,2005
10242,200501LX50547,532630.0,175300.0,-0.092226,51.461089,1,3,1,1,03/05/2005,3,10:00,8,E09000028,3,215,Single carriageway,30,Giveway or uncontrolled,6,0,None within 50 metres,No physical crossing within 50 meters,Daylight: Street light present,Fine without high winds,Dry,None,None,1,Yes,E01003078,2005
10243,200501LX50548,531250.0,175340.0,-0.112065,51.461769,1,3,2,1,17/04/2005,1,20:15,9,E09000022,3,2217,Single carriageway,30,Automatic traffic signal,4,223,None within 50 metres,Pedestrian phase at traffic signal junction,Daylight: Street light present,Raining without high winds,Wet/Damp,None,None,1,Yes,E01003047,2005
10244,200501LX50549,532190.0,175260.0,-0.098571,51.460832,1,3,2,1,04/05/2005,4,16:50,9,E09000022,6,0,Single carriageway,30,Giveway or uncontrolled,6,0,None within 50 metres,No physical crossing within 50 meters,Daylight: Street light present,Fine without high winds,Dry,None,None,1,Yes,E01003072,2005
10245,200501LX50550,530890.0,174970.0,-0.117381,51.458528,1,3,2,2,04/05/2005,4,09:25,9,E09000022,3,23,Single carriageway,30,Giveway or uncontrolled,6,0,None within 50 metres,No physical crossing within 50 meters,Daylight: Street light present,Fine without high winds,Dry,None,None,1,Yes,E01003020,2005
10246,200501LX50551,530210.0,172390.0,-0.128112,51.435498,1,3,2,1,05/05/2005,5,22:10,9,E09000022,3,23,Single carriageway,30,Giveway or uncontrolled,6,0,None within 50 metres,No physical crossing within 50 meters,Darkness: Street lights present and lit,Fine without high winds,Dry,None,None,1,Yes,E01003117,2005
10247,200501LX50552,530580.0,172800.0,-0.12264,51.439098,1,3,4,1,21/04/2005,5,18:30,9,E09000022,6,0,Roundabout,30,Giveway or uncontrolled,6,0,None within 50 metres,No physical crossing within 50 meters,Daylight: Street light present,Fine without high winds,Dry,None,None,1,Yes,E01003135,2005
10248,200501LX50554,531940.0,178870.0,-0.10082,51.493332,1,2,2,1,12/04/2005,3,11:20,8,E09000028,3,3,Roundabout,30,Giveway or uncontrolled,3,3,None within 50 metres,No physical crossing within 50 meters,Daylight: Street light present,Fine without high winds,Dry,None,None,1,Yes,E01003933,2005
10249,200501LX50555,528880.0,174410.0,-0.1465,51.453956,1,3,2,1,18/04/2005,2,19:00,9,E09000022,3,205,Single carriageway,30,Automatic traffic signal,3,24,None within 50 metres,Pedestrian phase at traffic signal junction,Daylight: Street light present,Fine without high winds,Dry,None,None,1,No,E01003030,2005
10250,200501LX50556,531130.0,177500.0,-0.11299,51.481209,1,3,2,1,19/04/2005,3,06:25,9,E09000022,3,3,Single carriageway,30,None,-1,0,None within 50 metres,Zebra crossing,Daylight: Street light present,Fine without high winds,Dry,None,None,1,No,E01003100,2005
10251,200501LX50557,529850.0,171500.0,-0.133614,51.427582,1,3,2,1,04/04/2005,2,16:05,9,E09000022,3,216,Single carriageway,30,Automatic traffic signal,5,0,None within 50 metres,Pedestrian phase at traffic signal junction,Daylight: Street light present,Fine without high winds,Dry,None,None,1,Yes,E01003119,2005
10252,200501LX50559,532410.0,176310.0,-0.095013,51.470217,1,3,2,1,13/04/2005,4,10:50,9,E09000022,3,2217,Single carriageway,30,Automatic traffic signal,6,0,None within 50 metres,Pedestrian phase at traffic signal junction,Daylight: Street light present,Fine without high winds,Dry,None,None,1,No,E01003076,2005
10253,200501LX50560,532040.0,177020.0,-0.100072,51.476684,1,3,4,1,26/04/2005,3,13:31,9,E09000022,3,202,Single carriageway,30,Giveway or uncontrolled,3,202,None within 50 metres,No physical crossing within 50 meters,Daylight: Street light present,Fine without high winds,Dry,None,None,1,Yes,E01003919,2005
10254,200501LX50561,530020.0,171540.0,-0.131155,51.427903,1,3,1,1,01/05/2005,1,12:40,9,E09000022,3,23,Single carriageway,30,None,-1,0,None within 50 metres,No physical crossing within 50 meters,Daylight: Street light present,Fine without high winds,Dry,None,None,1,No,E01003120,2005
10255,200501LX50562,530310.0,171900.0,-0.126854,51.431071,1,3,1,1,05/05/2005,5,16:30,9,E09000022,6,0,Single carriageway,30,None,-1,0,None within 50 metres,No physical crossing within 50 meters,Daylight: Street light present,Fine without high winds,Dry,None,None,1,No,E01003153,2005
10256,200501LX50563,531910.0,172980.0,-0.103449,51.440407,1,3,2,2,29/04/2005,6,10:37,9,E09000022,3,205,Single carriageway,30,Giveway or uncontrolled,6,0,None within 50 metres,Zebra crossing,Daylight: Street light present,Fine without high winds,Dry,None,None,1,Yes,E01003164,2005
10257,200501LX50564,531140.0,175830.0,-0.113466,51.466198,1,3,1,1,28/04/2005,5,17:37,9,E09000022,3,23,Single carriageway,30,Automatic traffic signal,3,23,None within 50 metres,No physical crossing within 50 meters,Daylight: Street light present,Fine without high winds,Dry,None,None,1,No,E01003060,2005
10258,200501LX50565,530030.0,175680.0,-0.129491,51.465106,1,3,2,1,28/04/2005,5,09:45,9,E09000022,4,221,Single carriageway,30,Automatic traffic signal,6,0,None within 50 metres,Pedestrian phase at traffic signal junction,Daylight: Street light present,Fine without high winds,Dry,None,None,1,No,E01003090,2005
10259,200501LX50566,532970.0,171510.0,-0.088758,51.426949,1,3,3,1,04/05/2005,4,12:29,9,E09000022,6,0,Single carriageway,30,Giveway or uncontrolled,6,0,None within 50 metres,No physical crossing within 50 meters,Daylight: Street light present,Fine without high winds,Dry,None,None,1,Yes,E01003067,2005
10260,200501LX50567,530400.0,172990.0,-0.125159,51.440847,1,3,1,1,27/04/2005,4,08:30,9,E09000022,3,23,Single carriageway,30,Giveway or uncontrolled,6,0,None within 50 metres,No physical crossing within 50 meters,Daylight: Street light present,Fine without high winds,Dry,None,None,1,Yes,E01003130,2005
10261,200501LX50568,530020.0,171460.0,-0.131185,51.427184,1,3,5,4,05/05/2005,5,13:57,9,E09000022,3,23,Dual carriageway,30,Automatic traffic signal,5,0,None within 50 metres,Pedestrian phase at traffic signal junction,Daylight: Street light present,Fine without high winds,Dry,None,None,1,Yes,E01003120,2005
10262,200501LX50569,529210.0,175600.0,-0.141319,51.464575,1,2,2,1,06/05/2005,6,17:44,9,E09000022,4,224,Single carriageway,30,Giveway or uncontrolled,6,0,None within 50 metres,Zebra crossing,Daylight: Street light present,Fine without high winds,Dry,None,None,1,Yes,E01003039,2005
10263,200501LX50570,531160.0,177550.0,-0.11254,51.481651,1,3,1,1,05/05/2005,5,17:25,9,E09000022,3,3,Single carriageway,30,None,-1,0,None within 50 metres,No physical crossing within 50 meters,Daylight: Street light present,Fine without high winds,Dry,None,None,1,Yes,E01003100,2005
10264,200501LX50571,530250.0,170650.0,-0.128176,51.419852,1,3,2,1,08/05/2005,1,15:30,9,E09000022,3,23,Single carriageway,30,Automatic traffic signal,3,23,None within 50 metres,Pedestrian phase at traffic signal junction,Daylight: Street light present,Fine without high winds,Dry,None,None,1,No,E01003144,2005
10265,200501LX50572,530470.0,176450.0,-0.122877,51.471925,1,3,1,2,06/05/2005,6,13:40,9,E09000022,3,3,Single carriageway,30,None,-1,0,None within 50 metres,Pedestrian phase at traffic signal junction,Daylight: Street light present,Fine without high winds,Dry,None,None,1,Yes,E01003128,2005
10266,200501LX50573,531590.0,176720.0,-0.10666,51.474092,1,3,1,1,06/05/2005,6,21:15,9,E09000022,5,0,Single carriageway,30,Giveway or uncontrolled,6,0,None within 50 metres,No physical crossing within 50 meters,Darkness: Street lights present and lit,Fine without high winds,Dry,None,None,1,Yes,E01003182,2005
10267,200501LX50575,530300.0,170490.0,-0.127516,51.418402,1,3,3,1,10/05/2005,3,09:33,9,E09000022,3,23,Single carriageway,30,Giveway or uncontrolled,6,0,None within 50 metres,No physical crossing within 50 meters,Daylight: Street light present,Fine without high winds,Dry,None,None,1,Yes,E01003145,2005
10268,200501LX50576,530980.0,180110.0,-0.114181,51.504699,1,3,2,1,11/05/2005,4,07:45,9,E09000022,3,301,Roundabout,30,Giveway or uncontrolled,3,3200,None within 50 metres,non-junction pedestrian crossing,Daylight: Street light present,Fine without high winds,Dry,None,None,1,Yes,E01003016,2005
10269,200501LX50577,530260.0,172660.0,-0.127293,51.437913,1,3,1,1,11/05/2005,4,23:00,9,E09000022,3,23,One way street,30,Automatic traffic signal,5,0,None within 50 metres,Pedestrian phase at traffic signal junction,Darkness: Street lights present and lit,Fine without high winds,Dry,None,None,1,Yes,E01003117,2005
10270,200501LX50578,530680.0,171400.0,-0.121719,51.426493,1,3,2,1,11/05/2005,4,07:31,9,E09000022,5,0,Single carriageway,30,Giveway or uncontrolled,6,0,None within 50 metres,No physical crossing within 50 meters,Daylight: Street light present,Fine without high winds,Dry,None,None,1,Yes,E01003148,2005
10271,200501LX50579,529960.0,172840.0,-0.131541,51.4396,1,3,2,1,10/05/2005,3,13:25,9,E09000022,4,221,Single carriageway,30,Giveway or uncontrolled,6,0,None within 50 metres,No physical crossing within 50 meters,Daylight: Street light present,Raining without high winds,Wet/Damp,None,None,1,Yes,E01003138,2005
10272,200501LX50581,531440.0,175430.0,-0.109298,51.462534,1,3,2,1,25/04/2005,2,12:30,9,E09000022,3,2217,Single carriageway,30,Giveway or uncontrolled,6,0,None within 50 metres,No physical crossing within 50 meters,Daylight: Street light present,Fine without high winds,Dry,None,None,1,No,E01003052,2005
10273,200501LX50582,531230.0,178730.0,-0.111094,51.492239,1,3,2,1,11/05/2005,4,16:39,9,E09000022,3,23,Single carriageway,30,Giveway or uncontrolled,6,0,None within 50 metres,No physical crossing within 50 meters,Daylight: Street light present,Fine without high winds,Dry,None,None,1,Yes,E01003111,2005
10274,200501LX50583,530270.0,176160.0,-0.125862,51.469365,1,3,2,1,06/05/2005,6,23:34,9,E09000022,3,3,Single carriageway,30,None,-1,0,None within 50 metres,No physical crossing within 50 meters,Darkness: Street lights present and lit,Raining without high winds,Wet/Damp,None,None,1,Yes,E01003090,2005
10275,200501LX50584,530030.0,175680.0,-0.129491,51.465106,1,3,2,1,11/05/2005,4,08:37,9,E09000022,4,221,Single carriageway,30,Giveway or uncontrolled,3,3,None within 50 metres,No physical crossing within 50 meters,Daylight: Street light present,Fine without high winds,Dry,None,None,1,Yes,E01003090,2005
10276,200501LX50585,530340.0,172840.0,-0.126077,51.439512,1,3,2,1,07/05/2005,7,14:24,9,E09000022,3,23,Dual carriageway,30,Giveway or uncontrolled,6,0,None within 50 metres,No physical crossing within 50 meters,Daylight: Street light present,Fine without high winds,Dry,None,None,1,Yes,E01003131,2005
10277,200501LX50586,531180.0,175940.0,-0.112849,51.467178,1,3,2,1,12/05/2005,5,09:10,9,E09000022,3,23,Dual carriageway,30,Giveway or uncontrolled,6,0,None within 50 metres,No physical crossing within 50 meters,Daylight: Street light present,Fine without high winds,Dry,None,None,1,No,E01003047,2005
10278,200501LX50587,530420.0,177070.0,-0.123368,51.477508,1,3,1,1,07/05/2005,7,23:53,9,E09000022,3,203,Single carriageway,30,None,-1,0,None within 50 metres,No physical crossing within 50 meters,Darkness: Street lights present and lit,Fine without high winds,Dry,None,None,1,Yes,E01003097,2005
10279,200501LX50588,530900.0,175900.0,-0.116893,51.466883,1,3,2,1,08/05/2005,1,13:30,9,E09000022,6,0,One way street,30,None,-1,0,None within 50 metres,No physical crossing within 50 meters,Daylight: Street light present,Fine without high winds,Dry,None,None,1,Yes,E01003061,2005
10280,200501LX50590,531090.0,175650.0,-0.114252,51.464592,1,3,2,1,12/05/2005,5,13:20,9,E09000022,3,23,Dual carriageway,30,Automatic traffic signal,3,203,None within 50 metres,Pedestrian phase at traffic signal junction,Daylight: Street light present,Fine without high winds,Dry,None,None,1,Yes,E01003061,2005
10281,200501LX50591,530530.0,178000.0,-0.121441,51.485841,1,3,1,1,13/05/2005,6,15:40,9,E09000022,3,202,Single carriageway,30,Automatic traffic signal,3,3204,None within 50 metres,Pedestrian phase at traffic signal junction,Daylight: Street light present,Fine without high winds,Dry,None,None,1,Yes,E01003102,2005
10282,200501LX50592,533680.0,171020.0,-0.078736,51.422379,1,3,2,1,13/05/2005,6,09:45,8,E09000028,6,0,Single carriageway,30,Giveway or uncontrolled,6,0,None within 50 metres,No physical crossing within 50 meters,Daylight: Street light present,Fine without high winds,Dry,None,None,1,Yes,E01003948,2005
10283,200501LX50593,530240.0,175750.0,-0.126444,51.465687,1,3,2,1,06/05/2005,6,17:15,9,E09000022,6,0,Single carriageway,30,Giveway or uncontrolled,6,0,None within 50 metres,No physical crossing within 50 meters,Daylight: Street light present,Fine without high winds,Dry,None,None,1,No,E01003088,2005
10284,200501LX50594,529710.0,175450.0,-0.13418,51.463113,1,3,2,1,14/04/2005,5,08:32,9,E09000022,3,3,Single carriageway,30,Giveway or uncontrolled,6,0,None within 50 metres,No physical crossing within 50 meters,Daylight: Street light present,Fine without high winds,Dry,None,None,1,Yes,E01003035,2005
10285,200501LX50596,532010.0,174240.0,-0.101541,51.451707,1,2,1,3,12/05/2005,5,05:34,9,E09000022,3,215,Single carriageway,30,None,-1,0,None within 50 metres,Pedestrian phase at traffic signal junction,Daylight: Street light present,Fine without high winds,Dry,None,None,1,Yes,E01003074,2005
10286,200501LX50598,530130.0,171010.0,-0.129768,51.423114,1,3,1,1,15/05/2005,1,23:39,9,E09000022,3,23,Single carriageway,30,Automatic traffic signal,3,214,None within 50 metres,Pedestrian phase at traffic signal junction,Darkness: Street lights present and lit,Fine without high winds,Dry,None,None,1,Yes,E01003150,2005
10287,200501LX50600,531310.0,177840.0,-0.110273,51.484223,1,2,2,2,12/05/2005,5,08:22,9,E09000022,3,3,Single carriageway,30,Automatic traffic signal,3,23,None within 50 metres,Pedestrian phase at traffic signal junction,Daylight: Street light present,Fine without high winds,Dry,None,None,1,Yes,E01003099,2005
10288,200501LX50601,531280.0,177900.0,-0.110683,51.484769,1,3,2,1,20/05/2005,6,17:15,9,E09000022,3,23,Single carriageway,30,Giveway or uncontrolled,6,0,None within 50 metres,No physical crossing within 50 meters,Daylight: Street light present,Fine without high winds,Dry,None,None,1,Yes,E01003101,2005
10289,200501LX50602,531840.0,174510.0,-0.103886,51.454173,1,3,2,1,21/05/2005,7,13:04,9,E09000022,4,223,Single carriageway,30,Giveway or uncontrolled,6,0,None within 50 metres,No physical crossing within 50 meters,Daylight: Street light present,Fine without high winds,Wet/Damp,None,None,1,Yes,E01003074,2005
10290,200501LX50603,531900.0,179040.0,-0.101333,51.494869,1,3,2,1,15/05/2005,1,07:10,8,E09000028,3,302,Roundabout,30,Giveway or uncontrolled,3,3,None within 50 metres,No physical crossing within 50 meters,Daylight: Street light present,Fine without high winds,Dry,None,None,1,Yes,E01003933,2005
10291,200501LX50604,530440.0,173170.0,-0.124517,51.442455,1,3,2,1,16/05/2005,2,22:00,9,E09000022,3,23,Single carriageway,30,None,-1,0,None within 50 metres,No physical crossing within 50 meters,Darkness: Street lights present and lit,Raining without high winds,Wet/Damp,None,None,1,Yes,E01003137,2005
10292,200501LX50605,532000.0,176730.0,-0.100756,51.474087,1,3,2,1,16/05/2005,2,21:02,9,E09000022,6,0,Roundabout,30,Giveway or uncontrolled,6,0,None within 50 metres,No physical crossing within 50 meters,Darkness: Street lights present and lit,Raining without high winds,Wet/Damp,None,None,1,Yes,E01003180,2005
10293,200501LX50606,530690.0,174410.0,-0.120465,51.453541,1,3,2,1,21/05/2005,7,15:30,9,E09000022,3,23,Single carriageway,30,Automatic traffic signal,3,23,None within 50 metres,Pedestrian phase at traffic signal junction,Daylight: Street light present,Raining without high winds,Wet/Damp,None,None,1,No,E01003018,2005
10294,200501LX50607,530510.0,178840.0,-0.121419,51.493394,1,3,1,2,17/05/2005,3,08:45,9,E09000022,3,3036,Dual carriageway,30,None,-1,0,None within 50 metres,No physical crossing within 50 meters,Daylight: Street light present,Fine without high winds,Dry,None,None,1,Yes,E01003112,2005
10295,200501LX50608,530440.0,173460.0,-0.124411,51.445061,1,2,2,1,24/05/2005,3,19:40,9,E09000022,3,23,Single carriageway,30,Automatic traffic signal,3,205,None within 50 metres,Pedestrian phase at traffic signal junction,Daylight: Street light present,Fine without high winds,Dry,None,None,1,Yes,E01003137,2005
10296,200501LX50610,530210.0,172400.0,-0.128108,51.435588,1,3,1,1,07/04/2005,5,17:14,9,E09000022,3,23,Single carriageway,30,Giveway or uncontrolled,6,0,None within 50 metres,No physical crossing within 50 meters,Daylight: Street light present,Fine without high winds,Dry,None,None,1,Yes,E01003117,2005
10297,200501LX50611,531120.0,175640.0,-0.113824,51.464496,1,3,1,1,13/04/2005,4,23:20,9,E09000022,6,0,Single carriageway,30,None,-1,0,None within 50 metres,Pedestrian phase at traffic signal junction,Darkness: Street lights present and lit,Fine without high winds,Dry,None,None,1,No,E01003047,2005
10298,200501LX50612,531790.0,170980.0,-0.105918,51.422462,1,3,1,1,20/04/2005,4,18:20,9,E09000022,3,215,Single carriageway,30,Giveway or uncontrolled,3,215,None within 50 metres,No physical crossing within 50 meters,Daylight: Street light present,Fine without high winds,Dry,None,None,1,No,E01001084,2005
10299,200501LX50614,531820.0,171190.0,-0.105409,51.424342,1,3,1,1,22/04/2005,6,19:05,9,E09000022,3,215,Single carriageway,30,Giveway or uncontrolled,6,0,None within 50 metres,No physical crossing within 50 meters,Daylight: Street light present,Fine without high winds,Dry,None,None,1,Yes,E01003087,2005
10300,200501LX50615,530210.0,172190.0,-0.128185,51.433701,1,3,2,1,03/05/2005,3,23:59,9,E09000022,3,23,Dual carriageway,30,None,-1,0,None within 50 metres,No physical crossing within 50 meters,Darkness: Street lights present and lit,Fine without high winds,Dry,None,None,1,Yes,E01003153,2005
10301,200501LX50616,530150.0,176010.0,-0.127643,51.468044,1,3,2,1,08/05/2005,1,18:15,9,E09000022,6,0,Single carriageway,30,Giveway or uncontrolled,3,3,None within 50 metres,No physical crossing within 50 meters,Daylight: Street light present,Fine without high winds,Dry,None,None,1,Yes,E01003090,2005
10302,200501LX50618,530330.0,177920.0,-0.124349,51.485168,1,3,1,1,11/05/2005,4,12:15,9,E09000022,3,3036,One way street,30,None,-1,0,None within 50 metres,No physical crossing within 50 meters,Daylight: Street light present,Fine without high winds,Dry,None,None,1,Yes,E01003102,2005
10303,200501LX50619,528880.0,174410.0,-0.1465,51.453956,1,2,2,1,15/05/2005,1,12:05,9,E09000022,3,205,Single carriageway,30,Automatic traffic signal,3,24,None within 50 metres,Pedestrian phase at traffic signal junction,Daylight: Street light present,Fine without high winds,Dry,None,None,1,Yes,E01003030,2005
10304,200501LX50620,531270.0,179220.0,-0.110336,51.496634,1,3,1,1,19/05/2005,5,14:00,9,E09000022,3,3203,Single carriageway,30,Giveway or uncontrolled,3,3203,None within 50 metres,Zebra crossing,Daylight: Street light present,Fine without high winds,Wet/Damp,None,None,1,Yes,E01003933,2005
10305,200501LX50621,531130.0,179400.0,-0.112285,51.498284,1,3,1,1,01/05/2005,1,09:00,9,E09000022,3,23,Single carriageway,30,None,-1,0,None within 50 metres,No physical crossing within 50 meters,Daylight: Street light present,Fine without high winds,Dry,None,None,1,No,E01003014,2005
10306,200501LX50622,531700.0,172810.0,-0.106532,51.438928,1,3,2,1,17/05/2005,3,08:25,9,E09000022,5,0,Single carriageway,30,Giveway or uncontrolled,6,0,None within 50 metres,No physical crossing within 50 meters,Daylight: Street light present,Fine without high winds,Dry,None,None,1,Yes,E01003133,2005
10307,200501LX50623,531200.0,175700.0,-0.11265,51.465016,1,3,1,1,17/05/2005,3,15:30,9,E09000022,5,0,Single carriageway,30,None,-1,0,None within 50 metres,No physical crossing within 50 meters,Daylight: Street light present,Fine without high winds,Dry,None,None,1,Yes,E01003047,2005
10308,200501LX50624,529610.0,170310.0,-0.137499,51.416943,1,3,2,1,18/05/2005,4,08:51,9,E09000022,4,272,Single carriageway,30,Giveway or uncontrolled,6,0,None within 50 metres,Pedestrian phase at traffic signal junction,Daylight: Street light present,Fine without high winds,Dry,None,None,1,Yes,E01003139,2005
10309,200501LX50625,530390.0,178190.0,-0.123386,51.487581,1,3,2,1,19/05/2005,5,09:12,9,E09000022,3,3036,Single carriageway,30,None,-1,0,None within 50 metres,No physical crossing within 50 meters,Daylight: Street light present,Fine without high winds,Dry,None,None,1,Yes,E01003109,2005
10310,200501LX50626,531220.0,178300.0,-0.111398,51.488377,1,3,2,1,21/05/2005,7,12:15,9,E09000022,3,23,Single carriageway,30,Automatic traffic signal,3,3204,None within 50 metres,Pedestrian phase at traffic signal junction,Daylight: Street light present,Fine without high winds,Dry,None,None,1,Yes,E01003107,2005
10311,200501LX50627,530400.0,177900.0,-0.123349,51.484972,1,3,2,1,19/05/2005,5,19:00,9,E09000022,3,203,Single carriageway,30,None,-1,0,None within 50 metres,No physical crossing within 50 meters,Daylight: Street light present,Fine without high winds,Dry,None,None,1,Yes,E01003102,2005
10312,200501LX50628,530240.0,170650.0,-0.128319,51.419854,1,3,1,1,21/05/2005,7,06:00,9,E09000022,3,23,Single carriageway,30,Automatic traffic signal,3,23,None within 50 metres,Pedestrian phase at traffic signal junction,Darkness: Street lights present and lit,Fine without high winds,Dry,None,None,1,Yes,E01003144,2005
10313,200501LX50629,530810.0,175960.0,-0.118165,51.467443,1,3,2,1,24/05/2005,3,17:12,9,E09000022,3,203,Single carriageway,30,Giveway or uncontrolled,6,0,None within 50 metres,Zebra crossing,Daylight: Street light present,Fine without high winds,Dry,None,None,1,Yes,E01003053,2005
10314,200501LX50630,532520.0,172680.0,-0.094789,51.437569,1,3,2,1,23/05/2005,2,14:16,9,E09000022,6,0,Single carriageway,30,Giveway or uncontrolled,6,0,None within 50 metres,No physical crossing within 50 meters,Daylight: Street light present,Fine without high winds,Dry,None,None,1,Yes,E01003165,2005
10315,200501LX50631,531770.0,172640.0,-0.105588,51.437384,1,3,1,1,24/05/2005,3,13:30,9,E09000022,3,215,Single carriageway,30,Giveway or uncontrolled,6,0,None within 50 metres,No physical crossing within 50 meters,Daylight: Street light present,Fine without high winds,Dry,None,None,1,Yes,E01003166,2005
10316,200501LX50632,529290.0,173200.0,-0.141044,51.442988,1,3,1,1,11/05/2005,4,23:45,9,E09000022,6,0,Single carriageway,30,Giveway or uncontrolled,6,0,None within 50 metres,No physical crossing within 50 meters,Darkness: Street lights present and lit,Fine without high winds,Dry,None,None,1,Yes,E01003158,2005
10317,200501LX50633,529340.0,175170.0,-0.139605,51.460681,1,3,3,1,23/05/2005,2,17:41,9,E09000022,3,24,Single carriageway,30,Giveway or uncontrolled,6,0,None within 50 metres,No physical crossing within 50 meters,Daylight: Street light present,Fine without high winds,Dry,None,None,1,Yes,E01003032,2005
10318,200501LX50634,529960.0,175630.0,-0.130517,51.464673,1,2,2,1,25/05/2005,4,08:57,9,E09000022,3,3,Single carriageway,30,Giveway or uncontrolled,6,0,None within 50 metres,No physical crossing within 50 meters,Daylight: Street light present,Fine without high winds,Dry,None,None,1,Yes,E01003090,2005
10319,200501LX50635,530530.0,178920.0,-0.121101,51.494109,1,3,2,2,10/05/2005,3,10:15,9,E09000022,3,3036,Roundabout,30,Automatic traffic signal,3,3203,None within 50 metres,Pedestrian phase at traffic signal junction,Daylight: Street light present,Fine without high winds,Dry,None,None,1,No,E01003013,2005
10320,200501LX50636,531100.0,175680.0,-0.114097,51.46486,1,3,1,1,13/05/2005,6,09:00,9,E09000022,3,23,Single carriageway,30,Automatic traffic signal,3,203,None within 50 metres,Pedestrian phase at traffic signal junction,Daylight: Street light present,Fine without high winds,Dry,None,None,1,No,E01003061,2005
10321,200501LX50638,530390.0,178040.0,-0.123442,51.486233,1,2,1,1,27/05/2005,6,23:56,9,E09000022,3,202,One way street,30,Automatic traffic signal,3,3036,None within 50 metres,No physical crossing within 50 meters,Darkness: Street lights present and lit,Fine without high winds,Dry,None,None,1,Yes,E01003102,2005
10322,200501LX50639,532750.0,175690.0,-0.090354,51.464565,1,3,2,1,19/05/2005,5,17:35,8,E09000028,6,0,Single carriageway,30,Giveway or uncontrolled,3,215,None within 50 metres,No physical crossing within 50 meters,Daylight: Street light present,Raining without high winds,Wet/Damp,None,None,1,No,E01003078,2005
10323,200501LX50640,530390.0,178140.0,-0.123405,51.487131,1,3,2,1,27/05/2005,6,22:27,9,E09000022,3,3036,Single carriageway,30,None,-1,0,None within 50 metres,No physical crossing within 50 meters,Darkness: Street lights present and lit,Fine without high winds,Dry,None,None,1,Yes,E01003109,2005
10324,200501LX50641,529890.0,175570.0,-0.131546,51.46415,1,3,2,1,22/05/2005,1,18:30,9,E09000022,3,3,Single carriageway,30,Giveway or uncontrolled,6,0,None within 50 metres,No physical crossing within 50 meters,Daylight: Street light present,Fine without high winds,Dry,None,None,1,No,E01003054,2005
10325,200501LX50642,528880.0,174410.0,-0.1465,51.453956,1,3,2,1,24/05/2005,3,14:15,9,E09000022,3,205,Single carriageway,30,Automatic traffic signal,3,24,None within 50 metres,Pedestrian phase at traffic signal junction,Daylight: Street light present,Fine without high winds,Dry,None,None,1,No,E01003030,2005
10326,200501LX50643,530140.0,172000.0,-0.129261,51.432009,1,3,2,1,27/02/2005,1,20:45,9,E09000022,3,23,Single carriageway,30,Automatic traffic signal,6,0,None within 50 metres,Pedestrian phase at traffic signal junction,Darkness: Street lights present and lit,Raining without high winds,Wet/Damp,None,None,1,No,E01003118,2005
10327,200501LX50644,530980.0,175330.0,-0.115953,51.461742,1,3,1,1,11/02/2005,6,16:30,9,E09000022,6,0,Single carriageway,30,Giveway or uncontrolled,6,0,None within 50 metres,No physical crossing within 50 meters,Daylight: Street light present,Fine without high winds,Dry,None,None,1,No,E01003055,2005
10328,200501LX50645,530360.0,172880.0,-0.125774,51.439867,1,3,1,1,27/06/2005,2,16:35,9,E09000022,3,23,Single carriageway,30,None,-1,0,None within 50 metres,Pedestrian phase at traffic signal junction,Daylight: Street light present,Fine without high winds,Dry,None,None,1,Yes,E01003131,2005
10329,200501LX50647,531030.0,175050.0,-0.115337,51.459214,1,3,3,2,31/05/2005,3,13:45,9,E09000022,3,204,Single carriageway,30,Automatic traffic signal,3,204,None within 50 metres,Pedestrian phase at traffic signal junction,Daylight: Street light present,Fine without high winds,Dry,None,None,1,Yes,E01003176,2005
10330,200501LX50648,529670.0,170360.0,-0.136618,51.417378,1,3,1,1,31/05/2005,3,12:30,9,E09000022,4,272,Single carriageway,30,Automatic traffic signal,6,0,None within 50 metres,Pedestrian phase at traffic signal junction,Daylight: Street light present,Fine without high winds,Dry,None,None,1,Yes,E01003146,2005
10331,200501LX50650,531580.0,176710.0,-0.106807,51.474005,1,3,2,1,01/06/2005,4,08:39,9,E09000022,5,0,Single carriageway,30,Giveway or uncontrolled,6,0,None within 50 metres,No physical crossing within 50 meters,Daylight: Street light present,Fine without high winds,Dry,None,None,1,Yes,E01003187,2005
10332,200501LX50651,531170.0,176700.0,-0.112711,51.47401,1,2,2,1,01/06/2005,4,08:30,9,E09000022,3,23,Single carriageway,30,Giveway or uncontrolled,6,0,None within 50 metres,Zebra crossing,Daylight: Street light present,Fine without high winds,Dry,None,None,1,Yes,E01003185,2005
10333,200501LX50652,530020.0,176460.0,-0.129349,51.472118,1,2,3,1,05/06/2005,1,23:30,9,E09000022,5,0,One way street,30,Giveway or uncontrolled,6,0,None within 50 metres,No physical crossing within 50 meters,Darkness: Street lights present and lit,Raining without high winds,Wet/Damp,None,None,1,Yes,E01003092,2005
10334,200501LX50653,530480.0,178030.0,-0.12215,51.486122,1,2,1,1,05/06/2005,1,21:19,9,E09000022,3,3204,Single carriageway,30,Automatic traffic signal,3,203,None within 50 metres,Pedestrian phase at traffic signal junction,Daylight: Street light present,Fine without high winds,Dry,None,None,1,Yes,E01003102,2005
10335,200501LX50654,530300.0,176200.0,-0.125415,51.469717,1,3,3,2,06/06/2005,2,20:57,9,E09000022,3,3,Single carriageway,30,Giveway or uncontrolled,6,0,None within 50 metres,No physical crossing within 50 meters,Daylight: Street light present,Fine without high winds,Dry,None,None,1,Yes,E01003128,2005
10336,200501LX50655,532940.0,171010.0,-0.089377,51.422463,1,3,2,2,01/06/2005,4,17:57,9,E09000022,6,0,Single carriageway,30,Giveway or uncontrolled,6,0,None within 50 metres,No physical crossing within 50 meters,Daylight: Street light present,Fine without high winds,Wet/Damp,None,None,1,Yes,E01003069,2005
10337,200501LX50657,531570.0,180390.0,-0.105581,51.507078,1,2,2,1,16/05/2005,2,10:20,8,E09000028,3,3200,Single carriageway,30,Giveway or uncontrolled,6,0,None within 50 metres,No physical crossing within 50 meters,Daylight: Street light present,Fine without high winds,Dry,None,None,1,No,E01003934,2005
10338,200501LX50658,531270.0,179820.0,-0.110113,51.502026,1,3,2,1,23/05/2005,2,09:00,9,E09000022,3,301,Single carriageway,30,Automatic traffic signal,4,300,None within 50 metres,Pedestrian phase at traffic signal junction,Daylight: Street light present,Fine without high winds,Dry,None,None,1,No,E01003012,2005
10339,200501LX50659,530310.0,177860.0,-0.124659,51.484633,1,3,1,2,04/06/2005,7,09:55,9,E09000022,3,3036,Single carriageway,30,None,-1,0,None within 50 metres,No physical crossing within 50 meters,Daylight: Street light present,Fine without high winds,Dry,None,None,1,Yes,E01003102,2005
10340,200501LX50660,530760.0,174590.0,-0.119391,51.455143,1,3,2,2,20/03/2005,1,21:55,9,E09000022,3,23,Single carriageway,30,Giveway or uncontrolled,6,0,None within 50 metres,No physical crossing within 50 meters,Darkness: Street lights present and lit,Fine without high winds,Dry,None,None,1,Yes,E01003018,2005
10341,200501LX50661,532500.0,175120.0,-0.094164,51.459501,1,3,2,1,25/05/2005,4,11:50,9,E09000022,3,215,Single carriageway,30,Automatic traffic signal,5,0,None within 50 metres,Pedestrian phase at traffic signal junction,Daylight: Street light present,Fine without high winds,Dry,None,None,1,No,E01003072,2005
10342,200501LX50662,531270.0,175350.0,-0.111773,51.461855,1,3,1,1,09/05/2005,2,18:54,9,E09000022,3,2217,Single carriageway,30,Automatic traffic signal,4,223,None within 50 metres,Pedestrian phase at traffic signal junction,Daylight: Street light present,Fine without high winds,Dry,None,None,1,Yes,E01003047,2005
10343,200501LX50663,530200.0,172740.0,-0.128127,51.438646,1,3,2,1,26/05/2005,5,17:55,9,E09000022,4,221,Single carriageway,30,Giveway or uncontrolled,6,0,None within 50 metres,No physical crossing within 50 meters,Daylight: Street light present,Fine without high winds,Dry,None,None,1,No,E01003131,2005
10344,200501LX50664,531640.0,174440.0,-0.106789,51.453591,1,3,1,1,09/05/2005,2,16:23,9,E09000022,3,2214,Single carriageway,30,Giveway or uncontrolled,6,0,None within 50 metres,No physical crossing within 50 meters,Daylight: Street light present,Fine without high winds,Dry,None,None,1,Yes,E01003074,2005
10345,200501LX50665,531170.0,175690.0,-0.113086,51.464933,1,3,1,1,26/05/2005,5,08:30,9,E09000022,5,0,Single carriageway,30,None,-1,0,None within 50 metres,No physical crossing within 50 meters,Daylight: Street light present,Fine without high winds,Dry,None,None,1,No,E01003047,2005
10346,200501LX50666,530420.0,177050.0,-0.123375,51.477329,1,3,2,2,26/05/2005,5,18:50,9,E09000022,3,203,Single carriageway,30,Automatic traffic signal,6,0,None within 50 metres,Pedestrian phase at traffic signal junction,Daylight: Street light present,Fine without high winds,Dry,None,None,1,No,E01003097,2005
10347,200501LX50667,530430.0,173460.0,-0.124554,51.445063,1,3,2,1,11/05/2005,4,05:50,9,E09000022,3,23,Single carriageway,30,Automatic traffic signal,3,205,None within 50 metres,Pedestrian phase at traffic signal junction,Daylight: Street light present,Fine without high winds,Dry,None,None,1,Yes,E01003137,2005
10348,200501LX50668,531110.0,175720.0,-0.113938,51.465217,1,3,1,1,12/05/2005,5,19:50,9,E09000022,3,23,Single carriageway,30,None,-1,0,None within 50 metres,No physical crossing within 50 meters,Darkness: Street lights present and lit,Fine without high winds,Dry,None,None,1,Yes,E01003061,2005
10349,200501LX50669,531660.0,174780.0,-0.106374,51.456642,1,3,1,1,14/05/2005,7,18:18,9,E09000022,4,223,Single carriageway,30,Giveway or uncontrolled,6,0,None within 50 metres,No physical crossing within 50 meters,Daylight: Street light present,Fine without high winds,Dry,None,None,1,Yes,E01003074,2005
10350,200501LX50670,531190.0,179190.0,-0.111499,51.496383,1,3,2,1,20/05/2005,6,07:45,9,E09000022,3,23,Single carriageway,30,Automatic traffic signal,3,3203,None within 50 metres,Pedestrian phase at traffic signal junction,Daylight: Street light present,Raining without high winds,Wet/Damp,None,None,1,No,E01003933,2005
10351,200501LX50672,531180.0,176980.0,-0.112463,51.476524,1,3,2,1,01/06/2005,4,18:30,9,E09000022,3,23,Single carriageway,30,Automatic traffic signal,5,0,None within 50 metres,Pedestrian phase at traffic signal junction,Daylight: Street light present,Raining without high winds,Wet/Damp,None,None,1,No,E01003181,2005
10352,200501LX50673,530340.0,170410.0,-0.12697,51.417674,1,3,1,1,07/06/2005,3,21:02,9,E09000022,3,23,Single carriageway,30,None,-1,0,None within 50 metres,non-junction pedestrian crossing,Darkness: Street lights present and lit,Fine without high winds,Dry,None,None,1,No,E01003147,2005
10353,200501LX50674,529100.0,173060.0,-0.143828,51.441773,1,3,2,1,24/05/2005,3,08:50,10,E09000032,5,0,Roundabout,30,Giveway or uncontrolled,5,0,None within 50 metres,No physical crossing within 50 meters,Daylight: Street light present,Fine without high winds,Dry,None,None,1,No,E01004475,2005
10354,200501LX50675,529590.0,176440.0,-0.135544,51.472037,1,3,2,1,10/06/2005,6,12:40,9,E09000022,3,3036,Single carriageway,30,Automatic traffic signal,5,0,None within 50 metres,Pedestrian phase at traffic signal junction,Daylight: Street light present,Fine without high winds,Dry,None,None,1,Yes,E01003089,2005
10355,200501LX50676,531180.0,177020.0,-0.112449,51.476884,1,3,2,1,10/06/2005,6,16:55,9,E09000022,3,23,Single carriageway,30,Automatic traffic signal,5,0,None within 50 metres,Pedestrian phase at traffic signal junction,Daylight: Street light present,Fine without high winds,Dry,None,None,1,Yes,E01003181,2005
10356,200501LX50678,531440.0,177410.0,-0.108562,51.480328,1,3,2,1,11/06/2005,7,20:00,9,E09000022,3,202,Single carriageway,30,Automatic traffic signal,5,0,None within 50 metres,Pedestrian phase at traffic signal junction,Daylight: Street light present,Fine without high winds,Dry,None,None,1,Yes,E01003183,2005
10357,200501LX50679,530420.0,177030.0,-0.123382,51.477149,1,3,2,1,13/06/2005,2,22:30,9,E09000022,3,203,Single carriageway,30,Automatic traffic signal,6,0,None within 50 metres,Pedestrian phase at traffic signal junction,Darkness: Street lights present and lit,Fine without high winds,Dry,None,None,1,Yes,E01003124,2005
10358,200501LX50680,529590.0,176440.0,-0.135544,51.472037,1,3,2,1,13/06/2005,2,19:30,9,E09000022,3,3036,Single carriageway,30,Automatic traffic signal,5,0,None within 50 metres,Pedestrian phase at traffic signal junction,Daylight: Street light present,Fine without high winds,Dry,None,None,1,Yes,E01003089,2005
10359,200501LX50681,529530.0,170670.0,-0.138517,51.420196,1,3,3,1,13/06/2005,2,08:20,9,E09000022,5,0,Single carriageway,30,Giveway or uncontrolled,5,0,None within 50 metres,No physical crossing within 50 meters,Daylight: Street light present,Fine without high winds,Dry,None,None,1,Yes,E01003146,2005
10360,200501LX50682,530050.0,171240.0,-0.130834,51.4252,1,3,2,1,01/05/2005,1,17:00,9,E09000022,3,23,Single carriageway,30,Giveway or uncontrolled,6,0,None within 50 metres,No physical crossing within 50 meters,Daylight: Street light present,Fine without high winds,Dry,None,None,1,No,E01003114,2005
10361,200501LX50683,531280.0,179230.0,-0.110188,51.496721,1,3,2,1,13/06/2005,2,18:38,9,E09000022,3,3203,Single carriageway,30,Giveway or uncontrolled,3,3203,None within 50 metres,Zebra crossing,Daylight: Street light present,Fine without high winds,Dry,None,None,1,Yes,E01003933,2005
10362,200501LX50684,529370.0,175210.0,-0.139159,51.461034,1,3,2,1,13/06/2005,2,13:27,9,E09000022,3,3,Dual carriageway,30,Automatic traffic signal,3,3,None within 50 metres,Pedestrian phase at traffic signal junction,Daylight: Street light present,Fine without high winds,Dry,None,None,1,Yes,E01003032,2005
10363,200501LX50685,529460.0,176000.0,-0.137575,51.468113,1,3,3,1,13/06/2005,2,09:06,9,E09000022,5,0,Single carriageway,30,Giveway or uncontrolled,6,0,None within 50 metres,No physical crossing within 50 meters,Daylight: Street light present,Fine without high winds,Dry,None,None,1,Yes,E01003036,2005
10364,200501LX50686,529510.0,170200.0,-0.138976,51.415977,1,3,2,1,14/06/2005,3,16:10,9,E09000022,4,272,Single carriageway,30,Giveway or uncontrolled,6,0,None within 50 metres,Zebra crossing,Daylight: Street light present,Fine without high winds,Dry,None,None,1,Yes,E01003139,2005
10365,200501LX50687,529030.0,174670.0,-0.144248,51.456258,1,3,2,1,12/06/2005,1,17:40,9,E09000022,3,24,Single carriageway,30,None,-1,0,None within 50 metres,No physical crossing within 50 meters,Daylight: Street light present,Fine without high winds,Dry,None,None,1,No,E01003030,2005
10366,200501LX50688,530200.0,172350.0,-0.12827,51.435141,1,3,2,1,09/06/2005,5,16:30,9,E09000022,3,23,Single carriageway,30,Automatic traffic signal,5,0,None within 50 metres,Pedestrian phase at traffic signal junction,Daylight: Street light present,Fine without high winds,Dry,None,None,1,No,E01003117,2005
10367,200501LX50689,530340.0,172880.0,-0.126062,51.439872,1,3,2,1,02/06/2005,5,12:30,9,E09000022,3,23,Single carriageway,30,None,-1,0,None within 50 metres,non-junction pedestrian crossing,Daylight: Street light present,Fine without high winds,Dry,None,None,1,No,E01003131,2005
10368,200501LX50690,531710.0,172950.0,-0.106336,51.440184,1,3,1,1,03/06/2005,6,18:30,9,E09000022,3,205,Single carriageway,30,Giveway or uncontrolled,3,215,None within 50 metres,Zebra crossing,Daylight: Street light present,Raining without high winds,Wet/Damp,None,None,1,No,E01003164,2005
10369,200501LX50691,529950.0,176970.0,-0.130168,51.476718,1,3,2,1,30/05/2005,2,16:25,9,E09000022,3,3036,Single carriageway,30,None,-1,0,None within 50 metres,No physical crossing within 50 meters,Daylight: Street light present,Fine without high winds,Dry,None,None,1,Yes,E01003121,2005
10370,200501LX50693,530640.0,179290.0,-0.119381,51.497408,1,3,2,1,15/06/2005,4,07:20,9,E09000022,3,3036,Single carriageway,30,None,-1,0,None within 50 metres,No physical crossing within 50 meters,Daylight: Street light present,Raining without high winds,Wet/Damp,None,None,1,Yes,E01003013,2005
10371,200501LX50696,530510.0,176490.0,-0.122286,51.472275,1,3,1,1,14/06/2005,3,12:15,9,E09000022,3,203,Single carriageway,30,Automatic traffic signal,3,3,None within 50 metres,Pedestrian phase at traffic signal junction,Daylight: Street light present,Fine without high winds,Dry,None,None,1,Yes,E01003127,2005
10372,200501LX50697,530840.0,174820.0,-0.118155,51.457191,1,3,2,1,15/06/2005,4,08:30,9,E09000022,3,23,Single carriageway,30,Giveway or uncontrolled,6,0,None within 50 metres,No physical crossing within 50 meters,Daylight: Street light present,Raining without high winds,Wet/Damp,None,None,1,Yes,E01003020,2005
10373,200501LX50698,530400.0,176540.0,-0.123851,51.47275,1,3,2,1,15/06/2005,4,20:05,9,E09000022,6,0,Single carriageway,30,None,-1,0,None within 50 metres,No physical crossing within 50 meters,Daylight: Street light present,Fine without high winds,Dry,None,None,1,Yes,E01003128,2005
10374,200501LX50699,530310.0,177820.0,-0.124674,51.484274,1,2,2,1,16/06/2005,5,09:30,9,E09000022,3,203,Single carriageway,30,Automatic traffic signal,5,0,None within 50 metres,Pedestrian phase at traffic signal junction,Daylight: Street light present,Fine without high winds,Dry,None,None,1,Yes,E01003103,2005
10375,200501LX50700,529340.0,174470.0,-0.139861,51.45439,1,3,1,1,23/06/2005,5,15:54,9,E09000022,5,0,Single carriageway,30,Giveway or uncontrolled,6,0,None within 50 metres,No physical crossing within 50 meters,Daylight: Street light present,Fine without high winds,Dry,None,None,1,Yes,E01003026,2005
10376,200501LX50701,531030.0,175150.0,-0.1153,51.460113,1,2,2,1,18/05/2005,4,17:00,9,E09000022,3,204,Single carriageway,30,Giveway or uncontrolled,6,0,None within 50 metres,No physical crossing within 50 meters,Daylight: Street light present,Fine without high winds,Dry,None,None,1,Yes,E01003050,2005
10377,200501LX50703,531870.0,174850.0,-0.103328,51.457222,1,2,2,1,19/05/2005,5,16:20,9,E09000022,4,222,Single carriageway,30,None,-1,0,None within 50 metres,No physical crossing within 50 meters,Daylight: Street light present,Raining without high winds,Wet/Damp,None,None,1,Yes,E01003071,2005
10378,200501LX50704,530060.0,175070.0,-0.129284,51.459617,1,3,3,1,19/05/2005,5,13:20,9,E09000022,3,2217,Single carriageway,30,Automatic traffic signal,4,221,None within 50 metres,No physical crossing within 50 meters,Daylight: Street light present,Fine without high winds,Wet/Damp,None,None,1,Yes,E01003029,2005
10379,200501LX50706,528980.0,174370.0,-0.145076,51.453573,1,3,2,1,19/05/2005,5,07:06,9,E09000022,3,205,Single carriageway,30,None,-1,0,None within 50 metres,No physical crossing within 50 meters,Daylight: Street light present,Fine without high winds,Dry,None,None,1,Yes,E01003030,2005
10380,200501LX50707,531180.0,171780.0,-0.11439,51.429792,1,3,2,1,04/06/2005,7,15:00,9,E09000022,5,0,Single carriageway,30,None,-1,0,None within 50 metres,No physical crossing within 50 meters,Daylight: Street light present,Fine without high winds,Dry,None,None,1,Yes,E01003154,2005
10381,200501LX50709,530490.0,172370.0,-0.124093,51.435254,1,3,2,1,06/06/2005,2,09:40,9,E09000022,5,0,Single carriageway,30,Giveway or uncontrolled,6,0,None within 50 metres,No physical crossing within 50 meters,Daylight: Street light present,Fine without high winds,Dry,None,None,1,Yes,E01003151,2005
10382,200501LX50710,530930.0,175100.0,-0.116757,51.459687,1,3,1,1,21/05/2005,7,13:47,9,E09000022,3,23,Single carriageway,30,Automatic traffic signal,3,23,None within 50 metres,Pedestrian phase at traffic signal junction,Daylight: Street light present,Fine without high winds,Wet/Damp,None,None,1,Yes,E01003020,2005
10383,200501LX50711,529740.0,176610.0,-0.133323,51.473531,1,3,1,1,23/06/2005,5,10:50,9,E09000022,3,3036,Single carriageway,30,Giveway or uncontrolled,5,0,None within 50 metres,No physical crossing within 50 meters,Daylight: Street light present,Fine without high winds,Dry,None,None,1,Yes,E01003089,2005
10384,200501LX50712,530710.0,176700.0,-0.119331,51.474116,1,3,2,1,07/06/2005,3,10:25,9,E09000022,6,0,Single carriageway,30,None,-1,0,None within 50 metres,No physical crossing within 50 meters,Daylight: Street light present,Fine without high winds,Dry,None,None,1,Yes,E01003127,2005
10385,200501LX50713,529050.0,174760.0,-0.143927,51.457062,1,3,2,1,07/06/2005,3,14:14,9,E09000022,3,24,Single carriageway,30,Giveway or uncontrolled,6,0,None within 50 metres,No physical crossing within 50 meters,Daylight: Street light present,Fine without high winds,Dry,None,None,1,Yes,E01003026,2005
10386,200501LX50714,531860.0,172460.0,-0.104361,51.435746,1,3,2,1,07/06/2005,3,20:05,9,E09000022,3,215,Single carriageway,30,Giveway or uncontrolled,6,0,None within 50 metres,No physical crossing within 50 meters,Daylight: Street light present,Fine without high winds,Dry,None,None,1,Yes,E01003166,2005
10387,200501LX50715,529120.0,176070.0,-0.142442,51.468819,1,3,2,1,08/06/2005,4,20:20,9,E09000022,3,3036,Single carriageway,30,Giveway or uncontrolled,6,0,None within 50 metres,No physical crossing within 50 meters,Daylight: Street light present,Fine without high winds,Dry,None,None,1,Yes,E01003034,2005
10388,200501LX50716,531090.0,175660.0,-0.114248,51.464682,1,2,2,1,25/05/2005,4,09:42,9,E09000022,3,23,Single carriageway,30,Automatic traffic signal,5,0,None within 50 metres,Pedestrian phase at traffic signal junction,Daylight: Street light present,Fine without high winds,Dry,None,None,1,Yes,E01003061,2005
10389,200501LX50717,530510.0,171540.0,-0.124111,51.42779,1,3,2,1,30/05/2005,2,21:19,9,E09000022,5,0,Single carriageway,30,Giveway or uncontrolled,6,0,None within 50 metres,No physical crossing within 50 meters,Daylight: Street light present,Fine without high winds,Dry,None,None,1,Yes,E01003148,2005
10390,200501LX50718,530140.0,173650.0,-0.128655,51.446838,1,3,2,1,22/05/2005,1,00:15,9,E09000022,3,205,Single carriageway,30,Automatic traffic signal,5,0,None within 50 metres,Pedestrian phase at traffic signal junction,Darkness: Street lights present and lit,Fine without high winds,Wet/Damp,None,None,1,Yes,E01003136,2005
10391,200501LX50719,529670.0,170370.0,-0.136615,51.417468,1,3,2,1,22/05/2005,1,11:24,9,E09000022,6,0,Single carriageway,30,Automatic traffic signal,4,272,None within 50 metres,Pedestrian phase at traffic signal junction,Daylight: Street light present,Fine without high winds,Dry,None,None,1,Yes,E01003146,2005
10392,200501LX50721,531170.0,180220.0,-0.111404,51.505644,1,3,1,1,27/05/2005,6,23:18,9,E09000022,3,3200,Single carriageway,30,Giveway or uncontrolled,5,0,None within 50 metres,No physical crossing within 50 meters,Darkness: Street lights present and lit,Fine without high winds,Dry,None,None,1,Yes,E01003016,2005
10393,200501LX50723,531090.0,175300.0,-0.114381,51.461447,1,3,1,1,28/05/2005,7,11:00,9,E09000022,3,2217,Single carriageway,30,Giveway or uncontrolled,6,0,None within 50 metres,No physical crossing within 50 meters,Daylight: Street light present,Fine without high winds,Dry,None,None,1,Yes,E01003047,2005
10394,200501LX50724,530980.0,175260.0,-0.115979,51.461113,1,3,1,1,28/05/2005,7,15:20,9,E09000022,3,23,Single carriageway,30,Automatic traffic signal,3,2217,None within 50 metres,Pedestrian phase at traffic signal junction,Daylight: Street light present,Fine without high winds,Dry,None,None,1,Yes,E01003055,2005
10395,200501LX50725,530280.0,172660.0,-0.127006,51.437908,1,3,2,1,29/05/2005,1,11:43,9,E09000022,3,23,Single carriageway,30,Automatic traffic signal,5,0,None within 50 metres,Pedestrian phase at traffic signal junction,Daylight: Street light present,Fine without high winds,Dry,Auto traffic singal out,None,1,Yes,E01003153,2005
10396,200501LX50726,531270.0,173260.0,-0.112548,51.443072,1,3,2,1,29/05/2005,1,13:50,9,E09000022,6,0,Single carriageway,30,Giveway or uncontrolled,6,0,None within 50 metres,No physical crossing within 50 meters,Daylight: Street light present,Fine without high winds,Dry,None,None,1,Yes,E01003174,2005
10397,200501LX50727,529420.0,171230.0,-0.139894,51.425254,1,3,2,1,31/05/2005,3,20:06,10,E09000032,3,216,Single carriageway,30,Automatic traffic signal,6,0,None within 50 metres,Pedestrian phase at traffic signal junction,Daylight: Street light present,Fine without high winds,Dry,None,None,1,Yes,E01004517,2005
10398,200501LX50728,530220.0,170720.0,-0.128581,51.420488,1,3,2,3,31/05/2005,3,12:59,9,E09000022,3,23,Single carriageway,30,None,-1,0,None within 50 metres,No physical crossing within 50 meters,Daylight: Street light present,Fine without high winds,Dry,None,None,1,Yes,E01003144,2005
10399,200501LX50729,531410.0,179650.0,-0.10816,51.500465,1,3,2,1,31/05/2005,3,18:57,8,E09000028,3,301,Single carriageway,30,Giveway or uncontrolled,3,301,None within 50 metres,No physical crossing within 50 meters,Daylight: Street light present,Fine without high winds,Dry,None,None,1,Yes,E01003012,2005
10400,200501LX50730,530470.0,176730.0,-0.122773,51.474441,1,3,2,1,31/05/2005,3,08:29,9,E09000022,5,0,Single carriageway,30,Automatic traffic signal,3,203,None within 50 metres,Pedestrian phase at traffic signal junction,Daylight: Street light present,Fine without high winds,Dry,None,None,1,Yes,E01003126,2005
10401,200501LX50731,529520.0,175340.0,-0.136954,51.462168,1,3,2,1,08/06/2005,4,08:18,9,E09000022,3,3,Single carriageway,30,None,-1,0,None within 50 metres,No physical crossing within 50 meters,Daylight: Street light present,Fine without high winds,Dry,None,None,1,Yes,E01003041,2005
10402,200501LX50732,530360.0,177630.0,-0.124025,51.482555,1,3,2,1,08/06/2005,4,15:00,9,E09000022,3,203,Single carriageway,30,Automatic traffic signal,4,301,None within 50 metres,Pedestrian phase at traffic signal junction,Daylight: Street light present,Fine without high winds,Dry,None,None,1,Yes,E01003103,2005
10403,200501LX50733,530150.0,176010.0,-0.127643,51.468044,1,2,2,1,10/06/2005,6,17:08,9,E09000022,3,3,Single carriageway,30,Giveway or uncontrolled,6,0,None within 50 metres,No physical crossing within 50 meters,Daylight: Street light present,Fine without high winds,Dry,None,None,1,Yes,E01003090,2005
10404,200501LX50734,530930.0,180020.0,-0.114935,51.503902,1,3,1,1,15/06/2005,4,16:10,9,E09000022,3,3200,Dual carriageway,30,Automatic traffic signal,6,0,None within 50 metres,Pedestrian phase at traffic signal junction,Daylight: Street light present,Fine without high winds,Dry,None,None,1,Yes,E01003012,2005
10405,200501LX50735,530830.0,171390.0,-0.119566,51.426368,1,3,2,2,16/06/2005,5,17:50,9,E09000022,6,0,Single carriageway,30,None,-1,0,None within 50 metres,No physical crossing within 50 meters,Daylight: Street light present,Fine without high winds,Dry,None,None,1,Yes,E01003149,2005
10406,200501LX50736,531180.0,175960.0,-0.112842,51.467357,1,3,2,1,16/05/2005,2,09:50,9,E09000022,3,23,Single carriageway,30,Giveway or uncontrolled,6,0,None within 50 metres,No physical crossing within 50 meters,Daylight: Street light present,Fine with high winds,Dry,None,None,1,Yes,E01003060,2005
10407,200501LX50737,528920.0,176090.0,-0.145313,51.469045,1,3,2,1,18/06/2005,7,19:35,9,E09000022,4,224,Single carriageway,30,Giveway or uncontrolled,6,0,None within 50 metres,No physical crossing within 50 meters,Daylight: Street light present,Fine without high winds,Dry,None,None,1,Yes,E01003037,2005
10408,200501LX50738,530020.0,171690.0,-0.1311,51.429251,1,3,2,1,17/06/2005,6,11:24,9,E09000022,3,23,Single carriageway,30,Automatic traffic signal,3,216,None within 50 metres,No physical crossing within 50 meters,Daylight: Street light present,Fine without high winds,Dry,None,None,1,Yes,E01003119,2005
10409,200501LX50739,531120.0,175310.0,-0.113946,51.46153,1,3,1,1,18/06/2005,7,11:32,9,E09000022,3,2217,Single carriageway,30,None,-1,0,None within 50 metres,No physical crossing within 50 meters,Daylight: Street light present,Fine without high winds,Dry,None,None,1,Yes,E01003047,2005
10410,200501LX50740,530310.0,172760.0,-0.126538,51.4388,1,3,1,1,19/06/2005,1,18:50,9,E09000022,3,23,Single carriageway,30,None,-1,0,None within 50 metres,No physical crossing within 50 meters,Daylight: Street light present,Fine without high winds,Dry,None,None,1,Yes,E01003131,2005
10411,200501LX50741,529920.0,175780.0,-0.131037,51.46603,1,3,2,1,19/06/2005,1,16:32,9,E09000022,6,0,Single carriageway,30,None,-1,0,None within 50 metres,No physical crossing within 50 meters,Daylight: Street light present,Fine without high winds,Dry,None,None,1,Yes,E01003095,2005
10412,200501LX50742,530190.0,172140.0,-0.128491,51.433256,1,3,2,2,19/06/2005,1,05:10,9,E09000022,3,23,Dual carriageway,30,None,-1,0,None within 50 metres,No physical crossing within 50 meters,Daylight: Street light present,Fine without high winds,Dry,None,None,1,Yes,E01003118,2005
10413,200501LX50743,529690.0,176320.0,-0.134149,51.470936,1,3,2,1,20/06/2005,2,08:25,9,E09000022,5,0,Single carriageway,30,Giveway or uncontrolled,6,0,None within 50 metres,No physical crossing within 50 meters,Daylight: Street light present,Fine without high winds,Dry,None,None,1,Yes,E01003092,2005
10414,200501LX50744,531230.0,179670.0,-0.110745,51.500687,1,3,1,1,21/06/2005,3,13:42,9,E09000022,4,300,Single carriageway,30,None,-1,0,None within 50 metres,No physical crossing within 50 meters,Daylight: Street light present,Fine without high winds,Dry,None,None,1,Yes,E01003012,2005
10415,200501LX50745,530110.0,171820.0,-0.129759,51.430398,1,3,2,1,21/06/2005,3,10:49,9,E09000022,3,23,Single carriageway,30,Giveway or uncontrolled,3,23,None within 50 metres,non-junction pedestrian crossing,Daylight: Street light present,Fine without high winds,Dry,None,None,1,Yes,E01003118,2005
10416,200501LX50746,530610.0,176670.0,-0.120781,51.47387,1,3,1,1,21/06/2005,3,15:40,9,E09000022,3,3,Single carriageway,30,Giveway or uncontrolled,6,0,None within 50 metres,No physical crossing within 50 meters,Daylight: Street light present,Fine without high winds,Dry,None,None,1,Yes,E01003126,2005
10417,200501LX50747,530940.0,178120.0,-0.115495,51.486825,1,3,2,1,21/06/2005,3,15:50,9,E09000022,3,3204,Single carriageway,30,Giveway or uncontrolled,6,0,None within 50 metres,No physical crossing within 50 meters,Daylight: Street light present,Fine without high winds,Dry,None,None,1,Yes,E01003101,2005
10418,200501LX50748,532030.0,172900.0,-0.101753,51.43966,1,3,2,2,21/06/2005,3,17:18,9,E09000022,3,205,Single carriageway,30,Giveway or uncontrolled,6,0,None within 50 metres,Zebra crossing,Daylight: Street light present,Fine without high winds,Dry,None,None,1,Yes,E01003164,2005
10419,200501LX50749,528990.0,176130.0,-0.144291,51.469388,1,2,2,1,22/06/2005,4,15:40,9,E09000022,6,0,Single carriageway,30,None,-1,0,None within 50 metres,No physical crossing within 50 meters,Daylight: Street light present,Fine without high winds,Dry,None,None,1,Yes,E01003037,2005
10420,200501LX50750,531800.0,172590.0,-0.105176,51.436928,1,2,1,3,22/06/2005,4,10:02,9,E09000022,3,215,Single carriageway,30,Giveway or uncontrolled,6,0,None within 50 metres,No physical crossing within 50 meters,Daylight: Street light present,Fine without high winds,Dry,None,None,1,Yes,E01003166,2005
10421,200501LX50751,530130.0,171930.0,-0.129431,51.431382,1,2,3,1,22/06/2005,4,17:40,9,E09000022,3,23,Single carriageway,30,Giveway or uncontrolled,6,0,None within 50 metres,non-junction pedestrian crossing,Daylight: Street light present,Fine without high winds,Dry,None,None,1,Yes,E01003118,2005
10422,200501LX50752,530960.0,178120.0,-0.115207,51.48682,1,2,2,1,23/06/2005,5,11:35,9,E09000022,3,3204,Single carriageway,30,Giveway or uncontrolled,6,0,None within 50 metres,No physical crossing within 50 meters,Daylight: Street light present,Fine without high winds,Dry,None,None,1,Yes,E01003101,2005
10423,200501LX50753,530130.0,171900.0,-0.129442,51.431113,1,3,2,1,23/06/2005,5,16:35,9,E09000022,3,23,Single carriageway,30,None,-1,0,None within 50 metres,non-junction pedestrian crossing,Daylight: Street light present,Fine without high winds,Dry,None,None,1,Yes,E01003155,2005
10424,200501LX50754,530420.0,177040.0,-0.123379,51.477239,1,3,2,1,24/06/2005,6,13:10,9,E09000022,3,203,Dual carriageway,30,Automatic traffic signal,6,0,None within 50 metres,Pedestrian phase at traffic signal junction,Daylight: Street light present,Fine without high winds,Dry,None,None,1,Yes,E01003097,2005
10425,200501LX50755,531220.0,178310.0,-0.111394,51.488467,1,2,2,1,24/06/2005,6,23:40,9,E09000022,3,23,Single carriageway,30,Automatic traffic signal,3,3204,None within 50 metres,Pedestrian phase at traffic signal junction,Darkness: Street lights present and lit,Fine without high winds,Dry,None,None,1,Yes,E01003107,2005
10426,200501LX50756,530020.0,171370.0,-0.131218,51.426375,1,2,1,1,26/06/2005,1,06:18,9,E09000022,3,23,Dual carriageway,30,Giveway or uncontrolled,6,0,None within 50 metres,Pedestrian phase at traffic signal junction,Daylight: Street light present,Fine without high winds,Dry,None,None,1,Yes,E01003120,2005
10427,200501LX50757,531170.0,177570.0,-0.112388,51.481829,1,3,2,3,26/06/2005,1,19:20,9,E09000022,3,3,Single carriageway,30,Automatic traffic signal,3,202,None within 50 metres,No physical crossing within 50 meters,Daylight: Street light present,Fine without high winds,Dry,None,None,1,Yes,E01003100,2005
10428,200501LX50758,530020.0,171660.0,-0.131111,51.428981,1,3,1,1,27/06/2005,2,13:12,9,E09000022,3,23,Single carriageway,30,None,-1,0,None within 50 metres,non-junction pedestrian crossing,Daylight: Street light present,Fine without high winds,Dry,None,None,1,Yes,E01003119,2005
10429,200501LX50759,531820.0,171180.0,-0.105412,51.424252,1,3,1,1,29/06/2005,4,11:25,9,E09000022,6,0,Single carriageway,30,Giveway or uncontrolled,3,215,None within 50 metres,No physical crossing within 50 meters,Daylight: Street light present,Fine without high winds,Dry,None,None,1,Yes,E01003087,2005
10430,200501LX50760,528560.0,175760.0,-0.150613,51.466161,1,3,4,3,29/06/2005,4,07:51,9,E09000022,3,3216,Single carriageway,30,Automatic traffic signal,3,3036,None within 50 metres,Pedestrian phase at traffic signal junction,Daylight: Street light present,Fine without high winds,Dry,None,None,1,Yes,E01004591,2005
10431,200501LX50761,530730.0,176860.0,-0.118984,51.47555,1,3,2,1,01/07/2005,6,18:30,9,E09000022,3,3,Single carriageway,30,Giveway or uncontrolled,6,0,None within 50 metres,No physical crossing within 50 meters,Daylight: Street light present,Fine without high winds,Dry,None,None,1,Yes,E01003186,2005
10432,200501LX50762,530020.0,171620.0,-0.131126,51.428622,1,3,1,1,01/07/2005,6,19:54,9,E09000022,3,23,Single carriageway,30,None,-1,0,None within 50 metres,No physical crossing within 50 meters,Daylight: Street light present,Fine without high winds,Dry,None,None,1,Yes,E01003119,2005
10433,200501LX50763,530020.0,171030.0,-0.131342,51.423319,1,3,1,1,01/07/2005,6,20:15,9,E09000022,6,0,One way street,30,None,-1,0,None within 50 metres,No physical crossing within 50 meters,Daylight: Street light present,Fine without high winds,Dry,None,None,1,Yes,E01003114,2005
10434,200501LX50764,530580.0,177310.0,-0.120976,51.479628,1,3,1,1,01/07/2005,6,16:02,9,E09000022,6,0,Roundabout,30,Giveway or uncontrolled,6,0,None within 50 metres,No physical crossing within 50 meters,Daylight: Street light present,Fine without high winds,Dry,None,None,1,Yes,E01003129,2005
10435,200501LX50765,529750.0,171650.0,-0.134997,51.428953,1,3,1,1,01/07/2005,6,19:00,9,E09000022,5,0,Single carriageway,30,None,-1,0,None within 50 metres,No physical crossing within 50 meters,Darkness: Street lights present but unlit,Raining without high winds,Wet/Damp,None,None,1,Yes,E01003119,2005
10436,200501LX50767,530440.0,176910.0,-0.123139,51.476066,1,3,2,1,02/07/2005,7,15:36,9,E09000022,3,203,Single carriageway,30,None,-1,0,None within 50 metres,No physical crossing within 50 meters,Daylight: Street light present,Fine without high winds,Dry,None,None,1,Yes,E01003124,2005
10437,200501LX50768,531530.0,172470.0,-0.109102,51.435912,1,3,1,1,03/07/2005,1,19:30,9,E09000022,6,0,Single carriageway,30,None,-1,0,None within 50 metres,No physical crossing within 50 meters,Darkness: Street lights present but unlit,Fine without high winds,Dry,None,None,1,Yes,E01003079,2005
10438,200501LX50769,531140.0,177610.0,-0.112805,51.482195,1,3,2,1,03/07/2005,1,12:40,9,E09000022,3,202,Single carriageway,30,Giveway or uncontrolled,6,0,None within 50 metres,No physical crossing within 50 meters,Daylight: Street light present,Fine without high winds,Dry,None,None,1,Yes,E01003099,2005
10439,200501LX50770,531080.0,175610.0,-0.11441,51.464235,1,3,1,1,23/05/2005,2,17:04,9,E09000022,3,23,Single carriageway,30,None,-1,0,None within 50 metres,No physical crossing within 50 meters,Daylight: Street light present,Fine without high winds,Dry,None,None,1,Yes,E01003061,2005
10440,200501LX50771,530750.0,174570.0,-0.119542,51.454965,1,3,2,1,27/06/2005,2,14:00,9,E09000022,3,23,Single carriageway,30,Giveway or uncontrolled,6,0,None within 50 metres,No physical crossing within 50 meters,Daylight: Street light present,Fine without high winds,Dry,None,None,1,No,E01003018,2005
10441,200501LX50772,531240.0,179890.0,-0.110519,51.502662,1,2,3,1,03/07/2005,1,16:00,9,E09000022,3,301,Single carriageway,30,Giveway or uncontrolled,6,0,None within 50 metres,No physical crossing within 50 meters,Daylight: Street light present,Fine without high winds,Dry,None,None,1,Yes,E01003017,2005
10442,200501LX50774,530000.0,177100.0,-0.129401,51.477875,1,3,2,1,04/07/2005,2,19:45,9,E09000022,3,3036,Single carriageway,30,None,-1,0,None within 50 metres,Zebra crossing,Daylight: Street light present,Fine without high winds,Dry,None,None,1,Yes,E01003121,2005
10443,200501LX50775,529190.0,175710.0,-0.141566,51.465568,1,3,2,1,05/07/2005,3,16:30,9,E09000022,4,224,Single carriageway,30,Giveway or uncontrolled,5,0,None within 50 metres,Zebra crossing,Daylight: Street light present,Fine without high winds,Dry,None,None,1,Yes,E01003039,2005
10444,200501LX50776,530440.0,176910.0,-0.123139,51.476066,1,3,3,1,05/07/2005,3,02:16,9,E09000022,3,203,Single carriageway,30,None,-1,0,None within 50 metres,No physical crossing within 50 meters,Darkness: Street lights present and lit,Fine without high winds,Dry,None,None,1,Yes,E01003124,2005
10445,200501LX50777,530180.0,170840.0,-0.129112,51.421575,1,3,1,1,07/07/2005,5,16:14,9,E09000022,3,23,Single carriageway,30,Automatic traffic signal,4,272,None within 50 metres,Pedestrian phase at traffic signal junction,Daylight: Street light present,Fine without high winds,Dry,None,None,1,Yes,E01003145,2005
10446,200501LX50778,529220.0,175500.0,-0.141211,51.463674,1,3,2,1,08/07/2005,6,16:38,9,E09000022,4,224,Single carriageway,30,Giveway or uncontrolled,4,303,None within 50 metres,No physical crossing within 50 meters,Daylight: Street light present,Fine without high winds,Dry,None,None,1,Yes,E01003039,2005
10447,200501LX50779,531790.0,170980.0,-0.105918,51.422462,1,3,1,1,26/06/2005,1,13:22,9,E09000022,3,214,Single carriageway,30,Automatic traffic signal,3,215,None within 50 metres,Pedestrian phase at traffic signal junction,Daylight: Street light present,Fine without high winds,Dry,None,None,1,No,E01001084,2005
10448,200501LX50780,532050.0,171870.0,-0.101849,51.430399,1,3,2,1,14/06/2005,3,19:15,9,E09000022,3,215,One way street,30,None,-1,0,None within 50 metres,No physical crossing within 50 meters,Daylight: Street light present,Fine without high winds,Dry,None,None,1,No,E01003081,2005
10449,200501LX50783,530430.0,178460.0,-0.122711,51.489998,1,2,2,1,04/05/2005,4,08:29,9,E09000022,3,3036,Single carriageway,30,None,-1,0,None within 50 metres,No physical crossing within 50 meters,Daylight: Street light present,Fine without high winds,Dry,None,None,1,Yes,E01003109,2005
10450,200501LX50785,530030.0,171700.0,-0.130953,51.429338,1,3,2,1,25/06/2005,7,12:35,9,E09000022,3,23,Single carriageway,30,Giveway or uncontrolled,5,0,None within 50 metres,No physical crossing within 50 meters,Daylight: Street light present,Fine without high winds,Dry,None,None,1,No,E01003120,2005
10451,200501LX50787,531190.0,176290.0,-0.112576,51.470321,1,3,1,1,20/06/2005,2,15:51,9,E09000022,3,23,Single carriageway,30,Automatic traffic signal,3,23,None within 50 metres,Pedestrian phase at traffic signal junction,Daylight: Street light present,Fine without high winds,Dry,None,None,1,No,E01003059,2005
10452,200501LX50788,530300.0,176200.0,-0.125415,51.469717,1,3,2,1,21/06/2005,3,17:55,9,E09000022,3,3,Single carriageway,30,Giveway or uncontrolled,6,0,None within 50 metres,No physical crossing within 50 meters,Daylight: Street light present,Fine without high winds,Dry,None,None,1,No,E01003128,2005
10453,200501LX50790,531750.0,175910.0,-0.104659,51.466776,1,3,3,1,28/06/2005,3,09:15,9,E09000022,5,0,Single carriageway,30,Giveway or uncontrolled,6,0,None within 50 metres,No physical crossing within 50 meters,Daylight: Street light present,Fine without high winds,Dry,None,None,1,No,E01003048,2005
10454,200501LX50791,529800.0,175510.0,-0.132863,51.463631,1,3,1,1,24/06/2005,6,18:30,9,E09000022,3,3,Single carriageway,30,Giveway or uncontrolled,6,0,None within 50 metres,No physical crossing within 50 meters,Daylight: Street light present,Fine without high winds,Dry,None,None,1,No,E01003054,2005
10455,200501LX50792,530850.0,175190.0,-0.117875,51.460514,1,3,2,1,26/06/2005,1,12:18,9,E09000022,3,2217,Single carriageway,30,None,-1,0,None within 50 metres,No physical crossing within 50 meters,Daylight: Street light present,Fine without high winds,Dry,None,None,1,No,E01003020,2005
10456,200501LX50793,531090.0,175660.0,-0.114248,51.464682,1,3,2,1,01/07/2005,6,07:30,9,E09000022,3,203,Single carriageway,30,Automatic traffic signal,3,23,None within 50 metres,Pedestrian phase at traffic signal junction,Daylight: Street light present,Fine without high winds,Dry,None,None,1,No,E01003061,2005
10457,200501LX50794,530380.0,176310.0,-0.124224,51.470688,1,2,2,1,04/07/2005,2,13:00,9,E09000022,3,3,Single carriageway,30,Giveway or uncontrolled,6,0,None within 50 metres,non-junction pedestrian crossing,Daylight: Street light present,Fine without high winds,Dry,None,None,1,Yes,E01003128,2005
10458,200501LX50795,531220.0,175330.0,-0.1125,51.461687,1,2,1,2,18/06/2005,7,21:45,9,E09000022,3,2217,Single carriageway,30,None,-1,0,None within 50 metres,No physical crossing within 50 meters,Darkness: Street lights present and lit,Fine without high winds,Dry,None,None,1,Yes,E01003047,2005
10459,200501LX50797,529200.0,175690.0,-0.14143,51.465386,1,3,2,1,21/06/2005,3,09:30,9,E09000022,5,0,Roundabout,30,Giveway or uncontrolled,4,224,None within 50 metres,No physical crossing within 50 meters,Daylight: Street light present,Fine without high winds,Dry,None,None,1,Yes,E01003039,2005
10460,200501LX50798,530450.0,170240.0,-0.125452,51.416121,1,3,3,1,29/06/2005,4,22:55,9,E09000022,3,23,Single carriageway,30,None,-1,0,None within 50 metres,No physical crossing within 50 meters,Darkness: Street lights present and lit,Raining without high winds,Wet/Damp,None,None,1,Yes,E01003141,2005
10461,200501LX50799,528670.0,175310.0,-0.149194,51.462092,1,3,1,2,29/06/2005,4,08:45,9,E09000022,3,3216,Single carriageway,30,Giveway or uncontrolled,6,0,None within 50 metres,No physical crossing within 50 meters,Daylight: Street light present,Fine without high winds,Dry,None,None,1,Yes,E01003042,2005
10462,200501LX50800,529300.0,175130.0,-0.140196,51.460331,1,3,2,1,17/06/2005,6,13:30,9,E09000022,3,24,Single carriageway,30,Giveway or uncontrolled,6,0,None within 50 metres,No physical crossing within 50 meters,Daylight: Street light present,Fine without high winds,Dry,None,None,1,Yes,E01003032,2005
10463,200501LX50801,529120.0,174840.0,-0.142891,51.457765,1,3,2,1,21/06/2005,3,19:43,9,E09000022,3,24,Single carriageway,30,Giveway or uncontrolled,6,0,None within 50 metres,No physical crossing within 50 meters,Daylight: Street light present,Fine without high winds,Dry,None,None,1,Yes,E01003026,2005
10464,200501LX50802,530500.0,175080.0,-0.12295,51.459606,1,3,2,1,19/06/2005,1,16:30,9,E09000022,3,2217,Single carriageway,30,Giveway or uncontrolled,6,0,None within 50 metres,No physical crossing within 50 meters,Daylight: Street light present,Fine without high winds,Dry,None,None,1,Yes,E01003058,2005
10465,200501LX50803,529040.0,174720.0,-0.144086,51.456705,1,3,2,1,14/07/2005,5,20:15,9,E09000022,3,24,Single carriageway,30,Giveway or uncontrolled,6,0,None within 50 metres,No physical crossing within 50 meters,Daylight: Street light present,Fine without high winds,Dry,None,None,1,No,E01003026,2005
10466,200501LX50804,531100.0,175300.0,-0.114237,51.461445,1,3,2,1,10/07/2005,1,01:45,9,E09000022,3,2217,Single carriageway,30,Giveway or uncontrolled,6,0,None within 50 metres,No physical crossing within 50 meters,Darkness: Street lights present and lit,Fine without high winds,Dry,None,None,1,No,E01003047,2005
10467,200501LX50805,530080.0,174840.0,-0.129081,51.457546,1,3,2,2,07/07/2005,5,17:30,9,E09000022,4,221,Slip road,30,None,-1,0,None within 50 metres,No physical crossing within 50 meters,Daylight: Street light present,Fine without high winds,Dry,None,None,1,Yes,E01003029,2005
10468,200501LX50806,533330.0,171230.0,-0.083688,51.424348,1,3,3,1,08/07/2005,6,17:15,9,E09000022,5,0,Single carriageway,30,None,-1,0,None within 50 metres,No physical crossing within 50 meters,Daylight: Street light present,Fine without high winds,Dry,None,None,1,Yes,E01003070,2005
10469,200501LX50807,530220.0,176100.0,-0.126603,51.468837,1,3,1,1,01/07/2005,6,20:00,9,E09000022,3,3,Single carriageway,30,None,-1,0,None within 50 metres,Pedestrian phase at traffic signal junction,Daylight: Street light present,Fine without high winds,Wet/Damp,None,None,1,Yes,E01003090,2005
10470,200501LX50809,530320.0,177520.0,-0.124641,51.481576,1,3,3,1,07/07/2005,5,08:40,9,E09000022,3,203,Single carriageway,30,Giveway or uncontrolled,6,0,None within 50 metres,Zebra crossing,Daylight: Street light present,Fine without high winds,Dry,None,None,1,No,E01003103,2005
10471,200501LX50810,530330.0,170430.0,-0.127107,51.417856,1,3,2,1,17/07/2005,1,17:00,9,E09000022,3,23,Single carriageway,30,None,-1,0,None within 50 metres,No physical crossing within 50 meters,Daylight: Street light present,Fine without high winds,Dry,None,None,1,No,E01003147,2005
10472,200501LX50812,531220.0,176300.0,-0.11214,51.470404,1,3,2,1,07/07/2005,5,14:20,9,E09000022,6,0,Single carriageway,30,None,-1,0,None within 50 metres,No physical crossing within 50 meters,Daylight: Street light present,Raining without high winds,Wet/Damp,None,None,1,No,E01003045,2005
10473,200501LX50813,529180.0,175050.0,-0.141951,51.459639,1,3,2,1,19/07/2005,3,06:30,9,E09000022,6,0,Single carriageway,30,None,-1,0,None within 50 metres,No physical crossing within 50 meters,Daylight: Street light present,Fine without high winds,Dry,None,None,1,No,E01003026,2005
10474,200501LX50814,530540.0,174010.0,-0.12277,51.449981,1,3,2,1,21/07/2005,5,16:00,9,E09000022,3,23,Single carriageway,30,Giveway or uncontrolled,6,0,None within 50 metres,No physical crossing within 50 meters,Daylight: Street light present,Fine without high winds,Dry,None,None,1,No,E01003024,2005
10475,200501LX50818,530630.0,173070.0,-0.121822,51.441513,1,2,3,1,09/07/2005,7,22:55,9,E09000022,6,0,Single carriageway,30,Giveway or uncontrolled,6,0,None within 50 metres,No physical crossing within 50 meters,Darkness: Street lights present and lit,Fine without high winds,Dry,None,None,1,Yes,E01003130,2005
10476,200501LX50819,531190.0,178410.0,-0.111789,51.489373,1,3,1,1,01/08/2005,2,22:50,9,E09000022,6,0,Single carriageway,30,None,-1,0,None within 50 metres,No physical crossing within 50 meters,Darkness: Street lights present and lit,Fine without high winds,Dry,None,None,1,Yes,E01003106,2005
10477,200501LX50820,532780.0,171030.0,-0.091669,51.42268,1,2,2,1,28/07/2005,5,07:48,9,E09000022,6,0,Single carriageway,30,Giveway or uncontrolled,6,0,None within 50 metres,No physical crossing within 50 meters,Daylight: Street light present,Fine without high winds,Dry,None,None,1,Yes,E01003069,2005
10478,200501LX50826,529590.0,175380.0,-0.135932,51.462511,1,3,1,1,19/07/2005,3,16:00,9,E09000022,3,3,Single carriageway,30,None,-1,0,None within 50 metres,No physical crossing within 50 meters,Daylight: Street light present,Fine without high winds,Dry,None,None,1,No,E01003035,2005
10479,200501LX50827,530130.0,171940.0,-0.129427,51.431472,1,3,2,1,04/07/2005,2,16:10,9,E09000022,3,23,Single carriageway,30,Giveway or uncontrolled,6,0,None within 50 metres,No physical crossing within 50 meters,Daylight: Street light present,Fine without high winds,Dry,None,None,1,No,E01003118,2005
10480,200501LX50828,531180.0,179970.0,-0.111353,51.503395,1,3,2,1,03/06/2005,6,13:40,9,E09000022,3,301,Single carriageway,30,Automatic traffic signal,6,0,None within 50 metres,Pedestrian phase at traffic signal junction,Daylight: Street light present,Fine without high winds,Dry,None,None,1,Yes,E01003017,2005
10481,200501LX50829,531790.0,177190.0,-0.103607,51.47827,1,3,2,1,11/07/2005,2,00:16,9,E09000022,3,202,Single carriageway,30,Automatic traffic signal,5,0,None within 50 metres,Pedestrian phase at traffic signal junction,Darkness: Street lights present and lit,Fine without high winds,Dry,None,None,1,Yes,E01003183,2005
10482,200501LX50830,531200.0,179610.0,-0.111199,51.500155,1,2,2,2,11/07/2005,2,19:44,9,E09000022,4,300,Single carriageway,30,Giveway or uncontrolled,6,0,None within 50 metres,No physical crossing within 50 meters,Daylight: Street light present,Fine without high winds,Dry,None,None,1,Yes,E01003012,2005
10483,200501LX50833,529960.0,175630.0,-0.130517,51.464673,1,3,2,1,14/07/2005,5,06:43,9,E09000022,3,3,Single carriageway,30,Giveway or uncontrolled,6,0,None within 50 metres,No physical crossing within 50 meters,Darkness: Street lights present and lit,Fine without high winds,Dry,None,None,1,Yes,E01003090,2005
10484,200501LX50834,531170.0,176550.0,-0.112767,51.472662,1,3,2,1,28/05/2005,7,19:45,9,E09000022,3,23,Single carriageway,30,None,-1,0,None within 50 metres,No physical crossing within 50 meters,Darkness: Street lights present and lit,Fine without high winds,Dry,None,None,1,No,E01003186,2005
10485,200501LX50835,531160.0,176690.0,-0.112859,51.473923,1,3,1,1,25/07/2005,2,10:05,9,E09000022,3,23,Single carriageway,30,Giveway or uncontrolled,6,0,None within 50 metres,Zebra crossing,Daylight: Street light present,Fine without high winds,Dry,None,None,1,No,E01003185,2005
10486,200501LX50838,529390.0,176280.0,-0.13848,51.470645,1,2,2,1,15/07/2005,6,07:20,9,E09000022,3,3036,Single carriageway,30,Giveway or uncontrolled,6,0,None within 50 metres,No physical crossing within 50 meters,Daylight: Street light present,Fine without high winds,Dry,None,None,1,Yes,E01003091,2005
10487,200501LX50839,529660.0,176370.0,-0.134562,51.471392,1,3,2,1,29/07/2005,6,17:45,9,E09000022,5,0,Single carriageway,30,Giveway or uncontrolled,6,0,None within 50 metres,No physical crossing within 50 meters,Daylight: Street light present,Fine without high winds,Dry,None,None,1,Yes,E01003089,2005
10488,200501LX50840,530420.0,177030.0,-0.123382,51.477149,1,3,2,2,13/07/2005,4,23:17,9,E09000022,3,203,Single carriageway,30,Automatic traffic signal,6,0,None within 50 metres,Pedestrian phase at traffic signal junction,Darkness: Street lights present and lit,Fine without high winds,Dry,None,None,1,Yes,E01003124,2005
10489,200501LX50841,531640.0,178370.0,-0.105326,51.488909,1,3,3,1,22/07/2005,6,21:08,8,E09000028,3,3,Single carriageway,30,Giveway or uncontrolled,6,0,None within 50 metres,No physical crossing within 50 meters,Daylight: Street light present,Fine without high winds,Dry,None,None,1,Yes,E01003108,2005
10490,200501LX50842,530320.0,176220.0,-0.12512,51.469893,1,3,1,1,27/07/2005,4,07:15,9,E09000022,3,3,Single carriageway,30,None,-1,0,None within 50 metres,No physical crossing within 50 meters,Daylight: Street light present,Raining without high winds,Wet/Damp,None,None,1,Yes,E01003128,2005
10491,200501LX50843,529960.0,172840.0,-0.131541,51.4396,1,3,2,2,23/07/2005,7,17:15,9,E09000022,4,221,Single carriageway,30,Giveway or uncontrolled,6,0,None within 50 metres,No physical crossing within 50 meters,Daylight: Street light present,Fine without high winds,Dry,None,None,1,Yes,E01003138,2005
10492,200501LX50844,530290.0,176690.0,-0.125379,51.474123,1,2,2,1,23/07/2005,7,21:00,9,E09000022,6,0,Single carriageway,30,None,-1,0,None within 50 metres,No physical crossing within 50 meters,Darkness: Street lights present and lit,Fine without high winds,Dry,None,None,1,Yes,E01003124,2005
10493,200501LX50845,530180.0,172080.0,-0.128657,51.432719,1,3,1,1,26/07/2005,3,13:55,9,E09000022,3,23,Single carriageway,30,Giveway or uncontrolled,6,0,None within 50 metres,No physical crossing within 50 meters,Daylight: Street light present,Fine without high winds,Dry,None,None,1,Yes,E01003153,2005
10494,200501LX50847,531160.0,179990.0,-0.111634,51.503579,1,3,1,1,25/07/2005,2,09:34,9,E09000022,3,301,Single carriageway,30,Giveway or uncontrolled,6,0,None within 50 metres,non-junction pedestrian crossing,Daylight: Street light present,Raining without high winds,Wet/Damp,None,None,1,Yes,E01003012,2005
10495,200501LX50848,531490.0,178120.0,-0.107578,51.486697,1,3,2,2,24/07/2005,1,14:13,9,E09000022,3,3,Single carriageway,30,None,-1,0,None within 50 metres,No physical crossing within 50 meters,Daylight: Street light present,Raining without high winds,Wet/Damp,None,None,1,Yes,E01003106,2005
10496,200501LX50849,531240.0,178880.0,-0.110894,51.493585,1,2,2,1,25/07/2005,2,19:00,9,E09000022,3,23,Single carriageway,30,Giveway or uncontrolled,6,0,None within 50 metres,No physical crossing within 50 meters,Daylight: Street light present,Fine without high winds,Dry,None,None,1,Yes,E01003015,2005
10497,200501LX50850,529830.0,175530.0,-0.132424,51.463804,1,3,2,1,19/07/2005,3,09:05,9,E09000022,3,3,Single carriageway,30,Giveway or uncontrolled,6,0,None within 50 metres,No physical crossing within 50 meters,Daylight: Street light present,Fine without high winds,Dry,None,None,1,Yes,E01003054,2005
10498,200501LX50851,531310.0,177840.0,-0.110273,51.484223,1,3,1,1,17/07/2005,1,13:20,9,E09000022,3,3,Single carriageway,30,Automatic traffic signal,3,23,None within 50 metres,Pedestrian phase at traffic signal junction,Daylight: Street light present,Fine without high winds,Dry,None,None,1,Yes,E01003099,2005
10499,200501LX50852,531530.0,178190.0,-0.106976,51.487317,1,3,2,1,20/07/2005,4,11:28,9,E09000022,3,3,Single carriageway,30,None,-1,0,None within 50 metres,No physical crossing within 50 meters,Daylight: Street light present,Fine without high winds,Dry,None,None,1,Yes,E01003106,2005
10500,200501LX50853,532310.0,171220.0,-0.098354,51.424497,1,3,2,1,18/07/2005,2,18:00,9,E09000022,4,232,Single carriageway,30,None,-1,0,None within 50 metres,No physical crossing within 50 meters,Daylight: Street light present,Fine without high winds,Dry,None,None,1,Yes,E01003086,2005
10501,200501LX50854,531450.0,178460.0,-0.108027,51.489762,1,2,2,1,18/07/2005,2,15:21,9,E09000022,3,3204,Single carriageway,30,Giveway or uncontrolled,6,0,None within 50 metres,No physical crossing within 50 meters,Daylight: Street light present,Fine without high winds,Dry,None,None,1,Yes,E01003106,2005
10502,200501LX50855,529860.0,173210.0,-0.132843,51.442948,1,3,2,1,17/07/2005,1,09:25,9,E09000022,4,221,Single carriageway,30,Automatic traffic signal,5,0,None within 50 metres,Pedestrian phase at traffic signal junction,Daylight: Street light present,Fine without high winds,Dry,None,None,1,Yes,E01003138,2005
10503,200501LX50857,529610.0,176680.0,-0.135168,51.47419,1,3,1,1,17/07/2005,1,23:00,9,E09000022,5,0,Single carriageway,30,None,-1,0,None within 50 metres,No physical crossing within 50 meters,Darkness: Street lights present and lit,Fine without high winds,Dry,None,None,1,Yes,E01004562,2005
10504,200501LX50858,531280.0,177480.0,-0.110839,51.480994,1,3,1,1,14/07/2005,5,15:42,9,E09000022,3,23,Single carriageway,30,Automatic traffic signal,3,202,None within 50 metres,Pedestrian phase at traffic signal junction,Daylight: Street light present,Fine without high winds,Dry,None,None,1,Yes,E01003100,2005
10505,200501LX50859,529320.0,175140.0,-0.139904,51.460416,1,3,1,1,18/07/2005,2,08:00,9,E09000022,3,24,Single carriageway,30,Giveway or uncontrolled,6,0,None within 50 metres,No physical crossing within 50 meters,Daylight: Street light present,Fine without high winds,Dry,None,None,1,Yes,E01003032,2005
10506,200501LX50860,531120.0,178150.0,-0.112893,51.487052,1,3,2,1,14/07/2005,5,21:30,9,E09000022,3,3204,Single carriageway,30,Giveway or uncontrolled,6,0,None within 50 metres,Zebra crossing,Darkness: Street lights present and lit,Fine without high winds,Dry,None,None,1,Yes,E01003101,2005
10507,200501LX50862,530760.0,174610.0,-0.119384,51.455322,1,3,2,1,31/07/2005,1,13:30,9,E09000022,3,23,Single carriageway,30,Giveway or uncontrolled,6,0,None within 50 metres,No physical crossing within 50 meters,Daylight: Street light present,Fine without high winds,Dry,None,None,1,No,E01003018,2005
10508,200501LX50863,530360.0,178040.0,-0.123873,51.48624,1,3,2,1,15/07/2005,6,06:45,9,E09000022,3,3036,Single carriageway,30,Automatic traffic signal,3,203,None within 50 metres,Pedestrian phase at traffic signal junction,Daylight: Street light present,Fine without high winds,Dry,None,None,1,Yes,E01003103,2005
10509,200501LX50864,531770.0,172660.0,-0.105581,51.437564,1,3,1,1,16/07/2005,7,11:15,9,E09000022,3,215,Single carriageway,30,Giveway or uncontrolled,6,0,None within 50 metres,No physical crossing within 50 meters,Daylight: Street light present,Fine without high winds,Dry,None,None,1,Yes,E01003166,2005
10510,200501LX50865,531290.0,177490.0,-0.110691,51.481082,1,3,1,1,24/04/2005,1,16:45,9,E09000022,3,23,Single carriageway,30,Automatic traffic signal,3,202,None within 50 metres,Pedestrian phase at traffic signal junction,Daylight: Street light present,Fine without high winds,Dry,None,None,1,Yes,E01003183,2005
10511,200501LX50866,530200.0,172350.0,-0.12827,51.435141,1,3,1,1,11/06/2005,7,02:10,9,E09000022,3,23,Dual carriageway,30,Giveway or uncontrolled,5,0,None within 50 metres,No physical crossing within 50 meters,Darkness: Street lights present and lit,Fine without high winds,Dry,None,None,1,Yes,E01003117,2005
10512,200501LX50867,529860.0,173210.0,-0.132843,51.442948,1,3,2,1,17/07/2005,1,10:28,9,E09000022,4,221,Single carriageway,30,Automatic traffic signal,5,0,None within 50 metres,Pedestrian phase at traffic signal junction,Daylight: Street light present,Fine without high winds,Dry,None,None,1,Yes,E01003138,2005
10513,200501LX50868,530670.0,178060.0,-0.119404,51.486348,1,3,2,1,20/07/2005,4,18:00,9,E09000022,3,3204,Single carriageway,30,Automatic traffic signal,3,3204,None within 50 metres,Pedestrian phase at traffic signal junction,Daylight: Street light present,Fine without high winds,Dry,None,None,1,Yes,E01003102,2005
10514,200501LX50869,531180.0,171070.0,-0.114653,51.423412,1,3,3,2,21/07/2005,5,07:05,9,E09000022,3,214,Slip road,30,Automatic traffic signal,5,0,None within 50 metres,No physical crossing within 50 meters,Daylight: Street light present,Fine without high winds,Dry,None,None,1,Yes,E01003144,2005
10515,200501LX50870,531110.0,177710.0,-0.1132,51.483101,1,3,1,1,24/07/2005,1,15:32,9,E09000022,6,0,Single carriageway,30,None,-1,0,None within 50 metres,No physical crossing within 50 meters,Daylight: Street light present,Fine without high winds,Wet/Damp,None,None,1,Yes,E01003101,2005
10516,200501LX50871,531550.0,178540.0,-0.106558,51.490458,1,3,1,1,20/07/2005,4,23:55,9,E09000022,3,3204,Single carriageway,30,None,-1,0,None within 50 metres,No physical crossing within 50 meters,Darkness: Street lights present and lit,Fine without high winds,Dry,None,None,1,Yes,E01003108,2005
10517,200501LX50872,530820.0,179830.0,-0.116589,51.50222,1,3,1,1,06/07/2005,4,13:10,9,E09000022,3,3200,Single carriageway,30,Giveway or uncontrolled,6,0,None within 50 metres,Pedestrian phase at traffic signal junction,Daylight: Street light present,Fine without high winds,Dry,None,None,1,Yes,E01003013,2005
10518,200501LX50873,532640.0,173060.0,-0.092922,51.440956,1,2,2,1,26/06/2005,1,15:04,9,E09000022,3,2199,Dual carriageway,30,Automatic traffic signal,3,205,None within 50 metres,No physical crossing within 50 meters,Daylight: Street light present,Fine without high winds,Dry,None,None,1,Yes,E01003165,2005
10519,200501LX50874,530240.0,176130.0,-0.126304,51.469102,1,3,2,1,25/07/2005,2,08:50,9,E09000022,3,3,Single carriageway,30,Giveway or uncontrolled,6,0,None within 50 metres,No physical crossing within 50 meters,Daylight: Street light present,Fine without high winds,Dry,None,None,1,Yes,E01003094,2005
10520,200501LX50875,531050.0,175500.0,-0.114883,51.463254,1,3,2,1,28/07/2005,5,13:00,9,E09000022,3,23,Single carriageway,30,Automatic traffic signal,4,223,None within 50 metres,Pedestrian phase at traffic signal junction,Daylight: Street light present,Fine without high winds,Dry,None,None,1,Yes,E01003055,2005
10521,200501LX50877,531200.0,177210.0,-0.11209,51.478586,1,3,2,1,25/07/2005,2,07:10,9,E09000022,3,23,Single carriageway,30,Giveway or uncontrolled,6,0,None within 50 metres,No physical crossing within 50 meters,Daylight: Street light present,Fine without high winds,Wet/Damp,None,None,1,Yes,E01003100,2005
10522,200501LX50878,530890.0,175820.0,-0.117066,51.466166,1,3,1,1,20/07/2005,4,18:19,9,E09000022,6,0,Single carriageway,30,Giveway or uncontrolled,3,203,None within 50 metres,No physical crossing within 50 meters,Daylight: Street light present,Fine without high winds,Dry,None,None,1,Yes,E01003061,2005
10523,200501LX50879,529050.0,174700.0,-0.143949,51.456523,1,3,2,1,07/07/2005,5,16:28,9,E09000022,3,24,Single carriageway,30,Giveway or uncontrolled,6,0,None within 50 metres,No physical crossing within 50 meters,Daylight: Street light present,Fine without high winds,Dry,None,None,1,Yes,E01003026,2005
10524,200501LX50883,530450.0,178570.0,-0.122382,51.490982,1,3,2,2,21/07/2005,5,20:51,9,E09000022,3,3036,Single carriageway,30,None,-1,0,None within 50 metres,No physical crossing within 50 meters,Daylight: Street light present,Fine without high winds,Dry,None,None,1,Yes,E01003109,2005
10525,200501LX50884,530850.0,175900.0,-0.117612,51.466895,1,3,1,1,30/07/2005,7,00:30,9,E09000022,3,203,Single carriageway,30,Authorised person,6,0,None within 50 metres,non-junction pedestrian crossing,Darkness: Street lights present and lit,Fine without high winds,Dry,None,None,1,Yes,E01003053,2005
10526,200501LX50886,530800.0,179020.0,-0.117177,51.494945,1,3,1,1,15/07/2005,6,12:14,9,E09000022,3,3203,Single carriageway,30,Giveway or uncontrolled,6,0,None within 50 metres,No physical crossing within 50 meters,Daylight: Street light present,Fine without high winds,Dry,None,None,1,Yes,E01003013,2005
10527,200501LX50887,531070.0,175570.0,-0.114569,51.463878,1,3,1,1,16/07/2005,7,13:07,9,E09000022,3,23,Single carriageway,30,Giveway or uncontrolled,6,0,None within 50 metres,non-junction pedestrian crossing,Daylight: Street light present,Fine without high winds,Dry,None,None,1,Yes,E01003061,2005
10528,200501LX50890,531200.0,175270.0,-0.11281,51.461152,1,3,2,1,03/06/2005,6,14:40,9,E09000022,6,0,Single carriageway,30,None,-1,0,None within 50 metres,No physical crossing within 50 meters,Daylight: Street light present,Fine without high winds,Dry,None,None,1,No,E01003050,2005
10529,200501LX50891,532020.0,176280.0,-0.100636,51.470038,1,3,2,1,15/07/2005,6,13:40,9,E09000022,6,0,Single carriageway,30,None,-1,0,None within 50 metres,No physical crossing within 50 meters,Daylight: Street light present,Fine without high winds,Dry,None,None,1,Yes,E01003075,2005
10530,200501LX50892,531100.0,175300.0,-0.114237,51.461445,1,3,1,1,11/06/2005,7,11:17,9,E09000022,3,2217,Single carriageway,30,Giveway or uncontrolled,6,0,None within 50 metres,No physical crossing within 50 meters,Daylight: Street light present,Fine without high winds,Dry,None,None,1,Yes,E01003047,2005
10531,200501LX50894,530730.0,171440.0,-0.120985,51.426841,1,3,2,1,24/07/2005,1,18:30,9,E09000022,5,0,Roundabout,30,Giveway or uncontrolled,5,0,None within 50 metres,No physical crossing within 50 meters,Daylight: Street light present,Fine without high winds,Dry,None,None,1,Yes,E01003149,2005
10532,200501LX50897,531850.0,175690.0,-0.103302,51.464775,1,3,2,1,05/06/2005,1,14:38,9,E09000022,3,2217,Single carriageway,30,None,-1,0,None within 50 metres,No physical crossing within 50 meters,Daylight: Street light present,Fine without high winds,Dry,None,None,1,Yes,E01003049,2005
10533,200501LX50898,531670.0,173040.0,-0.106878,51.441002,1,3,2,1,14/06/2005,3,13:10,9,E09000022,3,205,Single carriageway,30,None,-1,0,None within 50 metres,Pedestrian phase at traffic signal junction,Daylight: Street light present,Fine without high winds,Dry,None,None,1,Yes,E01003164,2005
10534,200501LX50899,530610.0,174190.0,-0.121696,51.451582,1,3,4,1,18/06/2005,7,18:03,9,E09000022,3,23,Single carriageway,30,Automatic traffic signal,3,23,None within 50 metres,Pedestrian phase at traffic signal junction,Daylight: Street light present,Fine without high winds,Dry,None,None,1,Yes,E01003024,2005
10535,200501LX50900,530430.0,178490.0,-0.1227,51.490267,1,3,1,1,27/07/2005,4,16:45,9,E09000022,3,3036,Single carriageway,30,None,-1,0,None within 50 metres,No physical crossing within 50 meters,Daylight: Street light present,Raining without high winds,Wet/Damp,None,None,1,Yes,E01003109,2005
10536,200501LX50901,530020.0,171580.0,-0.131141,51.428262,1,2,1,2,26/07/2005,3,17:45,9,E09000022,3,23,Single carriageway,30,None,-1,0,None within 50 metres,No physical crossing within 50 meters,Daylight: Street light present,Fine without high winds,Dry,None,None,1,Yes,E01003119,2005
10537,200501LX50903,529380.0,174530.0,-0.139264,51.45492,1,3,2,1,09/06/2005,5,20:25,9,E09000022,5,0,Single carriageway,30,Giveway or uncontrolled,6,0,None within 50 metres,No physical crossing within 50 meters,Daylight: Street light present,Fine without high winds,Dry,None,None,1,Yes,E01003026,2005
10538,200501LX50904,530630.0,174250.0,-0.121387,51.452117,1,3,2,1,07/06/2005,3,10:55,9,E09000022,3,23,Single carriageway,30,Giveway or uncontrolled,6,0,None within 50 metres,No physical crossing within 50 meters,Daylight: Street light present,Fine without high winds,Dry,None,None,1,Yes,E01003024,2005
10539,200501LX50905,531900.0,175430.0,-0.10268,51.462427,1,3,6,1,10/06/2005,6,15:05,9,E09000022,6,0,Single carriageway,30,None,-1,0,None within 50 metres,No physical crossing within 50 meters,Daylight: Street light present,Fine without high winds,Dry,None,None,1,Yes,E01003051,2005
10540,200501LX50907,530790.0,175170.0,-0.118745,51.460348,1,3,1,1,28/06/2005,3,21:30,9,E09000022,3,2217,Single carriageway,30,Giveway or uncontrolled,6,0,None within 50 metres,Zebra crossing,Darkness: Street lights present and lit,Raining without high winds,Wet/Damp,None,None,1,Yes,E01003055,2005
10541,200501LX50909,530130.0,170990.0,-0.129776,51.422935,1,3,2,2,31/07/2005,1,17:19,9,E09000022,3,23,Single carriageway,30,Automatic traffic signal,3,214,None within 50 metres,Pedestrian phase at traffic signal junction,Daylight: Street light present,Fine without high winds,Dry,None,None,1,Yes,E01003115,2005
10542,200501LX50910,529640.0,170340.0,-0.137057,51.417205,1,3,1,2,20/07/2005,4,16:05,9,E09000022,4,272,Single carriageway,30,Automatic traffic signal,6,0,None within 50 metres,Pedestrian phase at traffic signal junction,Daylight: Street light present,Fine without high winds,Dry,None,None,1,Yes,E01003146,2005
10543,200501LX50911,531170.0,176500.0,-0.112785,51.472213,1,3,1,1,19/05/2005,5,13:00,9,E09000022,3,23,Single carriageway,30,Giveway or uncontrolled,6,0,None within 50 metres,non-junction pedestrian crossing,Daylight: Street light present,Raining without high winds,Wet/Damp,None,None,1,No,E01003186,2005
10544,200501LX50912,531900.0,172280.0,-0.103853,51.434119,1,3,2,1,15/02/2005,3,09:16,9,E09000022,3,215,Single carriageway,30,Giveway or uncontrolled,6,0,None within 50 metres,non-junction pedestrian crossing,Daylight: Street light present,Fine without high winds,Dry,None,None,1,Yes,E01003166,2005
10545,200501LX50914,530020.0,171540.0,-0.131155,51.427903,1,3,1,1,11/01/2005,3,17:34,9,E09000022,3,23,Single carriageway,30,None,-1,0,None within 50 metres,Pedestrian phase at traffic signal junction,Darkness: Street lights present and lit,Raining without high winds,Wet/Damp,None,None,1,Yes,E01003120,2005
10546,200501LX50916,531550.0,176460.0,-0.107332,51.471765,1,3,2,2,03/07/2005,1,08:52,9,E09000022,5,0,Single carriageway,30,Giveway or uncontrolled,6,0,None within 50 metres,No physical crossing within 50 meters,Daylight: Street light present,Fine without high winds,Dry,None,None,1,Yes,E01003188,2005
10547,200501LX50917,529080.0,175210.0,-0.143331,51.4611,1,3,1,1,01/07/2005,6,10:27,9,E09000022,3,3,Single carriageway,30,Automatic traffic signal,6,0,None within 50 metres,Pedestrian phase at traffic signal junction,Daylight: Street light present,Fine without high winds,Dry,None,None,1,Yes,E01003026,2005
10548,200501LX50920,531160.0,176680.0,-0.112863,51.473833,1,3,2,1,12/07/2005,3,18:40,9,E09000022,3,23,Single carriageway,30,Giveway or uncontrolled,6,0,None within 50 metres,Zebra crossing,Daylight: Street light present,Fine without high winds,Dry,None,None,1,Yes,E01003185,2005
10549,200501LX50921,531170.0,175940.0,-0.112993,51.46718,1,3,2,1,15/07/2005,6,18:55,9,E09000022,6,0,Single carriageway,30,Giveway or uncontrolled,3,23,None within 50 metres,No physical crossing within 50 meters,Daylight: Street light present,Fine without high winds,Dry,None,None,1,Yes,E01003060,2005
10550,200501LX50922,529690.0,174880.0,-0.134677,51.457995,1,3,2,1,18/07/2005,2,07:50,9,E09000022,5,0,Single carriageway,30,None,-1,0,None within 50 metres,No physical crossing within 50 meters,Daylight: Street light present,Fine without high winds,Dry,None,None,1,Yes,E01003027,2005
10551,200501LX50923,531870.0,175780.0,-0.102981,51.46558,1,3,1,1,22/07/2005,6,09:01,9,E09000022,3,2217,Single carriageway,30,Automatic traffic signal,5,0,None within 50 metres,Pedestrian phase at traffic signal junction,Daylight: Street light present,Fine without high winds,Dry,None,None,1,Yes,E01003048,2005
10552,200501LX50924,529600.0,176430.0,-0.135403,51.471945,1,3,1,1,24/07/2005,1,14:26,9,E09000022,3,3036,Single carriageway,30,Automatic traffic signal,5,0,None within 50 metres,Pedestrian phase at traffic signal junction,Daylight: Street light present,Fine without high winds,Dry,None,None,1,Yes,E01003089,2005
10553,200501LX50925,530330.0,172830.0,-0.126224,51.439425,1,3,2,1,30/06/2005,5,07:42,9,E09000022,3,23,Dual carriageway,30,Giveway or uncontrolled,6,0,None within 50 metres,No physical crossing within 50 meters,Daylight: Street light present,Raining without high winds,Wet/Damp,None,None,1,No,E01003131,2005
10554,200501LX50926,530010.0,174260.0,-0.130301,51.45235,1,2,2,1,08/07/2005,6,06:55,9,E09000022,4,221,Single carriageway,30,Giveway or uncontrolled,6,0,None within 50 metres,No physical crossing within 50 meters,Daylight: Street light present,Fine without high winds,Wet/Damp,None,None,1,Yes,E01003159,2005
10555,200501LX50927,530070.0,175070.0,-0.12914,51.459615,1,3,2,1,30/07/2005,7,02:45,9,E09000022,3,2217,Single carriageway,30,Automatic traffic signal,4,221,None within 50 metres,Pedestrian phase at traffic signal junction,Darkness: Street lights present and lit,Fine without high winds,Dry,None,None,1,Yes,E01003019,2005
10556,200501LX50931,531190.0,179190.0,-0.111499,51.496383,1,2,2,1,04/05/2005,4,18:30,9,E09000022,3,23,Single carriageway,30,Automatic traffic signal,3,3203,None within 50 metres,Pedestrian phase at traffic signal junction,Daylight: Street light present,Fine without high winds,Dry,None,None,1,No,E01003933,2005
10557,200501LX50932,530330.0,170430.0,-0.127107,51.417856,1,3,2,1,30/07/2005,7,02:20,9,E09000022,3,23,Single carriageway,30,None,-1,0,None within 50 metres,No physical crossing within 50 meters,Darkness: Street lights present and lit,Fine without high winds,Dry,None,None,1,No,E01003147,2005
10558,200501LX50933,531010.0,175330.0,-0.115521,51.461735,1,3,2,1,22/07/2005,6,11:11,9,E09000022,3,23,Single carriageway,30,Automatic traffic signal,6,0,None within 50 metres,Pedestrian phase at traffic signal junction,Daylight: Street light present,Fine without high winds,Dry,None,None,1,Yes,E01003055,2005
10559,200501LX50934,531310.0,175250.0,-0.111235,51.460947,1,3,2,1,07/07/2005,5,15:58,9,E09000022,4,223,Single carriageway,30,Giveway or uncontrolled,6,0,None within 50 metres,No physical crossing within 50 meters,Daylight: Street light present,Fine without high winds,Wet/Damp,None,None,1,Yes,E01003052,2005
10560,200501LX50935,529410.0,171230.0,-0.140038,51.425256,1,3,2,1,04/07/2005,2,10:25,10,E09000032,3,216,Single carriageway,30,Automatic traffic signal,6,0,None within 50 metres,Pedestrian phase at traffic signal junction,Daylight: Street light present,Fine without high winds,Dry,None,None,1,Yes,E01004524,2005
10561,200501LX50936,529940.0,176970.0,-0.130312,51.47672,1,3,2,1,25/07/2005,2,11:14,9,E09000022,3,3036,Single carriageway,30,None,-1,0,None within 50 metres,No physical crossing within 50 meters,Daylight: Street light present,Fine without high winds,Dry,None,None,1,Yes,E01003122,2005
10562,200501LX50938,531180.0,176930.0,-0.112482,51.476075,1,3,2,1,02/08/2005,3,21:44,9,E09000022,3,23,Single carriageway,30,Giveway or uncontrolled,6,0,None within 50 metres,No physical crossing within 50 meters,Darkness: Street lights present and lit,Fine without high winds,Dry,None,None,1,Yes,E01003184,2005
10563,200501LX50939,531100.0,175690.0,-0.114093,51.46495,1,3,1,1,02/08/2005,3,16:48,9,E09000022,3,23,Single carriageway,30,Giveway or uncontrolled,5,0,None within 50 metres,No physical crossing within 50 meters,Daylight: Street light present,Fine without high winds,Dry,None,None,1,Yes,E01003061,2005
10564,200501LX50940,530290.0,172680.0,-0.126855,51.438086,1,3,2,2,04/08/2005,5,17:10,9,E09000022,3,23,Single carriageway,30,Automatic traffic signal,5,0,None within 50 metres,Pedestrian phase at traffic signal junction,Daylight: Street light present,Fine without high winds,Dry,None,None,1,Yes,E01003153,2005
10565,200501LX50941,530720.0,176860.0,-0.119128,51.475552,1,2,2,2,04/08/2005,5,07:50,9,E09000022,3,3,Single carriageway,30,Giveway or uncontrolled,6,0,None within 50 metres,No physical crossing within 50 meters,Daylight: Street light present,Fine without high winds,Dry,None,None,1,Yes,E01003125,2005
10566,200501LX50942,532480.0,173520.0,-0.09505,51.445127,1,3,2,1,04/08/2005,5,13:00,9,E09000022,3,2199,Single carriageway,30,None,-1,0,None within 50 metres,No physical crossing within 50 meters,Daylight: Street light present,Fine without high winds,Dry,None,None,1,Yes,E01004069,2005
10567,200501LX50943,531050.0,175490.0,-0.114886,51.463164,1,3,2,1,05/08/2005,6,14:00,9,E09000022,3,23,Single carriageway,30,Automatic traffic signal,4,223,None within 50 metres,Pedestrian phase at traffic signal junction,Daylight: Street light present,Raining without high winds,Wet/Damp,None,None,1,Yes,E01003055,2005
10568,200501LX50944,532240.0,173550.0,-0.098491,51.445453,1,3,4,1,05/08/2005,6,08:10,9,E09000022,6,0,Single carriageway,30,None,-1,0,None within 50 metres,No physical crossing within 50 meters,Daylight: Street light present,Raining without high winds,Wet/Damp,None,None,1,Yes,E01003170,2005
10569,200501LX50945,531790.0,170990.0,-0.105914,51.422551,1,3,2,1,10/04/2005,1,21:00,9,E09000022,3,214,Single carriageway,30,Automatic traffic signal,3,215,None within 50 metres,Pedestrian phase at traffic signal junction,Darkness: Street lights present and lit,Fine without high winds,Dry,None,None,1,No,E01001084,2005
10570,200501LX50946,531230.0,178590.0,-0.111146,51.490981,1,2,2,1,28/04/2005,5,07:34,9,E09000022,3,23,Single carriageway,30,Giveway or uncontrolled,6,0,None within 50 metres,No physical crossing within 50 meters,Daylight: Street light present,Fine without high winds,Dry,None,None,1,Yes,E01003111,2005
10571,200501LX50948,531230.0,178650.0,-0.111124,51.49152,1,2,2,1,28/04/2005,5,09:55,9,E09000022,3,23,Single carriageway,30,Giveway or uncontrolled,6,0,None within 50 metres,No physical crossing within 50 meters,Daylight: Street light present,Fine without high winds,Dry,None,None,1,No,E01003111,2005
10572,200501LX50949,529680.0,176120.0,-0.134366,51.469141,1,3,2,1,08/08/2005,2,14:15,9,E09000022,5,0,Single carriageway,30,Giveway or uncontrolled,6,0,None within 50 metres,No physical crossing within 50 meters,Daylight: Street light present,Fine without high winds,Dry,None,None,1,No,E01003091,2005
10573,200501LX50950,531880.0,171750.0,-0.104338,51.42936,1,3,1,2,31/07/2005,1,21:35,9,E09000022,3,215,Single carriageway,30,None,-1,0,None within 50 metres,Zebra crossing,Darkness: Street lights present and lit,Fine without high winds,Dry,None,None,1,Yes,E01003084,2005
10574,200501LX50951,530700.0,173050.0,-0.120823,51.441317,1,3,2,1,30/07/2005,7,17:40,9,E09000022,6,0,Single carriageway,30,None,-1,0,None within 50 metres,No physical crossing within 50 meters,Daylight: Street light present,Raining without high winds,Wet/Damp,None,None,1,Yes,E01003132,2005
10575,200501LX50952,531130.0,175800.0,-0.113621,51.465931,1,3,1,1,29/04/2005,6,08:45,9,E09000022,3,23,Single carriageway,30,Automatic traffic signal,3,203,None within 50 metres,Pedestrian phase at traffic signal junction,Daylight: Street light present,Fine without high winds,Dry,None,None,1,Yes,E01003061,2005
10576,200501LX50953,529200.0,175690.0,-0.14143,51.465386,1,3,2,1,11/08/2005,5,07:10,9,E09000022,4,224,Roundabout,30,Giveway or uncontrolled,4,224,None within 50 metres,No physical crossing within 50 meters,Daylight: Street light present,Fine without high winds,Dry,None,None,1,No,E01003039,2005
10577,200501LX50954,529120.0,174840.0,-0.142891,51.457765,1,3,2,1,08/08/2005,2,08:30,9,E09000022,3,24,Single carriageway,30,Giveway or uncontrolled,6,0,None within 50 metres,non-junction pedestrian crossing,Daylight: Street light present,Fine without high winds,Dry,None,None,1,No,E01003026,2005
10578,200501LX50955,529550.0,173930.0,-0.137038,51.449489,1,3,2,1,08/08/2005,2,18:20,9,E09000022,3,205,Single carriageway,30,Giveway or uncontrolled,5,0,None within 50 metres,No physical crossing within 50 meters,Daylight: Street light present,Fine without high winds,Dry,None,None,1,No,E01003160,2005
10579,200501LX50956,532640.0,173070.0,-0.092918,51.441046,1,3,2,1,07/08/2005,1,16:45,9,E09000022,3,2199,Single carriageway,30,Automatic traffic signal,3,205,None within 50 metres,Pedestrian phase at traffic signal junction,Daylight: Street light present,Fine without high winds,Dry,None,None,1,No,E01003170,2005
10580,200501LX50960,530280.0,175070.0,-0.126119,51.459567,1,3,2,1,16/08/2005,3,19:03,9,E09000022,3,2217,Single carriageway,30,Giveway or uncontrolled,6,0,None within 50 metres,No physical crossing within 50 meters,Daylight: Street light present,Fine without high winds,Dry,None,None,1,No,E01003019,2005
10581,200501LX50962,530240.0,178100.0,-0.125579,51.486806,1,3,2,1,15/08/2005,2,08:20,9,E09000022,3,202,Single carriageway,30,None,-1,0,None within 50 metres,No physical crossing within 50 meters,Daylight: Street light present,Fine without high winds,Dry,None,None,1,No,E01003103,2005
10582,200501LX50964,530810.0,179830.0,-0.116733,51.502222,1,3,3,1,16/08/2005,3,16:30,9,E09000022,3,3200,Single carriageway,30,Giveway or uncontrolled,6,0,None within 50 metres,No physical crossing within 50 meters,Daylight: Street light present,Fine without high winds,Dry,None,None,1,No,E01003013,2005
10583,200501LX50967,530260.0,172700.0,-0.127279,51.438273,1,3,2,1,20/08/2005,7,16:15,9,E09000022,4,221,Single carriageway,30,Automatic traffic signal,3,23,None within 50 metres,Pedestrian phase at traffic signal junction,Daylight: Street light present,Fine without high winds,Dry,None,None,1,No,E01003131,2005
10584,200501LX50968,533160.0,170650.0,-0.086349,51.419176,1,3,2,1,19/08/2005,6,19:04,20,E09000008,3,214,Single carriageway,30,Giveway or uncontrolled,6,0,None within 50 metres,No physical crossing within 50 meters,Daylight: Street light present,Snowing without high winds,Wet/Damp,None,None,1,No,E01001164,2005
10585,200501LX50970,530300.0,173950.0,-0.126244,51.449497,1,3,2,1,20/08/2005,7,10:30,9,E09000022,5,0,Single carriageway,30,None,-1,0,None within 50 metres,No physical crossing within 50 meters,Daylight: Street light present,Fine without high winds,Dry,None,None,1,No,E01003023,2005
10586,200501LX50971,530450.0,173460.0,-0.124267,51.445059,1,3,2,1,21/08/2005,1,20:40,9,E09000022,3,205,Single carriageway,30,Automatic traffic signal,3,23,None within 50 metres,Pedestrian phase at traffic signal junction,Daylight: Street light present,Fine without high winds,Dry,None,None,1,No,E01003025,2005
10587,200501LX50972,528810.0,174290.0,-0.147551,51.452893,1,3,2,1,25/07/2005,2,06:50,9,E09000022,3,24,Single carriageway,30,Giveway or uncontrolled,4,237,None within 50 metres,No physical crossing within 50 meters,Daylight: Street light present,Fine without high winds,Wet/Damp,None,None,1,No,E01004476,2005
10588,200501LX50973,531700.0,173020.0,-0.106454,51.440816,1,3,1,1,25/08/2005,5,21:00,9,E09000022,3,215,Single carriageway,30,Automatic traffic signal,3,205,None within 50 metres,Pedestrian phase at traffic signal junction,Darkness: Street lights present and lit,Fine without high winds,Dry,None,None,1,No,E01003164,2005
10589,200501LX50975,531840.0,172530.0,-0.104623,51.43638,1,3,1,1,17/08/2005,4,15:30,9,E09000022,3,215,Single carriageway,30,Automatic traffic signal,5,0,None within 50 metres,Pedestrian phase at traffic signal junction,Daylight: Street light present,Fine without high winds,Dry,None,None,1,Yes,E01003166,2005
10590,200501LX50977,530610.0,174200.0,-0.121693,51.451672,1,3,1,1,13/08/2005,7,15:10,9,E09000022,3,23,Single carriageway,30,Automatic traffic signal,3,23,None within 50 metres,Pedestrian phase at traffic signal junction,Daylight: Street light present,Raining without high winds,Wet/Damp,None,None,1,Yes,E01003024,2005
10591,200501LX50978,529880.0,175560.0,-0.131694,51.464062,1,3,1,1,03/08/2005,4,22:55,9,E09000022,3,3,Single carriageway,30,None,-1,0,None within 50 metres,No physical crossing within 50 meters,Darkness: Street lights present and lit,Fine without high winds,Dry,None,None,1,Yes,E01003054,2005
10592,200501LX50979,531480.0,174950.0,-0.108901,51.458211,1,3,1,1,23/08/2005,3,20:20,9,E09000022,4,223,Single carriageway,30,None,-1,0,None within 50 metres,No physical crossing within 50 meters,Darkness: Street lights present and lit,Fine without high winds,Dry,None,None,1,Yes,E01003043,2005
10593,200501LX50980,529200.0,175030.0,-0.141671,51.459455,1,3,1,1,13/08/2005,7,11:55,9,E09000022,3,24,Single carriageway,30,Giveway or uncontrolled,3,24,None within 50 metres,No physical crossing within 50 meters,Daylight: Street light present,Fine without high winds,Dry,None,None,1,Yes,E01003026,2005
10594,200501LX50981,532960.0,171850.0,-0.088774,51.430007,1,3,3,1,29/08/2005,2,00:40,8,E09000028,3,2199,Single carriageway,30,None,-1,0,None within 50 metres,No physical crossing within 50 meters,Darkness: Street lights present and lit,Fine without high winds,Dry,None,None,1,Yes,E01003067,2005
10595,200501LX50982,530890.0,174970.0,-0.117381,51.458528,1,3,2,1,25/08/2005,5,08:45,9,E09000022,3,23,Single carriageway,30,Giveway or uncontrolled,6,0,None within 50 metres,No physical crossing within 50 meters,Daylight: Street light present,Fine without high winds,Dry,None,None,1,Yes,E01003020,2005
10596,200501LX50984,529680.0,176120.0,-0.134366,51.469141,1,3,2,1,18/08/2005,5,16:59,9,E09000022,5,0,Single carriageway,30,Giveway or uncontrolled,6,0,None within 50 metres,No physical crossing within 50 meters,Daylight: Street light present,Fine without high winds,Dry,None,None,1,Yes,E01003091,2005
10597,200501LX50985,531280.0,175350.0,-0.111629,51.461852,1,3,1,1,21/07/2005,5,08:48,9,E09000022,3,2217,Single carriageway,30,Automatic traffic signal,4,223,None within 50 metres,Pedestrian phase at traffic signal junction,Daylight: Street light present,Fine without high winds,Dry,None,None,1,Yes,E01003052,2005
10598,200501LX50986,530710.0,176120.0,-0.119545,51.468904,1,3,2,1,23/08/2005,3,16:30,9,E09000022,3,203,Single carriageway,30,Automatic traffic signal,6,0,None within 50 metres,Pedestrian phase at traffic signal junction,Daylight: Street light present,Fine without high winds,Dry,None,None,1,Yes,E01003096,2005
10599,200501LX50987,530780.0,174640.0,-0.119085,51.455587,1,3,2,1,09/08/2005,3,08:40,9,E09000022,3,23,Single carriageway,30,Automatic traffic signal,5,0,None within 50 metres,Pedestrian phase at traffic signal junction,Daylight: Street light present,Fine without high winds,Dry,None,None,1,Yes,E01003018,2005
10600,200501LX50988,531900.0,172310.0,-0.103842,51.434388,1,3,2,1,16/08/2005,3,09:25,9,E09000022,3,215,Single carriageway,30,None,-1,0,None within 50 metres,No physical crossing within 50 meters,Daylight: Street light present,Fine without high winds,Dry,None,None,1,Yes,E01003166,2005
10601,200501LX50989,530290.0,178070.0,-0.12487,51.486525,1,3,2,1,17/08/2005,4,16:05,9,E09000022,3,202,Single carriageway,30,None,-1,0,None within 50 metres,Pedestrian phase at traffic signal junction,Daylight: Street light present,Fine without high winds,Dry,None,None,1,Yes,E01003103,2005
10602,200501LX50990,531170.0,176490.0,-0.112789,51.472123,1,3,2,1,30/08/2005,3,12:20,9,E09000022,3,23,Single carriageway,30,Giveway or uncontrolled,6,0,None within 50 metres,No physical crossing within 50 meters,Daylight: Street light present,Fine without high winds,Dry,None,None,1,Yes,E01003186,2005
10603,200501LX50991,531280.0,177780.0,-0.110727,51.48369,1,3,1,1,08/08/2005,2,20:48,9,E09000022,3,3,Single carriageway,30,None,-1,0,None within 50 metres,No physical crossing within 50 meters,Darkness: Street lights present and lit,Fine without high winds,Dry,None,None,1,Yes,E01003099,2005
10604,200501LX50993,530600.0,171200.0,-0.122942,51.424714,1,2,2,1,22/08/2005,2,08:25,9,E09000022,5,0,Single carriageway,30,Giveway or uncontrolled,6,0,None within 50 metres,No physical crossing within 50 meters,Daylight: Street light present,Raining without high winds,Wet/Damp,None,None,1,Yes,E01003150,2005
10605,200501LX50994,529360.0,175190.0,-0.13931,51.460856,1,3,1,1,07/08/2005,1,12:20,9,E09000022,3,24,Single carriageway,30,Automatic traffic signal,3,3,None within 50 metres,Pedestrian phase at traffic signal junction,Daylight: Street light present,Fine without high winds,Dry,None,None,1,Yes,E01003032,2005
10606,200501LX50995,531010.0,180290.0,-0.113682,51.50631,1,3,2,1,24/08/2005,4,07:35,9,E09000022,6,0,Single carriageway,30,Giveway or uncontrolled,6,0,None within 50 metres,No physical crossing within 50 meters,Daylight: Street light present,Fine without high winds,Dry,None,None,1,Yes,E01003016,2005
10607,200501LX50996,530130.0,171970.0,-0.129416,51.431742,1,3,2,1,19/08/2005,6,18:30,9,E09000022,3,23,Single carriageway,30,None,-1,0,None within 50 metres,No physical crossing within 50 meters,Daylight: Street light present,Fine without high winds,Wet/Damp,None,None,1,Yes,E01003118,2005
10608,200501LX50997,530180.0,170040.0,-0.129406,51.414386,1,3,2,1,24/08/2005,4,10:58,9,E09000022,5,0,Single carriageway,30,Giveway or uncontrolled,6,0,None within 50 metres,No physical crossing within 50 meters,Daylight: Street light present,Raining without high winds,Wet/Damp,None,None,1,Yes,E01003147,2005
10609,200501LX50998,531360.0,176400.0,-0.110088,51.47127,1,2,1,1,08/08/2005,2,20:02,9,E09000022,6,0,Single carriageway,30,None,-1,0,None within 50 metres,No physical crossing within 50 meters,Daylight: Street light present,Fine without high winds,Dry,None,None,1,Yes,E01003188,2005
10610,200501LX50999,531650.0,178600.0,-0.105096,51.490973,1,3,1,1,30/08/2005,3,17:20,9,E09000022,3,3204,Single carriageway,30,Giveway or uncontrolled,6,0,None within 50 metres,No physical crossing within 50 meters,Daylight: Street light present,Fine without high winds,Dry,None,None,1,Yes,E01003110,2005
10611,200501LX51000,530320.0,177510.0,-0.124645,51.481486,1,3,1,1,03/08/2005,4,07:16,9,E09000022,3,203,Single carriageway,30,Giveway or uncontrolled,6,0,None within 50 metres,Zebra crossing,Daylight: Street light present,Fine without high winds,Wet/Damp,None,None,1,Yes,E01003103,2005
10612,200501LX51001,530380.0,177650.0,-0.123729,51.48273,1,2,2,1,08/08/2005,2,15:40,9,E09000022,3,203,Single carriageway,30,None,-1,0,None within 50 metres,No physical crossing within 50 meters,Daylight: Street light present,Fine without high winds,Dry,None,None,1,Yes,E01003103,2005
10613,200501LX51002,530290.0,170520.0,-0.127648,51.418674,1,3,2,3,30/08/2005,3,15:50,9,E09000022,3,23,Single carriageway,30,Giveway or uncontrolled,6,0,None within 50 metres,No physical crossing within 50 meters,Daylight: Street light present,Fine without high winds,Dry,None,None,1,Yes,E01003145,2005
10614,200501LX51003,530180.0,177830.0,-0.126542,51.484394,1,3,2,1,27/08/2005,7,20:00,9,E09000022,3,3036,Single carriageway,30,Automatic traffic signal,3,3205,None within 50 metres,Pedestrian phase at traffic signal junction,Darkness: Street lights present and lit,Fine without high winds,Dry,None,None,1,Yes,E01004562,2005
10615,200501LX51004,530940.0,176560.0,-0.116073,51.472805,1,3,2,1,24/08/2005,4,15:12,9,E09000022,6,0,Single carriageway,30,None,-1,0,None within 50 metres,No physical crossing within 50 meters,Daylight: Street light present,Raining without high winds,Wet/Damp,None,None,1,Yes,E01003186,2005
10616,200501LX51006,531530.0,173130.0,-0.108857,51.441844,1,3,2,1,23/08/2005,3,20:30,9,E09000022,3,204,Single carriageway,30,None,-1,0,None within 50 metres,No physical crossing within 50 meters,Daylight: Street light present,Fine without high winds,Dry,None,None,1,Yes,E01003174,2005
10617,200501LX51007,532120.0,175840.0,-0.099362,51.466061,1,3,1,1,25/08/2005,5,16:07,9,E09000022,6,0,Single carriageway,30,Giveway or uncontrolled,6,0,None within 50 metres,No physical crossing within 50 meters,Daylight: Street light present,Fine without high winds,Dry,None,None,1,Yes,E01003077,2005
10618,200501LX51008,530970.0,175040.0,-0.116204,51.459138,1,3,2,1,06/09/2005,3,02:13,9,E09000022,3,23,Single carriageway,30,Giveway or uncontrolled,6,0,None within 50 metres,Pedestrian phase at traffic signal junction,Darkness: Street lights present and lit,Fine without high winds,Dry,None,None,1,No,E01003176,2005
10619,200501LX51009,531800.0,174370.0,-0.104513,51.452925,1,3,2,1,22/08/2005,2,12:23,9,E09000022,3,2214,Single carriageway,30,Giveway or uncontrolled,6,0,None within 50 metres,No physical crossing within 50 meters,Daylight: Street light present,Raining without high winds,Wet/Damp,None,None,1,Yes,E01003074,2005
10620,200501LX51010,531220.0,178390.0,-0.111364,51.489186,1,3,2,1,26/08/2005,6,08:15,9,E09000022,3,23,Single carriageway,30,Giveway or uncontrolled,6,0,None within 50 metres,Pedestrian phase at traffic signal junction,Daylight: Street light present,Fine without high winds,Dry,None,None,1,Yes,E01003106,2005
10621,200501LX51011,530300.0,170490.0,-0.127516,51.418402,1,3,2,1,30/08/2005,3,11:35,9,E09000022,3,23,Single carriageway,30,Giveway or uncontrolled,6,0,None within 50 metres,No physical crossing within 50 meters,Daylight: Street light present,Fine without high winds,Dry,None,None,1,Yes,E01003145,2005
10622,200501LX51012,531190.0,175320.0,-0.112935,51.461604,1,3,1,2,25/08/2005,5,08:51,9,E09000022,3,2217,Single carriageway,30,Giveway or uncontrolled,6,0,None within 50 metres,No physical crossing within 50 meters,Daylight: Street light present,Fine without high winds,Dry,None,None,1,Yes,E01003052,2005
10623,200501LX51014,531570.0,175480.0,-0.107409,51.462953,1,3,2,1,20/08/2005,7,20:05,9,E09000022,3,2217,Single carriageway,30,Automatic traffic signal,5,0,None within 50 metres,Pedestrian phase at traffic signal junction,Darkness: Street lights present and lit,Fine without high winds,Dry,None,None,1,Yes,E01003051,2005
10624,200501LX51015,531340.0,179610.0,-0.109183,51.500122,1,3,2,2,28/08/2005,1,13:24,9,E09000022,6,0,One way street,30,None,-1,0,None within 50 metres,No physical crossing within 50 meters,Daylight: Street light present,Fine without high winds,Dry,None,None,1,Yes,E01003012,2005
10625,200501LX51016,530030.0,171700.0,-0.130953,51.429338,1,3,2,3,30/08/2005,3,22:56,9,E09000022,3,23,Single carriageway,30,Automatic traffic signal,5,0,None within 50 metres,Pedestrian phase at traffic signal junction,Darkness: Street lights present and lit,Fine without high winds,Dry,None,None,1,Yes,E01003120,2005
10626,200501LX51017,531360.0,173400.0,-0.111202,51.44431,1,3,2,1,17/08/2005,4,17:02,9,E09000022,3,204,Single carriageway,30,None,-1,0,None within 50 metres,No physical crossing within 50 meters,Daylight: Street light present,Fine without high winds,Dry,None,None,1,Yes,E01003174,2005
10627,200501LX51018,531190.0,176290.0,-0.112576,51.470321,1,3,1,1,25/08/2005,5,11:00,9,E09000022,3,23,Single carriageway,30,Automatic traffic signal,3,23,None within 50 metres,Pedestrian phase at traffic signal junction,Daylight: Street light present,Fine without high winds,Dry,None,None,1,Yes,E01003059,2005
10628,200501LX51019,530140.0,172000.0,-0.129261,51.432009,1,3,1,1,26/08/2005,6,13:00,9,E09000022,3,23,Single carriageway,30,Automatic traffic signal,6,0,None within 50 metres,Pedestrian phase at traffic signal junction,Daylight: Street light present,Fine without high winds,Dry,None,None,1,Yes,E01003118,2005
10629,200501LX51021,531230.0,177320.0,-0.111618,51.479568,1,3,2,1,26/08/2005,6,07:49,9,E09000022,3,23,Single carriageway,30,Giveway or uncontrolled,6,0,None within 50 metres,No physical crossing within 50 meters,Daylight: Street light present,Fine without high winds,Dry,None,None,1,Yes,E01003181,2005
10630,200501LX51022,530430.0,173480.0,-0.124547,51.445243,1,3,2,1,13/08/2005,7,14:30,9,E09000022,3,23,Single carriageway,30,Automatic traffic signal,3,23,None within 50 metres,Pedestrian phase at traffic signal junction,Daylight: Street light present,Fine without high winds,Dry,None,None,1,Yes,E01003023,2005
10631,200501LX51023,530340.0,176250.0,-0.124821,51.470158,1,3,2,1,20/08/2005,7,10:20,9,E09000022,3,3,Single carriageway,30,Giveway or uncontrolled,6,0,None within 50 metres,No physical crossing within 50 meters,Daylight: Street light present,Fine without high winds,Dry,None,None,1,Yes,E01003094,2005
10632,200501LX51024,531450.0,177400.0,-0.108422,51.480236,1,3,2,1,17/08/2005,4,08:20,9,E09000022,3,202,Single carriageway,30,Automatic traffic signal,5,0,None within 50 metres,Pedestrian phase at traffic signal junction,Daylight: Street light present,Fine without high winds,Dry,None,None,1,No,E01003183,2005
10633,200501LX51025,531210.0,173780.0,-0.113218,51.447759,1,2,2,1,15/08/2005,2,08:45,9,E09000022,3,204,Single carriageway,30,Giveway or uncontrolled,6,0,None within 50 metres,No physical crossing within 50 meters,Daylight: Street light present,Fine without high winds,Dry,None,None,1,No,E01003173,2005
10634,200501LX51027,531040.0,175450.0,-0.115045,51.462807,1,3,1,1,29/08/2005,2,22:30,9,E09000022,3,23,Single carriageway,30,None,-1,0,None within 50 metres,Zebra crossing,Darkness: Street lights present and lit,Fine without high winds,Dry,None,None,1,No,E01003055,2005
10635,200501LX51028,531040.0,180150.0,-0.113302,51.505045,1,3,2,1,30/08/2005,3,14:30,9,E09000022,3,301,Roundabout,30,Giveway or uncontrolled,3,3200,None within 50 metres,No physical crossing within 50 meters,Daylight: Street light present,Fine without high winds,Dry,None,None,1,No,E01003016,2005
10636,200501LX51029,532260.0,171350.0,-0.099024,51.425677,1,3,1,1,14/09/2005,4,08:48,9,E09000022,4,232,Single carriageway,30,None,-1,0,None within 50 metres,No physical crossing within 50 meters,Daylight: Street light present,Fine without high winds,Dry,None,None,1,Yes,E01003086,2005
10637,200501LX51030,530940.0,173360.0,-0.117257,51.444047,1,2,1,1,06/08/2005,7,09:10,9,E09000022,6,0,Single carriageway,30,None,-1,0,None within 50 metres,No physical crossing within 50 meters,Daylight: Street light present,Fine without high winds,Dry,None,None,1,Yes,E01003175,2005
10638,200501LX51031,532150.0,176280.0,-0.098766,51.470008,1,3,1,1,12/08/2005,6,15:57,9,E09000022,6,0,Single carriageway,30,Giveway or uncontrolled,6,0,None within 50 metres,No physical crossing within 50 meters,Daylight: Street light present,Fine without high winds,Dry,None,None,1,Yes,E01003076,2005
10639,200501LX51033,529600.0,176430.0,-0.135403,51.471945,1,2,2,1,20/04/2005,4,18:00,9,E09000022,3,3036,Single carriageway,30,Automatic traffic signal,5,0,None within 50 metres,No physical crossing within 50 meters,Daylight: Street light present,Fine without high winds,Dry,None,None,1,No,E01003089,2005
10640,200501LX51034,530690.0,179660.0,-0.118524,51.500722,1,3,3,1,17/08/2005,4,18:49,9,E09000022,3,302,Single carriageway,30,None,-1,0,None within 50 metres,No physical crossing within 50 meters,Daylight: Street light present,Fine without high winds,Dry,None,None,1,Yes,E01003013,2005
10641,200501LX51035,531070.0,175660.0,-0.114536,51.464687,1,3,3,1,24/08/2005,4,19:26,9,E09000022,3,23,Single carriageway,30,Automatic traffic signal,3,203,None within 50 metres,Pedestrian phase at traffic signal junction,Darkness: Street lights present and lit,Raining without high winds,Wet/Damp,None,None,1,Yes,E01003061,2005
10642,200501LX51036,529670.0,171780.0,-0.136099,51.43014,1,3,2,1,31/08/2005,4,17:15,9,E09000022,3,214,Single carriageway,30,None,-1,0,None within 50 metres,No physical crossing within 50 meters,Daylight: Street light present,Fine without high winds,Dry,None,None,1,Yes,E01003119,2005
10643,200501LX51037,532270.0,172830.0,-0.098328,51.438975,1,3,2,1,08/08/2005,2,01:17,9,E09000022,5,0,Single carriageway,30,Giveway or uncontrolled,6,0,None within 50 metres,No physical crossing within 50 meters,Darkness: Street lights present and lit,Fine without high winds,Dry,None,None,1,Yes,E01003167,2005
10644,200501LX51038,531470.0,175450.0,-0.108859,51.462707,1,3,2,1,21/08/2005,1,12:00,9,E09000022,3,2217,Single carriageway,30,Giveway or uncontrolled,6,0,None within 50 metres,No physical crossing within 50 meters,Daylight: Street light present,Fine without high winds,Dry,None,None,1,Yes,E01003051,2005
10645,200501LX51039,530290.0,172690.0,-0.126851,51.438176,1,3,2,2,02/09/2005,6,16:12,9,E09000022,3,23,Single carriageway,30,Giveway or uncontrolled,5,0,None within 50 metres,No physical crossing within 50 meters,Daylight: Street light present,Fine without high winds,Dry,None,None,1,Yes,E01003153,2005
10646,200501LX51040,529700.0,171930.0,-0.135613,51.431481,1,3,1,1,02/09/2005,6,17:42,9,E09000022,4,242,Single carriageway,30,Giveway or uncontrolled,6,0,None within 50 metres,No physical crossing within 50 meters,Daylight: Street light present,Fine without high winds,Dry,None,None,1,Yes,E01003118,2005
10647,200501LX51041,530220.0,172340.0,-0.127986,51.435046,1,3,1,1,02/09/2005,6,15:14,9,E09000022,3,23,Single carriageway,30,Giveway or uncontrolled,5,0,None within 50 metres,Zebra crossing,Daylight: Street light present,Fine without high winds,Dry,None,None,1,Yes,E01003153,2005
10648,200501LX51042,530850.0,177060.0,-0.117183,51.477319,1,3,1,1,01/09/2005,5,13:15,9,E09000022,3,3,Single carriageway,30,Automatic traffic signal,5,0,None within 50 metres,Pedestrian phase at traffic signal junction,Daylight: Street light present,Fine without high winds,Dry,None,None,1,Yes,E01003125,2005
10649,200501LX51044,529460.0,170110.0,-0.139728,51.415179,1,3,1,1,05/09/2005,2,14:30,9,E09000022,4,272,Single carriageway,30,Giveway or uncontrolled,6,0,None within 50 metres,non-junction pedestrian crossing,Daylight: Street light present,Fine without high winds,Dry,None,None,1,Yes,E01003139,2005
10650,200501LX51045,530540.0,174020.0,-0.122766,51.450071,1,3,2,1,02/08/2005,3,22:23,9,E09000022,3,23,Single carriageway,30,Giveway or uncontrolled,6,0,None within 50 metres,No physical crossing within 50 meters,Darkness: Street lights present and lit,Fine without high winds,Dry,None,None,1,Yes,E01003024,2005
10651,200501LX51046,531810.0,178670.0,-0.102767,51.491565,1,3,2,1,05/09/2005,2,09:20,8,E09000028,3,3,Single carriageway,30,None,-1,0,None within 50 metres,No physical crossing within 50 meters,Daylight: Street light present,Fine without high winds,Dry,None,None,1,Yes,E01003996,2005
10652,200501LX51047,530040.0,175590.0,-0.129381,51.464295,1,3,1,1,05/09/2005,2,17:50,9,E09000022,4,221,Single carriageway,30,Giveway or uncontrolled,6,0,None within 50 metres,No physical crossing within 50 meters,Daylight: Street light present,Fine without high winds,Dry,None,None,1,Yes,E01003090,2005
10653,200501LX51049,532710.0,176720.0,-0.090543,51.473831,1,3,2,3,03/09/2005,7,16:00,8,E09000028,3,202,Single carriageway,30,Automatic traffic signal,3,202,None within 50 metres,Pedestrian phase at traffic signal junction,Daylight: Street light present,Fine without high winds,Dry,None,None,1,Yes,E01003921,2005
10654,200501LX51050,530930.0,173350.0,-0.117404,51.44396,1,2,1,1,06/09/2005,3,08:58,9,E09000022,6,0,Single carriageway,30,None,-1,0,None within 50 metres,No physical crossing within 50 meters,Daylight: Street light present,Raining without high winds,Wet/Damp,None,None,1,Yes,E01003175,2005
10655,200501LX51051,531730.0,172460.0,-0.10623,51.435776,1,3,1,1,05/09/2005,2,14:13,9,E09000022,6,0,Single carriageway,30,None,-1,0,None within 50 metres,No physical crossing within 50 meters,Daylight: Street light present,Fine without high winds,Dry,None,None,1,Yes,E01003166,2005
10656,200501LX51052,531010.0,175350.0,-0.115514,51.461915,1,3,1,1,05/09/2005,2,14:00,9,E09000022,3,23,Single carriageway,30,Giveway or uncontrolled,6,0,None within 50 metres,No physical crossing within 50 meters,Daylight: Street light present,Fine without high winds,Dry,None,None,1,Yes,E01003055,2005
10657,200501LX51053,531350.0,176070.0,-0.110355,51.468307,1,3,2,1,05/09/2005,2,09:00,9,E09000022,6,0,Single carriageway,30,None,-1,0,None within 50 metres,No physical crossing within 50 meters,Daylight: Street light present,Fine without high winds,Dry,None,None,1,Yes,E01003045,2005
10658,200501LX51054,531590.0,178280.0,-0.106079,51.488112,1,3,2,2,05/09/2005,2,20:11,9,E09000022,3,3,Single carriageway,30,Automatic traffic signal,5,0,None within 50 metres,Pedestrian phase at traffic signal junction,Darkness: Street lights present and lit,Fine without high winds,Dry,None,None,1,Yes,E01003998,2005
10659,200501LX51055,533530.0,170710.0,-0.081009,51.419628,1,2,2,2,05/09/2005,2,21:42,20,E09000008,3,214,Single carriageway,30,Giveway or uncontrolled,6,0,None within 50 metres,Zebra crossing,Darkness: Street lights present and lit,Fine without high winds,Dry,None,None,1,Yes,E01001164,2005
10660,200501LX51056,531210.0,175330.0,-0.112644,51.461689,1,3,1,1,03/09/2005,7,23:02,9,E09000022,3,2217,Single carriageway,30,Giveway or uncontrolled,6,0,None within 50 metres,No physical crossing within 50 meters,Darkness: Street lights present and lit,Fine without high winds,Dry,None,None,1,Yes,E01003047,2005
10661,200501LX51057,530180.0,172090.0,-0.128653,51.432809,1,3,1,1,11/09/2005,1,12:18,9,E09000022,3,23,Single carriageway,30,Giveway or uncontrolled,6,0,None within 50 metres,No physical crossing within 50 meters,Daylight: Street light present,Fine without high winds,Dry,None,None,1,Yes,E01003153,2005
10662,200501LX51059,531110.0,179460.0,-0.112551,51.498827,1,2,1,1,10/09/2005,7,21:10,9,E09000022,4,300,Single carriageway,30,Automatic traffic signal,3,23,None within 50 metres,Pedestrian phase at traffic signal junction,Darkness: Street lights present and lit,Raining without high winds,Wet/Damp,None,None,1,Yes,E01003013,2005
10663,200501LX51060,531840.0,175660.0,-0.103457,51.464508,1,3,2,1,07/09/2005,4,10:51,9,E09000022,3,2217,Single carriageway,30,Giveway or uncontrolled,6,0,None within 50 metres,No physical crossing within 50 meters,Daylight: Street light present,Fine without high winds,Dry,None,None,1,Yes,E01003051,2005
10664,200501LX51061,531870.0,171670.0,-0.104511,51.428644,1,3,2,1,07/09/2005,4,20:42,9,E09000022,3,215,Single carriageway,30,Giveway or uncontrolled,6,0,None within 50 metres,No physical crossing within 50 meters,Darkness: Street lights present and lit,Fine without high winds,Dry,None,None,1,Yes,E01003081,2005
10665,200501LX51062,533150.0,171600.0,-0.086136,51.427716,1,3,2,1,08/09/2005,5,20:25,8,E09000028,3,2199,Single carriageway,30,Giveway or uncontrolled,5,0,None within 50 metres,No physical crossing within 50 meters,Darkness: Street lights present and lit,Fine without high winds,Dry,None,None,1,Yes,E01003067,2005
10666,200501LX51063,532540.0,176510.0,-0.093068,51.471984,1,3,1,1,01/09/2005,5,13:25,8,E09000028,3,2217,Single carriageway,30,Automatic traffic signal,3,215,None within 50 metres,Pedestrian phase at traffic signal junction,Daylight: Street light present,Fine without high winds,Dry,None,None,1,Yes,E01003922,2005
10667,200501LX51064,528880.0,174410.0,-0.1465,51.453956,1,3,2,1,11/09/2005,1,02:28,9,E09000022,3,24,Dual carriageway,30,Automatic traffic signal,3,205,None within 50 metres,Pedestrian phase at traffic signal junction,Darkness: Street lights present and lit,Fine without high winds,Wet/Damp,None,None,1,Yes,E01003030,2005
10668,200501LX51065,529910.0,172840.0,-0.13226,51.439611,1,3,2,1,10/09/2005,7,11:45,9,E09000022,6,0,Single carriageway,30,None,-1,0,None within 50 metres,No physical crossing within 50 meters,Daylight: Street light present,Fine without high winds,Dry,None,None,1,No,E01003138,2005
10669,200501LX51067,531210.0,173730.0,-0.113237,51.44731,1,3,2,1,10/09/2005,7,18:50,9,E09000022,3,204,Single carriageway,30,Giveway or uncontrolled,6,0,None within 50 metres,non-junction pedestrian crossing,Darkness: Street lights present and lit,Raining without high winds,Wet/Damp,None,None,1,No,E01003175,2005
10670,200501LX51068,530440.0,173470.0,-0.124407,51.445151,1,3,2,1,01/09/2005,5,08:06,9,E09000022,3,23,Dual carriageway,30,Automatic traffic signal,3,205,None within 50 metres,Pedestrian phase at traffic signal junction,Daylight: Street light present,Fine without high winds,Dry,None,None,1,Yes,E01003023,2005
10671,200501LX51069,530260.0,170580.0,-0.128058,51.41922,1,3,2,1,14/09/2005,4,21:25,9,E09000022,3,23,Single carriageway,30,Giveway or uncontrolled,6,0,None within 50 metres,No physical crossing within 50 meters,Darkness: Street lights present and lit,Fine without high winds,Dry,None,None,1,Yes,E01003144,2005
10672,200501LX51070,529680.0,169830.0,-0.136668,51.412613,1,3,1,1,13/09/2005,3,08:53,9,E09000022,6,0,Single carriageway,30,Giveway or uncontrolled,6,0,None within 50 metres,No physical crossing within 50 meters,Daylight: Street light present,Fine without high winds,Dry,None,None,1,Yes,E01003142,2005
10673,200501LX51071,531780.0,170970.0,-0.106065,51.422374,1,3,1,1,13/09/2005,3,12:05,9,E09000022,3,214,Single carriageway,30,Automatic traffic signal,3,215,None within 50 metres,Pedestrian phase at traffic signal junction,Daylight: Street light present,Fine without high winds,Dry,None,None,1,Yes,E01001084,2005
10674,200501LX51072,531180.0,176990.0,-0.11246,51.476614,1,3,1,1,23/09/2005,6,21:20,9,E09000022,3,23,Single carriageway,30,Automatic traffic signal,5,0,None within 50 metres,Pedestrian phase at traffic signal junction,Darkness: Street lights present and lit,Fine without high winds,Dry,None,None,1,Yes,E01003181,2005
10675,200501LX51073,529200.0,175700.0,-0.141426,51.465476,1,3,2,1,23/09/2005,6,18:20,9,E09000022,4,224,Roundabout,30,Giveway or uncontrolled,5,0,None within 50 metres,No physical crossing within 50 meters,Daylight: Street light present,Fine without high winds,Dry,None,None,1,Yes,E01003039,2005
10676,200501LX51074,530340.0,178030.0,-0.124165,51.486154,1,3,2,1,22/09/2005,5,18:50,9,E09000022,3,202,Single carriageway,30,Automatic traffic signal,3,3036,None within 50 metres,Pedestrian phase at traffic signal junction,Daylight: Street light present,Fine without high winds,Dry,None,None,1,Yes,E01003103,2005
10677,200501LX51075,533110.0,171580.0,-0.086719,51.427545,1,3,1,1,22/09/2005,5,16:20,9,E09000022,6,0,Single carriageway,30,None,-1,0,None within 50 metres,No physical crossing within 50 meters,Daylight: Street light present,Fine without high winds,Dry,None,None,1,Yes,E01003067,2005
10678,200501LX51076,530130.0,170990.0,-0.129776,51.422935,1,3,2,1,21/09/2005,4,16:45,9,E09000022,3,23,Single carriageway,30,Automatic traffic signal,3,214,None within 50 metres,Pedestrian phase at traffic signal junction,Daylight: Street light present,Fine without high winds,Dry,None,None,1,Yes,E01003115,2005
10679,200501LX51077,531020.0,175090.0,-0.115466,51.459576,1,3,2,1,02/09/2005,6,12:15,9,E09000022,3,204,Single carriageway,30,Giveway or uncontrolled,6,0,None within 50 metres,No physical crossing within 50 meters,Daylight: Street light present,Fine without high winds,Dry,None,None,1,Yes,E01003176,2005
10680,200501LX51078,531540.0,176580.0,-0.107431,51.472846,1,3,2,2,16/09/2005,6,20:43,9,E09000022,5,0,Single carriageway,30,Automatic traffic signal,6,0,None within 50 metres,Pedestrian phase at traffic signal junction,Darkness: Street lights present and lit,Fine without high winds,Dry,None,None,1,Yes,E01003182,2005
10681,200501LX51080,530530.0,173990.0,-0.122921,51.449804,1,3,2,1,16/09/2005,6,15:30,9,E09000022,3,23,Single carriageway,30,Giveway or uncontrolled,6,0,None within 50 metres,No physical crossing within 50 meters,Daylight: Street light present,Fine without high winds,Dry,None,None,1,Yes,E01003024,2005
10682,200501LX51082,529540.0,171330.0,-0.138133,51.426125,1,3,1,1,18/09/2005,1,18:15,9,E09000022,3,216,Single carriageway,30,None,-1,0,None within 50 metres,No physical crossing within 50 meters,Daylight: Street light present,Fine without high winds,Dry,None,Other object in carriageway,1,No,E01003119,2005
10683,200501LX51083,531000.0,177310.0,-0.114932,51.479531,1,3,2,1,19/09/2005,2,08:00,9,E09000022,3,3,Single carriageway,30,Giveway or uncontrolled,4,301,None within 50 metres,No physical crossing within 50 meters,Daylight: Street light present,Fine without high winds,Dry,None,None,1,Yes,E01003100,2005
10684,200501LX51084,530370.0,175790.0,-0.124559,51.466017,1,3,2,1,17/09/2005,7,20:15,9,E09000022,6,0,Single carriageway,30,Giveway or uncontrolled,6,0,None within 50 metres,No physical crossing within 50 meters,Daylight: Street light present,Fine without high winds,Dry,None,None,1,Yes,E01003096,2005
10685,200501LX51085,529990.0,177100.0,-0.129545,51.477877,1,2,2,1,12/09/2005,2,11:33,9,E09000022,3,3036,Single carriageway,30,None,-1,0,None within 50 metres,No physical crossing within 50 meters,Daylight: Street light present,Fine without high winds,Dry,None,None,1,Yes,E01003122,2005
10686,200501LX51088,530020.0,171590.0,-0.131137,51.428352,1,3,1,1,15/09/2005,5,20:20,9,E09000022,3,23,Single carriageway,30,None,-1,0,None within 50 metres,No physical crossing within 50 meters,Daylight: Street light present,Fine without high winds,Dry,None,None,1,Yes,E01003119,2005
10687,200501LX51090,528540.0,164730.0,-0.154897,51.367038,1,3,1,1,20/05/2005,6,17:16,21,E09000029,3,232,Single carriageway,30,None,-1,0,None within 50 metres,No physical crossing within 50 meters,Daylight: Street light present,Fine without high winds,Dry,None,None,1,Yes,E01004172,2005
10688,200501LX51091,532330.0,172910.0,-0.097435,51.43968,1,3,4,1,08/09/2005,5,10:40,9,E09000022,3,205,Single carriageway,30,Giveway or uncontrolled,6,0,None within 50 metres,No physical crossing within 50 meters,Daylight: Street light present,Fine without high winds,Dry,None,None,1,Yes,E01003166,2005
10689,200501LX51093,531170.0,179970.0,-0.111497,51.503397,1,3,1,1,04/10/2005,3,00:42,9,E09000022,3,301,Single carriageway,30,Giveway or uncontrolled,6,0,None within 50 metres,No physical crossing within 50 meters,Darkness: Street lights present and lit,Fine without high winds,Dry,None,None,1,Yes,E01003012,2005
10690,200501LX51094,531870.0,174840.0,-0.103331,51.457132,1,3,1,1,03/09/2005,7,13:00,9,E09000022,4,222,Single carriageway,30,None,-1,0,None within 50 metres,No physical crossing within 50 meters,Daylight: Street light present,Fine without high winds,Dry,None,None,1,Yes,E01003071,2005
10691,200501LX51095,531110.0,175670.0,-0.113956,51.464768,1,2,1,1,30/09/2005,6,13:35,9,E09000022,3,23,Single carriageway,30,Giveway or uncontrolled,5,0,None within 50 metres,No physical crossing within 50 meters,Daylight: Street light present,Fine without high winds,Wet/Damp,None,None,1,Yes,E01003047,2005
10692,200501LX51096,529830.0,173400.0,-0.133205,51.444662,1,3,1,1,29/09/2005,5,22:20,9,E09000022,4,221,Single carriageway,30,None,-1,0,None within 50 metres,No physical crossing within 50 meters,Darkness: Street lights present and lit,Fine without high winds,Dry,None,None,1,Yes,E01003163,2005
10693,200501LX51097,531550.0,175470.0,-0.1077,51.462868,1,2,1,1,30/09/2005,6,07:48,9,E09000022,3,2217,Single carriageway,30,Giveway or uncontrolled,5,0,None within 50 metres,No physical crossing within 50 meters,Daylight: Street light present,Raining without high winds,Wet/Damp,None,None,1,Yes,E01003051,2005
10694,200501LX51098,531170.0,177570.0,-0.112388,51.481829,1,3,2,2,25/09/2005,1,14:22,9,E09000022,3,202,Single carriageway,30,Automatic traffic signal,3,3,None within 50 metres,Pedestrian phase at traffic signal junction,Daylight: Street light present,Fine without high winds,Dry,None,None,1,Yes,E01003100,2005
10695,200501LX51099,531040.0,175430.0,-0.115052,51.462627,1,3,2,1,26/09/2005,2,17:00,9,E09000022,3,23,Single carriageway,30,None,-1,0,None within 50 metres,non-junction pedestrian crossing,Daylight: Street light present,Fine without high winds,Dry,None,None,1,Yes,E01003047,2005
10696,200501LX51100,530980.0,180090.0,-0.114189,51.504519,1,3,2,1,03/10/2005,2,16:18,9,E09000022,3,301,Roundabout,30,Giveway or uncontrolled,3,3200,None within 50 metres,No physical crossing within 50 meters,Daylight: Street light present,Fine without high winds,Dry,None,None,1,Yes,E01003016,2005
10697,200501LX51101,530500.0,178940.0,-0.121526,51.494295,1,3,2,1,30/01/2005,1,15:13,9,E09000022,3,3203,Single carriageway,30,None,-1,0,None within 50 metres,Pedestrian phase at traffic signal junction,Daylight: Street light present,Raining without high winds,Wet/Damp,None,None,1,Yes,,2005
10698,200501LX51103,529530.0,170670.0,-0.138517,51.420196,1,3,3,1,01/10/2005,7,13:45,9,E09000022,5,0,Single carriageway,30,Giveway or uncontrolled,5,0,None within 50 metres,No physical crossing within 50 meters,Daylight: Street light present,Fine without high winds,Dry,None,None,1,Yes,E01003146,2005
10699,200501LX51104,530600.0,172260.0,-0.122552,51.43424,1,3,2,1,28/09/2005,4,13:25,9,E09000022,5,0,Single carriageway,30,Giveway or uncontrolled,5,0,None within 50 metres,No physical crossing within 50 meters,Daylight: Street light present,Fine without high winds,Dry,None,None,1,Yes,E01003152,2005
10700,200501LX51107,529250.0,174050.0,-0.141309,51.450636,1,3,1,1,30/09/2005,6,17:40,9,E09000022,3,205,Single carriageway,30,Giveway or uncontrolled,6,0,None within 50 metres,No physical crossing within 50 meters,Daylight: Street light present,Fine without high winds,Dry,None,None,1,Yes,E01003161,2005
10701,200501LX51109,528920.0,174480.0,-0.145899,51.454576,1,3,2,1,14/09/2005,4,17:45,9,E09000022,3,24,Single carriageway,30,Giveway or uncontrolled,6,0,None within 50 metres,No physical crossing within 50 meters,Daylight: Street light present,Fine without high winds,Dry,None,None,1,No,E01003030,2005
10702,200501LX51110,530300.0,175070.0,-0.125831,51.459562,1,3,2,1,15/09/2005,5,08:30,9,E09000022,3,2217,Single carriageway,30,Giveway or uncontrolled,6,0,None within 50 metres,No physical crossing within 50 meters,Daylight: Street light present,Raining without high winds,Wet/Damp,None,None,1,Yes,E01003019,2005
10703,200501LX51111,530130.0,173650.0,-0.128799,51.44684,1,3,2,1,11/09/2005,1,19:45,9,E09000022,3,205,Single carriageway,30,Automatic traffic signal,3,205,None within 50 metres,Pedestrian phase at traffic signal junction,Darkness: Street lights present and lit,Fine without high winds,Dry,None,None,1,No,E01003162,2005
10704,200501LX51112,532530.0,176650.0,-0.093159,51.473244,1,3,1,1,13/09/2005,3,15:44,8,E09000028,3,215,Single carriageway,30,None,-1,0,None within 50 metres,No physical crossing within 50 meters,Daylight: Street light present,Fine without high winds,Dry,None,None,1,Yes,E01003922,2005
10705,200501LX51113,529050.0,174760.0,-0.143927,51.457062,1,3,2,1,12/09/2005,2,11:15,9,E09000022,3,24,Single carriageway,30,Giveway or uncontrolled,6,0,None within 50 metres,No physical crossing within 50 meters,Daylight: Street light present,Fine without high winds,Dry,None,None,1,Yes,E01003026,2005
10706,200501LX51114,530160.0,176010.0,-0.1275,51.468042,1,3,2,1,21/09/2005,4,09:32,9,E09000022,3,3,Single carriageway,30,Giveway or uncontrolled,6,0,None within 50 metres,No physical crossing within 50 meters,Daylight: Street light present,Fine without high winds,Dry,None,None,1,Yes,E01003090,2005
10707,200501LX51117,532750.0,175690.0,-0.090354,51.464565,1,3,2,1,20/09/2005,3,08:25,8,E09000028,3,215,Single carriageway,30,Giveway or uncontrolled,6,0,None within 50 metres,No physical crossing within 50 meters,Daylight: Street light present,Fine without high winds,Dry,None,None,1,Yes,E01003078,2005
10708,200501LX51118,531000.0,172310.0,-0.116782,51.434597,1,3,2,1,19/09/2005,2,06:40,9,E09000022,5,0,Single carriageway,30,None,-1,0,None within 50 metres,No physical crossing within 50 meters,Daylight: Street light present,Fine without high winds,Dry,None,None,1,Yes,E01003079,2005
10709,200501LX51119,530480.0,176470.0,-0.122726,51.472103,1,3,1,1,23/09/2005,6,17:02,9,E09000022,3,3,Single carriageway,30,Automatic traffic signal,3,203,None within 50 metres,Pedestrian phase at traffic signal junction,Daylight: Street light present,Fine without high winds,Wet/Damp,None,None,1,Yes,E01003128,2005
10710,200501LX51120,530570.0,176590.0,-0.121386,51.47316,1,3,2,2,15/09/2005,5,16:14,9,E09000022,3,3,Single carriageway,30,Giveway or uncontrolled,3,3,None within 50 metres,No physical crossing within 50 meters,Daylight: Street light present,Fine without high winds,Wet/Damp,None,None,1,Yes,E01003126,2005
10711,200501LX51121,531080.0,177670.0,-0.113647,51.482748,1,3,3,1,24/09/2005,7,15:33,9,E09000022,3,202,Single carriageway,30,Giveway or uncontrolled,6,0,None within 50 metres,No physical crossing within 50 meters,Daylight: Street light present,Fine without high winds,Dry,None,None,1,Yes,E01003099,2005
10712,200501LX51122,530850.0,179640.0,-0.116227,51.500505,1,3,1,1,03/10/2005,2,09:38,9,E09000022,3,23,Roundabout,30,Giveway or uncontrolled,3,3036,None within 50 metres,non-junction pedestrian crossing,Daylight: Street light present,Fine without high winds,Dry,None,None,1,Yes,E01003013,2005
10713,200501LX51123,530350.0,177820.0,-0.124098,51.484265,1,2,2,1,04/10/2005,3,07:45,9,E09000022,3,203,Single carriageway,30,None,-1,0,None within 50 metres,Pedestrian phase at traffic signal junction,Daylight: Street light present,Fine without high winds,Dry,None,None,1,Yes,E01003102,2005
10714,200501LX51124,529810.0,175520.0,-0.132715,51.463719,1,3,2,1,30/09/2005,6,08:05,9,E09000022,3,3,Single carriageway,30,Giveway or uncontrolled,6,0,None within 50 metres,non-junction pedestrian crossing,Daylight: Street light present,Raining without high winds,Wet/Damp,None,None,1,Yes,E01003035,2005
10715,200501LX51125,530930.0,179080.0,-0.115283,51.495454,1,3,2,1,30/09/2005,6,09:22,9,E09000022,3,3203,Single carriageway,30,Automatic traffic signal,6,0,None within 50 metres,Pedestrian phase at traffic signal junction,Daylight: Street light present,Raining without high winds,Wet/Damp,None,None,1,Yes,E01003015,2005
10716,200501LX51126,531540.0,172970.0,-0.108773,51.440403,1,3,3,1,28/09/2005,4,11:15,9,E09000022,3,205,Single carriageway,30,Giveway or uncontrolled,3,205,None within 50 metres,Zebra crossing,Daylight: Street light present,Fine without high winds,Dry,None,None,1,Yes,E01003174,2005
10717,200501LX51127,531820.0,177170.0,-0.103182,51.478083,1,2,1,1,29/09/2005,5,20:20,9,E09000022,3,202,Single carriageway,30,None,-1,0,None within 50 metres,No physical crossing within 50 meters,Darkness: Street lights present and lit,Fine without high winds,Dry,None,None,1,Yes,E01003180,2005
10718,200501LX51129,530580.0,179660.0,-0.120108,51.500747,1,2,2,1,10/06/2005,6,23:00,9,E09000022,3,302,Single carriageway,30,None,-1,0,None within 50 metres,No physical crossing within 50 meters,Darkness: Street lights present and lit,Fine without high winds,Dry,None,None,1,Yes,,2005
10719,200501LX51130,531130.0,175800.0,-0.113621,51.465931,1,3,2,1,17/09/2005,7,08:58,9,E09000022,3,23,Single carriageway,30,Automatic traffic signal,3,203,None within 50 metres,Pedestrian phase at traffic signal junction,Daylight: Street light present,Fine without high winds,Dry,None,None,1,Yes,E01003061,2005
10720,200501LX51131,530020.0,173780.0,-0.130333,51.448034,1,3,1,1,19/09/2005,2,19:29,9,E09000022,6,0,Single carriageway,30,None,-1,0,None within 50 metres,No physical crossing within 50 meters,Darkness: Street lights present and lit,Fine without high winds,Dry,None,None,1,Yes,E01003162,2005
10721,200501LX51132,530480.0,178030.0,-0.12215,51.486122,1,3,1,1,20/09/2005,3,17:59,9,E09000022,3,203,Single carriageway,30,Giveway or uncontrolled,3,3204,None within 50 metres,No physical crossing within 50 meters,Daylight: Street light present,Unknown,Dry,None,None,1,No,E01003102,2005
10722,200501LX51133,532130.0,175630.0,-0.099296,51.464171,1,3,2,1,15/09/2005,5,12:40,9,E09000022,5,0,Single carriageway,30,Giveway or uncontrolled,6,0,None within 50 metres,No physical crossing within 50 meters,Daylight: Street light present,Raining without high winds,Wet/Damp,None,None,1,Yes,E01003077,2005
10723,200501LX51134,531460.0,174970.0,-0.109181,51.458396,1,3,2,2,15/09/2005,5,17:50,9,E09000022,4,223,Single carriageway,30,Giveway or uncontrolled,6,0,None within 50 metres,No physical crossing within 50 meters,Daylight: Street light present,Fine without high winds,Dry,None,None,1,Yes,E01003043,2005
10724,200501LX51135,531170.0,174590.0,-0.113494,51.455048,1,3,2,1,30/08/2005,3,16:32,9,E09000022,3,2214,Single carriageway,30,Automatic traffic signal,3,204,None within 50 metres,Pedestrian phase at traffic signal junction,Daylight: Street light present,Fine without high winds,Dry,None,None,1,Yes,E01003177,2005
10725,200501LX51137,531890.0,175790.0,-0.102689,51.465665,1,3,2,1,24/08/2005,4,11:57,9,E09000022,3,2217,Single carriageway,30,None,-1,0,None within 50 metres,No physical crossing within 50 meters,Daylight: Street light present,Raining without high winds,Wet/Damp,None,None,1,Yes,E01003051,2005
10726,200501LX51138,529400.0,175240.0,-0.138717,51.461296,1,3,2,1,14/09/2005,4,08:30,9,E09000022,3,24,Single carriageway,30,None,-1,0,None within 50 metres,No physical crossing within 50 meters,Daylight: Street light present,Fine without high winds,Dry,None,None,1,Yes,E01003039,2005
10727,200501LX51139,531550.0,175490.0,-0.107693,51.463048,1,3,2,1,08/09/2005,5,20:05,9,E09000022,3,2217,Single carriageway,30,Automatic traffic signal,5,0,None within 50 metres,Pedestrian phase at traffic signal junction,Daylight: Street light present,Fine without high winds,Dry,None,None,1,Yes,E01003051,2005
10728,200501LX51140,527790.0,175150.0,-0.161912,51.460853,1,3,3,2,11/08/2005,5,11:40,10,E09000032,3,205,One way street,30,Automatic traffic signal,3,3,None within 50 metres,No physical crossing within 50 meters,Daylight: Street light present,Fine without high winds,Dry,None,None,1,Yes,E01004554,2005
10729,200501LX51141,531190.0,174460.0,-0.113254,51.453875,1,3,2,2,15/09/2005,5,23:05,9,E09000022,3,204,Single carriageway,30,Giveway or uncontrolled,6,0,None within 50 metres,No physical crossing within 50 meters,Darkness: Street lights present and lit,Raining without high winds,Wet/Damp,None,None,1,Yes,E01003177,2005
10730,200501LX51142,529050.0,174760.0,-0.143927,51.457062,1,3,2,1,26/09/2005,2,07:45,9,E09000022,6,0,Single carriageway,30,Giveway or uncontrolled,6,0,None within 50 metres,No physical crossing within 50 meters,Daylight: Street light present,Fine without high winds,Dry,None,None,1,Yes,E01003026,2005
10731,200501LX51144,530820.0,179840.0,-0.116585,51.50231,1,2,1,1,16/08/2005,3,15:58,9,E09000022,3,3200,Single carriageway,30,Giveway or uncontrolled,6,0,None within 50 metres,Pedestrian phase at traffic signal junction,Daylight: Street light present,Fine without high winds,Dry,None,None,1,Yes,E01003013,2005
10732,200501LX51145,532600.0,171080.0,-0.094238,51.423171,1,3,3,1,28/09/2005,4,17:38,9,E09000022,6,0,Single carriageway,30,None,-1,0,None within 50 metres,No physical crossing within 50 meters,Daylight: Street light present,Fine without high winds,Dry,None,None,1,Yes,E01003069,2005
10733,200501LX51146,529360.0,175210.0,-0.139303,51.461036,1,3,1,1,28/09/2005,4,09:01,9,E09000022,3,24,Single carriageway,30,Automatic traffic signal,3,3,None within 50 metres,Pedestrian phase at traffic signal junction,Daylight: Street light present,Fine without high winds,Dry,None,None,1,Yes,E01003032,2005
10734,200501LX51148,531470.0,173200.0,-0.109694,51.442487,1,2,1,1,03/10/2005,2,21:57,9,E09000022,3,204,Single carriageway,30,Giveway or uncontrolled,6,0,None within 50 metres,Zebra crossing,Darkness: Street lights present and lit,Fine without high winds,Dry,None,None,1,Yes,E01003174,2005
10735,200501LX51149,531090.0,174810.0,-0.114563,51.457043,1,3,2,1,03/10/2005,2,23:25,9,E09000022,3,204,Single carriageway,30,None,-1,0,None within 50 metres,Zebra crossing,Darkness: Street lights present and lit,Fine without high winds,Dry,None,None,1,Yes,E01003176,2005
10736,200501LX51150,529740.0,175470.0,-0.133741,51.463286,1,3,1,1,04/10/2005,3,17:41,9,E09000022,3,3,Single carriageway,30,None,-1,0,None within 50 metres,No physical crossing within 50 meters,Daylight: Street light present,Fine without high winds,Dry,None,None,1,Yes,E01003035,2005
10737,200501LX51151,529910.0,175590.0,-0.131251,51.464325,1,3,1,1,04/10/2005,3,17:52,9,E09000022,3,3,Single carriageway,30,Giveway or uncontrolled,6,0,None within 50 metres,non-junction pedestrian crossing,Daylight: Street light present,Fine without high winds,Dry,None,None,1,Yes,E01003054,2005
10738,200501LX51152,530440.0,173680.0,-0.124329,51.447038,1,3,2,1,05/10/2005,4,13:00,9,E09000022,3,23,Single carriageway,30,Giveway or uncontrolled,6,0,None within 50 metres,No physical crossing within 50 meters,Daylight: Street light present,Fine without high winds,Dry,None,None,1,Yes,E01003023,2005
10739,200501LX51153,530400.0,173610.0,-0.124931,51.446418,1,3,1,1,07/09/2005,4,19:15,9,E09000022,6,0,Single carriageway,30,None,-1,0,None within 50 metres,No physical crossing within 50 meters,Daylight: Street light present,Fine without high winds,Dry,None,None,1,Yes,E01003023,2005
10740,200501LX51154,530840.0,179870.0,-0.116286,51.502575,1,2,1,1,06/10/2005,5,18:01,9,E09000022,3,3200,Single carriageway,30,Automatic traffic signal,6,0,None within 50 metres,Pedestrian phase at traffic signal junction,Daylight: Street light present,Fine without high winds,Dry,None,None,1,Yes,E01003012,2005
10741,200501LX51155,531150.0,175870.0,-0.113307,51.466556,1,3,2,1,06/10/2005,5,08:40,9,E09000022,3,23,Single carriageway,30,None,-1,0,None within 50 metres,No physical crossing within 50 meters,Daylight: Street light present,Fine without high winds,Dry,None,None,1,Yes,E01003060,2005
10742,200501LX51156,530900.0,175820.0,-0.116922,51.466164,1,3,1,1,08/10/2005,7,20:55,9,E09000022,3,203,Single carriageway,30,Giveway or uncontrolled,6,0,None within 50 metres,Zebra crossing,Darkness: Street lights present and lit,Raining without high winds,Wet/Damp,None,None,1,Yes,E01003061,2005
10743,200501LX51157,530430.0,173450.0,-0.124558,51.444974,1,3,2,1,17/08/2005,4,07:50,9,E09000022,3,23,Single carriageway,30,Automatic traffic signal,3,205,None within 50 metres,Pedestrian phase at traffic signal junction,Daylight: Street light present,Fine without high winds,Dry,None,None,1,Yes,E01003137,2005
10744,200501LX51158,530480.0,177980.0,-0.122168,51.485673,1,3,2,1,22/09/2005,5,11:16,9,E09000022,3,203,One way street,30,None,-1,0,None within 50 metres,Pedestrian phase at traffic signal junction,Daylight: Street light present,Fine without high winds,Dry,None,None,1,Yes,E01003102,2005
10745,200501LX51160,529480.0,173750.0,-0.138111,51.447888,1,3,1,1,29/09/2005,5,08:12,9,E09000022,5,0,Roundabout,30,Giveway or uncontrolled,6,0,None within 50 metres,No physical crossing within 50 meters,Daylight: Street light present,Fine without high winds,Dry,None,None,1,Yes,E01003156,2005
10746,200501LX51161,530190.0,172290.0,-0.128436,51.434604,1,3,3,2,23/09/2005,6,10:47,9,E09000022,3,23,Dual carriageway,30,Giveway or uncontrolled,6,0,None within 50 metres,No physical crossing within 50 meters,Daylight: Street light present,Fine without high winds,Dry,None,None,1,Yes,E01003117,2005
10747,200501LX51162,531230.0,178600.0,-0.111142,51.491071,1,2,2,1,06/10/2005,5,21:13,9,E09000022,3,23,Single carriageway,30,Giveway or uncontrolled,6,0,None within 50 metres,No physical crossing within 50 meters,Darkness: Street lights present and lit,Fine without high winds,Dry,None,None,1,Yes,E01003111,2005
10748,200501LX51163,532340.0,172950.0,-0.097277,51.440037,1,3,5,2,12/10/2005,4,15:50,9,E09000022,3,205,Single carriageway,30,Automatic traffic signal,6,0,None within 50 metres,No physical crossing within 50 meters,Daylight: Street light present,Raining without high winds,Wet/Damp,None,None,1,Yes,E01003166,2005
10749,200501LX51164,531380.0,175100.0,-0.110283,51.459582,1,3,2,1,10/10/2005,2,14:50,9,E09000022,4,223,Single carriageway,30,None,-1,0,None within 50 metres,No physical crossing within 50 meters,Daylight: Street light present,Fine without high winds,Dry,None,None,1,Yes,E01003043,2005
10750,200501LX51165,530090.0,175900.0,-0.128547,51.46707,1,3,2,1,15/10/2005,7,21:05,9,E09000022,3,3,Single carriageway,30,None,-1,0,None within 50 metres,No physical crossing within 50 meters,Darkness: Street lights present and lit,Fine without high winds,Dry,None,None,1,Yes,E01003090,2005
10751,200501LX51167,528590.0,175770.0,-0.150177,51.466244,1,3,1,1,14/10/2005,6,11:30,9,E09000022,3,3036,Single carriageway,30,None,-1,0,None within 50 metres,No physical crossing within 50 meters,Daylight: Street light present,Fine without high winds,Dry,None,None,1,No,E01003037,2005
10752,200501LX51168,532220.0,171450.0,-0.099562,51.426585,1,2,2,1,05/09/2005,2,15:10,9,E09000022,4,232,Single carriageway,30,Giveway or uncontrolled,6,0,None within 50 metres,No physical crossing within 50 meters,Daylight: Street light present,Fine without high winds,Dry,None,None,1,No,E01003086,2005
10753,200501LX51169,529540.0,176390.0,-0.136281,51.471599,1,3,2,1,28/09/2005,4,09:20,9,E09000022,3,3036,Single carriageway,30,Giveway or uncontrolled,6,0,None within 50 metres,No physical crossing within 50 meters,Daylight: Street light present,Fine without high winds,Dry,None,None,1,Yes,E01003089,2005
10754,200501LX51170,531030.0,175380.0,-0.115215,51.46218,1,3,2,1,18/09/2005,1,00:15,9,E09000022,3,23,Single carriageway,30,Giveway or uncontrolled,6,0,None within 50 metres,No physical crossing within 50 meters,Darkness: Street lights present and lit,Fine without high winds,Dry,None,None,1,Yes,E01003047,2005
10755,200501LX51171,531120.0,175770.0,-0.113776,51.465664,1,3,1,1,16/09/2005,6,09:50,9,E09000022,3,23,Single carriageway,30,None,-1,0,None within 50 metres,Pedestrian phase at traffic signal junction,Daylight: Street light present,Fine without high winds,Dry,None,None,1,Yes,E01003061,2005
10756,200501LX51174,531190.0,179180.0,-0.111503,51.496293,1,3,3,1,13/10/2005,5,10:15,9,E09000022,3,23,Single carriageway,30,Automatic traffic signal,3,3203,None within 50 metres,Pedestrian phase at traffic signal junction,Daylight: Street light present,Raining without high winds,Wet/Damp,None,None,1,Yes,E01003014,2005
10757,200501LX51175,530430.0,173460.0,-0.124554,51.445063,1,3,2,2,03/10/2005,2,10:30,9,E09000022,3,23,Single carriageway,30,Automatic traffic signal,3,205,None within 50 metres,Pedestrian phase at traffic signal junction,Daylight: Street light present,Fine without high winds,Dry,None,None,1,Yes,E01003137,2005
10758,200501LX51176,530440.0,173500.0,-0.124396,51.445421,1,3,2,1,19/09/2005,2,14:00,9,E09000022,3,23,Single carriageway,30,None,-1,0,None within 50 metres,Pedestrian phase at traffic signal junction,Daylight: Street light present,Fine without high winds,Dry,None,None,1,No,E01003023,2005
10759,200501LX51177,531020.0,175360.0,-0.115366,51.462002,1,3,1,1,30/09/2005,6,07:40,9,E09000022,3,23,Single carriageway,30,None,-1,0,None within 50 metres,No physical crossing within 50 meters,Daylight: Street light present,Raining without high winds,Wet/Damp,None,None,1,No,E01003055,2005
10760,200501LX51178,530200.0,178130.0,-0.126143,51.487085,1,3,2,1,09/07/2005,7,23:59,9,E09000022,3,202,Single carriageway,30,None,-1,0,None within 50 metres,No physical crossing within 50 meters,Darkness: Street lights present and lit,Fine without high winds,Dry,None,None,1,No,,2005
10761,200501LX51179,530380.0,176310.0,-0.124224,51.470688,1,3,2,1,06/10/2005,5,08:00,9,E09000022,3,3,Single carriageway,30,Giveway or uncontrolled,6,0,None within 50 metres,non-junction pedestrian crossing,Daylight: Street light present,Fine without high winds,Dry,None,None,1,Yes,E01003128,2005
10762,200501LX51180,530040.0,175460.0,-0.129428,51.463127,1,3,2,1,18/10/2005,3,18:00,9,E09000022,4,221,Single carriageway,30,Giveway or uncontrolled,6,0,None within 50 metres,Zebra crossing,Daylight: Street light present,Fine without high winds,Dry,None,None,1,Yes,E01003054,2005
10763,200501LX51181,531940.0,171000.0,-0.103754,51.422606,1,3,1,1,29/09/2005,5,08:47,9,E09000022,3,214,Single carriageway,30,Giveway or uncontrolled,6,0,None within 50 metres,No physical crossing within 50 meters,Daylight: Street light present,Fine without high winds,Dry,None,None,1,Yes,E01003087,2005
10764,200501LX51182,529480.0,176000.0,-0.137288,51.468108,1,3,2,1,30/09/2005,6,08:38,9,E09000022,5,0,Single carriageway,30,Giveway or uncontrolled,6,0,None within 50 metres,No physical crossing within 50 meters,Daylight: Street light present,Raining without high winds,Wet/Damp,None,None,1,Yes,E01003036,2005
10765,200501LX51184,531100.0,174780.0,-0.11443,51.456772,1,3,3,1,02/10/2005,1,21:00,9,E09000022,3,204,Single carriageway,30,Giveway or uncontrolled,6,0,None within 50 metres,No physical crossing within 50 meters,Darkness: Street lights present and lit,Fine without high winds,Dry,None,None,1,No,E01003176,2005
10766,200501LX51185,531230.0,178670.0,-0.111116,51.4917,1,3,2,1,03/10/2005,2,08:45,9,E09000022,3,23,Single carriageway,30,Giveway or uncontrolled,6,0,None within 50 metres,Zebra crossing,Daylight: Street light present,Fine without high winds,Dry,None,None,1,No,E01003111,2005
10767,200501LX51186,530350.0,172890.0,-0.125915,51.439959,1,3,1,1,13/10/2005,5,14:50,9,E09000022,3,23,Single carriageway,30,Giveway or uncontrolled,6,0,None within 50 metres,non-junction pedestrian crossing,Daylight: Street light present,Fine without high winds,Dry,None,None,1,No,E01003131,2005
10768,200501LX51187,530320.0,177510.0,-0.124645,51.481486,1,3,2,2,07/10/2005,6,22:00,9,E09000022,3,203,Single carriageway,30,Giveway or uncontrolled,6,0,None within 50 metres,Zebra crossing,Darkness: Street lights present and lit,Fine without high winds,Dry,None,None,1,No,E01003103,2005
10769,200501LX51189,531190.0,179170.0,-0.111506,51.496203,1,3,1,1,22/10/2005,7,12:25,9,E09000022,3,23,Single carriageway,30,Automatic traffic signal,3,3203,None within 50 metres,Pedestrian phase at traffic signal junction,Daylight: Street light present,Fine without high winds,Dry,None,None,1,No,E01003014,2005
10770,200501LX51190,531190.0,179190.0,-0.111499,51.496383,1,3,2,2,10/07/2005,1,14:00,9,E09000022,3,23,Single carriageway,30,Automatic traffic signal,3,3203,None within 50 metres,Pedestrian phase at traffic signal junction,Daylight: Street light present,Fine without high winds,Dry,None,None,1,No,E01003933,2005
10771,200501LX51191,530500.0,170160.0,-0.124762,51.41539,1,3,2,1,19/10/2005,4,22:25,9,E09000022,3,23,Single carriageway,30,Automatic traffic signal,4,273,None within 50 metres,Pedestrian phase at traffic signal junction,Darkness: Street lights present and lit,Raining without high winds,Wet/Damp,None,None,1,Yes,E01003141,2005
10772,200501LX51192,530680.0,178070.0,-0.119256,51.486435,1,3,1,1,16/10/2005,1,21:37,9,E09000022,3,3204,Single carriageway,30,Automatic traffic signal,3,3204,None within 50 metres,Pedestrian phase at traffic signal junction,Darkness: Street lights present and lit,Fine without high winds,Dry,None,None,1,Yes,E01003109,2005
10773,200501LX51193,533010.0,170990.0,-0.088378,51.422267,1,3,2,1,09/10/2005,1,13:45,9,E09000022,6,0,Single carriageway,30,Authorised person,6,0,None within 50 metres,No physical crossing within 50 meters,Daylight: Street light present,Fine without high winds,Dry,None,None,1,Yes,E01003063,2005
10774,200501LX51194,532690.0,176000.0,-0.091101,51.467365,1,3,2,1,17/10/2005,2,09:00,8,E09000028,3,215,Single carriageway,30,Automatic traffic signal,3,2216,None within 50 metres,Pedestrian phase at traffic signal junction,Daylight: Street light present,Fine without high winds,Wet/Damp,None,None,1,Yes,E01003076,2005
10775,200501LX51196,529180.0,174220.0,-0.142254,51.45218,1,3,2,1,09/10/2005,1,17:20,9,E09000022,3,205,Single carriageway,30,Giveway or uncontrolled,5,0,None within 50 metres,No physical crossing within 50 meters,Daylight: Street light present,Fine without high winds,Dry,None,None,1,Yes,E01003031,2005
10776,200501LX51197,530070.0,171750.0,-0.130359,51.429779,1,3,2,2,10/10/2005,2,17:18,9,E09000022,3,23,Single carriageway,30,None,-1,0,None within 50 metres,non-junction pedestrian crossing,Daylight: Street light present,Fine without high winds,Dry,None,None,1,Yes,E01003120,2005
10777,200501LX51198,530100.0,171060.0,-0.130181,51.423571,1,3,2,1,10/10/2005,2,12:30,9,E09000022,3,23,Dual carriageway,30,Giveway or uncontrolled,6,0,None within 50 metres,No physical crossing within 50 meters,Daylight: Street light present,Fine without high winds,Dry,None,None,1,Yes,E01003114,2005
10778,200501LX51199,531190.0,179170.0,-0.111506,51.496203,1,3,1,1,10/10/2005,2,19:16,9,E09000022,3,23,Single carriageway,30,Automatic traffic signal,3,3203,None within 50 metres,Pedestrian phase at traffic signal junction,Daylight: Street light present,Fine without high winds,Dry,None,None,1,Yes,E01003014,2005
10779,200501LX51200,530390.0,174640.0,-0.124695,51.455677,1,3,2,2,09/10/2005,1,13:30,9,E09000022,6,0,Single carriageway,30,Giveway or uncontrolled,6,0,None within 50 metres,No physical crossing within 50 meters,Daylight: Street light present,Fine without high winds,Dry,None,None,1,Yes,E01003018,2005
10780,200501LX51203,529990.0,171660.0,-0.131543,51.428988,1,3,2,1,05/10/2005,4,19:00,9,E09000022,3,214,Single carriageway,30,Automatic traffic signal,3,216,None within 50 metres,Pedestrian phase at traffic signal junction,Daylight: Street light present,Fine without high winds,Dry,None,None,1,Yes,E01003119,2005
10781,200501LX51204,531010.0,175330.0,-0.115521,51.461735,1,3,1,1,18/10/2005,3,15:22,9,E09000022,3,23,Single carriageway,30,Giveway or uncontrolled,6,0,None within 50 metres,No physical crossing within 50 meters,Daylight: Street light present,Fine without high winds,Dry,None,None,1,Yes,E01003055,2005
10782,200501LX51205,531170.0,180220.0,-0.111404,51.505644,1,3,2,1,13/10/2005,5,08:40,9,E09000022,3,3200,Single carriageway,30,Giveway or uncontrolled,5,0,None within 50 metres,No physical crossing within 50 meters,Daylight: Street light present,Raining without high winds,Wet/Damp,None,None,1,No,E01003016,2005
10783,200501LX51206,531020.0,175370.0,-0.115362,51.462092,1,3,1,1,14/10/2005,6,12:15,9,E09000022,3,23,Single carriageway,30,Giveway or uncontrolled,6,0,None within 50 metres,non-junction pedestrian crossing,Daylight: Street light present,Fine without high winds,Dry,None,None,1,No,E01003055,2005
10784,200501LX51207,531830.0,172530.0,-0.104767,51.436382,1,3,3,1,16/10/2005,1,06:25,9,E09000022,5,0,Single carriageway,30,Automatic traffic signal,3,215,None within 50 metres,Pedestrian phase at traffic signal junction,Darkness: Street lights present and lit,Fine without high winds,Dry,None,None,1,Yes,E01003079,2005
10785,200501LX51208,531720.0,172890.0,-0.106214,51.439643,1,3,1,1,16/10/2005,1,23:12,9,E09000022,3,215,Single carriageway,30,None,-1,0,None within 50 metres,No physical crossing within 50 meters,Darkness: Street lights present and lit,Fine without high winds,Dry,None,None,1,Yes,E01003133,2005
10786,200501LX51209,531190.0,177170.0,-0.112249,51.478229,1,3,2,1,07/10/2005,6,21:42,9,E09000022,3,23,Single carriageway,30,Giveway or uncontrolled,6,0,None within 50 metres,No physical crossing within 50 meters,Darkness: Street lights present and lit,Fine without high winds,Dry,None,None,1,Yes,E01003181,2005
10787,200501LX51211,531310.0,177870.0,-0.110262,51.484492,1,3,1,2,21/06/2005,3,22:05,9,E09000022,3,3,Single carriageway,30,Automatic traffic signal,3,23,None within 50 metres,Pedestrian phase at traffic signal junction,Darkness: Street lights present and lit,Fine without high winds,Dry,None,None,1,Yes,E01003099,2005
10788,200501LX51212,531700.0,172940.0,-0.106483,51.440097,1,3,1,1,22/10/2005,7,12:50,9,E09000022,3,205,Single carriageway,30,Giveway or uncontrolled,3,215,None within 50 metres,Zebra crossing,Daylight: Street light present,Fine without high winds,Dry,None,None,1,Yes,E01003133,2005
10789,200501LX51213,530980.0,180150.0,-0.114166,51.505058,1,3,2,1,20/10/2005,5,17:00,9,E09000022,3,301,Roundabout,30,Giveway or uncontrolled,3,301,None within 50 metres,Zebra crossing,Daylight: Street light present,Fine without high winds,Dry,None,None,1,Yes,E01003016,2005
10790,200501LX51214,530330.0,170430.0,-0.127107,51.417856,1,3,1,1,24/10/2005,2,05:38,9,E09000022,3,23,Single carriageway,30,None,-1,0,None within 50 metres,non-junction pedestrian crossing,Darkness: Street lights present and lit,Raining without high winds,Wet/Damp,None,None,1,Yes,E01003147,2005
10791,200501LX51215,531060.0,177400.0,-0.114035,51.480326,1,3,2,1,25/10/2005,3,07:43,9,E09000022,3,3,Single carriageway,30,Giveway or uncontrolled,6,0,None within 50 metres,No physical crossing within 50 meters,Daylight: Street light present,Raining without high winds,Wet/Damp,None,None,1,Yes,E01003100,2005
10792,200501LX51216,530540.0,174020.0,-0.122766,51.450071,1,2,2,1,27/10/2005,5,08:45,9,E09000022,3,23,Single carriageway,30,Giveway or uncontrolled,6,0,None within 50 metres,No physical crossing within 50 meters,Daylight: Street light present,Fine without high winds,Dry,None,None,1,Yes,E01003024,2005
10793,200501LX51217,531590.0,176270.0,-0.106827,51.470048,1,3,2,1,18/10/2005,3,10:42,9,E09000022,5,0,Single carriageway,30,None,-1,0,None within 50 metres,No physical crossing within 50 meters,Daylight: Street light present,Fine without high winds,Dry,None,None,1,Yes,E01003046,2005
10794,200501LX51218,529940.0,171410.0,-0.132353,51.426753,1,3,2,1,21/10/2005,6,10:53,9,E09000022,5,0,One way street,30,Giveway or uncontrolled,6,0,None within 50 metres,No physical crossing within 50 meters,Daylight: Street light present,Fine without high winds,Dry,None,None,1,Yes,E01003113,2005
10795,200501LX51219,528580.0,175720.0,-0.150339,51.465797,1,3,1,1,21/10/2005,6,07:51,9,E09000022,3,3216,Single carriageway,30,None,-1,0,None within 50 metres,No physical crossing within 50 meters,Daylight: Street light present,Raining without high winds,Wet/Damp,None,None,1,Yes,E01003042,2005
10796,200501LX51220,530040.0,175560.0,-0.129392,51.464026,1,3,2,1,19/10/2005,4,08:05,9,E09000022,4,221,Single carriageway,30,Giveway or uncontrolled,6,0,None within 50 metres,No physical crossing within 50 meters,Daylight: Street light present,Fine without high winds,Wet/Damp,None,None,1,Yes,E01003054,2005
10797,200501LX51221,531190.0,179190.0,-0.111499,51.496383,1,3,2,1,22/10/2005,7,09:21,9,E09000022,3,3203,Single carriageway,30,Automatic traffic signal,3,23,None within 50 metres,Pedestrian phase at traffic signal junction,Daylight: Street light present,Fine without high winds,Wet/Damp,None,None,1,Yes,E01003933,2005
10798,200501LX51222,532870.0,170870.0,-0.090435,51.421221,1,3,2,1,21/10/2005,6,23:30,20,E09000008,3,214,Single carriageway,30,Giveway or uncontrolled,6,0,None within 50 metres,No physical crossing within 50 meters,Darkness: Street lights present and lit,Fine without high winds,Wet/Damp,None,None,1,Yes,E01001162,2005
10799,200501LX51224,530770.0,179670.0,-0.117368,51.500793,1,3,2,1,19/10/2005,4,19:15,9,E09000022,3,23,Dual carriageway,30,Automatic traffic signal,3,3200,None within 50 metres,No physical crossing within 50 meters,Darkness: Street lights present and lit,Raining without high winds,Wet/Damp,None,None,1,No,E01003013,2005
10800,200501LX51228,532530.0,176600.0,-0.093178,51.472795,1,3,1,1,27/10/2005,5,17:10,8,E09000028,6,0,Single carriageway,30,Automatic traffic signal,3,215,None within 50 metres,Pedestrian phase at traffic signal junction,Daylight: Street light present,Fine without high winds,Dry,None,None,1,Yes,E01003922,2005
10801,200501LX51229,530650.0,175110.0,-0.120782,51.459841,1,3,2,1,10/10/2005,2,18:05,9,E09000022,3,2217,Single carriageway,30,Giveway or uncontrolled,6,0,None within 50 metres,No physical crossing within 50 meters,Daylight: Street light present,Fine without high winds,Dry,None,None,1,Yes,E01003020,2005
10802,200501LX51230,530300.0,172640.0,-0.126726,51.437724,1,3,2,1,10/10/2005,2,10:30,9,E09000022,5,0,Single carriageway,30,Automatic traffic signal,3,23,None within 50 metres,Pedestrian phase at traffic signal junction,Daylight: Street light present,Fine without high winds,Dry,None,None,1,Yes,E01003153,2005
10803,200501LX51231,531170.0,171070.0,-0.114797,51.423414,1,3,1,1,22/10/2005,7,11:15,9,E09000022,3,214,Single carriageway,30,Automatic traffic signal,5,0,None within 50 metres,Pedestrian phase at traffic signal junction,Daylight: Street light present,Fine without high winds,Dry,None,None,1,Yes,E01003144,2005
10804,200501LX51232,529850.0,173520.0,-0.132874,51.445736,1,3,2,1,18/10/2005,3,19:58,9,E09000022,4,221,Single carriageway,30,Giveway or uncontrolled,6,0,None within 50 metres,No physical crossing within 50 meters,Darkness: Street lights present and lit,Raining without high winds,Wet/Damp,None,None,1,Yes,E01003163,2005
10805,200501LX51233,530010.0,171670.0,-0.131251,51.429073,1,3,1,1,27/10/2005,5,22:10,9,E09000022,3,23,Single carriageway,30,Automatic traffic signal,3,216,None within 50 metres,No physical crossing within 50 meters,Darkness: Street lights present and lit,Fine without high winds,Dry,None,None,1,Yes,E01003119,2005
10806,200501LX51234,531030.0,178130.0,-0.114196,51.486894,1,2,1,1,28/10/2005,6,11:30,9,E09000022,3,3204,Single carriageway,30,None,-1,0,None within 50 metres,No physical crossing within 50 meters,Daylight: Street light present,Fine without high winds,Dry,None,None,1,Yes,E01003101,2005
10807,200501LX51235,531880.0,177130.0,-0.102334,51.477709,1,3,2,1,31/10/2005,2,15:19,9,E09000022,3,202,Single carriageway,30,None,-1,0,None within 50 metres,No physical crossing within 50 meters,Daylight: Street light present,Fine without high winds,Wet/Damp,None,None,1,Yes,E01003180,2005
10808,200501LX51239,530490.0,173910.0,-0.123526,51.449094,1,3,1,2,04/10/2005,3,08:48,9,E09000022,3,23,Single carriageway,30,Automatic traffic signal,5,0,None within 50 metres,Pedestrian phase at traffic signal junction,Daylight: Street light present,Fine without high winds,Dry,None,None,1,Yes,E01003024,2005
10809,200501LX51240,530330.0,177380.0,-0.124549,51.480315,1,3,2,1,31/10/2005,2,08:05,9,E09000022,3,203,Single carriageway,30,Giveway or uncontrolled,6,0,None within 50 metres,No physical crossing within 50 meters,Daylight: Street light present,Raining without high winds,Wet/Damp,None,None,1,Yes,E01003097,2005
10810,200501LX51241,529970.0,173720.0,-0.131074,51.447506,1,2,1,1,10/10/2005,2,11:50,9,E09000022,3,205,Single carriageway,30,None,-1,0,None within 50 metres,No physical crossing within 50 meters,Daylight: Street light present,Fine without high winds,Dry,None,None,1,Yes,E01003162,2005
10811,200501LX51242,532490.0,176440.0,-0.093813,51.471366,1,3,1,1,12/10/2005,4,15:45,9,E09000022,3,2217,Single carriageway,30,Giveway or uncontrolled,6,0,None within 50 metres,No physical crossing within 50 meters,Daylight: Street light present,Raining without high winds,Wet/Damp,None,None,1,Yes,E01003922,2005
10812,200501LX51248,530530.0,173990.0,-0.122921,51.449804,1,2,2,2,28/10/2005,6,08:00,9,E09000022,3,23,Dual carriageway,30,Giveway or uncontrolled,6,0,None within 50 metres,No physical crossing within 50 meters,Darkness: Street lights present and lit,Raining without high winds,Wet/Damp,None,None,1,Yes,E01003024,2005
10813,200501LX51249,530300.0,175070.0,-0.125831,51.459562,1,3,2,2,22/10/2005,7,20:00,9,E09000022,3,2217,Single carriageway,30,Giveway or uncontrolled,6,0,None within 50 metres,No physical crossing within 50 meters,Darkness: Street lights present and lit,Fine without high winds,Dry,None,None,1,Yes,E01003019,2005
10814,200501LX51250,530440.0,173550.0,-0.124377,51.44587,1,2,1,1,18/10/2005,3,08:34,9,E09000022,3,23,Single carriageway,30,Giveway or uncontrolled,6,0,None within 50 metres,No physical crossing within 50 meters,Daylight: Street light present,Fine without high winds,Dry,None,None,1,Yes,E01003023,2005
10815,200501LX51252,532270.0,173490.0,-0.098082,51.444907,1,3,2,1,20/10/2005,5,20:50,9,E09000022,5,0,Single carriageway,30,Giveway or uncontrolled,6,0,None within 50 metres,No physical crossing within 50 meters,Darkness: Street lights present and lit,Fine without high winds,Dry,None,None,1,Yes,E01003170,2005
10816,200501LX51253,529750.0,176180.0,-0.133337,51.469664,1,3,2,1,03/11/2005,5,09:10,9,E09000022,5,0,Single carriageway,30,None,-1,0,None within 50 metres,No physical crossing within 50 meters,Daylight: Street light present,Fine without high winds,Dry,None,None,1,No,E01003095,2005
10817,200501LX51254,532280.0,174740.0,-0.097471,51.456138,1,3,1,1,31/10/2005,2,09:00,9,E09000022,3,215,Single carriageway,30,Giveway or uncontrolled,6,0,None within 50 metres,No physical crossing within 50 meters,Daylight: Street light present,Raining without high winds,Wet/Damp,None,None,1,No,E01004074,2005
10818,200501LX51256,531550.0,172960.0,-0.108633,51.440311,1,3,1,1,12/10/2005,4,11:45,9,E09000022,3,205,Single carriageway,30,Giveway or uncontrolled,3,205,None within 50 metres,Zebra crossing,Daylight: Street light present,Raining without high winds,Wet/Damp,None,None,1,Yes,E01003133,2005
10819,200501LX51257,532170.0,176090.0,-0.098549,51.468296,1,3,2,1,21/10/2005,6,14:32,9,E09000022,3,2217,Single carriageway,30,Giveway or uncontrolled,6,0,None within 50 metres,No physical crossing within 50 meters,Daylight: Street light present,Fine without high winds,Dry,None,None,1,Yes,E01003075,2005
10820,200501LX51259,530190.0,178140.0,-0.126284,51.487177,1,3,2,1,25/10/2005,3,12:25,9,E09000022,3,202,Single carriageway,30,None,-1,0,None within 50 metres,No physical crossing within 50 meters,Daylight: Street light present,Fine without high winds,Dry,None,None,1,No,,2005
10821,200501LX51260,531900.0,172080.0,-0.103928,51.432321,1,3,3,2,02/11/2005,4,15:34,9,E09000022,3,215,Single carriageway,30,Giveway or uncontrolled,6,0,None within 50 metres,No physical crossing within 50 meters,Daylight: Street light present,Raining without high winds,Wet/Damp,None,None,1,Yes,E01003081,2005
10822,200501LX51261,531510.0,175670.0,-0.108201,51.464675,1,3,2,1,23/10/2005,1,17:15,9,E09000022,6,0,Single carriageway,30,Giveway or uncontrolled,6,0,None within 50 metres,No physical crossing within 50 meters,Daylight: Street light present,Fine without high winds,Dry,None,None,1,No,E01003049,2005
10823,200501LX51262,530360.0,177990.0,-0.123892,51.48579,1,2,1,1,03/11/2005,5,08:30,9,E09000022,3,3036,Single carriageway,30,Automatic traffic signal,3,203,None within 50 metres,No physical crossing within 50 meters,Daylight: Street light present,Fine without high winds,Wet/Damp,None,None,1,Yes,E01003102,2005
10824,200501LX51264,531820.0,175650.0,-0.103749,51.464423,1,3,2,2,09/10/2005,1,04:33,9,E09000022,3,2217,Single carriageway,30,Giveway or uncontrolled,6,0,None within 50 metres,No physical crossing within 50 meters,Darkness: Street lights present and lit,Fine without high winds,Wet/Damp,None,None,1,Yes,E01003051,2005
10825,200501LX51265,530630.0,173070.0,-0.121822,51.441513,1,3,2,1,02/11/2005,4,10:20,9,E09000022,6,0,Single carriageway,30,Giveway or uncontrolled,6,0,None within 50 metres,No physical crossing within 50 meters,Daylight: Street light present,Fine without high winds,Dry,None,None,1,Yes,E01003130,2005
10826,200501LX51266,532500.0,175120.0,-0.094164,51.459501,1,3,2,2,01/11/2005,3,09:19,9,E09000022,3,215,Single carriageway,30,Automatic traffic signal,5,0,None within 50 metres,Pedestrian phase at traffic signal junction,Daylight: Street light present,Fine without high winds,Dry,None,None,1,Yes,E01003072,2005
10827,200501LX51267,530070.0,175070.0,-0.12914,51.459615,1,3,3,1,03/11/2005,5,17:30,9,E09000022,3,2217,Single carriageway,30,Automatic traffic signal,4,221,None within 50 metres,Pedestrian phase at traffic signal junction,Daylight: Street light present,Fine without high winds,Dry,None,None,1,No,E01003019,2005
10828,200501LX51269,533900.0,171300.0,-0.075468,51.424843,1,3,3,2,05/11/2005,7,14:00,8,E09000028,3,212,Single carriageway,30,None,-1,0,None within 50 metres,No physical crossing within 50 meters,Daylight: Street light present,Raining without high winds,Wet/Damp,None,None,1,No,E01003948,2005
10829,200501LX51270,531870.0,172430.0,-0.104229,51.435474,1,3,1,1,07/11/2005,2,20:15,9,E09000022,3,215,Single carriageway,30,None,-1,0,None within 50 metres,Zebra crossing,Darkness: Street lights present and lit,Fine without high winds,Dry,None,None,1,No,E01003166,2005
10830,200501LX51271,532410.0,173670.0,-0.096001,51.446492,1,3,2,1,09/11/2005,4,17:20,9,E09000022,3,2199,Single carriageway,30,Automatic traffic signal,5,0,None within 50 metres,No physical crossing within 50 meters,Darkness: Street lights present and lit,Fine without high winds,Dry,None,None,1,No,E01003170,2005
10831,200501LX51272,530660.0,174320.0,-0.120929,51.452739,1,3,2,1,11/10/2005,3,15:00,9,E09000022,3,23,Single carriageway,30,Giveway or uncontrolled,6,0,None within 50 metres,No physical crossing within 50 meters,Daylight: Street light present,Fine without high winds,Dry,None,None,1,No,E01003024,2005
10832,200501LX51273,532060.0,174050.0,-0.100893,51.449988,1,3,2,1,06/10/2005,5,15:55,9,E09000022,3,215,Single carriageway,30,None,-1,0,None within 50 metres,No physical crossing within 50 meters,Daylight: Street light present,Fine without high winds,Dry,None,None,1,No,E01003170,2005
10833,200501LX51274,530130.0,172000.0,-0.129405,51.432012,1,3,2,1,14/11/2005,2,09:45,9,E09000022,3,23,Single carriageway,30,Automatic traffic signal,6,0,None within 50 metres,Pedestrian phase at traffic signal junction,Daylight: Street light present,Fine without high winds,Dry,None,None,1,No,E01003118,2005
10834,200501LX51275,532550.0,171030.0,-0.094975,51.422734,1,3,2,1,25/10/2005,3,20:42,20,E09000008,3,214,Single carriageway,30,Giveway or uncontrolled,6,0,None within 50 metres,non-junction pedestrian crossing,Darkness: Street lights present and lit,Fine without high winds,Wet/Damp,None,None,1,Yes,E01003069,2005
10835,200501LX51278,531280.0,179230.0,-0.110188,51.496721,1,3,2,1,02/11/2005,4,14:29,9,E09000022,3,3203,Single carriageway,30,Giveway or uncontrolled,3,3203,None within 50 metres,Zebra crossing,Daylight: Street light present,Raining without high winds,Wet/Damp,None,None,1,Yes,E01003933,2005
10836,200501LX51279,531240.0,177950.0,-0.11124,51.485227,1,3,2,1,01/11/2005,3,09:13,9,E09000022,3,23,Single carriageway,30,Giveway or uncontrolled,6,0,None within 50 metres,Zebra crossing,Daylight: Street light present,Raining without high winds,Wet/Damp,None,None,1,Yes,E01003101,2005
10837,200501LX51281,531240.0,177370.0,-0.111455,51.480015,1,3,1,1,15/10/2005,7,18:42,9,E09000022,3,23,Single carriageway,30,None,-1,0,None within 50 metres,No physical crossing within 50 meters,Darkness: Street lights present and lit,Fine without high winds,Dry,None,None,1,Yes,E01003100,2005
10838,200501LX51283,529050.0,174770.0,-0.143923,51.457152,1,3,1,1,04/11/2005,6,19:15,9,E09000022,6,0,Slip road,30,None,-1,0,None within 50 metres,No physical crossing within 50 meters,Darkness: Street lights present and lit,Fine without high winds,Dry,None,None,1,Yes,E01003026,2005
10839,200501LX51284,530610.0,174190.0,-0.121696,51.451582,1,3,2,1,09/11/2005,4,16:49,9,E09000022,3,23,Single carriageway,30,Automatic traffic signal,3,23,None within 50 metres,No physical crossing within 50 meters,Darkness: Street lights present and lit,Other,Wet/Damp,None,None,1,Yes,E01003024,2005
10840,200501LX51285,530100.0,171060.0,-0.130181,51.423571,1,3,2,4,07/11/2005,2,11:07,9,E09000022,3,23,Dual carriageway,30,Giveway or uncontrolled,6,0,None within 50 metres,No physical crossing within 50 meters,Daylight: Street light present,Fine without high winds,Dry,None,None,1,Yes,E01003114,2005
10841,200501LX51286,529480.0,175320.0,-0.137536,51.461997,1,3,2,1,07/11/2005,2,13:01,9,E09000022,3,3,Dual carriageway,30,Automatic traffic signal,3,2217,None within 50 metres,Pedestrian phase at traffic signal junction,Daylight: Street light present,Fine without high winds,Dry,None,None,1,Yes,E01003041,2005
10842,200501LX51288,530400.0,178030.0,-0.123301,51.48614,1,3,2,1,07/11/2005,2,11:54,9,E09000022,3,3036,Roundabout,30,Automatic traffic signal,3,202,None within 50 metres,No physical crossing within 50 meters,Daylight: Street light present,Fine without high winds,Dry,None,None,1,Yes,E01003102,2005
10843,200501LX51289,529870.0,176830.0,-0.131371,51.475478,1,3,2,1,08/11/2005,3,10:00,9,E09000022,3,3036,Single carriageway,30,Automatic traffic signal,5,0,None within 50 metres,No physical crossing within 50 meters,Daylight: Street light present,Fine without high winds,Dry,None,None,1,Yes,E01003122,2005
10844,200501LX51290,530320.0,177510.0,-0.124645,51.481486,1,3,2,1,09/11/2005,4,17:20,9,E09000022,3,203,Single carriageway,30,Giveway or uncontrolled,6,0,None within 50 metres,Zebra crossing,Daylight: Street light present,Fine without high winds,Dry,None,None,1,Yes,E01003103,2005
10845,200501LX51291,530250.0,170600.0,-0.128194,51.419402,1,3,2,1,11/11/2005,6,23:05,9,E09000022,3,23,Single carriageway,30,None,-1,0,None within 50 metres,No physical crossing within 50 meters,Darkness: Street lights present and lit,Raining without high winds,Wet/Damp,None,None,1,Yes,E01003144,2005
10846,200501LX51292,531750.0,172710.0,-0.10585,51.438018,1,3,3,1,18/11/2005,6,12:05,9,E09000022,3,215,Single carriageway,30,Giveway or uncontrolled,6,0,None within 50 metres,No physical crossing within 50 meters,Daylight: Street light present,Fine without high winds,Dry,None,None,1,Yes,E01003166,2005
10847,200501LX51293,530780.0,179730.0,-0.117202,51.50133,1,3,2,1,17/11/2005,5,19:11,9,E09000022,3,3200,Roundabout,30,Automatic traffic signal,3,23,None within 50 metres,Pedestrian phase at traffic signal junction,Darkness: Street lights present and lit,Fine without high winds,Dry,None,None,1,Yes,E01003013,2005
10848,200501LX51294,530030.0,175750.0,-0.129466,51.465735,1,3,2,1,16/11/2005,4,17:25,9,E09000022,3,3,Single carriageway,30,None,-1,0,None within 50 metres,No physical crossing within 50 meters,Darkness: Street lights present and lit,Fine without high winds,Dry,None,None,1,Yes,E01003090,2005
10849,200501LX51296,530750.0,175150.0,-0.119328,51.460178,1,3,1,1,11/11/2005,6,20:02,9,E09000022,6,0,Single carriageway,30,Giveway or uncontrolled,3,2217,None within 50 metres,No physical crossing within 50 meters,Darkness: Street lights present and lit,Fine without high winds,Dry,None,None,1,Yes,E01003020,2005
10850,200501LX51299,530180.0,170870.0,-0.129101,51.421845,1,3,1,1,15/11/2005,3,12:08,9,E09000022,3,23,Dual carriageway,30,Automatic traffic signal,4,272,None within 50 metres,Pedestrian phase at traffic signal junction,Daylight: Street light present,Fine without high winds,Dry,None,None,1,Yes,E01003144,2005
10851,200501LX51300,530730.0,179660.0,-0.117948,51.500713,1,2,1,1,23/10/2005,1,08:59,9,E09000022,3,302,Single carriageway,30,None,-1,0,None within 50 metres,non-junction pedestrian crossing,Daylight: Street light present,Fine without high winds,Dry,None,None,1,Yes,E01003013,2005
10852,200501LX51302,530110.0,177490.0,-0.127674,51.481354,1,3,3,1,20/10/2005,5,21:22,9,E09000022,3,3036,Single carriageway,30,Automatic traffic signal,6,0,None within 50 metres,No physical crossing within 50 meters,Darkness: Street lights present and lit,Fine without high winds,Dry,None,None,1,Yes,E01003103,2005
10853,200501LX51303,530930.0,172120.0,-0.117859,51.432906,1,3,2,1,29/10/2005,7,20:15,9,E09000022,5,0,Single carriageway,30,Automatic traffic signal,5,0,None within 50 metres,Pedestrian phase at traffic signal junction,Darkness: Street lights present and lit,Fine without high winds,Wet/Damp,None,None,1,Yes,E01003154,2005
10854,200501LX51304,530130.0,171930.0,-0.129431,51.431382,1,3,2,1,27/09/2005,3,09:00,9,E09000022,3,23,Single carriageway,30,Giveway or uncontrolled,6,0,None within 50 metres,non-junction pedestrian crossing,Daylight: Street light present,Raining without high winds,Wet/Damp,None,None,1,Yes,E01003118,2005
10855,200501LX51305,530820.0,173310.0,-0.119001,51.443626,1,3,2,1,10/11/2005,5,09:37,9,E09000022,3,205,Single carriageway,30,Giveway or uncontrolled,6,0,None within 50 metres,No physical crossing within 50 meters,Daylight: Street light present,Fine without high winds,Dry,None,None,1,Yes,E01003137,2005
10856,200501LX51307,530360.0,177630.0,-0.124025,51.482555,1,3,2,1,19/11/2005,7,12:25,9,E09000022,3,203,Single carriageway,30,Automatic traffic signal,4,301,None within 50 metres,Pedestrian phase at traffic signal junction,Daylight: Street light present,Fine without high winds,Dry,None,None,1,No,E01003103,2005
10857,200501LX51308,530980.0,175230.0,-0.11599,51.460843,1,3,2,3,24/11/2005,5,18:10,9,E09000022,3,23,Single carriageway,30,Automatic traffic signal,3,2217,None within 50 metres,Pedestrian phase at traffic signal junction,Darkness: Street lights present and lit,Fine without high winds,Wet/Damp,None,None,1,No,E01003020,2005
10858,200501LX51309,529750.0,171650.0,-0.134997,51.428953,1,3,1,1,29/08/2005,2,17:23,9,E09000022,5,0,Single carriageway,30,None,-1,0,None within 50 metres,No physical crossing within 50 meters,Daylight: Street light present,Fine without high winds,Dry,None,None,1,Yes,E01003119,2005
10859,200501LX51310,529930.0,175050.0,-0.131162,51.459468,1,3,2,1,09/10/2005,1,10:49,9,E09000022,3,2217,Single carriageway,30,Giveway or uncontrolled,6,0,None within 50 metres,No physical crossing within 50 meters,Daylight: Street light present,Fine without high winds,Dry,None,None,1,Yes,E01003029,2005
10860,200501LX51311,531850.0,172500.0,-0.10449,51.436108,1,3,2,1,16/10/2005,1,17:37,9,E09000022,3,215,Single carriageway,30,None,-1,0,None within 50 metres,Zebra crossing,Daylight: Street light present,Fine without high winds,Dry,None,None,1,Yes,E01003166,2005
10861,200501LX51312,529510.0,176360.0,-0.136724,51.471337,1,3,2,1,11/11/2005,6,19:20,9,E09000022,3,3036,Single carriageway,30,Giveway or uncontrolled,6,0,None within 50 metres,No physical crossing within 50 meters,Darkness: Street lights present and lit,Fine without high winds,Dry,None,None,1,No,E01003091,2005
10862,200501LX51313,531280.0,177490.0,-0.110835,51.481084,1,3,2,1,19/11/2005,7,10:00,9,E09000022,3,23,Single carriageway,30,Automatic traffic signal,3,202,None within 50 metres,Pedestrian phase at traffic signal junction,Daylight: Street light present,Fine without high winds,Dry,None,None,1,No,E01003100,2005
10863,200501LX51314,531460.0,175540.0,-0.108969,51.463518,1,3,2,1,24/11/2005,5,13:10,9,E09000022,5,0,Single carriageway,30,Giveway or uncontrolled,6,0,None within 50 metres,No physical crossing within 50 meters,Daylight: Street light present,Fine without high winds,Wet/Damp,None,None,1,Yes,E01003051,2005
10864,200501LX51317,529960.0,175630.0,-0.130517,51.464673,1,3,1,1,12/11/2005,7,21:30,9,E09000022,6,0,Single carriageway,30,Giveway or uncontrolled,3,3,None within 50 metres,No physical crossing within 50 meters,Darkness: Street lights present and lit,Fine without high winds,Dry,None,None,1,Yes,E01003090,2005
10865,200501LX51318,530480.0,176480.0,-0.122722,51.472192,1,3,2,1,16/11/2005,4,09:12,9,E09000022,3,203,Dual carriageway,30,Automatic traffic signal,3,203,None within 50 metres,Pedestrian phase at traffic signal junction,Daylight: Street light present,Fine without high winds,Dry,None,None,1,Yes,E01003128,2005
10866,200501LX51320,530640.0,179660.0,-0.119244,51.500734,1,3,2,1,13/11/2005,1,19:00,9,E09000022,3,302,Single carriageway,30,None,-1,0,None within 50 metres,No physical crossing within 50 meters,Darkness: Street lights present and lit,Fine without high winds,Dry,None,None,1,Yes,E01003013,2005
10867,200501LX51321,529570.0,176280.0,-0.13589,51.470604,1,3,2,1,19/11/2005,7,09:06,9,E09000022,6,0,Single carriageway,30,None,-1,0,None within 50 metres,No physical crossing within 50 meters,Daylight: Street light present,Fine without high winds,Wet/Damp,None,None,1,Yes,E01003091,2005
10868,200501LX51322,531910.0,172270.0,-0.103713,51.434027,1,3,1,1,21/11/2005,2,16:08,9,E09000022,3,215,Single carriageway,30,Giveway or uncontrolled,6,0,None within 50 metres,No physical crossing within 50 meters,Darkness: Street lights present and lit,Fine without high winds,Dry,None,None,1,Yes,E01003166,2005
10869,200501LX51323,530400.0,172990.0,-0.125159,51.440847,1,3,1,1,21/11/2005,2,10:10,9,E09000022,3,23,Dual carriageway,30,Giveway or uncontrolled,6,0,None within 50 metres,No physical crossing within 50 meters,Daylight: Street light present,Fine without high winds,Dry,None,None,1,Yes,E01003130,2005
10870,200501LX51324,528920.0,174480.0,-0.145899,51.454576,1,2,2,1,22/11/2005,3,08:30,9,E09000022,3,24,Single carriageway,30,Giveway or uncontrolled,6,0,None within 50 metres,No physical crossing within 50 meters,Daylight: Street light present,Fine without high winds,Wet/Damp,None,None,1,Yes,E01003030,2005
10871,200501LX51326,531050.0,172060.0,-0.116156,51.432339,1,3,1,1,23/11/2005,4,07:01,9,E09000022,5,0,Single carriageway,30,Giveway or uncontrolled,6,0,None within 50 metres,No physical crossing within 50 meters,Darkness: Street lights present and lit,Fog or mist,Wet/Damp,None,None,1,Yes,E01003154,2005
10872,200501LX51328,530340.0,178030.0,-0.124165,51.486154,1,3,4,2,24/11/2005,5,22:35,9,E09000022,3,202,Dual carriageway,30,Automatic traffic signal,3,202,None within 50 metres,No physical crossing within 50 meters,Darkness: Street lights present and lit,Fine without high winds,Dry,None,None,1,Yes,E01003103,2005
10873,200501LX51329,530430.0,173120.0,-0.12468,51.442008,1,3,3,1,25/11/2005,6,07:50,9,E09000022,3,23,Dual carriageway,30,Giveway or uncontrolled,6,0,None within 50 metres,No physical crossing within 50 meters,Daylight: Street light present,Fine without high winds,Dry,None,None,1,Yes,E01003137,2005
10874,200501LX51330,530770.0,172830.0,-0.119897,51.439323,1,3,2,1,25/11/2005,6,14:30,9,E09000022,6,0,Roundabout,20,Giveway or uncontrolled,6,0,None within 50 metres,No physical crossing within 50 meters,Daylight: Street light present,Fine without high winds,Dry,None,None,1,Yes,E01003130,2005
10875,200501LX51332,532930.0,171220.0,-0.089442,51.424352,1,3,2,1,27/11/2005,1,12:13,9,E09000022,6,0,Single carriageway,30,None,-1,0,None within 50 metres,No physical crossing within 50 meters,Daylight: Street light present,Fine without high winds,Wet/Damp,None,None,1,Yes,E01003069,2005
10876,200501LX51333,530120.0,171850.0,-0.129604,51.430666,1,3,1,1,28/11/2005,2,09:11,9,E09000022,3,23,Single carriageway,30,Giveway or uncontrolled,3,23,None within 50 metres,No physical crossing within 50 meters,Daylight: Street light present,Fine without high winds,Wet/Damp,None,None,1,Yes,E01003118,2005
10877,200501LX51334,531190.0,179190.0,-0.111499,51.496383,1,3,2,1,28/11/2005,2,08:24,9,E09000022,3,23,Single carriageway,30,Automatic traffic signal,3,3203,None within 50 metres,Pedestrian phase at traffic signal junction,Daylight: Street light present,Fine without high winds,Wet/Damp,None,None,1,Yes,E01003933,2005
10878,200501LX51335,531160.0,177570.0,-0.112532,51.481831,1,3,1,1,29/11/2005,3,10:10,9,E09000022,3,3,Single carriageway,30,Automatic traffic signal,3,202,None within 50 metres,Pedestrian phase at traffic signal junction,Daylight: Street light present,Fine without high winds,Dry,None,None,1,Yes,E01003099,2005
10879,200501LX51336,531200.0,179150.0,-0.11137,51.496021,1,3,2,1,29/11/2005,3,06:43,9,E09000022,3,23,Single carriageway,30,None,-1,0,None within 50 metres,No physical crossing within 50 meters,Daylight: Street light present,Fine without high winds,Wet/Damp,None,None,1,Yes,E01003014,2005
10880,200501LX51338,529640.0,170340.0,-0.137057,51.417205,1,3,3,1,01/12/2005,5,18:30,9,E09000022,4,272,Single carriageway,30,Automatic traffic signal,6,0,None within 50 metres,No physical crossing within 50 meters,Darkness: Street lights present and lit,Raining without high winds,Wet/Damp,None,None,1,Yes,E01003146,2005
10881,200501LX51339,529340.0,176240.0,-0.139214,51.470297,1,3,1,2,01/12/2005,5,08:44,9,E09000022,3,3036,Single carriageway,30,Giveway or uncontrolled,6,0,None within 50 metres,No physical crossing within 50 meters,Daylight: Street light present,Fine without high winds,Wet/Damp,None,None,1,Yes,E01003034,2005
10882,200501LX51340,530370.0,170360.0,-0.126557,51.417218,1,3,2,1,15/11/2005,3,19:13,9,E09000022,3,23,Single carriageway,30,Giveway or uncontrolled,6,0,None within 50 metres,non-junction pedestrian crossing,Darkness: Street lights present and lit,Fine without high winds,Dry,None,None,1,Yes,E01003147,2005
10883,200501LX51341,530020.0,171590.0,-0.131137,51.428352,1,3,1,1,24/07/2005,1,13:08,9,E09000022,3,23,Single carriageway,30,None,-1,0,None within 50 metres,No physical crossing within 50 meters,Daylight: Street light present,Raining without high winds,Wet/Damp,None,None,1,Yes,E01003119,2005
10884,200501LX51342,531010.0,175360.0,-0.11551,51.462005,1,3,2,1,15/11/2005,3,21:47,9,E09000022,3,23,Dual carriageway,30,None,-1,0,None within 50 metres,No physical crossing within 50 meters,Darkness: Street lights present and lit,Fine without high winds,Dry,None,None,1,Yes,E01003055,2005
10885,200501LX51344,530830.0,179830.0,-0.116445,51.502217,1,3,2,2,16/11/2005,4,17:14,9,E09000022,3,3200,Single carriageway,30,Giveway or uncontrolled,6,0,None within 50 metres,No physical crossing within 50 meters,Darkness: Street lights present and lit,Fine without high winds,Dry,None,None,1,Yes,E01003013,2005
10886,200501LX51347,531550.0,171740.0,-0.109086,51.429347,1,3,2,1,05/12/2005,2,20:25,9,E09000022,6,0,Single carriageway,30,Giveway or uncontrolled,6,0,None within 50 metres,No physical crossing within 50 meters,Darkness: Street lights present but unlit,Fine without high winds,Dry,None,None,1,No,E01003084,2005
10887,200501LX51348,530290.0,176730.0,-0.125364,51.474483,1,3,2,1,29/11/2005,3,13:30,9,E09000022,5,0,Single carriageway,30,Giveway or uncontrolled,6,0,None within 50 metres,No physical crossing within 50 meters,Daylight: Street light present,Fine without high winds,Dry,None,None,1,No,E01003124,2005
10888,200501LX51350,529330.0,175980.0,-0.139453,51.467963,1,3,3,1,23/11/2005,4,18:15,9,E09000022,5,0,Single carriageway,30,Giveway or uncontrolled,6,0,None within 50 metres,No physical crossing within 50 meters,Darkness: Street lights present and lit,Fine without high winds,Wet/Damp,None,None,1,Yes,E01003034,2005
10889,200501LX51351,530800.0,171620.0,-0.119912,51.428442,1,3,2,1,21/10/2005,6,15:37,9,E09000022,5,0,Single carriageway,30,Giveway or uncontrolled,6,0,None within 50 metres,No physical crossing within 50 meters,Daylight: Street light present,Fine without high winds,Dry,None,None,1,No,E01003148,2005
10890,200501LX51352,530810.0,171620.0,-0.119769,51.42844,1,3,2,1,02/12/2005,6,15:45,9,E09000022,5,0,Single carriageway,30,Giveway or uncontrolled,6,0,None within 50 metres,No physical crossing within 50 meters,Daylight: Street light present,Raining without high winds,Wet/Damp,None,None,1,Yes,E01003148,2005
10891,200501LX51355,530470.0,176440.0,-0.12288,51.471835,1,3,1,1,02/12/2005,6,22:09,9,E09000022,3,3,Single carriageway,30,Giveway or uncontrolled,6,0,None within 50 metres,No physical crossing within 50 meters,Darkness: Street lights present and lit,Raining without high winds,Wet/Damp,None,None,1,Yes,E01003093,2005
10892,200501LX51356,529530.0,175350.0,-0.136806,51.462255,1,3,1,1,22/10/2005,7,03:20,9,E09000022,3,3,Single carriageway,30,None,-1,0,None within 50 metres,No physical crossing within 50 meters,Darkness: Street lights present and lit,Fine without high winds,Dry,None,None,1,Yes,E01003041,2005
10893,200501LX51357,530440.0,173610.0,-0.124355,51.446409,1,2,1,2,06/11/2005,1,22:15,9,E09000022,3,23,Single carriageway,30,Giveway or uncontrolled,6,0,None within 50 metres,non-junction pedestrian crossing,Darkness: Street lights present and lit,Other,Wet/Damp,None,None,1,Yes,E01003023,2005
10894,200501LX51358,528900.0,174420.0,-0.146209,51.454041,1,3,2,1,19/11/2005,7,12:58,9,E09000022,3,205,Single carriageway,30,Automatic traffic signal,3,24,None within 50 metres,Pedestrian phase at traffic signal junction,Daylight: Street light present,Fine without high winds,Dry,None,None,1,Yes,E01003030,2005
10895,200501LX51359,531140.0,175810.0,-0.113473,51.466019,1,3,2,1,02/12/2005,6,08:40,9,E09000022,3,23,Single carriageway,30,Automatic traffic signal,3,203,None within 50 metres,Pedestrian phase at traffic signal junction,Daylight: Street light present,Fine without high winds,Dry,None,None,1,Yes,E01003047,2005
10896,200501LX51360,530160.0,172030.0,-0.128963,51.432274,1,3,1,1,03/12/2005,7,14:15,9,E09000022,3,23,Single carriageway,30,None,-1,0,None within 50 metres,No physical crossing within 50 meters,Daylight: Street light present,Fine without high winds,Wet/Damp,None,None,1,Yes,E01003153,2005
10897,200501LX51361,529550.0,173930.0,-0.137038,51.449489,1,3,2,1,30/10/2005,1,13:00,9,E09000022,3,205,Single carriageway,30,Automatic traffic signal,5,0,None within 50 metres,Pedestrian phase at traffic signal junction,Daylight: Street light present,Fine without high winds,Dry,None,None,1,Yes,E01003160,2005
10898,200501LX51362,530890.0,174980.0,-0.117377,51.458617,1,3,2,1,02/12/2005,6,18:55,9,E09000022,3,23,Single carriageway,30,Giveway or uncontrolled,6,0,None within 50 metres,No physical crossing within 50 meters,Darkness: Street lights present and lit,Raining with high winds,Wet/Damp,None,None,1,Yes,E01003020,2005
10899,200501LX51363,529700.0,175080.0,-0.134459,51.45979,1,3,1,1,03/12/2005,7,01:20,9,E09000022,3,2217,Single carriageway,30,Automatic traffic signal,6,0,None within 50 metres,Pedestrian phase at traffic signal junction,Darkness: Street lights present and lit,Raining without high winds,Wet/Damp,None,None,1,Yes,E01003032,2005
10900,200501LX51366,531180.0,179960.0,-0.111357,51.503305,1,3,2,1,09/12/2005,6,10:42,9,E09000022,3,301,Single carriageway,30,Automatic traffic signal,6,0,None within 50 metres,Pedestrian phase at traffic signal junction,Daylight: Street light present,Fine without high winds,Dry,None,None,1,Yes,E01003012,2005
10901,200501LX51367,531340.0,177880.0,-0.109826,51.484575,1,3,3,2,10/12/2005,7,08:35,9,E09000022,3,3,Single carriageway,30,Automatic traffic signal,3,23,None within 50 metres,No physical crossing within 50 meters,Daylight: Street light present,Fine without high winds,Wet/Damp,Roadworks,None,1,Yes,E01003107,2005
10902,200501LX51370,531830.0,175800.0,-0.103549,51.465769,1,3,2,3,14/11/2005,2,14:30,9,E09000022,5,0,Single carriageway,30,Giveway or uncontrolled,6,0,None within 50 metres,No physical crossing within 50 meters,Daylight: Street light present,Fine without high winds,Dry,None,None,1,Yes,E01003048,2005
10903,200501LX51371,529120.0,174840.0,-0.142891,51.457765,1,3,2,1,15/11/2005,3,16:30,9,E09000022,3,24,Single carriageway,30,Giveway or uncontrolled,6,0,None within 50 metres,No physical crossing within 50 meters,Darkness: Street lights present and lit,Fine without high winds,Dry,None,None,1,Yes,E01003026,2005
10904,200501LX51372,530070.0,175080.0,-0.129136,51.459705,1,3,1,1,16/11/2005,4,07:59,9,E09000022,3,2217,Single carriageway,30,Automatic traffic signal,4,221,None within 50 metres,Pedestrian phase at traffic signal junction,Daylight: Street light present,Fine without high winds,Dry,None,None,1,Yes,E01003057,2005
10905,200501LX51373,531010.0,177310.0,-0.114788,51.479529,1,3,1,1,01/12/2005,5,17:40,9,E09000022,3,3,Single carriageway,30,Giveway or uncontrolled,3,3,None within 50 metres,Zebra crossing,Darkness: Street lights present and lit,Raining without high winds,Wet/Damp,None,None,1,Yes,E01003100,2005
10906,200501LX51374,531260.0,179390.0,-0.110417,51.498164,1,3,2,1,27/11/2005,1,18:00,9,E09000022,3,302,Single carriageway,30,Giveway or uncontrolled,6,0,None within 50 metres,No physical crossing within 50 meters,Darkness: Street lights present and lit,Fine without high winds,Dry,None,None,1,Yes,E01003014,2005
10907,200501LX51375,530960.0,178480.0,-0.115074,51.490055,1,3,1,1,26/11/2005,7,17:00,9,E09000022,6,0,Single carriageway,30,Giveway or uncontrolled,6,0,None within 50 metres,No physical crossing within 50 meters,Darkness: Street lights present and lit,Fine without high winds,Dry,None,None,1,Yes,E01003105,2005
10908,200501LX51376,530060.0,174540.0,-0.129479,51.454854,1,3,2,1,02/12/2005,6,08:56,9,E09000022,4,221,Single carriageway,30,Giveway or uncontrolled,5,0,None within 50 metres,No physical crossing within 50 meters,Daylight: Street light present,Other,Wet/Damp,None,None,1,Yes,E01003159,2005
10909,200501LX51377,530830.0,174410.0,-0.118451,51.453509,1,3,1,1,02/12/2005,6,17:08,9,E09000022,6,0,Single carriageway,30,Giveway or uncontrolled,6,0,None within 50 metres,No physical crossing within 50 meters,Darkness: Street lights present and lit,Raining without high winds,Wet/Damp,None,None,1,Yes,E01003178,2005
10910,200501LX51378,530230.0,176520.0,-0.126305,51.472609,1,3,3,1,06/12/2005,3,17:20,9,E09000022,6,0,Single carriageway,30,Giveway or uncontrolled,6,0,None within 50 metres,No physical crossing within 50 meters,Darkness: Street lights present and lit,Raining without high winds,Wet/Damp,None,None,1,Yes,E01003128,2005
10911,200501LX51379,529630.0,176470.0,-0.134957,51.472298,1,3,1,1,05/12/2005,2,08:50,9,E09000022,3,3036,Single carriageway,30,None,-1,0,None within 50 metres,No physical crossing within 50 meters,Daylight: Street light present,Fine without high winds,Dry,None,None,1,Yes,E01003089,2005
10912,200501LX51380,531990.0,175600.0,-0.101322,51.463934,1,3,1,1,03/12/2005,7,13:05,9,E09000022,4,222,Single carriageway,30,Giveway or uncontrolled,6,0,None within 50 metres,Zebra crossing,Daylight: Street light present,Fine without high winds,Dry,None,None,1,Yes,E01003073,2005
10913,200501LX51381,530370.0,177640.0,-0.123877,51.482642,1,3,2,1,06/12/2005,3,18:45,9,E09000022,3,203,Single carriageway,30,Automatic traffic signal,4,301,None within 50 metres,Pedestrian phase at traffic signal junction,Darkness: Street lights present and lit,Fine without high winds,Wet/Damp,None,None,1,Yes,E01003103,2005
10914,200501LX51382,531000.0,177310.0,-0.114932,51.479531,1,3,2,1,07/12/2005,4,07:00,9,E09000022,3,3,Single carriageway,30,Giveway or uncontrolled,4,301,None within 50 metres,No physical crossing within 50 meters,Daylight: Street light present,Fine without high winds,Dry,None,None,1,Yes,E01003100,2005
10915,200501LX51383,531580.0,176720.0,-0.106804,51.474095,1,3,2,2,08/12/2005,5,11:45,9,E09000022,5,0,Single carriageway,30,Giveway or uncontrolled,6,0,None within 50 metres,No physical crossing within 50 meters,Daylight: Street light present,Fine without high winds,Wet/Damp,None,None,1,Yes,E01003187,2005
10916,200501LX51384,529770.0,170480.0,-0.135137,51.418434,1,3,1,1,08/12/2005,5,02:15,9,E09000022,4,272,Single carriageway,30,Giveway or uncontrolled,5,0,None within 50 metres,No physical crossing within 50 meters,Darkness: Street lights present and lit,Raining without high winds,Wet/Damp,None,None,1,Yes,E01003114,2005
10917,200501LX51385,529650.0,172110.0,-0.136266,51.43311,1,3,1,1,07/08/2005,1,18:25,9,E09000022,4,242,Single carriageway,30,Giveway or uncontrolled,6,0,None within 50 metres,No physical crossing within 50 meters,Daylight: Street light present,Fine without high winds,Dry,None,None,1,Yes,E01003118,2005
10918,200501LX51386,531190.0,177920.0,-0.111971,51.484969,1,3,1,1,09/12/2005,6,11:10,9,E09000022,6,0,Single carriageway,30,Giveway or uncontrolled,6,0,None within 50 metres,No physical crossing within 50 meters,Daylight: Street light present,Fine without high winds,Dry,None,None,1,Yes,E01003101,2005
10919,200501LX51387,530240.0,172580.0,-0.12761,51.437199,1,3,3,1,03/12/2005,7,15:50,9,E09000022,3,23,Single carriageway,30,None,-1,0,None within 50 metres,No physical crossing within 50 meters,Daylight: Street light present,Fine without high winds,Dry,None,None,1,Yes,E01003117,2005
10920,200501LX51388,531860.0,171560.0,-0.104696,51.427658,1,3,3,3,30/11/2005,4,17:53,9,E09000022,3,215,Single carriageway,30,Giveway or uncontrolled,6,0,None within 50 metres,No physical crossing within 50 meters,Darkness: Street lights present and lit,Fine without high winds,Wet/Damp,None,None,1,Yes,E01003081,2005
10921,200501LX51389,531170.0,176710.0,-0.112707,51.4741,1,2,1,1,09/12/2005,6,23:04,9,E09000022,3,23,Dual carriageway,30,Giveway or uncontrolled,6,0,None within 50 metres,Zebra crossing,Darkness: Street lights present and lit,Fine without high winds,Dry,None,None,1,Yes,E01003185,2005
10922,200501LX51390,529970.0,176800.0,-0.129943,51.475185,1,3,1,1,10/12/2005,7,13:04,9,E09000022,5,0,Single carriageway,30,Giveway or uncontrolled,6,0,None within 50 metres,No physical crossing within 50 meters,Daylight: Street light present,Fine without high winds,Wet/Damp,None,None,1,Yes,E01003123,2005
10923,200501LX51391,532030.0,172460.0,-0.101917,51.435706,1,3,2,1,11/12/2005,1,14:55,9,E09000022,6,0,Single carriageway,30,Giveway or uncontrolled,6,0,None within 50 metres,No physical crossing within 50 meters,Daylight: Street light present,Fine without high winds,Dry,None,None,1,Yes,E01003167,2005
10924,200501LX51392,530490.0,178010.0,-0.122013,51.48594,1,3,1,1,12/12/2005,2,07:20,9,E09000022,3,202,Single carriageway,30,Automatic traffic signal,3,203,None within 50 metres,Pedestrian phase at traffic signal junction,Darkness: Street lights present and lit,Raining without high winds,Wet/Damp,None,None,1,Yes,E01003102,2005
10925,200501LX51394,530550.0,171040.0,-0.12372,51.423288,1,3,4,3,11/12/2005,1,10:03,9,E09000022,3,214,Single carriageway,30,Automatic traffic signal,5,0,None within 50 metres,Pedestrian phase at traffic signal junction,Daylight: Street light present,Fine without high winds,Dry,None,None,1,Yes,E01003149,2005
10926,200501LX51395,531810.0,175640.0,-0.103896,51.464335,1,3,1,1,12/12/2005,2,10:25,9,E09000022,3,2217,Single carriageway,30,Giveway or uncontrolled,6,0,None within 50 metres,No physical crossing within 50 meters,Daylight: Street light present,Fine without high winds,Dry,None,None,1,Yes,E01003051,2005
10927,200501LX51396,531140.0,179430.0,-0.11213,51.498551,1,3,2,1,14/12/2005,4,18:25,9,E09000022,3,23,Single carriageway,30,Automatic traffic signal,3,302,None within 50 metres,Pedestrian phase at traffic signal junction,Darkness: Street lights present and lit,Fine without high winds,Dry,Permanent sign or marking defective or obscured,None,1,Yes,E01003014,2005
10928,200501LX51398,529510.0,173760.0,-0.137676,51.447971,1,3,2,1,02/12/2005,6,21:00,9,E09000022,5,0,Roundabout,30,Giveway or uncontrolled,6,0,None within 50 metres,No physical crossing within 50 meters,Darkness: Street lights present and lit,Fine without high winds,Dry,None,None,1,Yes,E01003160,2005
10929,200501LX51399,529820.0,170130.0,-0.134547,51.415277,1,3,2,1,13/12/2005,3,20:56,9,E09000022,6,0,Single carriageway,30,None,-1,0,None within 50 metres,No physical crossing within 50 meters,Darkness: Street lights present and lit,Fine without high winds,Wet/Damp,None,None,1,Yes,E01003139,2005
10930,200501LX51400,530390.0,177980.0,-0.123464,51.485693,1,2,1,1,15/12/2005,5,18:20,9,E09000022,3,203,Single carriageway,30,Giveway or uncontrolled,3,203,None within 50 metres,Footbridge or subway,Darkness: Street lights present and lit,Fine without high winds,Dry,None,None,1,Yes,E01003102,2005
10931,200501LX51401,532220.0,171450.0,-0.099562,51.426585,1,3,1,1,16/12/2005,6,16:56,9,E09000022,4,232,Single carriageway,30,None,-1,0,None within 50 metres,No physical crossing within 50 meters,Darkness: Street lights present and lit,Fine without high winds,Dry,None,None,1,Yes,E01003086,2005
10932,200501LX51402,531180.0,175950.0,-0.112845,51.467268,1,3,1,1,16/12/2005,6,16:30,9,E09000022,3,23,Single carriageway,30,Giveway or uncontrolled,6,0,None within 50 metres,No physical crossing within 50 meters,Darkness: Street lights present and lit,Fine without high winds,Dry,None,None,1,Yes,E01003045,2005
10933,200501LX51405,530490.0,178010.0,-0.122013,51.48594,1,3,2,1,02/12/2005,6,21:20,9,E09000022,3,203,Single carriageway,30,Automatic traffic signal,3,3204,None within 50 metres,Pedestrian phase at traffic signal junction,Darkness: Street lights present and lit,Fine without high winds,Dry,None,None,1,No,E01003102,2005
10934,200501LX51406,530990.0,180020.0,-0.114071,51.503888,1,3,3,1,16/12/2005,6,18:35,9,E09000022,6,0,Single carriageway,30,Automatic traffic signal,6,0,None within 50 metres,No physical crossing within 50 meters,Darkness: Street lights present and lit,Fine without high winds,Dry,None,None,1,No,E01003012,2005
10935,200501LX51407,530040.0,175590.0,-0.129381,51.464295,1,3,2,1,07/12/2005,4,20:30,9,E09000022,4,221,Single carriageway,30,Giveway or uncontrolled,6,0,None within 50 metres,No physical crossing within 50 meters,Darkness: Street lights present and lit,Fine without high winds,Wet/Damp,None,None,1,No,E01003090,2005
10936,200501LX51409,532500.0,171600.0,-0.095481,51.427868,1,3,1,1,10/12/2005,7,07:00,9,E09000022,6,0,Single carriageway,30,Giveway or uncontrolled,6,0,None within 50 metres,No physical crossing within 50 meters,Daylight: Street light present,Fog or mist,Frost/Ice,None,None,1,Yes,E01003068,2005
10937,200501LX51410,529780.0,170480.0,-0.134993,51.418431,1,3,1,1,07/12/2005,4,17:09,9,E09000022,4,272,Dual carriageway,30,Giveway or uncontrolled,5,0,None within 50 metres,Zebra crossing,Darkness: Street lights present and lit,Fine without high winds,Dry,None,None,1,Yes,E01003115,2005
10938,200501LX51411,531120.0,178150.0,-0.112893,51.487052,1,2,1,1,16/12/2005,6,00:20,9,E09000022,3,3204,Single carriageway,30,Giveway or uncontrolled,6,0,None within 50 metres,Zebra crossing,Darkness: Street lights present and lit,Raining without high winds,Wet/Damp,None,None,1,Yes,E01003101,2005
10939,200501LX51412,530990.0,179540.0,-0.114249,51.499574,1,3,2,1,20/12/2005,3,07:42,9,E09000022,3,23,Single carriageway,30,Giveway or uncontrolled,6,0,None within 50 metres,non-junction pedestrian crossing,Daylight: Street light present,Fine without high winds,Dry,None,None,1,Yes,E01003013,2005
10940,200501LX51414,531850.0,173000.0,-0.104304,51.440601,1,3,2,1,14/11/2005,2,18:34,9,E09000022,3,205,Single carriageway,30,Giveway or uncontrolled,6,0,None within 50 metres,No physical crossing within 50 meters,Darkness: Street lights present and lit,Fine without high winds,Dry,None,None,1,Yes,E01003164,2005
10941,200501LX51415,530120.0,171470.0,-0.129743,51.427251,1,3,1,1,21/11/2005,2,12:19,9,E09000022,6,0,Single carriageway,30,Giveway or uncontrolled,6,0,None within 50 metres,No physical crossing within 50 meters,Daylight: Street light present,Fine without high winds,Dry,None,None,1,Yes,E01003120,2005
10942,200501LX51416,530380.0,178010.0,-0.123597,51.485965,1,2,2,1,26/11/2005,7,08:00,9,E09000022,3,203,Dual carriageway,30,Automatic traffic signal,3,202,None within 50 metres,Pedestrian phase at traffic signal junction,Darkness: Street lights present and lit,Raining without high winds,Wet/Damp,Auto traffic signal partly defective,None,1,Yes,E01003102,2005
10943,200501LX51417,531030.0,175390.0,-0.115211,51.46227,1,2,1,1,04/11/2005,6,12:35,9,E09000022,3,23,Single carriageway,30,Giveway or uncontrolled,6,0,None within 50 metres,No physical crossing within 50 meters,Daylight: Street light present,Fine without high winds,Dry,None,None,1,Yes,E01003047,2005
10944,200501LX51418,529770.0,176380.0,-0.132975,51.471457,1,3,1,1,01/12/2005,5,00:15,9,E09000022,6,0,Single carriageway,30,Giveway or uncontrolled,6,0,None within 50 metres,No physical crossing within 50 meters,Darkness: Street lights present and lit,Fine without high winds,Wet/Damp,None,None,1,Yes,E01003092,2005
10945,200501LX51419,529520.0,178610.0,-0.135756,51.491555,1,3,2,2,03/12/2005,7,15:58,1,E09000033,3,202,Dual carriageway,30,Giveway or uncontrolled,6,0,None within 50 metres,No physical crossing within 50 meters,Darkness: Street lights present and lit,Fine without high winds,Dry,None,None,1,Yes,E01004740,2005
10946,200501LX51420,531220.0,173990.0,-0.112997,51.449644,1,3,2,1,06/12/2005,3,13:45,9,E09000022,3,204,Single carriageway,30,None,-1,0,None within 50 metres,No physical crossing within 50 meters,Daylight: Street light present,Fine without high winds,Dry,None,None,1,Yes,E01003172,2005
10947,200501LX51421,532850.0,170870.0,-0.090723,51.421226,1,3,2,1,06/12/2005,3,08:07,20,E09000008,3,214,Single carriageway,30,Giveway or uncontrolled,6,0,None within 50 metres,No physical crossing within 50 meters,Daylight: Street light present,Fine without high winds,Wet/Damp,None,None,1,Yes,E01001162,2005
10948,200501LX51422,530100.0,171060.0,-0.130181,51.423571,1,3,2,1,06/12/2005,3,08:19,9,E09000022,3,23,Dual carriageway,30,Giveway or uncontrolled,6,0,None within 50 metres,No physical crossing within 50 meters,Daylight: Street light present,Fine without high winds,Dry,None,None,1,Yes,E01003114,2005
10949,200501LX51424,530380.0,170350.0,-0.126417,51.417126,1,2,2,1,15/12/2005,5,08:00,9,E09000022,3,23,Single carriageway,30,Giveway or uncontrolled,6,0,None within 50 metres,No physical crossing within 50 meters,Daylight: Street light present,Fine without high winds,Dry,None,None,1,Yes,E01003147,2005
10950,200501LX51425,531050.0,175480.0,-0.11489,51.463074,1,3,2,1,08/12/2005,5,03:02,9,E09000022,3,23,Single carriageway,30,Automatic traffic signal,4,223,None within 50 metres,No physical crossing within 50 meters,Darkness: Street lights present and lit,Raining without high winds,Wet/Damp,None,None,1,No,E01003055,2005
10951,200501LX51426,530210.0,172350.0,-0.128126,51.435139,1,3,2,1,30/12/2005,6,01:20,9,E09000022,3,23,Dual carriageway,30,Giveway or uncontrolled,5,0,None within 50 metres,No physical crossing within 50 meters,Darkness: Street lights present and lit,Fine without high winds,Wet/Damp,None,None,1,No,E01003153,2005
10952,200501LX51427,529120.0,174280.0,-0.143095,51.452733,1,3,4,1,01/12/2005,5,15:50,9,E09000022,3,205,Single carriageway,30,Giveway or uncontrolled,6,0,None within 50 metres,No physical crossing within 50 meters,Darkness: Street lights present and lit,Raining without high winds,Wet/Damp,None,None,1,Yes,E01003031,2005
10953,200501LX51431,530440.0,173580.0,-0.124366,51.44614,1,3,2,1,08/12/2005,5,09:15,9,E09000022,3,23,Single carriageway,30,Giveway or uncontrolled,6,0,None within 50 metres,No physical crossing within 50 meters,Daylight: Street light present,Fog or mist,Wet/Damp,None,None,1,Yes,E01003023,2005
10954,200501LX51432,529510.0,175340.0,-0.137098,51.46217,1,2,2,1,08/12/2005,5,00:30,9,E09000022,3,3,Single carriageway,30,None,-1,0,None within 50 metres,Pedestrian phase at traffic signal junction,Darkness: Street lights present and lit,Fine without high winds,Wet/Damp,None,None,1,Yes,E01003041,2005
10955,200501LX51433,529910.0,173740.0,-0.13193,51.447699,1,3,2,1,10/12/2005,7,13:55,9,E09000022,3,205,Single carriageway,30,Automatic traffic signal,4,221,None within 50 metres,No physical crossing within 50 meters,Daylight: Street light present,Fine without high winds,Dry,None,None,1,Yes,E01003162,2005
10956,200501LX51434,529710.0,170560.0,-0.13597,51.419166,1,3,2,1,09/12/2005,6,19:54,9,E09000022,6,0,Single carriageway,30,Giveway or uncontrolled,6,0,None within 50 metres,No physical crossing within 50 meters,Darkness: Street lights present and lit,Fine without high winds,Dry,None,None,1,Yes,E01003114,2005
10957,200501LX51436,531100.0,175300.0,-0.114237,51.461445,1,3,1,1,14/12/2005,4,16:28,9,E09000022,3,2217,Dual carriageway,30,Giveway or uncontrolled,6,0,None within 50 metres,No physical crossing within 50 meters,Darkness: Street lights present and lit,Fine without high winds,Dry,None,None,1,Yes,E01003047,2005
10958,200501LX51437,530290.0,170520.0,-0.127648,51.418674,1,3,2,1,10/12/2005,7,23:14,9,E09000022,3,23,Single carriageway,30,Giveway or uncontrolled,6,0,None within 50 metres,No physical crossing within 50 meters,Darkness: Street lights present and lit,Unknown,Dry,None,Dislodged vehicle load in carriageway,1,Yes,E01003145,2005
10959,200501LX51438,531460.0,174970.0,-0.109181,51.458396,1,2,3,1,16/12/2005,6,08:07,9,E09000022,4,223,Single carriageway,30,Giveway or uncontrolled,6,0,None within 50 metres,No physical crossing within 50 meters,Daylight: Street light present,Fine without high winds,Dry,None,None,1,Yes,E01003043,2005
10960,200501LX51439,531010.0,175280.0,-0.11554,51.461286,1,3,1,1,19/12/2005,2,21:40,9,E09000022,3,23,Single carriageway,30,Automatic traffic signal,3,2217,None within 50 metres,No physical crossing within 50 meters,Darkness: Street lights present and lit,Fine without high winds,Dry,None,None,1,Yes,E01003047,2005
10961,200501LX51440,531220.0,178300.0,-0.111398,51.488377,1,3,1,1,20/12/2005,3,10:00,9,E09000022,3,3204,Dual carriageway,30,Automatic traffic signal,3,23,None within 50 metres,No physical crossing within 50 meters,Daylight: Street light present,Fine without high winds,Dry,None,None,1,Yes,E01003107,2005
10962,200501LX51441,531010.0,175120.0,-0.115599,51.459848,1,3,1,1,21/12/2005,4,09:05,9,E09000022,3,204,One way street,30,None,-1,0,None within 50 metres,No physical crossing within 50 meters,Daylight: Street light present,Other,Wet/Damp,None,None,1,Yes,E01003176,2005
10963,200501LX51442,529100.0,173080.0,-0.14382,51.441953,1,3,2,1,21/12/2005,4,10:05,10,E09000032,5,0,Single carriageway,30,Giveway or uncontrolled,5,0,None within 50 metres,No physical crossing within 50 meters,Daylight: Street light present,Fine without high winds,Dry,None,None,1,Yes,E01004475,2005
10964,200501LX51443,531090.0,174820.0,-0.114559,51.457133,1,3,1,1,26/11/2005,7,07:20,9,E09000022,3,204,Single carriageway,30,None,-1,0,None within 50 metres,No physical crossing within 50 meters,Daylight: Street light present,Fine without high winds,Wet/Damp,None,None,1,Yes,E01003176,2005
10965,200501LX51445,530550.0,174030.0,-0.122618,51.450158,1,3,1,1,28/11/2005,2,08:19,9,E09000022,3,23,Single carriageway,30,Giveway or uncontrolled,6,0,None within 50 metres,No physical crossing within 50 meters,Daylight: Street light present,Raining without high winds,Wet/Damp,None,None,1,Yes,E01003024,2005
10966,200501LX51446,529380.0,175190.0,-0.139023,51.460852,1,3,2,1,31/12/2005,7,13:33,9,E09000022,3,24,Single carriageway,30,Automatic traffic signal,4,224,None within 50 metres,Pedestrian phase at traffic signal junction,Daylight: Street light present,Fine without high winds,Dry,None,None,1,Yes,E01003032,2005
10967,200501LX51447,531840.0,174350.0,-0.103945,51.452736,1,3,2,1,31/12/2005,7,16:45,9,E09000022,3,2214,Single carriageway,30,Giveway or uncontrolled,4,223,None within 50 metres,No physical crossing within 50 meters,Darkness: Street lights present and lit,Fine without high winds,Dry,None,None,1,Yes,E01003074,2005
10968,200501LX51448,529020.0,173810.0,-0.144705,51.448532,1,3,1,1,15/12/2005,5,18:45,9,E09000022,5,0,Single carriageway,30,Giveway or uncontrolled,6,0,None within 50 metres,No physical crossing within 50 meters,Darkness: Street lights present and lit,Fine without high winds,Dry,None,None,1,Yes,E01004473,2005
10969,200501LX51449,530710.0,174460.0,-0.120158,51.453986,1,3,2,1,12/12/2005,2,15:00,9,E09000022,3,23,Single carriageway,30,None,-1,0,None within 50 metres,No physical crossing within 50 meters,Daylight: Street light present,Fine without high winds,Dry,None,None,1,Yes,E01003018,2005
10970,200501LX51450,531170.0,176600.0,-0.112748,51.473111,1,3,3,1,15/12/2005,5,17:43,9,E09000022,3,23,Dual carriageway,30,Giveway or uncontrolled,6,0,None within 50 metres,No physical crossing within 50 meters,Darkness: Street lights present and lit,Fine without high winds,Dry,None,None,1,Yes,E01003186,2005
10971,200501LX51453,531980.0,175820.0,-0.101383,51.465913,1,3,3,2,21/12/2005,4,17:30,9,E09000022,5,0,Single carriageway,30,None,-1,0,None within 50 metres,Pedestrian phase at traffic signal junction,Daylight: Street light present,Fine without high winds,Dry,None,None,1,Yes,E01003073,2005
10972,200501LX51454,531810.0,172600.0,-0.105028,51.437016,1,3,1,1,16/12/2005,6,21:50,9,E09000022,3,215,Dual carriageway,30,Giveway or uncontrolled,6,0,None within 50 metres,No physical crossing within 50 meters,Darkness: Street lights present and lit,Fine without high winds,Dry,None,None,1,Yes,E01003166,2005
10973,200501LX51456,531120.0,171080.0,-0.115512,51.423516,1,3,1,1,16/12/2005,6,08:12,9,E09000022,3,214,Dual carriageway,30,Giveway or uncontrolled,6,0,None within 50 metres,No physical crossing within 50 meters,Daylight: Street light present,Fine without high winds,Wet/Damp,None,None,1,Yes,E01003149,2005
10974,200501LX51457,531800.0,177180.0,-0.103466,51.478177,1,3,1,1,16/12/2005,6,09:30,9,E09000022,3,202,Single carriageway,30,Giveway or uncontrolled,5,0,None within 50 metres,non-junction pedestrian crossing,Daylight: Street light present,Fine without high winds,Dry,None,None,1,Yes,E01003180,2005
10975,200501LX51458,529950.0,177210.0,-0.13008,51.478875,1,3,2,1,20/12/2005,3,14:04,9,E09000022,6,0,Single carriageway,30,Giveway or uncontrolled,6,0,None within 50 metres,No physical crossing within 50 meters,Daylight: Street light present,Fine without high winds,Dry,None,None,1,Yes,E01003122,2005
10976,200501LX51459,531070.0,177410.0,-0.113887,51.480414,1,3,2,1,21/12/2005,4,10:50,9,E09000022,3,3,Single carriageway,30,Giveway or uncontrolled,6,0,None within 50 metres,No physical crossing within 50 meters,Daylight: Street light present,Fine without high winds,Dry,None,None,1,Yes,E01003100,2005
10977,200501LX51460,530500.0,176510.0,-0.122423,51.472457,1,3,1,1,28/12/2005,4,07:45,9,E09000022,3,203,Single carriageway,30,Automatic traffic signal,3,3,None within 50 metres,Pedestrian phase at traffic signal junction,Daylight: Street light present,Fine without high winds,Wet/Damp,None,None,1,Yes,E01003126,2005
10978,200501LX51461,532410.0,173680.0,-0.095997,51.446581,1,3,2,1,24/12/2005,7,09:00,9,E09000022,3,2199,Dual carriageway,30,Giveway or uncontrolled,5,0,None within 50 metres,No physical crossing within 50 meters,Daylight: Street light present,Fine without high winds,Dry,None,None,1,Yes,E01004069,2005
10979,200501LX51462,531000.0,175260.0,-0.115691,51.461108,1,3,2,1,09/12/2005,6,20:34,9,E09000022,3,23,Dual carriageway,30,Automatic traffic signal,3,2217,None within 50 metres,Pedestrian phase at traffic signal junction,Darkness: Street lights present and lit,Fine without high winds,Dry,None,None,1,Yes,E01003050,2005
10980,200501LX51463,531310.0,177850.0,-0.110269,51.484312,1,3,1,2,24/12/2005,7,12:37,9,E09000022,3,3,Dual carriageway,30,Automatic traffic signal,3,23,None within 50 metres,No physical crossing within 50 meters,Daylight: Street light present,Fine without high winds,Dry,Roadworks,None,1,Yes,E01003099,2005
10981,200501LX51464,530730.0,171440.0,-0.120985,51.426841,1,3,2,2,28/12/2005,4,15:30,9,E09000022,5,0,Roundabout,30,Giveway or uncontrolled,5,0,None within 50 metres,No physical crossing within 50 meters,Daylight: Street light present,Other,Wet/Damp,None,None,1,Yes,E01003149,2005
10982,200501LX51465,531180.0,179960.0,-0.111357,51.503305,1,3,1,1,27/12/2005,3,14:34,9,E09000022,3,301,Dual carriageway,30,Automatic traffic signal,6,0,None within 50 metres,Pedestrian phase at traffic signal junction,Daylight: Street light present,Fine without high winds,Wet/Damp,None,None,1,Yes,E01003012,2005
10983,200501LX51467,533290.0,170670.0,-0.084473,51.419325,1,3,2,2,28/12/2005,4,15:40,20,E09000008,3,214,Single carriageway,30,None,-1,0,None within 50 metres,No physical crossing within 50 meters,Daylight: Street light present,Fine without high winds,Wet/Damp,None,None,1,Yes,E01001164,2005
10984,200501LX51468,531460.0,173210.0,-0.109834,51.442579,1,3,1,1,06/12/2005,3,10:00,9,E09000022,3,204,Single carriageway,30,Giveway or uncontrolled,6,0,None within 50 metres,No physical crossing within 50 meters,Daylight: Street light present,Fine without high winds,Dry,None,None,1,Yes,E01003174,2005
10985,200501LX51477,530440.0,173480.0,-0.124403,51.445241,1,3,2,1,13/12/2005,3,09:52,9,E09000022,3,23,Single carriageway,30,Automatic traffic signal,3,205,None within 50 metres,Pedestrian phase at traffic signal junction,Daylight: Street light present,Fine without high winds,Dry,None,None,1,Yes,E01003023,2005
10986,200501LX51478,531840.0,175660.0,-0.103457,51.464508,1,3,1,1,16/11/2005,4,09:33,9,E09000022,3,2217,Single carriageway,30,Giveway or uncontrolled,6,0,None within 50 metres,No physical crossing within 50 meters,Daylight: Street light present,Fine without high winds,Dry,None,None,1,Yes,E01003051,2005
10987,200501LX51479,531200.0,174430.0,-0.113121,51.453603,1,3,1,1,23/12/2005,6,21:00,9,E09000022,3,204,Single carriageway,30,Giveway or uncontrolled,6,0,None within 50 metres,No physical crossing within 50 meters,Darkness: Street lights present and lit,Fine without high winds,Dry,None,None,1,Yes,E01003177,2005
10988,200501LX51480,530130.0,175980.0,-0.127942,51.467779,1,3,2,1,20/09/2005,3,09:00,9,E09000022,3,3,Single carriageway,30,Giveway or uncontrolled,6,0,None within 50 metres,No physical crossing within 50 meters,Daylight: Street light present,Fine without high winds,Dry,None,None,1,Yes,E01003090,2005
10989,200501LX51483,529210.0,175020.0,-0.141531,51.459363,1,3,2,1,06/09/2005,3,18:20,9,E09000022,3,24,Single carriageway,30,Giveway or uncontrolled,3,24,None within 50 metres,non-junction pedestrian crossing,Daylight: Street light present,Fine without high winds,Dry,None,None,1,No,E01003032,2005
10990,200501LX51485,529550.0,175230.0,-0.136562,51.461172,1,2,1,1,23/12/2005,6,08:35,9,E09000022,3,2217,Single carriageway,30,None,-1,0,None within 50 metres,No physical crossing within 50 meters,Daylight: Street light present,Fine without high winds,Dry,None,None,1,Yes,E01003032,2005
10991,200501LX51493,531560.0,174870.0,-0.10778,51.457474,1,3,2,1,31/12/2005,7,21:25,9,E09000022,4,223,Single carriageway,30,Giveway or uncontrolled,6,0,None within 50 metres,Zebra crossing,Darkness: Street lights present and lit,Fine without high winds,Dry,None,None,1,No,E01003071,2005
10992,200501LX59001,531460.0,175540.0,-0.108969,51.463518,1,3,2,1,26/09/2005,2,13:13,9,E09000022,5,0,Single carriageway,30,Giveway or uncontrolled,6,0,None within 50 metres,No physical crossing within 50 meters,Daylight: Street light present,Fine without high winds,Dry,None,None,1,Yes,E01003051,2005
10993,200501LX59015,529980.0,174100.0,-0.130791,51.450919,1,3,2,1,08/11/2005,3,20:20,9,E09000022,4,221,Single carriageway,30,Giveway or uncontrolled,6,0,None within 50 metres,No physical crossing within 50 meters,Darkness: Street lights present and lit,Raining without high winds,Wet/Damp,None,None,1,Yes,E01003159,2005
10994,200501LX59017,530450.0,174630.0,-0.123836,51.455574,1,3,2,1,31/12/2005,7,12:17,9,E09000022,6,0,Single carriageway,30,None,-1,0,None within 50 metres,No physical crossing within 50 meters,Daylight: Street light present,Fine without high winds,Dry,None,None,1,Yes,E01003018,2005
10995,200501LX59044,530300.0,176730.0,-0.12522,51.474481,1,3,2,1,15/10/2005,7,19:36,9,E09000022,5,0,Single carriageway,30,Giveway or uncontrolled,6,0,None within 50 metres,No physical crossing within 50 meters,Darkness: Street lights present and lit,Fine without high winds,Dry,None,None,1,Yes,E01003124,2005
10996,200501LX59109,530130.0,171880.0,-0.129449,51.430933,1,3,1,3,21/12/2005,4,19:40,9,E09000022,3,23,Single carriageway,30,None,-1,0,None within 50 metres,No physical crossing within 50 meters,Darkness: Street lights present and lit,Fine without high winds,Dry,None,None,1,Yes,E01003155,2005
10997,200501LX59137,530340.0,172580.0,-0.126172,51.437176,1,3,2,1,29/10/2005,7,13:40,9,E09000022,5,0,Single carriageway,30,Giveway or uncontrolled,6,0,None within 50 metres,No physical crossing within 50 meters,Daylight: Street light present,Fine without high winds,Dry,None,None,1,Yes,E01003153,2005
10998,200501LX59138,531320.0,177860.0,-0.110122,51.4844,1,3,2,1,06/11/2005,1,07:05,9,E09000022,3,23,Single carriageway,30,Automatic traffic signal,3,3,None within 50 metres,Pedestrian phase at traffic signal junction,Daylight: Street light present,Fine without high winds,Dry,None,None,1,No,E01003099,2005
10999,200501LX59139,529500.0,173540.0,-0.1379,51.445996,1,2,2,1,25/03/2005,6,15:50,9,E09000022,6,0,Single carriageway,30,None,-1,0,None within 50 metres,No physical crossing within 50 meters,Daylight: Street light present,Fine without high winds,Dry,None,None,1,Yes,E01003156,2005
11000,200501LX59143,530260.0,175080.0,-0.126403,51.459661,1,3,1,1,19/08/2005,6,21:42,9,E09000022,3,2217,Single carriageway,30,None,-1,0,None within 50 metres,No physical crossing within 50 meters,Darkness: Street lights present and lit,Fine without high winds,Dry,None,None,1,Yes,E01003058,2005
11001,200501LX59145,531560.0,179440.0,-0.106079,51.498543,1,3,2,1,25/11/2005,6,18:55,8,E09000028,3,3202,Single carriageway,30,Giveway or uncontrolled,3,301,None within 50 metres,No physical crossing within 50 meters,Darkness: Street lights present and lit,Fine without high winds,Dry,None,None,1,No,E01003931,2005
11002,200501LX59148,530910.0,175030.0,-0.117071,51.459062,1,3,2,1,20/09/2005,3,14:38,9,E09000022,3,23,Single carriageway,30,Giveway or uncontrolled,3,23,None within 50 metres,No physical crossing within 50 meters,Daylight: Street light present,Fine without high winds,Dry,None,None,1,No,E01003020,2005
11003,200501LX59150,530660.0,176200.0,-0.120235,51.469635,1,3,2,1,26/08/2005,6,09:00,9,E09000022,6,0,Single carriageway,30,Giveway or uncontrolled,3,203,None within 50 metres,No physical crossing within 50 meters,Daylight: Street light present,Fine without high winds,Dry,None,None,1,No,E01003096,2005
11004,200501LX59239,531570.0,173070.0,-0.108304,51.441295,1,3,2,1,03/11/2005,5,19:30,9,E09000022,3,205,Single carriageway,30,Giveway or uncontrolled,3,205,None within 50 metres,No physical crossing within 50 meters,Darkness: Street lights present and lit,Fine without high winds,Dry,None,None,1,No,E01003164,2005
11005,200501MM70001,533470.0,175540.0,-0.080051,51.463048,1,3,2,1,02/01/2005,1,13:33,8,E09000028,6,0,Single carriageway,30,None,-1,0,None within 50 metres,No physical crossing within 50 meters,Daylight: Street light present,Fine without high winds,Dry,None,None,1,No,E01004045,2005
11006,200501MM70004,533000.0,176070.0,-0.086614,51.467922,1,2,3,1,15/01/2005,7,16:37,8,E09000028,3,2216,Single carriageway,30,Giveway or uncontrolled,6,0,None within 50 metres,No physical crossing within 50 meters,Darkness: Street lights present and lit,Fine without high winds,Dry,None,None,1,Yes,E01004051,2005
11007,200501MM70005,533340.0,178570.0,-0.080779,51.490308,1,3,2,1,16/01/2005,1,11:30,8,E09000028,3,2,Dual carriageway,30,None,-1,0,None within 50 metres,No physical crossing within 50 meters,Daylight: Street light present,Fine without high winds,Dry,None,None,1,Yes,E01003966,2005
11008,200501MM70006,534530.0,175520.0,-0.064809,51.462618,1,2,1,2,16/01/2005,1,23:22,8,E09000028,5,0,Single carriageway,30,Automatic traffic signal,3,2214,None within 50 metres,Pedestrian phase at traffic signal junction,Darkness: Street lights present and lit,Fine without high winds,Dry,None,None,1,Yes,E01004015,2005
11009,200501MM70008,533130.0,179140.0,-0.083587,51.49548,1,2,1,1,18/01/2005,3,15:21,8,E09000028,3,100,Single carriageway,30,Giveway or uncontrolled,3,2,None within 50 metres,Zebra crossing,Daylight: Street light present,Fine without high winds,Dry,None,None,1,Yes,E01003941,2005
11010,200501MM70009,535820.0,178810.0,-0.044987,51.491875,1,3,1,1,01/01/2005,7,03:15,8,E09000028,3,2208,Single carriageway,30,Giveway or uncontrolled,3,200,None within 50 metres,Pedestrian phase at traffic signal junction,Darkness: Street lights present and lit,Fine without high winds,Dry,None,None,1,Yes,E01004036,2005
11011,200501MM70011,531940.0,178940.0,-0.100794,51.493961,1,2,1,1,01/01/2005,7,05:11,8,E09000028,3,3,Dual carriageway,30,None,-1,0,None within 50 metres,Footbridge or subway,Darkness: Street lights present and lit,Fine without high winds,Wet/Damp,None,None,1,Yes,E01003933,2005
11012,200501MM70012,532310.0,178280.0,-0.095715,51.487944,1,3,1,4,02/01/2005,1,17:45,8,E09000028,3,215,Single carriageway,30,Giveway or uncontrolled,6,0,None within 50 metres,No physical crossing within 50 meters,Darkness: Street lights present and lit,Fine without high winds,Dry,None,None,1,Yes,E01003994,2005
11013,200501MM70013,534360.0,177890.0,-0.066354,51.483956,1,3,2,2,04/01/2005,3,23:55,8,E09000028,3,2,Single carriageway,30,Automatic traffic signal,3,2208,None within 50 metres,Pedestrian phase at traffic signal junction,Darkness: Street lights present and lit,Fine without high winds,Dry,None,None,1,Yes,E01003989,2005
11014,200501MM70017,532770.0,174840.0,-0.090385,51.456922,1,3,1,1,28/01/2005,6,16:15,8,E09000028,5,0,Roundabout,30,Giveway or uncontrolled,6,0,None within 50 metres,No physical crossing within 50 meters,Daylight: Street light present,Raining without high winds,Wet/Damp,None,None,1,Yes,E01004048,2005
11015,200501MM70018,533350.0,179230.0,-0.080386,51.496237,1,3,2,1,05/01/2005,4,07:50,8,E09000028,3,2206,Single carriageway,30,Giveway or uncontrolled,6,0,None within 50 metres,No physical crossing within 50 meters,Daylight: Street light present,Fine without high winds,Wet/Damp,None,None,1,Yes,E01003979,2005
11016,200501MM70020,533690.0,171820.0,-0.078291,51.429566,1,3,2,1,05/01/2005,4,07:10,8,E09000028,6,0,Single carriageway,30,Giveway or uncontrolled,6,0,None within 50 metres,No physical crossing within 50 meters,Darkness: Street lights present and lit,Fine without high winds,Wet/Damp,None,None,1,Yes,E01003948,2005
11017,200501MM70021,534510.0,176780.0,-0.064618,51.473945,1,3,2,1,05/01/2005,4,08:24,8,E09000028,3,202,Single carriageway,30,Giveway or uncontrolled,6,0,None within 50 metres,No physical crossing within 50 meters,Daylight: Street light present,Fine without high winds,Dry,None,None,1,Yes,E01003985,2005
11018,200501MM70022,535340.0,176690.0,-0.052709,51.472939,1,3,2,2,06/01/2005,5,07:10,7,E09000023,3,202,Single carriageway,30,Giveway or uncontrolled,4,2227,None within 50 metres,Pedestrian phase at traffic signal junction,Darkness: Street lights present and lit,Fine with high winds,Wet/Damp,None,None,1,Yes,E01004004,2005
11019,200501MM70024,534510.0,176780.0,-0.064618,51.473945,1,3,2,1,10/01/2005,2,09:09,8,E09000028,3,202,Single carriageway,30,Giveway or uncontrolled,6,0,None within 50 metres,No physical crossing within 50 meters,Daylight: Street light present,Raining without high winds,Wet/Damp,None,None,1,Yes,E01003985,2005
11020,200501MM70025,533900.0,174000.0,-0.074448,51.449107,1,3,2,2,10/01/2005,2,13:20,8,E09000028,3,2216,Single carriageway,30,Giveway or uncontrolled,4,219,None within 50 metres,No physical crossing within 50 meters,Daylight: Street light present,Raining without high winds,Wet/Damp,None,None,1,Yes,E01004072,2005
11021,200501MM70027,533600.0,175370.0,-0.078245,51.46149,1,3,1,1,13/01/2005,5,15:59,8,E09000028,3,2216,Single carriageway,30,Giveway or uncontrolled,6,0,None within 50 metres,No physical crossing within 50 meters,Daylight: Street light present,Fine without high winds,Dry,None,None,1,Yes,E01003953,2005
11022,200501MM70028,534480.0,176760.0,-0.065057,51.473773,1,3,1,1,19/01/2005,4,09:56,8,E09000028,3,202,Dual carriageway,30,Automatic traffic signal,3,202,None within 50 metres,Pedestrian phase at traffic signal junction,Daylight: Street light present,Fine without high winds,Wet/Damp,None,None,1,Yes,E01004067,2005
11023,200501MM70029,534490.0,175030.0,-0.065571,51.458224,1,3,2,1,27/01/2005,5,02:00,8,E09000028,4,238,Single carriageway,30,None,-1,0,None within 50 metres,No physical crossing within 50 meters,Darkness: Street lights present and lit,Fine without high winds,Wet/Damp,None,None,1,Yes,E01004015,2005
11024,200501MM70031,533850.0,178180.0,-0.073585,51.486683,1,3,1,1,11/01/2005,3,17:40,8,E09000028,4,215,Single carriageway,30,Giveway or uncontrolled,3,2,None within 50 metres,No physical crossing within 50 meters,Darkness: Street lights present and lit,Fine without high winds,Dry,None,None,1,No,E01003964,2005
11025,200501MM70032,534100.0,177160.0,-0.070374,51.477458,1,3,2,1,15/01/2005,7,20:00,8,E09000028,4,215,Single carriageway,30,Automatic traffic signal,4,215,None within 50 metres,Pedestrian phase at traffic signal junction,Darkness: Street lights present and lit,Fine without high winds,Dry,None,None,1,No,E01004010,2005
11026,200501MM70034,532080.0,177190.0,-0.099433,51.478202,1,2,1,1,15/01/2005,7,15:30,8,E09000028,5,0,Single carriageway,30,Giveway or uncontrolled,6,0,None within 50 metres,No physical crossing within 50 meters,Daylight: Street light present,Fine without high winds,Dry,None,None,1,No,E01003919,2005
11027,200501MM70035,532420.0,177480.0,-0.094431,51.480729,1,3,1,1,02/01/2005,1,11:30,8,E09000028,3,215,Single carriageway,30,Automatic traffic signal,3,215,None within 50 metres,Pedestrian phase at traffic signal junction,Daylight: Street light present,Fine without high winds,Dry,None,None,1,Yes,E01003924,2005
11028,200501MM70037,534780.0,176780.0,-0.060732,51.473881,1,3,1,1,03/01/2005,2,16:00,8,E09000028,3,202,Single carriageway,30,None,-1,0,None within 50 metres,No physical crossing within 50 meters,Daylight: Street light present,Fine without high winds,Dry,None,None,1,Yes,E01004005,2005
11029,200501MM70039,532590.0,177360.0,-0.092029,51.479611,1,3,3,1,04/01/2005,3,17:36,8,E09000028,5,0,Single carriageway,30,Giveway or uncontrolled,6,0,None within 50 metres,No physical crossing within 50 meters,Darkness: Street lights present and lit,Raining without high winds,Wet/Damp,None,None,1,Yes,E01003969,2005
11030,200501MM70040,534910.0,177480.0,-0.058595,51.480141,1,3,2,1,14/01/2005,6,12:55,8,E09000028,6,0,Single carriageway,30,Giveway or uncontrolled,3,2,None within 50 metres,No physical crossing within 50 meters,Daylight: Street light present,Fine without high winds,Dry,None,None,1,Yes,E01003984,2005
11031,200501MM70046,533810.0,178200.0,-0.074153,51.486872,1,3,2,1,22/01/2005,7,13:42,8,E09000028,3,2,Single carriageway,30,Automatic traffic signal,4,215,None within 50 metres,Pedestrian phase at traffic signal junction,Daylight: Street light present,Fine without high winds,Dry,None,None,1,Yes,E01003964,2005
11032,200501MM70048,533220.0,174690.0,-0.083968,51.455468,1,3,2,1,20/01/2005,5,17:20,8,E09000028,3,2214,Single carriageway,30,Automatic traffic signal,5,0,None within 50 metres,Pedestrian phase at traffic signal junction,Daylight: Street light present,Fine without high winds,Dry,None,None,1,No,E01004070,2005
11033,200501MM70050,532240.0,178450.0,-0.096659,51.489488,1,3,2,1,25/01/2005,3,16:15,8,E09000028,3,215,Single carriageway,30,Automatic traffic signal,3,215,None within 50 metres,Pedestrian phase at traffic signal junction,Daylight: Street light present,Fine without high winds,Dry,None,None,1,Yes,E01003996,2005
11034,200501MM70051,532420.0,177430.0,-0.09445,51.480279,1,3,2,1,25/01/2005,3,13:59,8,E09000028,3,215,Single carriageway,30,Giveway or uncontrolled,6,0,None within 50 metres,No physical crossing within 50 meters,Daylight: Street light present,Fine without high winds,Dry,None,None,1,Yes,E01003924,2005
11035,200501MM70052,533220.0,175910.0,-0.083509,51.466432,1,3,3,1,27/01/2005,5,08:45,8,E09000028,6,0,Single carriageway,30,Giveway or uncontrolled,6,0,None within 50 metres,No physical crossing within 50 meters,Daylight: Street light present,Fine without high winds,Dry,None,None,1,Yes,E01004050,2005
11036,200501MM70053,533000.0,178290.0,-0.085779,51.487872,1,3,1,1,27/01/2005,5,20:38,8,E09000028,6,0,Single carriageway,30,None,-1,0,None within 50 metres,No physical crossing within 50 meters,Darkness: Street lights present and lit,Raining without high winds,Wet/Damp,None,None,1,Yes,E01003974,2005
11037,200501MM70054,535100.0,179490.0,-0.055092,51.498158,1,3,2,1,22/01/2005,7,18:32,8,E09000028,3,200,Dual carriageway,30,None,-1,0,None within 50 metres,Central refuge,Darkness: Street lights present and lit,Raining without high winds,Wet/Damp,None,None,1,Yes,E01004033,2005
11038,200501MM70055,534660.0,176200.0,-0.06268,51.468698,1,3,2,1,22/01/2005,7,02:19,8,E09000028,6,0,Single carriageway,30,Giveway or uncontrolled,6,0,None within 50 metres,No physical crossing within 50 meters,Darkness: Street lights present and lit,Fine without high winds,Dry,None,None,1,Yes,E01004068,2005
11039,200501MM70056,534730.0,175650.0,-0.061882,51.463738,1,2,2,1,27/01/2005,5,03:56,8,E09000028,3,2214,Single carriageway,30,Giveway or uncontrolled,6,0,None within 50 metres,No physical crossing within 50 meters,Darkness: Street lights present and lit,Fine without high winds,Dry,None,None,1,Yes,E01004019,2005
11040,200501MM70057,535520.0,175920.0,-0.050413,51.465976,1,3,2,1,24/01/2005,2,21:30,8,E09000028,5,0,Roundabout,30,Giveway or uncontrolled,5,0,None within 50 metres,No physical crossing within 50 meters,Darkness: Street lights present and lit,Raining without high winds,Wet/Damp,None,None,1,Yes,E01004002,2005
11041,200501MM70058,534520.0,175530.0,-0.064949,51.46271,1,3,2,1,24/01/2005,2,22:05,8,E09000028,3,2214,Single carriageway,30,Automatic traffic signal,5,0,None within 50 metres,Pedestrian phase at traffic signal junction,Darkness: Street lights present and lit,Fine without high winds,Dry,None,None,1,Yes,E01004064,2005
11042,200501MM70059,535290.0,177260.0,-0.05321,51.478073,1,3,2,1,27/01/2005,5,16:14,8,E09000028,3,2,Dual carriageway,30,None,-1,0,None within 50 metres,No physical crossing within 50 meters,Daylight: Street light present,Fine with high winds,Dry,None,None,1,Yes,E01004003,2005
11043,200501MM70061,531600.0,178310.0,-0.105924,51.488379,1,3,2,1,10/01/2005,2,17:28,8,E09000028,3,3,Single carriageway,30,None,-1,0,None within 50 metres,No physical crossing within 50 meters,Darkness: Street lights present and lit,Raining without high winds,Wet/Damp,None,None,1,Yes,E01003108,2005
11044,200501MM70062,534260.0,177940.0,-0.067775,51.484429,1,3,2,1,17/01/2005,2,08:07,8,E09000028,3,2,Dual carriageway,30,Giveway or uncontrolled,6,0,None within 50 metres,Pedestrian phase at traffic signal junction,Daylight: Street light present,Fine without high winds,Dry,None,None,1,Yes,E01003989,2005
11045,200501MM70063,533300.0,178620.0,-0.081336,51.490767,1,3,2,1,22/01/2005,7,12:45,8,E09000028,3,2,Dual carriageway,30,None,-1,0,None within 50 metres,No physical crossing within 50 meters,Daylight: Street light present,Fine without high winds,Dry,None,None,1,Yes,E01003961,2005
11046,200501MM70064,533410.0,179480.0,-0.079427,51.498469,1,3,2,1,22/01/2005,7,23:32,8,E09000028,3,100,Single carriageway,30,Giveway or uncontrolled,6,0,None within 50 metres,No physical crossing within 50 meters,Darkness: Street lights present and lit,Fine without high winds,Wet/Damp,None,None,1,Yes,E01003982,2005
11047,200501MM70065,534260.0,177950.0,-0.067771,51.484519,1,3,2,2,12/01/2005,4,08:45,8,E09000028,3,2,Single carriageway,30,Automatic traffic signal,6,0,None within 50 metres,Pedestrian phase at traffic signal junction,Daylight: Street light present,Fine without high winds,Dry,None,None,1,Yes,E01003964,2005
11048,200501MM70066,534960.0,178440.0,-0.057508,51.488756,1,3,1,1,19/01/2005,4,21:41,8,E09000028,3,2208,Single carriageway,30,None,-1,0,None within 50 metres,No physical crossing within 50 meters,Darkness: Street lights present and lit,Fine without high winds,Dry,None,None,1,Yes,E01003986,2005
11049,200501MM70067,532070.0,178830.0,-0.098964,51.492943,1,3,3,2,19/01/2005,4,03:11,8,E09000028,3,215,Single carriageway,30,Giveway or uncontrolled,6,0,None within 50 metres,No physical crossing within 50 meters,Darkness: Street lights present and lit,Other,Dry,None,None,1,Yes,E01003959,2005
11050,200501MM70068,535140.0,178260.0,-0.054986,51.487095,1,3,2,2,19/01/2005,4,15:55,8,E09000028,5,0,Single carriageway,30,None,-1,0,None within 50 metres,non-junction pedestrian crossing,Daylight: Street light present,Fine without high winds,Dry,None,None,1,Yes,E01003986,2005
11051,200501MM70069,533430.0,176030.0,-0.080442,51.467461,1,3,2,1,20/01/2005,5,09:00,8,E09000028,6,0,Single carriageway,30,None,-1,0,None within 50 metres,No physical crossing within 50 meters,Daylight: Street light present,Raining without high winds,Wet/Damp,Roadworks,None,1,Yes,E01004050,2005
11052,200501MM70070,534400.0,175870.0,-0.066546,51.465794,1,3,1,1,21/01/2005,6,22:30,8,E09000028,3,2215,Single carriageway,30,Giveway or uncontrolled,6,0,None within 50 metres,No physical crossing within 50 meters,Darkness: Street lights present and lit,Fine without high winds,Dry,None,None,1,Yes,E01004062,2005
11053,200501MM70071,534390.0,177990.0,-0.065885,51.484848,1,3,2,1,21/01/2005,6,05:35,8,E09000028,3,2208,Single carriageway,30,Giveway or uncontrolled,3,2208,None within 50 metres,No physical crossing within 50 meters,Darkness: Street lights present and lit,Fine without high winds,Dry,None,None,1,Yes,E01004038,2005
11054,200501MM70072,532290.0,178350.0,-0.095976,51.488578,1,3,1,1,22/01/2005,7,09:54,8,E09000028,3,215,Single carriageway,30,None,-1,0,None within 50 metres,Pedestrian phase at traffic signal junction,Daylight: Street light present,Fine without high winds,Dry,None,None,1,Yes,E01003994,2005
11055,200501MM70073,532640.0,173060.0,-0.092922,51.440956,1,3,2,2,18/01/2005,3,07:03,9,E09000022,3,2199,Single carriageway,30,Automatic traffic signal,3,205,None within 50 metres,Pedestrian phase at traffic signal junction,Darkness: Street lights present but unlit,Fine without high winds,Dry,None,None,1,Yes,E01003165,2005
11056,200501MM70074,534400.0,173350.0,-0.067503,51.443147,1,3,1,1,18/01/2005,3,15:22,8,E09000028,3,2216,Single carriageway,30,Automatic traffic signal,3,205,None within 50 metres,Pedestrian phase at traffic signal junction,Daylight: Street light present,Fine without high winds,Dry,None,None,1,Yes,E01003950,2005
11057,200501MM70076,533360.0,176720.0,-0.081189,51.473678,1,3,2,1,28/01/2005,6,16:42,8,E09000028,3,202,Single carriageway,30,None,-1,0,None within 50 metres,No physical crossing within 50 meters,Darkness: Street lights present and lit,Raining without high winds,Wet/Damp,None,None,1,Yes,E01003914,2005
11058,200501MM70077,531980.0,179110.0,-0.100155,51.49548,1,3,2,1,29/01/2005,7,00:05,8,E09000028,3,3,Single carriageway,30,Giveway or uncontrolled,3,3,None within 50 metres,No physical crossing within 50 meters,Darkness: Street lights present and lit,Fine without high winds,Dry,None,None,1,Yes,E01003933,2005
11059,200501MM70080,535090.0,179540.0,-0.055216,51.49861,1,3,2,1,29/01/2005,7,12:49,8,E09000028,3,101,Roundabout,30,Giveway or uncontrolled,3,200,None within 50 metres,Zebra crossing,Daylight: Street light present,Fine without high winds,Dry,None,None,1,Yes,E01004033,2005
11060,200501MM70081,534070.0,177160.0,-0.070805,51.477465,1,3,2,2,29/01/2005,7,17:30,8,E09000028,4,215,Single carriageway,30,Giveway or uncontrolled,4,215,None within 50 metres,No physical crossing within 50 meters,Darkness: Street lights present and lit,Fine without high winds,Dry,None,None,1,Yes,E01003990,2005
11061,200501MM70082,534460.0,177820.0,-0.064942,51.483303,1,3,1,1,29/01/2005,7,05:19,8,E09000028,3,2,Dual carriageway,30,Automatic traffic signal,4,216,None within 50 metres,Pedestrian phase at traffic signal junction,Darkness: Street lights present and lit,Fine without high winds,Dry,None,None,1,Yes,E01003989,2005
11062,200501MM70083,532780.0,180390.0,-0.088156,51.506796,1,3,1,1,30/01/2005,1,04:15,8,E09000028,3,3,Dual carriageway,30,None,-1,0,None within 50 metres,No physical crossing within 50 meters,Darkness: Street lights present and lit,Fine without high winds,Dry,None,None,1,Yes,,2005
11063,200501MM70084,532460.0,177040.0,-0.09402,51.476765,1,3,2,1,30/01/2005,1,11:36,8,E09000028,3,215,Dual carriageway,30,None,-1,0,None within 50 metres,No physical crossing within 50 meters,Daylight: Street light present,Fine without high winds,Dry,None,None,1,Yes,E01003921,2005
11064,200501MM70086,532540.0,176350.0,-0.093128,51.470546,1,3,1,1,30/01/2005,1,23:44,8,E09000028,3,215,Single carriageway,30,Giveway or uncontrolled,6,0,None within 50 metres,No physical crossing within 50 meters,Darkness: Street lights present and lit,Fine without high winds,Dry,None,None,1,Yes,E01003076,2005
11065,200501MM70088,532960.0,176680.0,-0.08696,51.473413,1,3,2,1,31/01/2005,2,19:15,8,E09000028,3,202,Single carriageway,30,Giveway or uncontrolled,3,202,None within 50 metres,No physical crossing within 50 meters,Darkness: Street lights present and lit,Fine without high winds,Dry,None,None,1,Yes,E01003911,2005
11066,200501MM70089,532280.0,177080.0,-0.096596,51.477167,1,3,2,1,31/01/2005,2,21:38,8,E09000028,6,0,Single carriageway,30,Giveway or uncontrolled,6,0,None within 50 metres,No physical crossing within 50 meters,Darkness: Street lights present and lit,Fine without high winds,Dry,None,None,1,Yes,E01003920,2005
11067,200501MM70090,532560.0,173230.0,-0.094008,51.442502,1,3,2,1,31/01/2005,2,09:30,9,E09000022,3,2199,Single carriageway,30,None,-1,0,None within 50 metres,No physical crossing within 50 meters,Daylight: Street light present,Fine without high winds,Dry,None,None,1,Yes,E01003170,2005
11068,200501MM70091,535320.0,177090.0,-0.052843,51.476538,1,3,2,1,05/01/2005,4,09:20,7,E09000023,4,2227,Single carriageway,30,Giveway or uncontrolled,6,0,None within 50 metres,No physical crossing within 50 meters,Daylight: Street light present,Fine without high winds,Dry,None,None,1,No,E01004003,2005
11069,200501MM70094,534240.0,179440.0,-0.067493,51.497914,1,3,2,1,10/01/2005,2,19:55,8,E09000028,3,200,Dual carriageway,50,None,-1,0,None within 50 metres,No physical crossing within 50 meters,Darkness: Street lights present and lit,Fine without high winds,Dry,None,None,1,No,E01004022,2005
11070,200501MM70095,533850.0,171190.0,-0.076228,51.423866,1,3,3,1,01/01/2005,7,18:05,8,E09000028,3,212,Single carriageway,30,Automatic traffic signal,3,2199,None within 50 metres,Pedestrian phase at traffic signal junction,Darkness: Street lights present and lit,Fine without high winds,Dry,None,None,1,No,E01003948,2005
11071,200501MM70096,532340.0,178190.0,-0.095317,51.487128,1,3,1,1,12/01/2005,4,06:35,8,E09000028,3,215,Single carriageway,30,None,-1,0,None within 50 metres,No physical crossing within 50 meters,Darkness: Street lights present and lit,Fine without high winds,Dry,None,None,1,No,E01003994,2005
11072,200501MM70097,532010.0,179200.0,-0.099689,51.496282,1,3,1,1,30/01/2005,1,18:48,8,E09000028,3,3,Single carriageway,30,None,-1,0,None within 50 metres,No physical crossing within 50 meters,Darkness: Street lights present and lit,Fine without high winds,Dry,None,None,1,No,E01003937,2005
11073,200501MM70099,532440.0,177280.0,-0.094218,51.478927,1,3,2,1,01/02/2005,3,20:25,8,E09000028,3,215,Dual carriageway,30,Automatic traffic signal,5,0,None within 50 metres,Pedestrian phase at traffic signal junction,Darkness: Street lights present and lit,Fine without high winds,Dry,None,None,1,Yes,E01003924,2005
11074,200501MM70100,532370.0,179680.0,-0.094326,51.500511,1,3,1,1,03/02/2005,5,09:08,8,E09000028,3,3,Single carriageway,30,Giveway or uncontrolled,6,0,None within 50 metres,No physical crossing within 50 meters,Daylight: Street light present,Fine without high winds,Dry,None,None,1,Yes,E01003929,2005
11075,200501MM70101,532560.0,178970.0,-0.091857,51.494086,1,3,1,1,03/02/2005,5,17:04,8,E09000028,3,201,Single carriageway,30,Giveway or uncontrolled,6,0,None within 50 metres,non-junction pedestrian crossing,Darkness: Street lights present and lit,Fine without high winds,Dry,None,None,1,Yes,E01003962,2005
11076,200501MM70102,532280.0,180260.0,-0.095405,51.505744,1,3,2,1,04/02/2005,6,13:00,8,E09000028,3,300,Single carriageway,30,None,-1,0,None within 50 metres,Central refuge,Daylight: Street light present,Fine without high winds,Dry,None,Other object in carriageway,1,Yes,E01003935,2005
11077,200501MM70103,533810.0,175230.0,-0.075277,51.460182,1,3,2,1,03/02/2005,5,21:45,8,E09000028,3,2216,Single carriageway,30,Giveway or uncontrolled,6,0,None within 50 metres,Zebra crossing,Darkness: Street lights present and lit,Fine without high winds,Dry,None,None,1,Yes,E01003953,2005
11078,200501MM70104,532710.0,180230.0,-0.089224,51.505374,1,2,1,1,06/02/2005,1,19:30,8,E09000028,3,3,Single carriageway,30,None,-1,0,None within 50 metres,Pedestrian phase at traffic signal junction,Darkness: Street lights present and lit,Fine without high winds,Dry,None,None,1,Yes,E01003929,2005
11079,200501MM70105,534800.0,177540.0,-0.060155,51.480706,1,3,2,1,07/02/2005,2,13:15,8,E09000028,3,2,Single carriageway,30,Automatic traffic signal,5,0,None within 50 metres,Pedestrian phase at traffic signal junction,Daylight: Street light present,Fine without high winds,Dry,None,None,1,Yes,E01003988,2005
11080,200501MM70106,535250.0,178680.0,-0.053242,51.490843,1,2,1,1,07/02/2005,2,18:41,8,E09000028,3,2208,Single carriageway,30,Giveway or uncontrolled,6,0,None within 50 metres,No physical crossing within 50 meters,Darkness: Street lights present and lit,Fine without high winds,Dry,None,None,1,Yes,E01004035,2005
11081,200501MM70108,532560.0,179530.0,-0.091647,51.499119,1,3,1,2,02/02/2005,4,18:20,8,E09000028,3,2,Roundabout,30,Giveway or uncontrolled,6,0,None within 50 metres,Zebra crossing,Darkness: Street lights present and lit,Fine without high winds,Dry,None,None,1,No,E01003939,2005
11082,200501MM70109,533650.0,178310.0,-0.076415,51.487899,1,3,2,1,08/02/2005,3,07:44,8,E09000028,3,2,Single carriageway,30,Automatic traffic signal,4,214,None within 50 metres,Pedestrian phase at traffic signal junction,Daylight: Street light present,Fine without high winds,Dry,None,None,1,Yes,E01003966,2005
11083,200501MM70111,532420.0,177790.0,-0.094315,51.483515,1,3,2,1,05/02/2005,7,17:20,8,E09000028,3,215,Single carriageway,30,Giveway or uncontrolled,6,0,None within 50 metres,Zebra crossing,Daylight: Street light present,Fine without high winds,Dry,None,None,1,No,E01003923,2005
11084,200501MM70113,533970.0,173880.0,-0.073486,51.448012,1,3,3,2,22/01/2005,7,11:45,8,E09000028,3,2216,Single carriageway,30,None,-1,0,None within 50 metres,No physical crossing within 50 meters,Daylight: Street light present,Fine without high winds,Dry,None,None,1,Yes,E01004075,2005
11085,200501MM70114,534490.0,176220.0,-0.065119,51.468918,1,3,2,1,07/02/2005,2,12:45,8,E09000028,6,0,Single carriageway,30,Giveway or uncontrolled,6,0,None within 50 metres,No physical crossing within 50 meters,Daylight: Street light present,Fine without high winds,Dry,None,None,1,Yes,E01004068,2005
11086,200501MM70117,534050.0,178060.0,-0.070752,51.485557,1,3,2,1,01/02/2005,3,07:46,8,E09000028,3,2,Single carriageway,30,Giveway or uncontrolled,6,0,None within 50 metres,No physical crossing within 50 meters,Daylight: Street light present,Fine without high winds,Wet/Damp,None,None,1,Yes,E01003964,2005
11087,200501MM70118,532840.0,178640.0,-0.08795,51.491055,1,3,1,1,10/02/2005,5,11:59,8,E09000028,5,0,Single carriageway,30,Giveway or uncontrolled,6,0,None within 50 metres,Zebra crossing,Daylight: Street light present,Raining without high winds,Wet/Damp,None,None,1,Yes,E01003961,2005
11088,200501MM70119,534350.0,176580.0,-0.066996,51.472186,1,3,1,1,11/02/2005,6,07:40,8,E09000028,6,0,Single carriageway,30,Giveway or uncontrolled,3,2215,None within 50 metres,No physical crossing within 50 meters,Daylight: Street light present,Fine without high winds,Wet/Damp,None,None,1,Yes,E01004067,2005
11089,200501MM70120,533450.0,179620.0,-0.078799,51.499718,1,3,1,1,10/02/2005,5,04:00,8,E09000028,3,100,Single carriageway,30,None,-1,0,None within 50 metres,No physical crossing within 50 meters,Darkness: Street lights present and lit,Raining without high winds,Wet/Damp,None,None,1,Yes,E01003976,2005
11090,200501MM70122,533100.0,174170.0,-0.08589,51.450823,1,3,2,1,07/02/2005,2,08:45,8,E09000028,5,0,Single carriageway,30,Giveway or uncontrolled,5,0,None within 50 metres,No physical crossing within 50 meters,Daylight: Street light present,Fine without high winds,Dry,None,None,1,No,E01004069,2005
11091,200501MM70123,532640.0,175330.0,-0.092071,51.461356,1,2,2,1,08/02/2005,3,11:00,8,E09000028,3,215,Single carriageway,30,None,-1,0,None within 50 metres,No physical crossing within 50 meters,Daylight: Street light present,Fine without high winds,Dry,None,None,1,No,E01003078,2005
11092,200501MM70124,535090.0,176360.0,-0.056432,51.470033,1,3,2,1,09/02/2005,4,08:50,8,E09000028,6,0,Single carriageway,30,Giveway or uncontrolled,6,0,None within 50 metres,No physical crossing within 50 meters,Daylight: Street light present,Fine without high winds,Dry,None,None,1,No,E01004004,2005
11093,200501MM70125,534280.0,176770.0,-0.067931,51.47391,1,3,2,1,10/02/2005,5,15:40,8,E09000028,3,202,Single carriageway,30,Giveway or uncontrolled,6,0,None within 50 metres,No physical crossing within 50 meters,Daylight: Street light present,Raining without high winds,Wet/Damp,None,None,1,No,E01004010,2005
11094,200501MM70126,531280.0,179830.0,-0.109965,51.502113,1,3,2,1,10/02/2005,5,09:50,9,E09000022,3,301,Single carriageway,30,Automatic traffic signal,4,300,None within 50 metres,Pedestrian phase at traffic signal junction,Daylight: Street light present,Raining without high winds,Wet/Damp,None,None,1,No,E01003012,2005
11095,200501MM70127,531780.0,178880.0,-0.10312,51.49346,1,3,2,1,12/02/2005,7,16:10,8,E09000028,6,0,Single carriageway,30,Giveway or uncontrolled,6,0,None within 50 metres,No physical crossing within 50 meters,Daylight: Street light present,Fine without high winds,Wet/Damp,None,None,1,No,E01003933,2005
11096,200501MM70128,534440.0,175950.0,-0.065941,51.466503,1,3,1,1,14/02/2005,2,14:35,8,E09000028,3,2215,Single carriageway,30,None,-1,0,None within 50 metres,No physical crossing within 50 meters,Daylight: Street light present,Fine without high winds,Dry,None,None,1,No,E01004062,2005
11097,200501MM70129,534200.0,176880.0,-0.069041,51.474918,1,3,2,1,18/02/2005,6,16:45,8,E09000028,4,215,Single carriageway,30,Giveway or uncontrolled,6,0,None within 50 metres,No physical crossing within 50 meters,Daylight: Street light present,Raining without high winds,Wet/Damp,None,None,1,Yes,E01004010,2005
11098,200501MM70131,533890.0,176740.0,-0.073555,51.473733,1,3,1,1,17/02/2005,5,14:00,8,E09000028,3,202,Single carriageway,30,Giveway or uncontrolled,6,0,None within 50 metres,No physical crossing within 50 meters,Daylight: Street light present,Fine without high winds,Dry,None,None,1,Yes,E01004066,2005
11099,200501MM70132,535570.0,179020.0,-0.048505,51.493822,1,3,2,1,22/01/2005,7,15:00,8,E09000028,3,200,Single carriageway,30,None,-1,0,None within 50 metres,No physical crossing within 50 meters,Daylight: Street light present,Fine without high winds,Dry,None,None,1,No,E01004031,2005
11100,200501MM70133,533490.0,179370.0,-0.078317,51.497462,1,3,2,1,10/02/2005,5,16:50,8,E09000028,6,0,Single carriageway,30,Giveway or uncontrolled,4,202,None within 50 metres,No physical crossing within 50 meters,Darkness: Street lights present and lit,Raining without high winds,Wet/Damp,None,None,1,Yes,E01003976,2005
11101,200501MM70134,534400.0,175570.0,-0.06666,51.463098,1,2,2,1,12/02/2005,7,18:48,8,E09000028,3,2215,Single carriageway,30,Giveway or uncontrolled,6,0,None within 50 metres,No physical crossing within 50 meters,Darkness: Street lights present and lit,Fine without high winds,Dry,None,None,1,Yes,E01004064,2005
11102,200501MM70136,534200.0,176880.0,-0.069041,51.474918,1,3,1,1,12/02/2005,7,18:48,8,E09000028,4,215,Single carriageway,30,Giveway or uncontrolled,6,0,None within 50 metres,No physical crossing within 50 meters,Daylight: Street light present,Fine without high winds,Wet/Damp,None,None,1,Yes,E01004010,2005
11103,200501MM70138,531660.0,180270.0,-0.104329,51.505979,1,3,2,1,17/02/2005,5,09:10,8,E09000028,3,201,Single carriageway,30,Giveway or uncontrolled,6,0,None within 50 metres,No physical crossing within 50 meters,Daylight: Street light present,Fine without high winds,Dry,None,None,1,Yes,E01003934,2005
11104,200501MM70139,531570.0,180390.0,-0.105581,51.507078,1,3,2,1,18/02/2005,6,17:48,8,E09000028,3,3200,Single carriageway,30,Giveway or uncontrolled,6,0,None within 50 metres,non-junction pedestrian crossing,Darkness: Street lights present and lit,Raining without high winds,Wet/Damp,None,None,1,Yes,E01003934,2005
11105,200501MM70140,533060.0,178250.0,-0.08493,51.487498,1,3,2,1,19/02/2005,7,16:51,8,E09000028,6,0,Single carriageway,30,Giveway or uncontrolled,6,0,None within 50 metres,No physical crossing within 50 meters,Daylight: Street light present,Fine without high winds,Wet/Damp,None,None,1,Yes,E01003971,2005
11106,200501MM70141,533830.0,177650.0,-0.074074,51.481925,1,3,2,1,19/02/2005,7,20:24,8,E09000028,4,215,Single carriageway,30,Giveway or uncontrolled,6,0,None within 50 metres,No physical crossing within 50 meters,Darkness: Street lights present and lit,Fine without high winds,Dry,None,None,1,Yes,E01004014,2005
11107,200501MM70142,532450.0,177970.0,-0.093816,51.485125,1,3,1,1,20/02/2005,1,14:47,8,E09000028,6,0,Single carriageway,30,Giveway or uncontrolled,3,215,None within 50 metres,non-junction pedestrian crossing,Daylight: Street light present,Fine without high winds,Dry,None,None,1,Yes,E01003969,2005
11108,200501MM70143,534140.0,176710.0,-0.069969,51.473404,1,3,1,1,20/02/2005,1,14:15,8,E09000028,3,202,Single carriageway,30,Automatic traffic signal,3,2215,None within 50 metres,Pedestrian phase at traffic signal junction,Daylight: Street light present,Fine without high winds,Dry,None,None,1,Yes,E01004067,2005
11109,200501MM70144,532440.0,177270.0,-0.094222,51.478837,1,3,2,1,20/02/2005,1,17:27,8,E09000028,3,215,Single carriageway,30,Automatic traffic signal,5,0,None within 50 metres,No physical crossing within 50 meters,Darkness: Street lights present and lit,Fine without high winds,Wet/Damp,None,None,1,Yes,E01003924,2005
11110,200501MM70145,532410.0,177650.0,-0.094511,51.482259,1,3,2,1,21/02/2005,2,17:55,8,E09000028,3,215,Single carriageway,30,Automatic traffic signal,4,214,None within 50 metres,No physical crossing within 50 meters,Darkness: Street lights present and lit,Fine without high winds,Dry,None,None,1,Yes,E01003923,2005
11111,200501MM70146,533380.0,179380.0,-0.079897,51.497578,1,3,2,1,21/02/2005,2,23:00,8,E09000028,3,100,Single carriageway,30,Automatic traffic signal,4,202,None within 50 metres,Pedestrian phase at traffic signal junction,Darkness: Street lights present and lit,Snowing with high winds,Snow,None,None,1,Yes,E01003976,2005
11112,200501MM70147,534070.0,179220.0,-0.070024,51.495977,1,3,2,1,22/02/2005,3,16:30,8,E09000028,5,0,Single carriageway,30,Giveway or uncontrolled,6,0,None within 50 metres,No physical crossing within 50 meters,Daylight: Street light present,Fine without high winds,Dry,None,None,1,Yes,E01003977,2005
11113,200501MM70149,533780.0,174180.0,-0.076106,51.450753,1,3,3,2,22/02/2005,3,19:34,8,E09000028,3,2216,Single carriageway,30,None,-1,0,None within 50 metres,No physical crossing within 50 meters,Darkness: Street lights present and lit,Snowing without high winds,Wet/Damp,None,None,1,Yes,E01004072,2005
11114,200501MM70150,535700.0,175550.0,-0.047966,51.462608,1,3,2,1,27/02/2005,1,14:10,8,E09000028,5,0,Single carriageway,30,None,-1,0,None within 50 metres,No physical crossing within 50 meters,Daylight: Street light present,Fine without high winds,Dry,None,None,1,Yes,E01004002,2005
11115,200501MM70151,533690.0,178360.0,-0.07582,51.488338,1,3,2,1,28/02/2005,2,11:10,8,E09000028,4,214,Single carriageway,30,None,-1,0,None within 50 metres,No physical crossing within 50 meters,Daylight: Street light present,Fine without high winds,Dry,None,None,1,Yes,E01004040,2005
11116,200501MM70152,533850.0,177290.0,-0.073922,51.478685,1,3,2,1,28/02/2005,2,17:53,8,E09000028,6,0,Single carriageway,30,Giveway or uncontrolled,6,0,None within 50 metres,No physical crossing within 50 meters,Darkness: Street lights present and lit,Snowing without high winds,Snow,None,None,1,Yes,E01004007,2005
11117,200501MM70153,532440.0,177280.0,-0.094218,51.478927,1,2,2,5,10/02/2005,5,02:04,8,E09000028,3,215,Single carriageway,30,Automatic traffic signal,5,0,None within 50 metres,Pedestrian phase at traffic signal junction,Darkness: Street lights present and lit,Raining without high winds,Wet/Damp,None,None,1,Yes,E01003924,2005
11118,200501MM70155,533940.0,171410.0,-0.074851,51.425822,1,3,2,1,24/02/2005,5,07:30,8,E09000028,3,212,Roundabout,30,Giveway or uncontrolled,6,0,None within 50 metres,Zebra crossing,Daylight: Street light present,Snowing without high winds,Snow,None,None,1,Yes,E01003948,2005
11119,200501MM70156,533160.0,171680.0,-0.085963,51.428432,1,3,2,2,27/02/2005,1,18:35,8,E09000028,3,2199,Roundabout,30,Giveway or uncontrolled,3,2199,None within 50 metres,Pedestrian phase at traffic signal junction,Darkness: Street lights present and lit,Fine without high winds,Dry,None,None,1,Yes,E01003946,2005
11120,200501MM70157,534350.0,176940.0,-0.066859,51.475421,1,3,1,1,22/02/2005,3,15:51,8,E09000028,6,0,Single carriageway,30,Giveway or uncontrolled,6,0,None within 50 metres,No physical crossing within 50 meters,Daylight: Street light present,Fine without high winds,Dry,None,None,1,Yes,E01004008,2005
11121,200501MM70158,533590.0,179180.0,-0.076949,51.495731,1,3,2,1,03/02/2005,5,15:35,8,E09000028,6,0,Single carriageway,30,Giveway or uncontrolled,6,0,None within 50 metres,No physical crossing within 50 meters,Daylight: Street light present,Fine without high winds,Dry,None,None,1,Yes,E01003978,2005
11122,200501MM70159,533910.0,173980.0,-0.074311,51.448925,1,3,2,1,15/02/2005,3,15:00,8,E09000028,3,2216,Single carriageway,30,Giveway or uncontrolled,4,219,None within 50 metres,No physical crossing within 50 meters,Daylight: Street light present,Fine without high winds,Dry,None,None,1,No,E01004075,2005
11123,200501MM70161,532510.0,178580.0,-0.092723,51.490593,1,3,2,1,17/02/2005,5,18:00,8,E09000028,6,0,Single carriageway,30,Giveway or uncontrolled,6,0,None within 50 metres,No physical crossing within 50 meters,Darkness: Street lights present and lit,Raining without high winds,Wet/Damp,None,None,1,No,E01003965,2005
11124,200501MM70162,532570.0,176260.0,-0.09273,51.46973,1,3,2,1,16/02/2005,4,18:40,8,E09000028,3,215,Single carriageway,30,Giveway or uncontrolled,6,0,None within 50 metres,No physical crossing within 50 meters,Darkness: Street lights present and lit,Fine without high winds,Dry,None,None,1,No,E01003076,2005
11125,200501MM70163,534600.0,176010.0,-0.063616,51.467004,1,3,1,1,17/02/2005,5,19:25,8,E09000028,6,0,Single carriageway,30,None,-1,0,None within 50 metres,Zebra crossing,Darkness: Street lights present and lit,Raining without high winds,Wet/Damp,None,None,1,No,E01004068,2005
11126,200501MM70164,532450.0,177890.0,-0.093846,51.484406,1,3,2,1,19/02/2005,7,13:40,8,E09000028,3,215,Single carriageway,30,Giveway or uncontrolled,3,215,None within 50 metres,Zebra crossing,Daylight: Street light present,Fine without high winds,Dry,None,None,1,No,E01003969,2005
11127,200501MM70165,531590.0,178290.0,-0.106075,51.488202,1,3,2,1,19/02/2005,7,00:45,9,E09000022,3,3,Single carriageway,30,Automatic traffic signal,5,0,None within 50 metres,Pedestrian phase at traffic signal junction,Darkness: Street lights present and lit,Fine without high winds,Dry,None,None,1,No,E01003108,2005
11128,200501MM70166,532350.0,179660.0,-0.094622,51.500336,1,3,1,1,21/02/2005,2,09:49,8,E09000028,3,3,Single carriageway,30,None,-1,0,None within 50 metres,No physical crossing within 50 meters,Daylight: Street light present,Fine without high winds,Dry,None,None,1,No,E01003929,2005
11129,200501MM70167,534440.0,176750.0,-0.065636,51.473692,1,3,2,1,21/02/2005,2,07:00,8,E09000028,3,202,Single carriageway,30,Automatic traffic signal,3,202,None within 50 metres,Pedestrian phase at traffic signal junction,Daylight: Street light present,Fine without high winds,Dry,None,None,1,No,E01004067,2005
11130,200501MM70168,531750.0,179330.0,-0.103384,51.497511,1,3,1,1,26/02/2005,7,11:35,8,E09000028,3,201,Single carriageway,30,Giveway or uncontrolled,5,0,None within 50 metres,non-junction pedestrian crossing,Daylight: Street light present,Fine without high winds,Dry,None,None,1,Yes,E01003932,2005
11131,200501MM70170,532540.0,176740.0,-0.092981,51.47405,1,3,1,1,18/02/2005,6,19:06,8,E09000028,3,202,Single carriageway,30,Automatic traffic signal,3,215,None within 50 metres,Pedestrian phase at traffic signal junction,Darkness: Street lights present and lit,Fine without high winds,Wet/Damp,None,None,1,Yes,E01003921,2005
11132,200501MM70171,532970.0,174410.0,-0.087669,51.453011,1,3,2,1,25/02/2005,6,15:15,8,E09000028,5,0,Single carriageway,30,Automatic traffic signal,3,2214,None within 50 metres,Pedestrian phase at traffic signal junction,Daylight: Street light present,Fine without high winds,Dry,None,None,1,No,E01004073,2005
11133,200501MM70186,531940.0,178850.0,-0.100828,51.493153,1,3,3,1,01/01/2005,7,05:40,8,E09000028,3,3,Roundabout,30,Giveway or uncontrolled,3,215,None within 50 metres,Footbridge or subway,Darkness: Street lights present and lit,Fine without high winds,Dry,None,None,1,No,E01003933,2005
11134,200501MM70275,533600.0,173240.0,-0.079049,51.442348,1,3,2,1,28/02/2005,2,08:55,8,E09000028,3,205,Single carriageway,30,Giveway or uncontrolled,6,0,None within 50 metres,No physical crossing within 50 meters,Daylight: Street light present,Fine without high winds,Dry,None,None,1,No,E01003951,2005
11135,200501MM70276,533530.0,179910.0,-0.077537,51.502305,1,3,2,1,23/02/2005,4,09:00,8,E09000028,3,100,Dual carriageway,30,Automatic traffic signal,3,200,None within 50 metres,Pedestrian phase at traffic signal junction,Daylight: Street light present,Snowing without high winds,Snow,None,None,1,No,E01004027,2005
11136,200501MM70288,532430.0,178000.0,-0.094092,51.485399,1,3,2,1,08/03/2005,3,14:00,8,E09000028,3,215,Single carriageway,30,Giveway or uncontrolled,6,0,None within 50 metres,Zebra crossing,Daylight: Street light present,Fine without high winds,Dry,None,None,1,No,E01003997,2005
11137,200501MM70290,533750.0,178460.0,-0.074918,51.489223,1,3,2,1,01/03/2005,3,18:33,8,E09000028,4,214,Roundabout,30,Giveway or uncontrolled,4,204,None within 50 metres,Zebra crossing,Darkness: Street lights present and lit,Raining without high winds,Wet/Damp,None,None,1,Yes,E01004039,2005
11138,200501MM70296,533040.0,178240.0,-0.085222,51.487413,1,3,1,1,01/03/2005,3,10:00,8,E09000028,6,0,Single carriageway,30,Giveway or uncontrolled,6,0,None within 50 metres,No physical crossing within 50 meters,Daylight: Street light present,Fine without high winds,Wet/Damp,None,None,1,Yes,E01003974,2005
11139,200501MM70297,532190.0,179510.0,-0.096982,51.499025,1,3,2,1,03/03/2005,5,11:18,8,E09000028,3,3,Single carriageway,30,Automatic traffic signal,4,240,None within 50 metres,No physical crossing within 50 meters,Daylight: Street light present,Fine without high winds,Dry,None,None,1,Yes,E01003927,2005
11140,200501MM70298,531980.0,179500.0,-0.100009,51.498985,1,3,2,1,02/03/2005,4,00:08,8,E09000028,3,300,Single carriageway,30,Automatic traffic signal,3,3202,None within 50 metres,Pedestrian phase at traffic signal junction,Darkness: Street lights present and lit,Raining without high winds,Wet/Damp,None,None,1,Yes,E01003932,2005
11141,200501MM70299,533040.0,176690.0,-0.085805,51.473484,1,3,1,1,02/03/2005,4,14:40,8,E09000028,3,202,Single carriageway,30,None,-1,0,None within 50 metres,No physical crossing within 50 meters,Daylight: Street light present,Raining without high winds,Wet/Damp,None,None,1,Yes,E01003911,2005
11142,200501MM70300,534430.0,175280.0,-0.066339,51.460485,1,3,2,1,02/03/2005,4,09:43,8,E09000028,4,238,Single carriageway,30,Giveway or uncontrolled,6,0,None within 50 metres,No physical crossing within 50 meters,Daylight: Street light present,Raining without high winds,Wet/Damp,None,None,1,Yes,E01004015,2005
11143,200501MM70301,535460.0,179410.0,-0.049939,51.497353,1,3,2,3,04/03/2005,6,13:10,8,E09000028,6,0,Single carriageway,30,Automatic traffic signal,6,0,None within 50 metres,No physical crossing within 50 meters,Daylight: Street light present,Raining without high winds,Wet/Damp,None,None,1,Yes,E01004031,2005
11144,200501MM70302,533670.0,178310.0,-0.076127,51.487894,1,3,2,1,04/03/2005,6,02:00,8,E09000028,3,2,Single carriageway,30,Automatic traffic signal,4,214,None within 50 metres,Pedestrian phase at traffic signal junction,Darkness: Street lights present and lit,Fine without high winds,Dry,None,None,1,Yes,E01004040,2005
11145,200501MM70308,534350.0,174200.0,-0.0679,51.450798,1,3,3,1,07/03/2005,2,09:00,8,E09000028,6,0,Single carriageway,30,None,-1,0,None within 50 metres,No physical crossing within 50 meters,Daylight: Street light present,Fine without high winds,Dry,None,None,1,Yes,E01003957,2005
11146,200501MM70309,532510.0,178580.0,-0.092723,51.490593,1,3,2,1,07/03/2005,2,16:50,8,E09000028,6,0,Roundabout,30,Giveway or uncontrolled,6,0,None within 50 metres,No physical crossing within 50 meters,Daylight: Street light present,Fine without high winds,Dry,None,None,1,Yes,E01003965,2005
11147,200501MM70317,535680.0,178760.0,-0.047021,51.491459,1,3,1,1,14/03/2005,2,17:00,8,E09000028,3,2208,Single carriageway,30,Giveway or uncontrolled,3,200,None within 50 metres,Zebra crossing,Daylight: Street light present,Fine without high winds,Dry,None,None,1,Yes,E01004036,2005
11148,200501MM70318,532420.0,178040.0,-0.094221,51.485761,1,3,2,1,16/03/2005,4,06:45,8,E09000028,3,215,Single carriageway,30,Giveway or uncontrolled,6,0,None within 50 metres,No physical crossing within 50 meters,Daylight: Street light present,Fine without high winds,Dry,None,None,1,Yes,E01003997,2005
11149,200501MM70320,533830.0,178180.0,-0.073873,51.486688,1,3,2,1,13/03/2005,1,02:28,8,E09000028,3,2,Single carriageway,30,Automatic traffic signal,4,215,None within 50 metres,Pedestrian phase at traffic signal junction,Darkness: Street lights present and lit,Fine without high winds,Dry,None,None,1,Yes,E01003964,2005
11150,200501MM70324,533420.0,178500.0,-0.079654,51.48966,1,3,1,1,19/03/2005,7,13:30,8,E09000028,3,2,Single carriageway,30,None,-1,0,None within 50 metres,Zebra crossing,Daylight: Street light present,Fine without high winds,Dry,None,None,1,No,E01003966,2005
11151,200501MM70325,531940.0,179010.0,-0.100768,51.49459,1,3,2,2,18/03/2005,6,20:55,8,E09000028,3,3,Roundabout,30,Giveway or uncontrolled,3,302,None within 50 metres,No physical crossing within 50 meters,Darkness: Street lights present and lit,Fine without high winds,Dry,None,None,1,No,E01003933,2005
11152,200501MM70326,534480.0,173260.0,-0.066387,51.44232,1,3,2,1,19/02/2005,7,11:45,8,E09000028,3,205,Single carriageway,30,Automatic traffic signal,6,0,None within 50 metres,Pedestrian phase at traffic signal junction,Daylight: Street light present,Fine without high winds,Dry,None,None,1,No,E01003949,2005
11153,200501MM70327,533980.0,179680.0,-0.071145,51.500132,1,3,2,1,23/03/2005,4,07:30,8,E09000028,6,0,Single carriageway,30,Giveway or uncontrolled,6,0,None within 50 metres,No physical crossing within 50 meters,Daylight: Street light present,Fine without high winds,Dry,None,None,1,No,E01004028,2005
11154,200501MM70328,534500.0,176060.0,-0.065035,51.467477,1,3,2,1,14/01/2005,6,11:39,8,E09000028,6,0,One way street,30,None,-1,0,None within 50 metres,No physical crossing within 50 meters,Daylight: Street light present,Fine without high winds,Dry,None,None,1,Yes,E01004068,2005
11155,200501MM70330,532510.0,178570.0,-0.092727,51.490503,1,3,2,1,28/02/2005,2,07:24,8,E09000028,6,0,Single carriageway,30,Giveway or uncontrolled,6,0,None within 50 metres,Zebra crossing,Daylight: Street light present,Fine without high winds,Dry,None,None,1,Yes,E01003965,2005
11156,200501MM70331,533680.0,176790.0,-0.076558,51.474232,1,3,1,1,28/02/2005,2,08:28,8,E09000028,3,202,Single carriageway,30,None,-1,0,None within 50 metres,No physical crossing within 50 meters,Daylight: Street light present,Fine without high winds,Dry,None,None,1,Yes,E01004013,2005
11157,200501MM70332,533540.0,178480.0,-0.077934,51.489452,1,3,2,1,11/03/2005,6,17:06,8,E09000028,6,0,Single carriageway,30,None,-1,0,None within 50 metres,No physical crossing within 50 meters,Daylight: Street light present,Fine without high winds,Dry,None,None,1,Yes,E01003980,2005
11158,200501MM70334,534330.0,176130.0,-0.067455,51.468147,1,3,1,1,12/03/2005,7,12:49,8,E09000028,3,2215,Single carriageway,30,Giveway or uncontrolled,6,0,None within 50 metres,Zebra crossing,Daylight: Street light present,Fine without high winds,Dry,None,None,1,Yes,E01004062,2005
11159,200501MM70335,534320.0,176770.0,-0.067356,51.473901,1,3,1,1,12/03/2005,7,11:22,8,E09000028,3,202,Single carriageway,30,None,-1,0,None within 50 metres,No physical crossing within 50 meters,Daylight: Street light present,Fine without high winds,Dry,None,None,1,Yes,E01004067,2005
11160,200501MM70336,532730.0,179690.0,-0.089139,51.500517,1,3,1,1,13/03/2005,1,16:05,8,E09000028,3,2198,Single carriageway,30,None,-1,0,None within 50 metres,Zebra crossing,Daylight: Street light present,Fine without high winds,Dry,None,None,1,Yes,E01003938,2005
11161,200501MM70337,532220.0,178510.0,-0.096924,51.490032,1,3,2,1,13/03/2005,1,13:36,8,E09000028,3,215,Single carriageway,30,Giveway or uncontrolled,6,0,None within 50 metres,non-junction pedestrian crossing,Daylight: Street light present,Fine without high winds,Dry,None,None,1,Yes,E01003996,2005
11162,200501MM70338,531920.0,179120.0,-0.101015,51.495584,1,3,1,2,14/03/2005,2,21:25,8,E09000028,3,201,Roundabout,30,Giveway or uncontrolled,3,3,None within 50 metres,No physical crossing within 50 meters,Darkness: Street lights present and lit,Fine without high winds,Dry,None,None,1,Yes,E01003932,2005
11163,200501MM70340,533800.0,175240.0,-0.075417,51.460274,1,3,1,1,16/03/2005,4,18:51,8,E09000028,3,2216,Roundabout,30,Giveway or uncontrolled,6,0,None within 50 metres,Zebra crossing,Darkness: Street lights present and lit,Fine without high winds,Dry,None,None,1,Yes,E01003953,2005
11164,200501MM70341,535770.0,178780.0,-0.045718,51.491618,1,3,2,2,17/03/2005,5,21:45,8,E09000028,3,2208,One way street,30,Giveway or uncontrolled,3,2208,None within 50 metres,No physical crossing within 50 meters,Darkness: Street lights present and lit,Fine without high winds,Dry,None,None,1,Yes,E01004036,2005
11165,200501MM70342,531620.0,177890.0,-0.105792,51.4846,1,3,2,1,17/03/2005,5,17:55,8,E09000028,6,0,Single carriageway,30,Giveway or uncontrolled,6,0,None within 50 metres,No physical crossing within 50 meters,Daylight: Street light present,Fine without high winds,Dry,None,None,1,Yes,E01003992,2005
11166,200501MM70343,535270.0,175050.0,-0.054343,51.458218,1,3,2,1,02/03/2005,4,18:15,8,E09000028,5,0,Single carriageway,30,Giveway or uncontrolled,6,0,None within 50 metres,No physical crossing within 50 meters,Daylight: Street light present,Fine without high winds,Dry,None,None,1,No,E01004020,2005
11167,200501MM70344,533250.0,179270.0,-0.08181,51.49662,1,3,2,1,11/03/2005,6,09:25,8,E09000028,3,100,Single carriageway,30,Automatic traffic signal,3,2206,None within 50 metres,Pedestrian phase at traffic signal junction,Daylight: Street light present,Fine without high winds,Dry,None,None,1,Yes,E01003941,2005
11168,200501MM70345,533460.0,178470.0,-0.079089,51.489381,1,3,2,1,22/03/2005,3,15:43,8,E09000028,3,2,Single carriageway,30,None,-1,0,None within 50 metres,No physical crossing within 50 meters,Daylight: Street light present,Fine without high winds,Dry,None,None,1,Yes,E01003966,2005
11169,200501MM70349,532640.0,175320.0,-0.092075,51.461266,1,3,1,1,23/03/2005,4,16:45,8,E09000028,3,215,Single carriageway,30,None,-1,0,None within 50 metres,No physical crossing within 50 meters,Daylight: Street light present,Fine without high winds,Dry,None,None,1,Yes,E01003078,2005
11170,200501MM70350,533690.0,174590.0,-0.077245,51.454459,1,3,2,1,18/03/2005,6,17:21,8,E09000028,3,2216,Single carriageway,30,Giveway or uncontrolled,6,0,None within 50 metres,No physical crossing within 50 meters,Daylight: Street light present,Fine without high winds,Dry,None,None,1,Yes,E01004072,2005
11171,200501MM70351,534450.0,175110.0,-0.066116,51.458952,1,3,2,1,23/02/2005,4,12:15,8,E09000028,4,219,Single carriageway,30,Giveway or uncontrolled,4,238,None within 50 metres,Zebra crossing,Daylight: Street light present,Fine without high winds,Dry,None,None,1,Yes,E01004015,2005
11172,200501MM70352,535560.0,179570.0,-0.048438,51.498767,1,3,2,2,17/03/2005,5,08:57,8,E09000028,6,0,Single carriageway,30,Giveway or uncontrolled,6,0,None within 50 metres,No physical crossing within 50 meters,Daylight: Street light present,Fine without high winds,Dry,None,None,1,Yes,E01004033,2005
11173,200501MM70353,534330.0,176130.0,-0.067455,51.468147,1,3,1,1,23/03/2005,4,18:00,8,E09000028,3,2215,Single carriageway,30,Giveway or uncontrolled,6,0,None within 50 metres,Zebra crossing,Daylight: Street light present,Fine without high winds,Dry,None,None,1,Yes,E01004062,2005
11174,200501MM70354,532730.0,176840.0,-0.09021,51.474905,1,3,2,1,23/03/2005,4,13:40,8,E09000028,6,0,Single carriageway,30,None,-1,0,None within 50 metres,No physical crossing within 50 meters,Daylight: Street light present,Fine without high winds,Dry,None,None,1,Yes,E01003918,2005
11175,200501MM70355,533410.0,180000.0,-0.079231,51.503143,1,3,2,1,07/03/2005,2,18:40,8,E09000028,3,200,Single carriageway,30,Giveway or uncontrolled,3,200,None within 50 metres,No physical crossing within 50 meters,Darkness: Street lights present and lit,Fine without high winds,Dry,None,None,1,Yes,E01004027,2005
11176,200501MM70356,535130.0,179580.0,-0.054625,51.49896,1,3,1,1,22/03/2005,3,10:00,8,E09000028,3,101,Roundabout,30,Giveway or uncontrolled,3,200,None within 50 metres,Zebra crossing,Daylight: Street light present,Raining without high winds,Wet/Damp,None,None,1,Yes,E01004033,2005
11177,200501MM70357,533380.0,180010.0,-0.079659,51.503239,1,3,2,1,22/03/2005,3,14:15,8,E09000028,3,200,Single carriageway,30,Giveway or uncontrolled,3,200,None within 50 metres,Zebra crossing,Daylight: Street light present,Fine without high winds,Dry,None,None,1,Yes,E01004027,2005
11178,200501MM70358,534180.0,176090.0,-0.069628,51.467823,1,3,2,1,27/01/2005,5,10:55,8,E09000028,6,0,Dual carriageway,30,Giveway or uncontrolled,6,0,None within 50 metres,No physical crossing within 50 meters,Daylight: Street light present,Fine without high winds,Dry,None,None,1,Yes,E01004063,2005
11179,200501MM70359,532570.0,178100.0,-0.09204,51.486265,1,3,1,1,17/03/2005,5,12:51,8,E09000028,6,0,Single carriageway,30,Giveway or uncontrolled,6,0,None within 50 metres,No physical crossing within 50 meters,Daylight: Street light present,Fine without high winds,Dry,None,None,1,Yes,E01003969,2005
11180,200501MM70360,533040.0,179010.0,-0.084932,51.494333,1,3,2,1,18/03/2005,6,11:11,8,E09000028,3,2,Roundabout,30,Automatic traffic signal,3,2,None within 50 metres,Pedestrian phase at traffic signal junction,Daylight: Street light present,Fine without high winds,Dry,None,None,1,Yes,E01003941,2005
11181,200501MM70361,535680.0,178760.0,-0.047021,51.491459,1,3,1,1,14/03/2005,2,16:30,8,E09000028,3,2208,One way street,30,Giveway or uncontrolled,3,200,None within 50 metres,Zebra crossing,Daylight: Street light present,Fine without high winds,Dry,None,None,1,Yes,E01004036,2005
11182,200501MM70362,532460.0,176770.0,-0.094121,51.474339,1,3,2,1,18/03/2005,6,06:07,8,E09000028,3,202,Dual carriageway,30,Giveway or uncontrolled,6,0,None within 50 metres,No physical crossing within 50 meters,Darkness: Street lights present and lit,Fine without high winds,Dry,None,None,1,Yes,E01003921,2005
11183,200501MM70363,535860.0,175180.0,-0.045806,51.459245,1,3,1,1,17/03/2005,5,18:32,8,E09000028,5,0,Single carriageway,30,Giveway or uncontrolled,6,0,None within 50 metres,No physical crossing within 50 meters,Darkness: Street lights present and lit,Fine without high winds,Dry,None,None,1,Yes,E01004002,2005
11184,200501MM70364,532070.0,178830.0,-0.098964,51.492943,1,3,2,1,16/03/2005,4,11:59,8,E09000028,3,215,Single carriageway,30,Giveway or uncontrolled,6,0,None within 50 metres,No physical crossing within 50 meters,Daylight: Street light present,Fine without high winds,Dry,None,None,1,Yes,E01003959,2005
11185,200501MM70365,534670.0,172860.0,-0.063807,51.43868,1,3,2,1,15/03/2005,3,08:45,7,E09000023,5,0,Single carriageway,30,Giveway or uncontrolled,5,0,None within 50 metres,No physical crossing within 50 meters,Daylight: Street light present,Fine without high winds,Dry,None,None,1,Yes,E01003945,2005
11186,200501MM70366,536070.0,179290.0,-0.041203,51.496129,1,3,2,1,11/03/2005,6,16:25,8,E09000028,3,2202,Roundabout,30,Giveway or uncontrolled,6,0,None within 50 metres,No physical crossing within 50 meters,Daylight: Street light present,Fine without high winds,Dry,None,None,1,Yes,E01004059,2005
11187,200501MM70367,534060.0,173730.0,-0.072249,51.446643,1,3,2,2,21/03/2005,2,19:20,8,E09000028,3,2216,Single carriageway,30,Giveway or uncontrolled,6,0,None within 50 metres,No physical crossing within 50 meters,Darkness: Street lights present and lit,Fine without high winds,Dry,None,None,1,Yes,E01004075,2005
11188,200501MM70368,533720.0,178210.0,-0.075445,51.486983,1,3,2,1,21/03/2005,2,14:00,8,E09000028,6,0,Single carriageway,30,None,-1,0,None within 50 metres,No physical crossing within 50 meters,Daylight: Street light present,Fine without high winds,Dry,None,None,1,Yes,E01003964,2005
11189,200501MM70369,535170.0,177330.0,-0.05491,51.478731,1,3,2,2,19/03/2005,7,14:00,8,E09000028,5,0,Single carriageway,30,Automatic traffic signal,3,2,None within 50 metres,Pedestrian phase at traffic signal junction,Daylight: Street light present,Fine without high winds,Dry,None,None,1,Yes,E01004003,2005
11190,200501MM70370,535030.0,179570.0,-0.056069,51.498894,1,3,2,2,19/03/2005,7,16:55,8,E09000028,3,200,Roundabout,30,Giveway or uncontrolled,3,200,None within 50 metres,Zebra crossing,Daylight: Street light present,Fine without high winds,Dry,None,None,1,Yes,E01004034,2005
11191,200501MM70371,534660.0,179160.0,-0.061552,51.495298,1,3,2,2,12/02/2005,7,15:30,8,E09000028,6,0,Single carriageway,30,Giveway or uncontrolled,6,0,None within 50 metres,No physical crossing within 50 meters,Daylight: Street light present,Fine without high winds,Dry,None,None,1,Yes,E01004024,2005
11192,200501MM70372,531910.0,179040.0,-0.101189,51.494867,1,2,2,1,23/03/2005,4,09:34,8,E09000028,3,3,Roundabout,30,Giveway or uncontrolled,3,302,None within 50 metres,Footbridge or subway,Daylight: Street light present,Fine without high winds,Dry,None,None,1,Yes,E01003933,2005
11193,200501MM70373,531770.0,179310.0,-0.103104,51.497326,1,3,1,1,24/03/2005,5,20:15,8,E09000028,3,201,Single carriageway,30,None,-1,0,None within 50 metres,non-junction pedestrian crossing,Darkness: Street lights present and lit,Fine without high winds,Dry,None,None,1,Yes,E01003932,2005
11194,200501MM70374,532160.0,178650.0,-0.097736,51.491304,1,3,2,1,25/03/2005,6,18:55,8,E09000028,3,215,Single carriageway,30,Giveway or uncontrolled,6,0,None within 50 metres,No physical crossing within 50 meters,Darkness: Street lights present and lit,Fine without high winds,Dry,None,None,1,Yes,E01003996,2005
11195,200501MM70375,532460.0,177080.0,-0.094005,51.477125,1,3,2,1,26/03/2005,7,16:30,8,E09000028,3,215,Single carriageway,30,None,-1,0,None within 50 metres,No physical crossing within 50 meters,Daylight: Street light present,Fine without high winds,Dry,None,None,1,Yes,E01003921,2005
11196,200501MM70376,532460.0,177080.0,-0.094005,51.477125,1,3,2,2,26/03/2005,7,09:25,8,E09000028,3,215,Single carriageway,30,Giveway or uncontrolled,6,0,None within 50 metres,No physical crossing within 50 meters,Daylight: Street light present,Fine without high winds,Dry,None,None,1,Yes,E01003921,2005
11197,200501MM70377,532580.0,179490.0,-0.091374,51.498754,1,3,3,1,26/03/2005,7,18:30,8,E09000028,3,2,Single carriageway,30,None,-1,0,None within 50 metres,No physical crossing within 50 meters,Darkness: Street lights present and lit,Raining without high winds,Wet/Damp,None,None,1,Yes,E01003939,2005
11198,200501MM70378,534050.0,178060.0,-0.070752,51.485557,1,3,2,1,27/03/2005,1,18:50,8,E09000028,3,2,Single carriageway,30,Giveway or uncontrolled,6,0,None within 50 metres,No physical crossing within 50 meters,Daylight: Street light present,Fine without high winds,Dry,None,None,1,Yes,E01003964,2005
11199,200501MM70379,532530.0,176730.0,-0.093129,51.473963,1,3,2,1,27/03/2005,1,06:45,8,E09000028,3,215,Single carriageway,30,Automatic traffic signal,3,215,None within 50 metres,Pedestrian phase at traffic signal junction,Daylight: Street light present,Fine without high winds,Dry,None,None,1,Yes,E01003921,2005
11200,200501MM70380,532490.0,176900.0,-0.093641,51.4755,1,2,2,1,28/03/2005,2,09:22,8,E09000028,3,215,Single carriageway,30,Giveway or uncontrolled,3,215,None within 50 metres,No physical crossing within 50 meters,Daylight: Street light present,Fine without high winds,Dry,None,None,1,Yes,E01003921,2005
11201,200501MM70381,531930.0,179020.0,-0.100908,51.494683,1,3,2,1,28/03/2005,2,16:00,8,E09000028,3,3,Roundabout,30,Giveway or uncontrolled,3,3,None within 50 metres,Footbridge or subway,Daylight: Street light present,Fine without high winds,Dry,None,None,1,Yes,E01003933,2005
11202,200501MM70382,532850.0,177390.0,-0.088276,51.479819,1,3,2,1,28/03/2005,2,12:02,8,E09000028,4,217,Single carriageway,30,Giveway or uncontrolled,6,0,None within 50 metres,No physical crossing within 50 meters,Daylight: Street light present,Fine without high winds,Dry,None,None,1,Yes,E01003925,2005
11203,200501MM70383,532690.0,180200.0,-0.089523,51.505109,1,3,1,1,29/03/2005,3,09:35,8,E09000028,3,3,Single carriageway,30,Giveway or uncontrolled,3,200,None within 50 metres,No physical crossing within 50 meters,Daylight: Street light present,Fine without high winds,Dry,None,None,1,Yes,E01003929,2005
11204,200501MM70384,534310.0,173460.0,-0.068756,51.444157,1,3,1,1,29/03/2005,3,21:20,8,E09000028,3,2216,Single carriageway,30,None,-1,0,None within 50 metres,No physical crossing within 50 meters,Darkness: Street lights present and lit,Raining without high winds,Wet/Damp,None,None,1,Yes,E01003949,2005
11205,200501MM70385,534420.0,178010.0,-0.065445,51.48502,1,3,2,1,30/03/2005,4,09:05,8,E09000028,3,2208,Single carriageway,30,Giveway or uncontrolled,3,2208,None within 50 metres,Zebra crossing,Daylight: Street light present,Fine without high winds,Dry,None,None,1,Yes,E01003989,2005
11206,200501MM70386,533680.0,178300.0,-0.075987,51.487802,1,3,2,1,02/03/2005,4,09:40,8,E09000028,4,214,Single carriageway,30,Giveway or uncontrolled,3,2,None within 50 metres,No physical crossing within 50 meters,Daylight: Street light present,Raining without high winds,Wet/Damp,None,None,1,No,E01003964,2005
11207,200501MM70387,531650.0,179700.0,-0.104686,51.500859,1,3,3,1,16/03/2005,4,04:36,8,E09000028,3,201,Single carriageway,30,Automatic traffic signal,5,0,None within 50 metres,Pedestrian phase at traffic signal junction,Darkness: Street lights present and lit,Fine without high winds,Dry,None,None,1,Yes,E01003928,2005
11208,200501MM70390,534160.0,177120.0,-0.069525,51.477084,1,3,1,1,13/03/2005,1,05:21,8,E09000028,4,216,Single carriageway,30,Giveway or uncontrolled,6,0,None within 50 metres,No physical crossing within 50 meters,Darkness: Street lights present and lit,Fine without high winds,Dry,None,None,1,Yes,E01004010,2005
11209,200501MM70391,532210.0,178530.0,-0.097061,51.490214,1,3,2,1,14/03/2005,2,19:15,8,E09000028,3,215,Single carriageway,30,Giveway or uncontrolled,6,0,None within 50 metres,No physical crossing within 50 meters,Darkness: Street lights present and lit,Fine without high winds,Dry,None,None,1,Yes,E01003996,2005
11210,200501MM70393,533810.0,178900.0,-0.073888,51.493163,1,3,1,1,21/03/2005,2,15:05,8,E09000028,3,2206,Single carriageway,30,Automatic traffic signal,4,203,None within 50 metres,No physical crossing within 50 meters,Daylight: Street light present,Fine without high winds,Dry,None,None,1,Yes,E01003978,2005
11211,200501MM70394,534010.0,174060.0,-0.072843,51.44962,1,3,1,1,23/03/2005,4,16:50,8,E09000028,4,219,Single carriageway,30,None,-1,0,None within 50 metres,No physical crossing within 50 meters,Daylight: Street light present,Fine without high winds,Dry,None,None,1,Yes,E01003958,2005
11212,200501MM70395,531960.0,178890.0,-0.100525,51.493507,1,3,2,1,23/03/2005,4,20:18,8,E09000028,3,3,Single carriageway,30,None,-1,0,None within 50 metres,Footbridge or subway,Darkness: Street lights present and lit,Fine without high winds,Dry,None,None,1,Yes,E01003933,2005
11213,200501MM70397,532590.0,176740.0,-0.092262,51.474039,1,3,2,1,30/03/2005,4,09:29,8,E09000028,3,202,Single carriageway,30,Giveway or uncontrolled,6,0,None within 50 metres,No physical crossing within 50 meters,Daylight: Street light present,Fine without high winds,Wet/Damp,None,None,1,Yes,E01003921,2005
11214,200501MM70398,533120.0,174130.0,-0.085617,51.450459,1,3,3,1,31/03/2005,5,13:40,8,E09000028,5,0,Single carriageway,30,Automatic traffic signal,5,0,None within 50 metres,Pedestrian phase at traffic signal junction,Daylight: Street light present,Fine without high winds,Dry,None,None,1,Yes,E01004075,2005
11215,200501MM70399,532470.0,179690.0,-0.092883,51.500578,1,3,2,1,19/03/2005,7,19:30,8,E09000028,3,2,Single carriageway,30,None,-1,0,None within 50 metres,Zebra crossing,Darkness: Street lights present and lit,Fine without high winds,Dry,None,None,1,No,E01003939,2005
11216,200501MM70400,533780.0,179700.0,-0.074017,51.500359,1,3,2,1,10/03/2005,5,17:30,8,E09000028,3,200,Single carriageway,30,Giveway or uncontrolled,3,200,None within 50 metres,Zebra crossing,Daylight: Street light present,Fine without high winds,Dry,None,None,1,No,E01004027,2005
11217,200501MM70402,534770.0,176780.0,-0.060876,51.473884,1,3,2,1,12/01/2005,4,14:05,8,E09000028,3,202,Single carriageway,30,None,-1,0,None within 50 metres,No physical crossing within 50 meters,Daylight: Street light present,Fine without high winds,Dry,None,None,1,Yes,E01004005,2005
11218,200501MM70405,532540.0,179980.0,-0.091766,51.503167,1,3,2,1,11/03/2005,6,07:35,8,E09000028,3,3,Single carriageway,30,Giveway or uncontrolled,4,300,None within 50 metres,No physical crossing within 50 meters,Daylight: Street light present,Fine without high winds,Dry,None,None,1,Yes,E01003929,2005
11219,200501MM70407,534140.0,177070.0,-0.069832,51.476639,1,3,2,1,14/03/2005,2,17:00,8,E09000028,4,215,Single carriageway,30,None,-1,0,None within 50 metres,No physical crossing within 50 meters,Daylight: Street light present,Fine without high winds,Dry,None,None,1,No,E01004010,2005
11220,200501MM70408,532460.0,179720.0,-0.093015,51.50085,1,3,1,1,21/03/2005,2,09:55,8,E09000028,3,2,Single carriageway,30,None,-1,0,None within 50 metres,Zebra crossing,Daylight: Street light present,Fine without high winds,Dry,None,None,1,No,E01003939,2005
11221,200501MM70409,531640.0,180090.0,-0.104685,51.504366,1,3,2,1,21/03/2005,2,17:25,8,E09000028,3,201,Single carriageway,30,Giveway or uncontrolled,6,0,None within 50 metres,No physical crossing within 50 meters,Darkness: Street lights present and lit,Fine without high winds,Dry,None,None,1,No,E01003928,2005
11222,200501MM70410,532640.0,175330.0,-0.092071,51.461356,1,3,1,1,22/03/2005,3,19:10,8,E09000028,3,215,Single carriageway,30,None,-1,0,None within 50 metres,No physical crossing within 50 meters,Darkness: Street lights present and lit,Fine without high winds,Dry,None,None,1,No,E01003078,2005
11223,200501MM70411,532120.0,178720.0,-0.098285,51.491942,1,3,2,1,23/03/2005,4,16:35,8,E09000028,3,215,Single carriageway,30,Automatic traffic signal,6,0,None within 50 metres,Pedestrian phase at traffic signal junction,Daylight: Street light present,Fine without high winds,Dry,None,None,1,No,E01003996,2005
11224,200501MM70413,532410.0,178960.0,-0.09402,51.494031,1,2,1,1,30/03/2005,4,18:43,8,E09000028,3,201,Single carriageway,30,Giveway or uncontrolled,4,240,None within 50 metres,non-junction pedestrian crossing,Darkness: Street lights present and lit,Fine without high winds,Dry,None,None,1,Yes,E01003962,2005
11225,200501MM70415,532770.0,180330.0,-0.088322,51.506259,1,3,2,1,25/03/2005,6,13:30,8,E09000028,3,3,Dual carriageway,30,None,-1,0,None within 50 metres,No physical crossing within 50 meters,Daylight: Street light present,Fine without high winds,Dry,None,None,1,No,E01003929,2005
11226,200501MM70416,533270.0,180060.0,-0.081224,51.503715,1,3,1,1,24/02/2005,5,14:02,8,E09000028,3,200,Single carriageway,30,None,-1,0,None within 50 metres,No physical crossing within 50 meters,Daylight: Street light present,Raining without high winds,Wet/Damp,None,None,1,Yes,E01004027,2005
11227,200501MM70417,533370.0,171580.0,-0.082981,51.427484,1,3,2,1,01/04/2005,6,10:05,8,E09000028,6,0,Single carriageway,30,Giveway or uncontrolled,3,2199,None within 50 metres,No physical crossing within 50 meters,Daylight: Street light present,Fine without high winds,Dry,None,None,1,Yes,E01003946,2005
11228,200501MM70418,534500.0,173480.0,-0.066016,51.444292,1,3,2,1,01/04/2005,6,18:15,8,E09000028,6,0,Roundabout,30,Giveway or uncontrolled,6,0,None within 50 metres,No physical crossing within 50 meters,Daylight: Street light present,Fine without high winds,Wet/Damp,None,None,1,Yes,E01003949,2005
11229,200501MM70419,532410.0,178970.0,-0.094017,51.494121,1,3,2,2,02/04/2005,7,15:55,8,E09000028,3,201,Single carriageway,30,Giveway or uncontrolled,4,240,None within 50 metres,non-junction pedestrian crossing,Daylight: Street light present,Fine without high winds,Dry,None,None,1,Yes,E01003944,2005
11230,200501MM70420,532980.0,173060.0,-0.088032,51.440876,1,2,1,2,02/04/2005,7,03:26,8,E09000028,3,205,Single carriageway,30,None,-1,0,None within 50 metres,No physical crossing within 50 meters,Darkness: Street lights present and lit,Fine without high winds,Dry,None,None,1,Yes,E01003951,2005
11231,200501MM70421,532030.0,178720.0,-0.099581,51.491963,1,3,2,1,02/04/2005,7,18:55,8,E09000028,4,240,One way street,30,Giveway or uncontrolled,6,0,None within 50 metres,No physical crossing within 50 meters,Daylight: Street light present,Fine without high winds,Dry,None,None,1,Yes,E01003996,2005
11232,200501MM70423,535820.0,178670.0,-0.045041,51.490617,1,3,2,1,02/04/2005,7,16:50,8,E09000028,3,2208,Single carriageway,30,None,-1,0,None within 50 metres,No physical crossing within 50 meters,Daylight: Street light present,Fine without high winds,Dry,None,None,1,Yes,E01004036,2005
11233,200501MM70424,532460.0,177490.0,-0.093852,51.480809,1,2,2,1,04/04/2005,2,07:15,8,E09000028,4,217,Single carriageway,30,None,-1,0,None within 50 metres,No physical crossing within 50 meters,Daylight: Street light present,Fine without high winds,Dry,None,None,1,Yes,E01003969,2005
11234,200501MM70425,534990.0,175850.0,-0.058066,51.465474,1,3,1,1,06/04/2005,4,21:00,8,E09000028,3,2214,Single carriageway,30,Giveway or uncontrolled,6,0,None within 50 metres,No physical crossing within 50 meters,Darkness: Street lights present and lit,Fine without high winds,Dry,None,None,1,Yes,E01004064,2005
11235,200501MM70426,532220.0,179000.0,-0.096741,51.494435,1,3,1,1,06/04/2005,4,16:35,8,E09000028,3,201,Single carriageway,30,None,-1,0,None within 50 metres,No physical crossing within 50 meters,Daylight: Street light present,Fine without high winds,Dry,None,None,1,Yes,E01003959,2005
11236,200501MM70427,532540.0,176450.0,-0.09309,51.471444,1,3,2,1,06/04/2005,4,11:20,8,E09000028,3,215,Single carriageway,30,Giveway or uncontrolled,6,0,None within 50 metres,No physical crossing within 50 meters,Daylight: Street light present,Fine without high winds,Dry,None,None,1,Yes,E01003076,2005
11237,200501MM70428,531640.0,180420.0,-0.104561,51.507332,1,3,2,1,07/04/2005,5,08:30,8,E09000028,3,201,Single carriageway,30,Giveway or uncontrolled,3,3200,None within 50 metres,No physical crossing within 50 meters,Daylight: Street light present,Fine without high winds,Dry,None,None,1,Yes,E01003934,2005
11238,200501MM70429,535200.0,175850.0,-0.055044,51.465424,1,3,2,1,07/04/2005,5,20:25,8,E09000028,6,0,Single carriageway,30,Giveway or uncontrolled,6,0,None within 50 metres,No physical crossing within 50 meters,Darkness: Street lights present and lit,Fine without high winds,Wet/Damp,None,None,1,Yes,E01004001,2005
11239,200501MM70430,532600.0,178960.0,-0.091285,51.493987,1,3,1,1,08/04/2005,6,16:05,8,E09000028,3,201,Single carriageway,30,None,-1,0,None within 50 metres,non-junction pedestrian crossing,Daylight: Street light present,Fine without high winds,Dry,None,None,1,Yes,E01003960,2005
11240,200501MM70431,532690.0,180200.0,-0.089523,51.505109,1,3,2,1,08/04/2005,6,15:55,8,E09000028,3,3,Single carriageway,30,Automatic traffic signal,3,200,None within 50 metres,Pedestrian phase at traffic signal junction,Daylight: Street light present,Fine without high winds,Dry,None,None,1,Yes,E01003929,2005
11241,200501MM70432,534090.0,175920.0,-0.070988,51.466317,1,3,2,2,08/04/2005,6,15:10,8,E09000028,6,0,Single carriageway,30,Giveway or uncontrolled,6,0,None within 50 metres,No physical crossing within 50 meters,Daylight: Street light present,Fine without high winds,Dry,None,None,1,Yes,E01004063,2005
11242,200501MM70433,533130.0,179140.0,-0.083587,51.49548,1,3,1,1,08/04/2005,6,19:50,8,E09000028,3,100,Single carriageway,30,Giveway or uncontrolled,6,0,None within 50 metres,Zebra crossing,Darkness: Street lights present and lit,Fine without high winds,Dry,None,None,1,Yes,E01003941,2005
11243,200501MM70434,532500.0,178450.0,-0.092916,51.489427,1,3,2,2,09/04/2005,7,18:30,8,E09000028,6,0,Single carriageway,30,Giveway or uncontrolled,6,0,None within 50 metres,No physical crossing within 50 meters,Daylight: Street light present,Fine without high winds,Dry,None,None,1,Yes,E01003963,2005
11244,200501MM70435,531770.0,179300.0,-0.103107,51.497236,1,3,1,1,09/04/2005,7,19:30,8,E09000028,3,201,Single carriageway,30,None,-1,0,None within 50 metres,No physical crossing within 50 meters,Daylight: Street light present,Fine without high winds,Dry,None,None,1,Yes,E01003932,2005
11245,200501MM70436,535180.0,178640.0,-0.054265,51.490501,1,3,2,1,10/04/2005,1,13:45,8,E09000028,3,2208,Single carriageway,30,Giveway or uncontrolled,6,0,None within 50 metres,No physical crossing within 50 meters,Daylight: Street light present,Fine without high winds,Dry,None,None,1,Yes,E01003986,2005
11246,200501MM70437,532480.0,178960.0,-0.093013,51.494015,1,2,2,1,11/04/2005,2,16:50,8,E09000028,3,201,Single carriageway,30,Giveway or uncontrolled,4,240,None within 50 metres,No physical crossing within 50 meters,Daylight: Street light present,Fine without high winds,Dry,None,None,1,Yes,E01003962,2005
11247,200501MM70438,534500.0,173480.0,-0.066016,51.444292,1,3,2,2,11/04/2005,2,19:17,8,E09000028,6,0,Roundabout,30,Giveway or uncontrolled,6,0,None within 50 metres,No physical crossing within 50 meters,Daylight: Street light present,Fine without high winds,Dry,Permanent sign or marking defective or obscured,None,1,Yes,E01003949,2005
11248,200501MM70440,532350.0,176490.0,-0.095809,51.471848,1,3,2,1,13/04/2005,4,15:04,8,E09000028,6,0,Single carriageway,30,None,-1,0,None within 50 metres,No physical crossing within 50 meters,Daylight: Street light present,Fine without high winds,Dry,None,None,1,Yes,E01003922,2005
11249,200501MM70441,531650.0,180190.0,-0.104503,51.505262,1,3,1,1,13/04/2005,4,17:58,8,E09000028,3,201,Single carriageway,30,Giveway or uncontrolled,6,0,None within 50 metres,Zebra crossing,Daylight: Street light present,Raining without high winds,Wet/Damp,None,None,1,Yes,E01003934,2005
11250,200501MM70442,534390.0,177990.0,-0.065885,51.484848,1,3,2,1,14/04/2005,5,17:30,8,E09000028,3,2208,Single carriageway,30,Giveway or uncontrolled,3,2208,None within 50 metres,Zebra crossing,Daylight: Street light present,Raining without high winds,Wet/Damp,None,None,1,Yes,E01004038,2005
11251,200501MM70443,531970.0,177550.0,-0.100882,51.481463,1,3,2,1,16/04/2005,7,13:54,8,E09000028,6,0,Single carriageway,30,Giveway or uncontrolled,6,0,None within 50 metres,Central refuge,Daylight: Street light present,Fine without high winds,Dry,Roadworks,None,1,Yes,E01003991,2005
11252,200501MM70444,533370.0,180020.0,-0.079799,51.503332,1,3,1,2,18/04/2005,2,16:10,8,E09000028,3,200,Single carriageway,30,Giveway or uncontrolled,3,200,None within 50 metres,Zebra crossing,Daylight: Street light present,Fine without high winds,Dry,None,None,1,Yes,E01004027,2005
11253,200501MM70445,532460.0,179730.0,-0.093012,51.500939,1,3,1,1,17/04/2005,1,11:48,8,E09000028,3,3,Single carriageway,30,Automatic traffic signal,3,2,None within 50 metres,Pedestrian phase at traffic signal junction,Daylight: Street light present,Fine without high winds,Dry,None,None,1,Yes,E01003939,2005
11254,200501MM70446,534710.0,179520.0,-0.060695,51.498521,1,3,2,1,18/04/2005,2,18:00,8,E09000028,3,200,Single carriageway,30,Automatic traffic signal,3,200,None within 50 metres,Pedestrian phase at traffic signal junction,Daylight: Street light present,Fine without high winds,Dry,None,None,1,Yes,E01004023,2005
11255,200501MM70447,533810.0,174930.0,-0.075391,51.457486,1,3,2,1,14/04/2005,5,14:35,8,E09000028,3,2216,Single carriageway,30,Giveway or uncontrolled,6,0,None within 50 metres,Zebra crossing,Daylight: Street light present,Raining without high winds,Wet/Damp,None,None,1,Yes,E01003952,2005
11256,200501MM70449,532910.0,172050.0,-0.089418,51.431816,1,3,2,1,18/04/2005,2,08:15,8,E09000028,3,2199,Single carriageway,30,Giveway or uncontrolled,6,0,None within 50 metres,No physical crossing within 50 meters,Daylight: Street light present,Raining without high winds,Wet/Damp,None,None,1,Yes,E01003067,2005
11257,200501MM70450,535260.0,176100.0,-0.054085,51.467656,1,2,2,1,19/04/2005,3,15:25,8,E09000028,6,0,Single carriageway,30,Giveway or uncontrolled,3,2214,None within 50 metres,No physical crossing within 50 meters,Daylight: Street light present,Fine without high winds,Dry,None,None,1,Yes,E01004000,2005
11258,200501MM70451,533690.0,179770.0,-0.075286,51.501009,1,3,2,1,19/04/2005,3,13:35,8,E09000028,3,200,Single carriageway,30,None,-1,0,None within 50 metres,No physical crossing within 50 meters,Daylight: Street light present,Raining without high winds,Wet/Damp,None,None,1,Yes,E01004027,2005
11259,200501MM70452,532630.0,175300.0,-0.092226,51.461089,1,3,3,1,19/04/2005,3,23:55,8,E09000028,3,215,Single carriageway,30,Giveway or uncontrolled,6,0,None within 50 metres,No physical crossing within 50 meters,Darkness: Street lights present and lit,Fine without high winds,Dry,None,None,1,Yes,E01003078,2005
11260,200501MM70453,532980.0,174410.0,-0.087526,51.453008,1,3,2,1,20/04/2005,4,08:10,8,E09000028,3,2214,Single carriageway,30,Automatic traffic signal,5,0,None within 50 metres,Pedestrian phase at traffic signal junction,Daylight: Street light present,Fine without high winds,Dry,None,None,1,Yes,E01004069,2005
11261,200501MM70456,531950.0,179000.0,-0.100628,51.494498,1,3,1,1,22/04/2005,6,12:29,8,E09000028,3,201,Dual carriageway,30,Automatic traffic signal,3,3,None within 50 metres,Pedestrian phase at traffic signal junction,Daylight: Street light present,Fine without high winds,Dry,None,None,1,Yes,E01003959,2005
11262,200501MM70457,534420.0,178010.0,-0.065445,51.48502,1,3,2,1,24/04/2005,1,06:15,8,E09000028,3,2208,Single carriageway,30,Giveway or uncontrolled,3,2208,None within 50 metres,Zebra crossing,Daylight: Street light present,Fine without high winds,Dry,None,None,1,Yes,E01003989,2005
11263,200501MM70460,532460.0,179710.0,-0.093019,51.50076,1,2,1,1,10/02/2005,5,08:45,8,E09000028,3,2,Single carriageway,30,Automatic traffic signal,4,202,None within 50 metres,Pedestrian phase at traffic signal junction,Daylight: Street light present,Fine without high winds,Wet/Damp,None,None,1,Yes,E01003939,2005
11264,200501MM70462,534150.0,176600.0,-0.069866,51.472413,1,3,1,1,07/04/2005,5,23:59,8,E09000028,3,2215,One way street,30,None,-1,0,None within 50 metres,No physical crossing within 50 meters,Darkness: Street lights present and lit,Fine without high winds,Wet/Damp,None,None,1,Yes,E01004067,2005
11265,200501MM70463,532200.0,176930.0,-0.097803,51.475837,1,3,2,1,10/03/2005,5,14:04,8,E09000028,3,202,Single carriageway,30,Giveway or uncontrolled,6,0,None within 50 metres,No physical crossing within 50 meters,Daylight: Street light present,Fine without high winds,Dry,None,None,1,Yes,E01003919,2005
11266,200501MM70464,534810.0,179530.0,-0.059252,51.498587,1,3,2,1,17/01/2005,2,06:55,8,E09000028,3,200,Dual carriageway,30,Giveway or uncontrolled,6,0,None within 50 metres,No physical crossing within 50 meters,Darkness: Street lights present and lit,Fine without high winds,Dry,None,None,1,Yes,E01004034,2005
11267,200501MM70465,533040.0,178930.0,-0.084962,51.493614,1,3,2,1,14/02/2005,2,08:25,8,E09000028,3,2,Dual carriageway,30,None,-1,0,None within 50 metres,No physical crossing within 50 meters,Daylight: Street light present,Fine without high winds,Dry,None,None,1,No,E01003960,2005
11268,200501MM70466,532840.0,174580.0,-0.089475,51.454569,1,3,2,1,07/02/2005,2,08:20,8,E09000028,5,0,Single carriageway,30,None,-1,0,None within 50 metres,No physical crossing within 50 meters,Daylight: Street light present,Fine without high winds,Dry,None,None,1,No,E01004070,2005
11269,200501MM70467,533500.0,179840.0,-0.077996,51.501683,1,3,1,1,11/02/2005,6,08:05,8,E09000028,3,100,Single carriageway,30,None,-1,0,None within 50 metres,No physical crossing within 50 meters,Daylight: Street light present,Fine without high winds,Dry,None,None,1,Yes,E01004027,2005
11270,200501MM70469,534100.0,173670.0,-0.071696,51.446094,1,3,2,2,17/01/2005,2,20:05,8,E09000028,6,0,Single carriageway,30,Giveway or uncontrolled,3,2216,None within 50 metres,No physical crossing within 50 meters,Darkness: Street lights present and lit,Raining without high winds,Wet/Damp,None,None,1,Yes,E01003950,2005
11271,200501MM70471,532250.0,178450.0,-0.096515,51.489486,1,3,2,2,09/01/2005,1,13:20,8,E09000028,3,215,Single carriageway,30,Automatic traffic signal,3,215,None within 50 metres,Pedestrian phase at traffic signal junction,Daylight: Street light present,Fine without high winds,Dry,None,None,1,Yes,E01003996,2005
11272,200501MM70472,534620.0,176020.0,-0.063324,51.467089,1,3,2,1,10/01/2005,2,16:00,8,E09000028,6,0,One way street,30,Giveway or uncontrolled,6,0,None within 50 metres,No physical crossing within 50 meters,Daylight: Street light present,Raining without high winds,Wet/Damp,None,None,1,Yes,E01004068,2005
11273,200501MM70473,531640.0,177290.0,-0.105728,51.479203,1,3,2,1,20/01/2005,5,16:32,9,E09000022,6,0,Single carriageway,30,Automatic traffic signal,3,202,None within 50 metres,No physical crossing within 50 meters,Darkness: Street lights present and lit,Fine without high winds,Wet/Damp,None,None,1,Yes,E01003993,2005
11274,200501MM70475,533550.0,176770.0,-0.078436,51.474083,1,3,2,1,16/02/2005,4,10:10,8,E09000028,3,202,Single carriageway,30,Giveway or uncontrolled,6,0,None within 50 metres,No physical crossing within 50 meters,Daylight: Street light present,Fine without high winds,Dry,None,None,1,Yes,E01004066,2005
11275,200501MM70476,532000.0,180340.0,-0.099407,51.506529,1,3,2,1,13/01/2005,5,11:45,8,E09000028,6,0,Single carriageway,30,Giveway or uncontrolled,6,0,None within 50 metres,No physical crossing within 50 meters,Daylight: Street light present,Fine without high winds,Dry,None,None,1,Yes,E01003927,2005
11276,200501MM70477,535000.0,175870.0,-0.057914,51.465651,1,3,2,1,15/01/2005,7,17:20,8,E09000028,3,2214,Single carriageway,30,Giveway or uncontrolled,6,0,None within 50 metres,No physical crossing within 50 meters,Darkness: Street lights present and lit,Fine without high winds,Dry,None,None,1,Yes,E01004064,2005
11277,200501MM70478,531520.0,179250.0,-0.106725,51.496845,1,3,2,1,03/01/2005,2,16:10,8,E09000028,3,302,One way street,30,None,-1,0,None within 50 metres,No physical crossing within 50 meters,Daylight: Street light present,Fine without high winds,Dry,None,None,1,Yes,E01003933,2005
11278,200501MM70479,536370.0,179520.0,-0.036795,51.498123,1,3,1,1,11/01/2005,3,21:45,8,E09000028,4,205,Single carriageway,30,Giveway or uncontrolled,6,0,None within 50 metres,Zebra crossing,Darkness: Street lights present and lit,Fine without high winds,Dry,None,None,1,Yes,E01004057,2005
11279,200501MM70480,533160.0,177190.0,-0.08389,51.477949,1,3,2,1,14/01/2005,6,09:30,8,E09000028,4,217,Single carriageway,30,Giveway or uncontrolled,6,0,None within 50 metres,Pedestrian phase at traffic signal junction,Daylight: Street light present,Fine without high winds,Dry,None,None,1,Yes,E01003917,2005
11280,200501MM70482,532170.0,176500.0,-0.098396,51.47198,1,3,2,1,03/01/2005,2,06:15,8,E09000028,6,0,Single carriageway,30,None,-1,0,None within 50 metres,No physical crossing within 50 meters,Darkness: Street lights present and lit,Fine without high winds,Dry,None,None,1,No,E01003922,2005
11281,200501MM70483,533310.0,179320.0,-0.080928,51.497055,1,3,2,1,13/02/2005,1,16:07,8,E09000028,3,100,Single carriageway,30,Automatic traffic signal,6,0,None within 50 metres,Pedestrian phase at traffic signal junction,Daylight: Street light present,Fine without high winds,Dry,None,None,1,Yes,E01003941,2005
11282,200501MM70485,535330.0,176680.0,-0.052856,51.472851,1,3,2,1,04/04/2005,2,07:33,7,E09000023,3,202,Single carriageway,30,Automatic traffic signal,3,2214,None within 50 metres,Pedestrian phase at traffic signal junction,Daylight: Street light present,Fine without high winds,Dry,None,None,1,Yes,E01004004,2005
11283,200501MM70486,533530.0,179900.0,-0.077541,51.502216,1,3,1,1,22/04/2005,6,17:42,8,E09000028,3,200,Single carriageway,30,Automatic traffic signal,3,100,None within 50 metres,Pedestrian phase at traffic signal junction,Daylight: Street light present,Fine without high winds,Dry,None,None,1,Yes,E01004027,2005
11284,200501MM70487,533120.0,179120.0,-0.083739,51.495303,1,3,2,1,07/04/2005,5,17:30,8,E09000028,3,100,Single carriageway,30,Giveway or uncontrolled,3,2,None within 50 metres,No physical crossing within 50 meters,Daylight: Street light present,Fine without high winds,Wet/Damp,None,None,1,Yes,E01003979,2005
11285,200501MM70488,532390.0,178960.0,-0.094308,51.494036,1,3,2,2,23/04/2005,7,22:00,8,E09000028,3,201,Single carriageway,30,Giveway or uncontrolled,4,240,None within 50 metres,Pedestrian phase at traffic signal junction,Darkness: Street lights present and lit,Fine without high winds,Dry,None,None,1,Yes,E01003962,2005
11286,200501MM70489,532760.0,178960.0,-0.088982,51.493949,1,3,2,3,23/04/2005,7,22:35,8,E09000028,3,201,Single carriageway,30,Giveway or uncontrolled,3,201,None within 50 metres,No physical crossing within 50 meters,Darkness: Street lights present and lit,Fine without high winds,Dry,None,None,1,Yes,E01003960,2005
11287,200501MM70491,534580.0,177460.0,-0.063352,51.48004,1,3,4,1,23/04/2005,7,17:02,8,E09000028,6,0,Single carriageway,30,None,-1,0,None within 50 metres,No physical crossing within 50 meters,Daylight: Street light present,Fine without high winds,Dry,None,None,1,Yes,E01003983,2005
11288,200501MM70492,534550.0,176770.0,-0.064046,51.473846,1,3,2,1,24/04/2005,1,10:28,8,E09000028,3,202,Single carriageway,30,Giveway or uncontrolled,6,0,None within 50 metres,No physical crossing within 50 meters,Daylight: Street light present,Fine without high winds,Dry,None,None,1,Yes,E01004067,2005
11289,200501MM70493,534360.0,174150.0,-0.067775,51.450346,1,3,1,1,25/04/2005,2,16:00,8,E09000028,6,0,Single carriageway,30,None,-1,0,None within 50 metres,No physical crossing within 50 meters,Daylight: Street light present,Fine without high winds,Dry,None,None,1,Yes,E01003957,2005
11290,200501MM70494,532440.0,179760.0,-0.093288,51.501214,1,3,2,1,26/04/2005,3,08:50,8,E09000028,3,3,Single carriageway,30,Automatic traffic signal,3,2198,None within 50 metres,Pedestrian phase at traffic signal junction,Daylight: Street light present,Fine without high winds,Dry,None,None,1,Yes,E01003929,2005
11291,200501MM70495,535600.0,178950.0,-0.0481,51.493186,1,3,1,1,27/04/2005,4,10:45,8,E09000028,3,200,Single carriageway,30,None,-1,0,None within 50 metres,non-junction pedestrian crossing,Daylight: Street light present,Fine without high winds,Wet/Damp,None,None,1,Yes,E01004031,2005
11292,200501MM70497,533440.0,176410.0,-0.080155,51.470873,1,3,2,1,29/04/2005,6,22:29,8,E09000028,6,0,Single carriageway,30,Giveway or uncontrolled,6,0,None within 50 metres,No physical crossing within 50 meters,Darkness: Street lights present and lit,Fine without high winds,Dry,None,None,1,Yes,E01003914,2005
11293,200501MM70499,532320.0,176850.0,-0.096106,51.47509,1,2,2,1,28/04/2005,5,09:06,8,E09000028,3,202,Single carriageway,30,Giveway or uncontrolled,6,0,None within 50 metres,No physical crossing within 50 meters,Daylight: Street light present,Fine without high winds,Dry,None,None,1,Yes,E01003919,2005
11294,200501MM70502,532420.0,177650.0,-0.094367,51.482256,1,3,2,1,21/04/2005,5,17:25,8,E09000028,4,214,Single carriageway,30,Automatic traffic signal,3,215,None within 50 metres,Pedestrian phase at traffic signal junction,Daylight: Street light present,Fine without high winds,Dry,None,None,1,No,E01003969,2005
11295,200501MM70503,535510.0,180130.0,-0.048943,51.503812,1,3,2,2,22/04/2005,6,23:05,8,E09000028,3,101,Single carriageway,30,None,-1,0,None within 50 metres,No physical crossing within 50 meters,Darkness: Street lights present and lit,Fine without high winds,Dry,None,None,1,No,E01004029,2005
11296,200501MM70504,531900.0,179050.0,-0.101329,51.494959,1,2,2,1,05/05/2005,5,18:23,8,E09000028,3,3,Roundabout,30,Giveway or uncontrolled,3,302,None within 50 metres,No physical crossing within 50 meters,Daylight: Street light present,Fine without high winds,Dry,None,None,1,Yes,E01003933,2005
11297,200501MM70505,534320.0,177260.0,-0.06717,51.478304,1,3,2,1,24/04/2005,1,10:35,8,E09000028,5,0,Single carriageway,30,Giveway or uncontrolled,6,0,None within 50 metres,No physical crossing within 50 meters,Daylight: Street light present,Raining without high winds,Wet/Damp,None,None,1,No,E01004008,2005
11298,200501MM70506,535150.0,174830.0,-0.056153,51.456269,1,3,2,1,03/05/2005,3,07:45,8,E09000028,6,0,Single carriageway,30,Giveway or uncontrolled,6,0,None within 50 metres,No physical crossing within 50 meters,Daylight: Street light present,Fine without high winds,Dry,None,None,1,Yes,E01004015,2005
11299,200501MM70507,535320.0,177110.0,-0.052836,51.476718,1,3,2,2,02/05/2005,2,19:48,7,E09000023,4,2227,Single carriageway,30,Giveway or uncontrolled,6,0,None within 50 metres,No physical crossing within 50 meters,Daylight: Street light present,Fine without high winds,Dry,None,None,1,Yes,E01004003,2005
11300,200501MM70508,533650.0,178320.0,-0.076411,51.487988,1,3,2,2,03/05/2005,3,13:45,8,E09000028,4,214,Single carriageway,30,Automatic traffic signal,3,2,None within 50 metres,Pedestrian phase at traffic signal junction,Daylight: Street light present,Fine without high winds,Dry,None,None,1,Yes,E01003966,2005
11301,200501MM70511,532120.0,179030.0,-0.098169,51.494728,1,3,2,1,29/04/2005,6,10:00,8,E09000028,3,201,Single carriageway,30,Giveway or uncontrolled,6,0,None within 50 metres,No physical crossing within 50 meters,Daylight: Street light present,Fine without high winds,Dry,None,None,1,No,E01003959,2005
11302,200501MM70512,535010.0,176720.0,-0.057446,51.473287,1,3,2,1,06/05/2005,6,09:18,8,E09000028,3,202,Single carriageway,30,Giveway or uncontrolled,3,202,None within 50 metres,No physical crossing within 50 meters,Daylight: Street light present,Fine without high winds,Dry,None,None,1,Yes,E01004005,2005
11303,200501MM70513,532200.0,178550.0,-0.097197,51.490396,1,3,2,3,06/05/2005,6,12:50,8,E09000028,3,215,Single carriageway,30,Giveway or uncontrolled,6,0,None within 50 metres,No physical crossing within 50 meters,Daylight: Street light present,Fine without high winds,Dry,None,None,1,Yes,E01003996,2005
11304,200501MM70514,533800.0,173820.0,-0.075954,51.447513,1,3,3,1,07/05/2005,7,15:56,8,E09000028,5,0,Single carriageway,30,None,-1,0,None within 50 metres,No physical crossing within 50 meters,Daylight: Street light present,Fine without high winds,Wet/Damp,None,None,1,Yes,E01004075,2005
11305,200501MM70515,532570.0,176260.0,-0.09273,51.46973,1,3,2,1,07/05/2005,7,15:50,8,E09000028,3,215,Single carriageway,30,Giveway or uncontrolled,6,0,None within 50 metres,No physical crossing within 50 meters,Daylight: Street light present,Fine without high winds,Dry,None,None,1,Yes,E01003076,2005
11306,200501MM70516,532430.0,177790.0,-0.094171,51.483512,1,3,2,1,10/05/2005,3,18:40,8,E09000028,3,215,Single carriageway,30,Giveway or uncontrolled,6,0,None within 50 metres,Zebra crossing,Daylight: Street light present,Fine without high winds,Dry,None,None,1,Yes,E01003969,2005
11307,200501MM70517,532340.0,179800.0,-0.094713,51.501597,1,2,2,1,12/05/2005,5,12:49,8,E09000028,3,2198,Single carriageway,30,Giveway or uncontrolled,6,0,None within 50 metres,No physical crossing within 50 meters,Daylight: Street light present,Fine without high winds,Dry,None,None,1,Yes,E01003929,2005
11308,200501MM70518,531470.0,179930.0,-0.107192,51.502968,1,3,2,1,14/04/2005,5,17:15,9,E09000022,4,300,Single carriageway,30,Giveway or uncontrolled,6,0,None within 50 metres,No physical crossing within 50 meters,Daylight: Street light present,Fine without high winds,Dry,None,None,1,Yes,E01003928,2005
11309,200501MM70519,533780.0,176780.0,-0.075123,51.474118,1,3,2,1,16/05/2005,2,15:20,8,E09000028,3,202,Slip road,30,Automatic traffic signal,6,0,None within 50 metres,Pedestrian phase at traffic signal junction,Daylight: Street light present,Raining without high winds,Wet/Damp,None,None,1,No,E01004066,2005
11310,200501MM70521,534260.0,177940.0,-0.067775,51.484429,1,2,2,1,08/04/2005,6,08:05,8,E09000028,3,2,Single carriageway,30,Automatic traffic signal,6,0,None within 50 metres,Pedestrian phase at traffic signal junction,Daylight: Street light present,Raining without high winds,Wet/Damp,None,None,1,Yes,E01003989,2005
11311,200501MM70522,534370.0,178810.0,-0.065861,51.492221,1,3,1,1,14/04/2005,5,13:30,8,E09000028,3,2206,Single carriageway,30,None,-1,0,None within 50 metres,Zebra crossing,Daylight: Street light present,Fine without high winds,Dry,None,None,1,Yes,E01004043,2005
11312,200501MM70523,532280.0,179600.0,-0.095652,51.499813,1,3,2,1,20/04/2005,4,09:15,8,E09000028,3,3,Single carriageway,30,Automatic traffic signal,5,0,None within 50 metres,Pedestrian phase at traffic signal junction,Daylight: Street light present,Fine without high winds,Dry,None,None,1,Yes,E01003937,2005
11313,200501MM70524,534330.0,179430.0,-0.066201,51.497802,1,3,2,1,20/04/2005,4,08:56,8,E09000028,3,200,Roundabout,30,Giveway or uncontrolled,5,0,None within 50 metres,No physical crossing within 50 meters,Daylight: Street light present,Fine without high winds,Dry,None,None,1,Yes,E01004022,2005
11314,200501MM70525,533610.0,176780.0,-0.077569,51.474158,1,3,2,1,25/04/2005,2,15:03,8,E09000028,3,202,Single carriageway,30,Giveway or uncontrolled,4,217,None within 50 metres,Zebra crossing,Daylight: Street light present,Fine without high winds,Dry,None,None,1,No,E01004066,2005
11315,200501MM70526,533550.0,178380.0,-0.077828,51.488551,1,3,2,1,01/05/2005,1,19:00,8,E09000028,6,0,Single carriageway,30,Giveway or uncontrolled,3,2,None within 50 metres,No physical crossing within 50 meters,Daylight: Street light present,Fine without high winds,Dry,None,None,1,No,E01003966,2005
11316,200501MM70528,533780.0,179160.0,-0.074222,51.495506,1,3,2,1,03/05/2005,3,18:00,8,E09000028,5,0,Single carriageway,30,None,-1,0,None within 50 metres,No physical crossing within 50 meters,Daylight: Street light present,Fine without high winds,Dry,None,None,1,No,E01003978,2005
11317,200501MM70529,534460.0,175090.0,-0.06598,51.45877,1,3,1,1,03/04/2005,1,11:10,8,E09000028,4,219,Single carriageway,30,Giveway or uncontrolled,4,238,None within 50 metres,No physical crossing within 50 meters,Daylight: Street light present,Fine without high winds,Dry,None,None,1,Yes,E01004015,2005
11318,200501MM70530,533080.0,171710.0,-0.087101,51.428721,1,3,2,1,06/05/2005,6,07:30,8,E09000028,3,2199,Single carriageway,30,None,-1,0,None within 50 metres,Pedestrian phase at traffic signal junction,Daylight: Street light present,Fine without high winds,Dry,None,None,1,No,E01003067,2005
11319,200501MM70531,534630.0,177710.0,-0.062537,51.482274,1,3,2,1,21/04/2005,5,15:40,8,E09000028,3,2,Single carriageway,30,Giveway or uncontrolled,6,0,None within 50 metres,No physical crossing within 50 meters,Daylight: Street light present,Fine without high winds,Dry,None,None,1,Yes,E01003988,2005
11320,200501MM70532,531880.0,179170.0,-0.101572,51.496042,1,3,1,1,21/04/2005,5,11:47,8,E09000028,3,201,Single carriageway,30,None,-1,0,None within 50 metres,Pedestrian phase at traffic signal junction,Daylight: Street light present,Fine without high winds,Dry,None,None,1,Yes,E01003932,2005
11321,200501MM70533,534390.0,178550.0,-0.065672,51.48988,1,3,1,1,27/04/2005,4,16:12,8,E09000028,5,0,Single carriageway,30,Giveway or uncontrolled,6,0,None within 50 metres,No physical crossing within 50 meters,Daylight: Street light present,Raining without high winds,Wet/Damp,None,None,1,Yes,E01004043,2005
11322,200501MM70534,533660.0,178320.0,-0.076267,51.487986,1,2,3,1,22/04/2005,6,08:40,8,E09000028,3,2,Single carriageway,30,Automatic traffic signal,4,214,None within 50 metres,Pedestrian phase at traffic signal junction,Daylight: Street light present,Fine without high winds,Dry,None,None,1,Yes,E01004040,2005
11323,200501MM70536,532120.0,179420.0,-0.098023,51.498233,1,3,1,1,29/04/2005,6,17:55,8,E09000028,3,3,Single carriageway,30,Giveway or uncontrolled,6,0,None within 50 metres,Zebra crossing,Daylight: Street light present,Fine without high winds,Dry,None,None,1,Yes,E01003927,2005
11324,200501MM70537,533590.0,178380.0,-0.077252,51.488542,1,3,1,2,30/04/2005,7,12:48,8,E09000028,3,2,Single carriageway,30,None,-1,0,None within 50 metres,Pedestrian phase at traffic signal junction,Daylight: Street light present,Fine without high winds,Dry,None,None,1,Yes,E01004040,2005
11325,200501MM70538,534690.0,174600.0,-0.062858,51.454312,1,3,1,1,30/04/2005,7,12:15,8,E09000028,4,238,Single carriageway,30,Giveway or uncontrolled,6,0,None within 50 metres,No physical crossing within 50 meters,Daylight: Street light present,Fine without high winds,Dry,None,None,1,Yes,E01004018,2005
11326,200501MM70539,532480.0,176930.0,-0.093774,51.475772,1,3,1,1,30/04/2005,7,20:20,8,E09000028,3,215,Single carriageway,30,None,-1,0,None within 50 metres,Pedestrian phase at traffic signal junction,Darkness: Street lights present and lit,Fine without high winds,Dry,None,None,1,Yes,E01003921,2005
11327,200501MM70540,532420.0,176310.0,-0.094869,51.470214,1,3,2,1,07/05/2005,7,19:28,9,E09000022,3,2217,Single carriageway,30,Giveway or uncontrolled,6,0,None within 50 metres,No physical crossing within 50 meters,Daylight: Street light present,Fine without high winds,Dry,None,None,1,No,E01003076,2005
11328,200501MM70543,531990.0,179500.0,-0.099865,51.498982,1,3,2,1,13/04/2005,4,17:45,8,E09000028,3,300,Single carriageway,30,Automatic traffic signal,3,3202,None within 50 metres,No physical crossing within 50 meters,Daylight: Street light present,Raining without high winds,Wet/Damp,None,None,1,Yes,E01003927,2005
11329,200501MM70544,532790.0,172620.0,-0.09093,51.436967,1,3,2,1,04/04/2005,2,14:00,8,E09000028,3,2199,Single carriageway,30,Giveway or uncontrolled,6,0,None within 50 metres,No physical crossing within 50 meters,Daylight: Street light present,Raining without high winds,Wet/Damp,None,None,1,Yes,E01003165,2005
11330,200501MM70547,532670.0,175160.0,-0.091703,51.459821,1,3,1,1,05/05/2005,5,19:47,8,E09000028,6,0,Single carriageway,30,None,-1,0,None within 50 metres,No physical crossing within 50 meters,Daylight: Street light present,Fine without high winds,Dry,None,None,1,Yes,E01004070,2005
11331,200501MM70548,533590.0,178380.0,-0.077252,51.488542,1,3,1,1,06/05/2005,6,07:59,8,E09000028,3,2,Dual carriageway,30,None,-1,0,None within 50 metres,Pedestrian phase at traffic signal junction,Daylight: Street light present,Fine without high winds,Dry,None,None,1,Yes,E01004040,2005
11332,200501MM70549,531970.0,178890.0,-0.100381,51.493505,1,3,2,1,06/05/2005,6,11:30,8,E09000028,3,3,Roundabout,30,Giveway or uncontrolled,3,3,None within 50 metres,No physical crossing within 50 meters,Daylight: Street light present,Fine without high winds,Dry,None,None,1,Yes,E01003959,2005
11333,200501MM70550,532720.0,178660.0,-0.08967,51.491263,1,3,1,1,07/05/2005,7,16:55,8,E09000028,5,0,Single carriageway,30,None,-1,0,None within 50 metres,No physical crossing within 50 meters,Daylight: Street light present,Fine without high winds,Dry,None,None,1,Yes,E01003961,2005
11334,200501MM70551,534580.0,178810.0,-0.062837,51.492171,1,2,1,1,07/05/2005,7,03:05,8,E09000028,3,2206,Single carriageway,30,Giveway or uncontrolled,6,0,None within 50 metres,No physical crossing within 50 meters,Darkness: Street lights present and lit,Fine without high winds,Wet/Damp,None,None,1,Yes,E01004042,2005
11335,200501MM70552,532640.0,173060.0,-0.092922,51.440956,1,3,2,1,07/05/2005,7,09:48,9,E09000022,3,205,Single carriageway,30,Automatic traffic signal,3,2199,None within 50 metres,Pedestrian phase at traffic signal junction,Daylight: Street light present,Fine without high winds,Dry,Roadworks,None,1,Yes,E01003165,2005
11336,200501MM70553,533560.0,178220.0,-0.077744,51.487111,1,2,2,1,09/05/2005,2,07:44,8,E09000028,4,214,Single carriageway,30,Giveway or uncontrolled,6,0,None within 50 metres,No physical crossing within 50 meters,Daylight: Street light present,Fine without high winds,Dry,None,None,1,Yes,E01003966,2005
11337,200501MM70554,534060.0,173730.0,-0.072249,51.446643,1,3,2,2,10/05/2005,3,15:40,8,E09000028,3,2216,Single carriageway,30,Giveway or uncontrolled,6,0,None within 50 metres,No physical crossing within 50 meters,Daylight: Street light present,Fine without high winds,Wet/Damp,None,None,1,Yes,E01004075,2005
11338,200501MM70555,533380.0,176710.0,-0.080905,51.473584,1,3,1,1,11/05/2005,4,08:55,8,E09000028,3,202,Single carriageway,30,Giveway or uncontrolled,6,0,None within 50 metres,No physical crossing within 50 meters,Daylight: Street light present,Fine without high winds,Dry,None,None,1,Yes,E01003914,2005
11339,200501MM70556,533730.0,170850.0,-0.078081,51.420839,1,3,1,1,12/05/2005,5,09:04,8,E09000028,3,212,Single carriageway,40,Automatic traffic signal,6,0,None within 50 metres,Pedestrian phase at traffic signal junction,Daylight: Street light present,Fine without high winds,Dry,None,None,1,Yes,E01000740,2005
11340,200501MM70558,533040.0,178480.0,-0.085131,51.48957,1,3,1,1,13/05/2005,6,16:28,8,E09000028,5,0,Single carriageway,30,Giveway or uncontrolled,6,0,None within 50 metres,Zebra crossing,Daylight: Street light present,Fine without high winds,Dry,None,None,1,Yes,E01003971,2005
11341,200501MM70559,534280.0,177410.0,-0.067688,51.479661,1,3,2,1,13/05/2005,6,09:15,8,E09000028,4,216,Single carriageway,30,Automatic traffic signal,6,0,None within 50 metres,Pedestrian phase at traffic signal junction,Daylight: Street light present,Fine without high winds,Dry,None,None,1,Yes,E01003990,2005
11342,200501MM70560,532180.0,178590.0,-0.09747,51.49076,1,3,1,1,13/05/2005,6,09:30,8,E09000028,3,215,Single carriageway,30,Giveway or uncontrolled,6,0,None within 50 metres,No physical crossing within 50 meters,Daylight: Street light present,Fine without high winds,Dry,None,None,1,Yes,E01003996,2005
11343,200501MM70562,533930.0,173340.0,-0.074266,51.443169,1,3,2,1,15/05/2005,1,11:00,8,E09000028,3,205,Single carriageway,30,None,-1,0,None within 50 metres,No physical crossing within 50 meters,Daylight: Street light present,Fine without high winds,Dry,None,None,1,Yes,E01003950,2005
11344,200501MM70563,532490.0,180140.0,-0.092426,51.504617,1,3,1,1,15/05/2005,1,04:45,8,E09000028,3,3200,Single carriageway,30,None,-1,0,None within 50 metres,No physical crossing within 50 meters,Darkness: Street lights present and lit,Fine without high winds,Dry,None,None,1,Yes,E01003929,2005
11345,200501MM70564,533540.0,176960.0,-0.078508,51.475793,1,3,2,2,15/05/2005,1,14:05,8,E09000028,4,217,Single carriageway,30,Giveway or uncontrolled,5,0,None within 50 metres,No physical crossing within 50 meters,Daylight: Street light present,Fine without high winds,Dry,None,None,1,Yes,E01003912,2005
11346,200501MM70565,533440.0,178490.0,-0.07937,51.489566,1,3,2,1,20/05/2005,6,19:45,8,E09000028,3,2,Single carriageway,30,None,-1,0,None within 50 metres,No physical crossing within 50 meters,Daylight: Street light present,Fine without high winds,Dry,None,None,1,Yes,E01003966,2005
11347,200501MM70566,535270.0,177280.0,-0.05349,51.478258,1,3,2,1,21/05/2005,7,15:05,8,E09000028,6,0,Dual carriageway,30,Giveway or uncontrolled,3,2,None within 50 metres,No physical crossing within 50 meters,Daylight: Street light present,Fine without high winds,Dry,None,None,1,Yes,E01003302,2005
11348,200501MM70568,534030.0,177360.0,-0.071305,51.479271,1,3,1,1,28/05/2005,7,11:50,8,E09000028,4,215,Single carriageway,30,Giveway or uncontrolled,6,0,None within 50 metres,No physical crossing within 50 meters,Daylight: Street light present,Fine without high winds,Dry,None,None,1,Yes,E01003990,2005
11349,200501MM70569,534210.0,176810.0,-0.068923,51.474286,1,3,2,2,01/04/2005,6,18:15,8,E09000028,4,215,Single carriageway,30,None,-1,0,None within 50 metres,Pedestrian phase at traffic signal junction,Daylight: Street light present,Fine without high winds,Dry,None,None,1,No,E01004010,2005
11350,200501MM70570,533040.0,180200.0,-0.084483,51.505027,1,3,1,2,09/04/2005,7,20:30,8,E09000028,3,200,Single carriageway,30,Automatic traffic signal,6,0,None within 50 metres,Pedestrian phase at traffic signal junction,Darkness: Street lights present and lit,Fine without high winds,Dry,None,None,1,No,E01004027,2005
11351,200501MM70572,533380.0,179380.0,-0.079897,51.497578,1,3,2,1,08/04/2005,6,08:45,8,E09000028,4,202,Single carriageway,30,Automatic traffic signal,3,100,None within 50 metres,Pedestrian phase at traffic signal junction,Daylight: Street light present,Raining without high winds,Wet/Damp,None,None,1,No,E01003976,2005
11352,200501MM70573,532410.0,177640.0,-0.094515,51.482169,1,3,2,1,09/04/2005,7,18:55,8,E09000028,3,215,Single carriageway,30,Automatic traffic signal,4,214,None within 50 metres,Pedestrian phase at traffic signal junction,Daylight: Street light present,Fine without high winds,Dry,None,None,1,No,E01003923,2005
11353,200501MM70574,533570.0,180030.0,-0.076916,51.503374,1,3,1,2,10/04/2005,1,06:30,8,E09000028,3,100,Single carriageway,30,None,-1,0,None within 50 metres,No physical crossing within 50 meters,Darkness: Street lights present and lit,Fine without high winds,Dry,None,None,1,No,E01004027,2005
11354,200501MM70575,532410.0,177550.0,-0.094549,51.48136,1,3,2,1,11/04/2005,2,10:45,8,E09000028,3,215,Single carriageway,30,None,-1,0,None within 50 metres,No physical crossing within 50 meters,Daylight: Street light present,Fine without high winds,Dry,None,None,1,No,E01003923,2005
11355,200501MM70576,535270.0,178680.0,-0.052954,51.490839,1,3,2,1,14/04/2005,5,08:45,8,E09000028,3,2208,Single carriageway,30,Giveway or uncontrolled,6,0,None within 50 metres,No physical crossing within 50 meters,Daylight: Street light present,Fine without high winds,Dry,None,None,1,No,E01003986,2005
11356,200501MM70579,534370.0,177890.0,-0.06621,51.483954,1,3,2,1,01/05/2005,1,09:20,8,E09000028,3,2,Single carriageway,30,Automatic traffic signal,3,2208,None within 50 metres,Pedestrian phase at traffic signal junction,Daylight: Street light present,Fine without high winds,Dry,None,None,1,Yes,E01003989,2005
11357,200501MM70580,533400.0,179430.0,-0.07959,51.498023,1,2,2,1,20/05/2005,6,12:45,8,E09000028,3,100,Single carriageway,30,None,-1,0,None within 50 metres,No physical crossing within 50 meters,Daylight: Street light present,Fine without high winds,Dry,None,None,1,Yes,E01003982,2005
11358,200501MM70581,534370.0,177890.0,-0.06621,51.483954,1,3,2,2,06/05/2005,6,20:55,8,E09000028,3,2,Dual carriageway,50,Automatic traffic signal,3,2208,None within 50 metres,Pedestrian phase at traffic signal junction,Darkness: Street lights present and lit,Fine without high winds,Dry,None,None,1,Yes,E01003989,2005
11359,200501MM70582,532560.0,176730.0,-0.092697,51.473956,1,3,2,1,09/05/2005,2,08:30,8,E09000028,3,202,Single carriageway,30,Automatic traffic signal,3,215,None within 50 metres,Pedestrian phase at traffic signal junction,Daylight: Street light present,Fine without high winds,Dry,None,None,1,No,E01003921,2005
11360,200501MM70583,531350.0,179810.0,-0.108965,51.501917,1,3,2,1,10/05/2005,3,17:20,9,E09000022,5,0,Single carriageway,30,Giveway or uncontrolled,6,0,None within 50 metres,No physical crossing within 50 meters,Daylight: Street light present,Fine without high winds,Snow,None,None,1,No,E01003012,2005
11361,200501MM70584,534400.0,175840.0,-0.066558,51.465524,1,3,1,1,11/05/2005,4,11:05,8,E09000028,3,2215,Single carriageway,30,None,-1,0,None within 50 metres,No physical crossing within 50 meters,Daylight: Street light present,Fine without high winds,Dry,None,None,1,No,E01004062,2005
11362,200501MM70586,534320.0,173650.0,-0.06854,51.445862,1,3,2,1,13/05/2005,6,18:15,8,E09000028,6,0,Single carriageway,30,Giveway or uncontrolled,6,0,None within 50 metres,No physical crossing within 50 meters,Daylight: Street light present,Fine without high winds,Dry,None,None,1,No,E01003950,2005
11363,200501MM70587,531910.0,179130.0,-0.101155,51.495676,1,3,1,1,13/05/2005,6,17:44,8,E09000028,3,201,Single carriageway,30,Giveway or uncontrolled,3,3,None within 50 metres,Footbridge or subway,Daylight: Street light present,Fine without high winds,Dry,None,None,1,No,E01003932,2005
11364,200501MM70589,534900.0,178360.0,-0.058403,51.488051,1,3,2,1,21/05/2005,7,18:20,8,E09000028,3,2208,Single carriageway,30,Automatic traffic signal,5,0,None within 50 metres,No physical crossing within 50 meters,Daylight: Street light present,Fine without high winds,Dry,None,None,1,No,E01004037,2005
11365,200501MM70591,534460.0,177820.0,-0.064942,51.483303,1,3,2,1,23/05/2005,2,08:57,8,E09000028,3,2,Single carriageway,30,Automatic traffic signal,4,216,None within 50 metres,No physical crossing within 50 meters,Daylight: Street light present,Fine without high winds,Dry,None,None,1,No,E01003989,2005
11366,200501MM70592,532750.0,175690.0,-0.090354,51.464565,1,2,2,1,23/05/2005,2,07:45,8,E09000028,3,215,Single carriageway,30,Giveway or uncontrolled,6,0,None within 50 metres,No physical crossing within 50 meters,Daylight: Street light present,Fine without high winds,Dry,None,None,1,No,E01003078,2005
11367,200501MM70594,532160.0,180160.0,-0.09717,51.504874,1,3,1,2,03/04/2005,1,21:51,8,E09000028,6,0,One way street,30,Giveway or uncontrolled,3,3200,None within 50 metres,No physical crossing within 50 meters,Darkness: Street lights present and lit,Fine without high winds,Dry,None,None,1,Yes,E01003927,2005
11368,200501MM70595,535130.0,177350.0,-0.055478,51.47892,1,3,1,1,03/05/2005,3,08:43,8,E09000028,3,2,Single carriageway,30,None,-1,0,None within 50 metres,No physical crossing within 50 meters,Daylight: Street light present,Fine without high winds,Wet/Damp,None,Other object in carriageway,1,Yes,E01003984,2005
11369,200501MM70596,532560.0,177330.0,-0.092472,51.479348,1,3,2,1,25/05/2005,4,09:45,8,E09000028,5,0,Single carriageway,30,Giveway or uncontrolled,6,0,None within 50 metres,No physical crossing within 50 meters,Daylight: Street light present,Fine without high winds,Dry,None,None,1,Yes,E01003925,2005
11370,200501MM70597,534420.0,178020.0,-0.065441,51.48511,1,3,2,1,22/05/2005,1,20:30,8,E09000028,3,2208,Single carriageway,30,Giveway or uncontrolled,5,0,None within 50 metres,Zebra crossing,Darkness: Street lights present and lit,Fine without high winds,Dry,None,None,1,No,E01004038,2005
11371,200501MM70598,535590.0,178640.0,-0.048363,51.490403,1,3,2,1,04/05/2005,4,17:00,8,E09000028,6,0,Single carriageway,30,None,-1,0,None within 50 metres,No physical crossing within 50 meters,Daylight: Street light present,Fine without high winds,Dry,None,None,1,No,E01004036,2005
11372,200501MM70601,532510.0,176830.0,-0.093379,51.474866,1,2,1,1,23/05/2005,2,11:30,8,E09000028,3,215,Single carriageway,30,None,-1,0,None within 50 metres,No physical crossing within 50 meters,Daylight: Street light present,Fine without high winds,Dry,None,None,1,No,E01003921,2005
11373,200501MM70603,533790.0,176780.0,-0.074979,51.474116,1,3,2,1,29/05/2005,1,02:00,8,E09000028,3,202,Single carriageway,30,Automatic traffic signal,6,0,None within 50 metres,Pedestrian phase at traffic signal junction,Darkness: Street lights present and lit,Fine without high winds,Dry,None,None,1,No,E01004066,2005
11374,200501MM70604,533510.0,178430.0,-0.078385,51.48901,1,3,2,1,01/06/2005,4,16:50,8,E09000028,3,2,Single carriageway,30,None,-1,0,None within 50 metres,No physical crossing within 50 meters,Daylight: Street light present,Fine without high winds,Dry,None,None,1,No,E01003966,2005
11375,200501MM70606,533530.0,179910.0,-0.077537,51.502305,1,3,2,1,22/04/2005,6,16:40,8,E09000028,3,200,Single carriageway,30,Automatic traffic signal,3,100,None within 50 metres,Pedestrian phase at traffic signal junction,Daylight: Street light present,Fine without high winds,Dry,None,None,1,Yes,E01004027,2005
11376,200501MM70607,533820.0,178190.0,-0.074013,51.48678,1,3,2,1,24/05/2005,3,08:44,8,E09000028,4,215,Single carriageway,30,Automatic traffic signal,3,2,None within 50 metres,Pedestrian phase at traffic signal junction,Daylight: Street light present,Fine without high winds,Dry,None,None,1,Yes,E01003964,2005
11377,200501MM70608,533020.0,177630.0,-0.085739,51.481936,1,3,3,1,13/05/2005,6,18:10,8,E09000028,5,0,Single carriageway,30,Giveway or uncontrolled,5,0,None within 50 metres,No physical crossing within 50 meters,Daylight: Street light present,Fine without high winds,Dry,None,None,1,Yes,E01003969,2005
11378,200501MM70609,531620.0,179450.0,-0.105211,51.498619,1,3,2,2,23/05/2005,2,20:00,8,E09000028,3,3202,Roundabout,30,Automatic traffic signal,3,301,None within 50 metres,Pedestrian phase at traffic signal junction,Darkness: Street lights present and lit,Fine without high winds,Dry,None,None,1,Yes,E01003931,2005
11379,200501MM70610,533650.0,178570.0,-0.076316,51.490235,1,3,2,1,11/06/2005,7,14:40,8,E09000028,4,203,Single carriageway,30,Automatic traffic signal,4,203,None within 50 metres,Pedestrian phase at traffic signal junction,Daylight: Street light present,Fine without high winds,Dry,None,None,1,Yes,E01004040,2005
11380,200501MM70612,533670.0,178320.0,-0.076123,51.487984,1,3,2,1,10/06/2005,6,13:19,8,E09000028,4,214,Single carriageway,30,Automatic traffic signal,3,2,None within 50 metres,Pedestrian phase at traffic signal junction,Daylight: Street light present,Fine without high winds,Dry,None,None,1,Yes,E01004040,2005
11381,200501MM70613,533530.0,178420.0,-0.0781,51.488915,1,3,2,1,04/06/2005,7,22:30,8,E09000028,3,2,Single carriageway,30,Automatic traffic signal,4,203,None within 50 metres,Pedestrian phase at traffic signal junction,Darkness: Street lights present and lit,Fine without high winds,Dry,None,None,1,Yes,E01003980,2005
11382,200501MM70614,533340.0,175510.0,-0.081933,51.462809,1,3,2,1,24/05/2005,3,14:20,8,E09000028,3,2216,Dual carriageway,30,Automatic traffic signal,6,0,None within 50 metres,Pedestrian phase at traffic signal junction,Daylight: Street light present,Fine without high winds,Dry,None,None,1,Yes,E01004052,2005
11383,200501MM70615,535570.0,179020.0,-0.048505,51.493822,1,3,2,1,20/05/2005,6,10:23,8,E09000028,3,200,Single carriageway,30,Automatic traffic signal,3,2208,None within 50 metres,Pedestrian phase at traffic signal junction,Daylight: Street light present,Raining without high winds,Wet/Damp,None,None,1,Yes,E01004031,2005
11384,200501MM70616,534220.0,176800.0,-0.068783,51.474194,1,3,1,1,23/05/2005,2,16:19,8,E09000028,4,215,Single carriageway,30,None,-1,0,None within 50 metres,No physical crossing within 50 meters,Daylight: Street light present,Fine without high winds,Dry,None,None,1,Yes,E01004010,2005
11385,200501MM70617,534210.0,176740.0,-0.06895,51.473657,1,3,2,1,23/05/2005,2,22:40,8,E09000028,3,202,Single carriageway,30,None,-1,0,None within 50 metres,Pedestrian phase at traffic signal junction,Darkness: Street lights present and lit,Fine without high winds,Dry,None,None,1,Yes,E01004010,2005
11386,200501MM70618,532130.0,179030.0,-0.098025,51.494726,1,3,1,1,22/05/2005,1,01:59,8,E09000028,3,201,Single carriageway,30,Giveway or uncontrolled,6,0,None within 50 metres,No physical crossing within 50 meters,Darkness: Street lights present and lit,Fine without high winds,Dry,None,None,1,Yes,E01003959,2005
11387,200501MM70619,531650.0,177280.0,-0.105588,51.479111,1,3,2,1,18/05/2005,4,14:29,9,E09000022,3,202,Single carriageway,30,Giveway or uncontrolled,6,0,None within 50 metres,No physical crossing within 50 meters,Daylight: Street light present,Fine without high winds,Dry,None,None,1,Yes,E01003183,2005
11388,200501MM70621,534260.0,173510.0,-0.069456,51.444619,1,3,2,1,16/05/2005,2,19:40,8,E09000028,3,2216,Single carriageway,30,None,-1,0,None within 50 metres,No physical crossing within 50 meters,Daylight: Street light present,Raining without high winds,Wet/Damp,None,None,1,Yes,E01003950,2005
11389,200501MM70622,534400.0,175850.0,-0.066554,51.465614,1,3,1,2,15/05/2005,1,16:50,8,E09000028,3,2215,Single carriageway,30,None,-1,0,None within 50 metres,No physical crossing within 50 meters,Daylight: Street light present,Fine without high winds,Dry,None,None,1,Yes,E01004062,2005
11390,200501MM70623,535720.0,179030.0,-0.046342,51.493876,1,3,1,1,07/05/2005,7,10:00,8,E09000028,6,0,Single carriageway,30,None,-1,0,None within 50 metres,No physical crossing within 50 meters,Daylight: Street light present,Fine without high winds,Dry,None,None,1,Yes,E01004031,2005
11391,200501MM70624,534200.0,176860.0,-0.069048,51.474738,1,2,2,1,15/02/2005,3,13:15,8,E09000028,4,215,Single carriageway,30,None,-1,0,None within 50 metres,No physical crossing within 50 meters,Daylight: Street light present,Fine without high winds,Dry,None,None,1,Yes,E01004010,2005
11392,200501MM70625,532070.0,174370.0,-0.10063,51.452862,1,3,1,1,25/05/2005,4,17:55,9,E09000022,3,2214,Single carriageway,30,Automatic traffic signal,3,215,None within 50 metres,Pedestrian phase at traffic signal junction,Daylight: Street light present,Fine without high winds,Dry,None,None,1,Yes,E01004074,2005
11393,200501MM70628,534630.0,177700.0,-0.062541,51.482184,1,3,2,1,27/05/2005,6,08:19,8,E09000028,3,2,Single carriageway,30,Automatic traffic signal,6,0,None within 50 metres,Pedestrian phase at traffic signal junction,Daylight: Street light present,Fine without high winds,Dry,None,None,1,Yes,E01003988,2005
11394,200501MM70629,534670.0,178260.0,-0.061751,51.487207,1,3,2,1,27/05/2005,6,08:09,8,E09000028,3,2208,Single carriageway,30,Giveway or uncontrolled,4,204,None within 50 metres,No physical crossing within 50 meters,Daylight: Street light present,Fine without high winds,Dry,None,None,1,Yes,E01004037,2005
11395,200501MM70630,535300.0,179290.0,-0.052289,51.496313,1,3,1,1,27/05/2005,6,09:25,8,E09000028,6,0,Single carriageway,30,Automatic traffic signal,3,200,None within 50 metres,Pedestrian phase at traffic signal junction,Daylight: Street light present,Fine without high winds,Dry,None,None,1,Yes,E01004031,2005
11396,200501MM70631,534090.0,178850.0,-0.069876,51.492647,1,3,2,1,02/06/2005,5,16:34,8,E09000028,3,2206,Single carriageway,30,Giveway or uncontrolled,6,0,None within 50 metres,non-junction pedestrian crossing,Daylight: Street light present,Fine without high winds,Dry,None,None,1,Yes,E01004043,2005
11397,200501MM70634,532460.0,177490.0,-0.093852,51.480809,1,3,1,1,02/06/2005,5,14:01,8,E09000028,4,217,Single carriageway,30,None,-1,0,None within 50 metres,non-junction pedestrian crossing,Daylight: Street light present,Fine without high winds,Dry,None,None,1,Yes,E01003969,2005
11398,200501MM70635,532390.0,178960.0,-0.094308,51.494036,1,3,2,1,06/06/2005,2,04:00,8,E09000028,3,201,Single carriageway,30,Giveway or uncontrolled,4,240,None within 50 metres,Pedestrian phase at traffic signal junction,Darkness: Street lights present and lit,Fine without high winds,Dry,None,None,1,Yes,E01003962,2005
11399,200501MM70636,532600.0,178390.0,-0.091499,51.488864,1,3,2,1,06/06/2005,2,13:54,8,E09000028,6,0,Single carriageway,30,Giveway or uncontrolled,6,0,None within 50 metres,No physical crossing within 50 meters,Daylight: Street light present,Fine without high winds,Dry,None,Other object in carriageway,1,Yes,E01003973,2005
11400,200501MM70637,534950.0,178430.0,-0.057656,51.488668,1,3,2,1,06/06/2005,2,16:09,8,E09000028,3,2208,Single carriageway,30,Giveway or uncontrolled,5,0,None within 50 metres,No physical crossing within 50 meters,Daylight: Street light present,Fine without high winds,Dry,None,None,1,Yes,E01004037,2005
11401,200501MM70638,532620.0,175290.0,-0.092374,51.461001,1,3,2,1,07/06/2005,3,07:20,8,E09000028,3,215,Single carriageway,30,Giveway or uncontrolled,6,0,None within 50 metres,No physical crossing within 50 meters,Daylight: Street light present,Fine without high winds,Dry,None,None,1,Yes,E01003072,2005
11402,200501MM70639,534400.0,175820.0,-0.066565,51.465344,1,3,2,1,07/06/2005,3,08:34,8,E09000028,3,2215,Single carriageway,30,None,-1,0,None within 50 metres,No physical crossing within 50 meters,Daylight: Street light present,Fine without high winds,Dry,None,None,1,Yes,E01004062,2005
11403,200501MM70640,533840.0,174080.0,-0.07528,51.44984,1,3,2,1,07/06/2005,3,19:09,8,E09000028,3,2216,Single carriageway,30,None,-1,0,None within 50 metres,No physical crossing within 50 meters,Daylight: Street light present,Fine without high winds,Dry,None,None,1,Yes,E01004072,2005
11404,200501MM70641,533260.0,175610.0,-0.083046,51.463727,1,3,2,1,10/06/2005,6,13:00,8,E09000028,3,2216,Dual carriageway,30,Giveway or uncontrolled,6,0,None within 50 metres,No physical crossing within 50 meters,Daylight: Street light present,Fine without high winds,Dry,None,None,1,Yes,E01004049,2005
11405,200501MM70642,532120.0,179420.0,-0.098023,51.498233,1,2,1,1,10/06/2005,6,14:16,8,E09000028,3,3,Single carriageway,30,Giveway or uncontrolled,6,0,None within 50 metres,Zebra crossing,Daylight: Street light present,Fine without high winds,Dry,None,None,1,Yes,E01003927,2005
11406,200501MM70643,534260.0,176560.0,-0.068299,51.472028,1,3,1,1,13/06/2005,2,15:52,8,E09000028,6,0,Single carriageway,30,Giveway or uncontrolled,3,2215,None within 50 metres,No physical crossing within 50 meters,Daylight: Street light present,Fine without high winds,Dry,None,None,1,Yes,E01004067,2005
11407,200501MM70644,533930.0,173950.0,-0.074035,51.448651,1,3,1,2,12/06/2005,1,11:50,8,E09000028,3,2216,Single carriageway,30,None,-1,0,None within 50 metres,No physical crossing within 50 meters,Daylight: Street light present,Fine without high winds,Dry,None,None,1,Yes,E01004075,2005
11408,200501MM70645,535690.0,178830.0,-0.046851,51.492086,1,2,1,1,11/06/2005,7,06:10,8,E09000028,5,0,Single carriageway,30,None,-1,0,None within 50 metres,No physical crossing within 50 meters,Daylight: Street light present,Fine without high winds,Dry,None,Other object in carriageway,1,Yes,E01004036,2005
11409,200501MM70646,534030.0,176700.0,-0.071555,51.47334,1,3,1,1,24/05/2005,3,08:40,8,E09000028,3,202,Single carriageway,30,Giveway or uncontrolled,6,0,None within 50 metres,No physical crossing within 50 meters,Daylight: Street light present,Fine without high winds,Dry,None,None,1,Yes,E01004067,2005
11410,200501MM70647,535560.0,180020.0,-0.048265,51.502811,1,3,1,1,12/06/2005,1,15:40,8,E09000028,4,205,Single carriageway,30,Giveway or uncontrolled,6,0,None within 50 metres,No physical crossing within 50 meters,Daylight: Street light present,Fine without high winds,Dry,None,None,1,Yes,E01004029,2005
11411,200501MM70649,534740.0,176780.0,-0.061308,51.473891,1,2,1,1,27/05/2005,6,11:05,8,E09000028,3,202,Single carriageway,30,Giveway or uncontrolled,6,0,None within 50 metres,No physical crossing within 50 meters,Daylight: Street light present,Fine without high winds,Dry,None,None,1,Yes,E01004005,2005
11412,200501MM70650,533450.0,178230.0,-0.079324,51.487227,1,3,1,1,10/06/2005,6,14:41,8,E09000028,6,0,Single carriageway,30,None,-1,0,None within 50 metres,No physical crossing within 50 meters,Daylight: Street light present,Fine without high winds,Dry,None,None,1,Yes,E01003964,2005
11413,200501MM70651,535330.0,176680.0,-0.052856,51.472851,1,2,1,1,11/06/2005,7,21:10,7,E09000023,3,202,Single carriageway,30,Automatic traffic signal,4,2227,None within 50 metres,Pedestrian phase at traffic signal junction,Darkness: Street lights present and lit,Fine without high winds,Dry,None,None,1,Yes,E01004004,2005
11414,200501MM70652,532710.0,176720.0,-0.090543,51.473831,1,3,1,1,10/06/2005,6,17:50,8,E09000028,3,202,Single carriageway,30,Giveway or uncontrolled,3,202,None within 50 metres,Zebra crossing,Daylight: Street light present,Fine without high winds,Dry,None,None,1,Yes,E01003921,2005
11415,200501MM70653,534950.0,177460.0,-0.058027,51.479951,1,2,1,1,10/05/2005,3,15:31,8,E09000028,3,2,Single carriageway,30,None,-1,0,None within 50 metres,non-junction pedestrian crossing,Daylight: Street light present,Fine without high winds,Dry,None,None,1,Yes,E01003984,2005
11416,200501MM70654,532330.0,178220.0,-0.095449,51.4874,1,3,1,4,14/06/2005,3,11:25,8,E09000028,3,215,Single carriageway,30,None,-1,0,None within 50 metres,No physical crossing within 50 meters,Daylight: Street light present,Fine without high winds,Dry,None,None,1,Yes,E01003994,2005
11417,200501MM70655,535090.0,176350.0,-0.056436,51.469943,1,3,3,1,16/06/2005,5,13:39,8,E09000028,6,0,Single carriageway,30,Giveway or uncontrolled,6,0,None within 50 metres,No physical crossing within 50 meters,Daylight: Street light present,Raining without high winds,Wet/Damp,None,None,1,Yes,E01004004,2005
11418,200501MM70656,533770.0,176780.0,-0.075266,51.474121,1,3,3,2,16/06/2005,5,12:57,8,E09000028,3,202,Single carriageway,30,Automatic traffic signal,6,0,None within 50 metres,Pedestrian phase at traffic signal junction,Daylight: Street light present,Raining without high winds,Wet/Damp,None,None,1,Yes,E01004066,2005
11419,200501MM70657,535330.0,179310.0,-0.051849,51.496486,1,3,1,1,15/06/2005,4,11:45,8,E09000028,3,200,Single carriageway,30,None,-1,0,None within 50 metres,No physical crossing within 50 meters,Daylight: Street light present,Raining without high winds,Wet/Damp,None,None,1,Yes,E01004031,2005
11420,200501MM70658,532390.0,178520.0,-0.094473,51.490082,1,3,1,1,10/06/2005,6,21:40,8,E09000028,6,0,Single carriageway,30,Giveway or uncontrolled,6,0,None within 50 metres,No physical crossing within 50 meters,Daylight: Street light present,Fine without high winds,Dry,None,None,1,Yes,E01003965,2005
11421,200501MM70659,531650.0,179800.0,-0.104649,51.501758,1,3,2,1,16/06/2005,5,21:28,8,E09000028,3,201,Single carriageway,30,Giveway or uncontrolled,6,0,None within 50 metres,No physical crossing within 50 meters,Darkness: Street lights present and lit,Fine without high winds,Dry,None,None,1,Yes,E01003928,2005
11422,200501MM70660,533740.0,170880.0,-0.077926,51.421106,1,2,1,1,15/06/2005,4,17:02,8,E09000028,3,212,Single carriageway,30,Giveway or uncontrolled,6,0,None within 50 metres,No physical crossing within 50 meters,Daylight: Street light present,Fine without high winds,Dry,None,None,1,Yes,E01003948,2005
11423,200501MM70661,532410.0,173680.0,-0.095997,51.446581,1,3,2,1,04/06/2005,7,13:00,9,E09000022,5,0,Single carriageway,30,Automatic traffic signal,3,2199,None within 50 metres,Pedestrian phase at traffic signal junction,Daylight: Street light present,Fine without high winds,Dry,None,None,1,No,E01004069,2005
11424,200501MM70662,535610.0,178650.0,-0.048071,51.490488,1,2,3,1,04/06/2005,7,17:10,8,E09000028,6,0,Single carriageway,30,Giveway or uncontrolled,6,0,None within 50 metres,No physical crossing within 50 meters,Daylight: Street light present,Fine without high winds,Dry,None,None,1,No,E01004036,2005
11425,200501MM70663,533920.0,176730.0,-0.073127,51.473636,1,3,2,1,22/06/2005,4,07:35,8,E09000028,3,202,Single carriageway,30,None,-1,0,None within 50 metres,Zebra crossing,Daylight: Street light present,Fine without high winds,Dry,None,None,1,Yes,E01004066,2005
11426,200501MM70664,532340.0,179800.0,-0.094713,51.501597,1,3,2,1,07/06/2005,3,08:05,8,E09000028,3,2198,Single carriageway,30,Giveway or uncontrolled,6,0,None within 50 metres,No physical crossing within 50 meters,Daylight: Street light present,Fine without high winds,Dry,None,None,1,Yes,E01003929,2005
11427,200501MM70665,531930.0,177100.0,-0.101625,51.477428,1,3,2,1,23/06/2005,5,10:13,9,E09000022,3,202,Single carriageway,30,Automatic traffic signal,5,0,None within 50 metres,Pedestrian phase at traffic signal junction,Daylight: Street light present,Fine without high winds,Dry,None,None,1,Yes,E01003180,2005
11428,200501MM70666,533640.0,180190.0,-0.075847,51.504796,48,3,2,1,17/06/2005,6,16:15,570,E09000001,3,100,Single carriageway,30,None,-1,0,None within 50 metres,No physical crossing within 50 meters,Daylight: Street light present,Fine without high winds,Dry,None,None,1,Yes,,2005
11429,200501MM70667,533920.0,177050.0,-0.073006,51.476512,1,3,2,1,17/06/2005,6,15:57,8,E09000028,6,0,Single carriageway,30,Giveway or uncontrolled,6,0,None within 50 metres,No physical crossing within 50 meters,Daylight: Street light present,Fine without high winds,Dry,None,None,1,Yes,E01004013,2005
11430,200501MM70668,532860.0,177780.0,-0.087986,51.483322,1,3,2,1,18/06/2005,7,15:46,8,E09000028,4,214,Single carriageway,30,Giveway or uncontrolled,6,0,None within 50 metres,Zebra crossing,Daylight: Street light present,Fine without high winds,Dry,None,None,1,Yes,E01003970,2005
11431,200501MM70669,532300.0,178300.0,-0.095851,51.488126,1,3,2,1,18/06/2005,7,11:00,8,E09000028,3,215,Single carriageway,30,None,-1,0,None within 50 metres,No physical crossing within 50 meters,Daylight: Street light present,Fine without high winds,Dry,None,None,1,Yes,E01003994,2005
11432,200501MM70671,532970.0,180010.0,-0.085563,51.503336,1,3,3,1,20/06/2005,2,13:35,8,E09000028,3,200,Single carriageway,30,Giveway or uncontrolled,6,0,None within 50 metres,No physical crossing within 50 meters,Daylight: Street light present,Fine without high winds,Dry,None,None,1,Yes,E01003981,2005
11433,200501MM70673,533240.0,179270.0,-0.081954,51.496622,1,3,2,1,19/06/2005,1,06:20,8,E09000028,3,100,Single carriageway,30,Automatic traffic signal,3,2206,None within 50 metres,Pedestrian phase at traffic signal junction,Daylight: Street light present,Fine without high winds,Dry,None,None,1,Yes,E01003941,2005
11434,200501MM70674,532540.0,176510.0,-0.093068,51.471984,1,3,1,1,31/05/2005,3,19:57,8,E09000028,3,215,Single carriageway,30,Automatic traffic signal,3,2217,None within 50 metres,Pedestrian phase at traffic signal junction,Daylight: Street light present,Fine without high winds,Dry,None,None,1,Yes,E01003922,2005
11435,200501MM70675,532040.0,179280.0,-0.099228,51.496994,1,3,2,1,27/05/2005,6,07:20,8,E09000028,3,300,Single carriageway,30,Giveway or uncontrolled,3,3,None within 50 metres,No physical crossing within 50 meters,Daylight: Street light present,Fine without high winds,Dry,None,None,1,Yes,E01003937,2005
11436,200501MM70676,534620.0,177330.0,-0.062825,51.478862,1,3,2,1,31/05/2005,3,17:53,8,E09000028,6,0,Single carriageway,30,Giveway or uncontrolled,6,0,None within 50 metres,No physical crossing within 50 meters,Daylight: Street light present,Fine without high winds,Dry,None,None,1,Yes,E01004009,2005
11437,200501MM70677,533390.0,178070.0,-0.080248,51.485803,1,3,2,1,02/06/2005,5,16:00,8,E09000028,4,214,Single carriageway,30,Giveway or uncontrolled,6,0,None within 50 metres,No physical crossing within 50 meters,Daylight: Street light present,Fine without high winds,Dry,None,None,1,Yes,E01003971,2005
11438,200501MM70679,532040.0,177030.0,-0.100068,51.476773,1,3,2,1,14/06/2005,3,13:49,9,E09000022,3,202,Single carriageway,30,Giveway or uncontrolled,3,202,None within 50 metres,No physical crossing within 50 meters,Daylight: Street light present,Fine without high winds,Dry,None,None,1,Yes,E01003919,2005
11439,200501MM70680,533840.0,178420.0,-0.073638,51.488842,1,3,2,1,16/06/2005,5,11:55,8,E09000028,4,204,Single carriageway,30,Giveway or uncontrolled,6,0,None within 50 metres,No physical crossing within 50 meters,Daylight: Street light present,Fine without high winds,Dry,None,None,1,Yes,E01004039,2005
11440,200501MM70681,534100.0,176690.0,-0.070552,51.473234,1,3,1,1,22/06/2005,4,18:52,8,E09000028,3,202,Single carriageway,30,None,-1,0,None within 50 metres,No physical crossing within 50 meters,Daylight: Street light present,Fine without high winds,Dry,None,None,1,Yes,E01004067,2005
11441,200501MM70682,534250.0,177940.0,-0.067919,51.484431,1,3,2,1,17/06/2005,6,11:07,8,E09000028,3,2,Dual carriageway,30,Automatic traffic signal,6,0,None within 50 metres,No physical crossing within 50 meters,Daylight: Street light present,Fine without high winds,Dry,None,None,1,Yes,E01003964,2005
11442,200501MM70683,533660.0,176780.0,-0.076849,51.474147,1,3,2,1,02/06/2005,5,14:40,8,E09000028,3,202,Single carriageway,30,Giveway or uncontrolled,6,0,None within 50 metres,No physical crossing within 50 meters,Daylight: Street light present,Fine without high winds,Dry,None,None,1,Yes,E01004066,2005
11443,200501MM70684,533310.0,178610.0,-0.081196,51.490675,1,3,1,1,10/05/2005,3,19:30,8,E09000028,3,2,Single carriageway,30,Giveway or uncontrolled,5,0,None within 50 metres,No physical crossing within 50 meters,Daylight: Street light present,Fine without high winds,Dry,None,None,1,Yes,E01003966,2005
11444,200501MM70685,532530.0,176660.0,-0.093155,51.473334,1,2,1,1,04/06/2005,7,21:05,8,E09000028,3,215,Single carriageway,30,None,-1,0,None within 50 metres,Pedestrian phase at traffic signal junction,Darkness: Street lights present and lit,Fine without high winds,Dry,None,None,1,Yes,E01003922,2005
11445,200501MM70686,534520.0,173600.0,-0.065683,51.445366,1,3,3,1,09/06/2005,5,14:50,8,E09000028,6,0,Single carriageway,30,Giveway or uncontrolled,6,0,None within 50 metres,No physical crossing within 50 meters,Daylight: Street light present,Fine without high winds,Dry,None,None,1,Yes,E01003949,2005
11446,200501MM70688,532660.0,180180.0,-0.089963,51.504937,1,3,2,1,25/06/2005,7,16:25,8,E09000028,3,3200,Single carriageway,30,Automatic traffic signal,3,3,None within 50 metres,Pedestrian phase at traffic signal junction,Daylight: Street light present,Fine without high winds,Dry,None,None,1,Yes,E01003929,2005
11447,200501MM70689,535620.0,180180.0,-0.04734,51.504234,1,3,2,1,27/06/2005,2,08:38,8,E09000028,6,0,Single carriageway,30,None,-1,0,None within 50 metres,No physical crossing within 50 meters,Daylight: Street light present,Fine without high winds,Dry,None,None,1,Yes,E01004053,2005
11448,200501MM70692,535320.0,177130.0,-0.052828,51.476898,1,3,2,1,22/06/2005,4,17:20,7,E09000023,4,2227,Single carriageway,30,None,-1,0,None within 50 metres,No physical crossing within 50 meters,Daylight: Street light present,Fine without high winds,Dry,None,None,1,Yes,E01004003,2005
11449,200501MM70695,531730.0,179340.0,-0.103668,51.497605,1,3,1,1,04/07/2005,2,13:59,8,E09000028,3,201,Single carriageway,30,Giveway or uncontrolled,5,0,None within 50 metres,No physical crossing within 50 meters,Daylight: Street light present,Fine without high winds,Dry,None,None,1,Yes,E01003930,2005
11450,200501MM70696,534100.0,177160.0,-0.070374,51.477458,1,3,2,1,04/07/2005,2,19:12,8,E09000028,4,215,Single carriageway,30,Automatic traffic signal,5,0,None within 50 metres,Pedestrian phase at traffic signal junction,Daylight: Street light present,Fine without high winds,Dry,None,None,1,Yes,E01004010,2005
11451,200501MM70698,533820.0,178190.0,-0.074013,51.48678,1,3,3,1,06/05/2005,6,23:30,8,E09000028,3,2,Single carriageway,30,Automatic traffic signal,4,215,None within 50 metres,Pedestrian phase at traffic signal junction,Darkness: Street lights present and lit,Raining without high winds,Wet/Damp,None,None,1,Yes,E01003964,2005
11452,200501MM70701,532950.0,179070.0,-0.086205,51.494893,1,3,2,2,20/06/2005,2,16:50,8,E09000028,3,2,Roundabout,30,Automatic traffic signal,3,2,None within 50 metres,No physical crossing within 50 meters,Daylight: Street light present,Fine without high winds,Dry,None,None,1,Yes,E01003941,2005
11453,200501MM70702,534500.0,173480.0,-0.066016,51.444292,1,3,2,1,19/06/2005,1,02:14,8,E09000028,6,0,Single carriageway,30,Giveway or uncontrolled,6,0,None within 50 metres,No physical crossing within 50 meters,Darkness: Street lights present and lit,Fine without high winds,Dry,None,None,1,Yes,E01003949,2005
11454,200501MM70703,534070.0,175350.0,-0.071491,51.461199,1,3,2,1,21/06/2005,3,15:30,8,E09000028,3,2214,Single carriageway,30,None,-1,0,None within 50 metres,No physical crossing within 50 meters,Daylight: Street light present,Fine without high winds,Dry,None,None,1,Yes,E01003953,2005
11455,200501MM70705,531440.0,180380.0,-0.107457,51.507019,1,3,2,1,29/06/2005,4,18:40,8,E09000028,3,3200,Single carriageway,30,Giveway or uncontrolled,6,0,None within 50 metres,Zebra crossing,Daylight: Street light present,Fine without high winds,Dry,None,None,1,Yes,E01003934,2005
11456,200501MM70706,532310.0,180440.0,-0.094905,51.507355,1,3,1,1,23/06/2005,5,15:59,8,E09000028,3,300,Single carriageway,30,None,-1,0,None within 50 metres,No physical crossing within 50 meters,Daylight: Street light present,Fine without high winds,Dry,None,None,1,Yes,E01003935,2005
11457,200501MM70707,533460.0,179660.0,-0.07864,51.500075,1,3,2,1,24/06/2005,6,10:00,8,E09000028,3,100,Single carriageway,30,Giveway or uncontrolled,6,0,None within 50 metres,No physical crossing within 50 meters,Daylight: Street light present,Fine without high winds,Dry,None,None,1,Yes,E01003982,2005
11458,200501MM70709,534410.0,175390.0,-0.066585,51.461478,1,3,2,1,24/06/2005,6,10:30,8,E09000028,4,238,Single carriageway,30,None,-1,0,None within 50 metres,No physical crossing within 50 meters,Daylight: Street light present,Fine without high winds,Dry,None,None,1,Yes,E01004021,2005
11459,200501MM70710,533490.0,179780.0,-0.078162,51.501147,1,3,1,1,24/06/2005,6,00:06,8,E09000028,3,2207,Single carriageway,30,Automatic traffic signal,3,100,None within 50 metres,Pedestrian phase at traffic signal junction,Darkness: Street lights present and lit,Fine without high winds,Dry,None,None,1,Yes,E01004027,2005
11460,200501MM70711,533900.0,171330.0,-0.075457,51.425113,1,3,2,2,27/06/2005,2,14:45,8,E09000028,3,212,Single carriageway,30,Giveway or uncontrolled,6,0,None within 50 metres,No physical crossing within 50 meters,Daylight: Street light present,Fine without high winds,Dry,None,None,1,Yes,E01003948,2005
11461,200501MM70712,533550.0,178390.0,-0.077824,51.488641,1,3,2,1,11/06/2005,7,17:55,8,E09000028,3,2,Single carriageway,30,Giveway or uncontrolled,6,0,None within 50 metres,Pedestrian phase at traffic signal junction,Daylight: Street light present,Fine without high winds,Dry,None,None,1,No,E01003966,2005
11462,200501MM70713,532370.0,179680.0,-0.094326,51.500511,1,3,2,1,13/06/2005,2,07:55,8,E09000028,3,3,Single carriageway,30,Giveway or uncontrolled,6,0,None within 50 metres,No physical crossing within 50 meters,Daylight: Street light present,Fine without high winds,Dry,None,None,1,No,E01003929,2005
11463,200501MM70714,532330.0,178210.0,-0.095453,51.48731,1,3,1,1,13/06/2005,2,18:40,8,E09000028,3,215,Single carriageway,30,None,-1,0,None within 50 metres,non-junction pedestrian crossing,Daylight: Street light present,Fine without high winds,Dry,None,None,1,No,E01003994,2005
11464,200501MM70715,534500.0,173440.0,-0.066031,51.443933,1,3,2,1,13/06/2005,2,08:00,8,E09000028,6,0,Single carriageway,30,None,-1,0,None within 50 metres,No physical crossing within 50 meters,Daylight: Street light present,Fine without high winds,Dry,None,None,1,No,E01003949,2005
11465,200501MM70717,533660.0,178330.0,-0.076263,51.488076,1,3,1,1,13/06/2005,2,11:30,8,E09000028,3,2,Single carriageway,30,Automatic traffic signal,4,214,None within 50 metres,Pedestrian phase at traffic signal junction,Daylight: Street light present,Fine without high winds,Dry,None,None,1,No,E01004040,2005
11466,200501MM70718,534050.0,178060.0,-0.070752,51.485557,1,2,2,1,26/06/2005,1,11:15,8,E09000028,3,2,Single carriageway,30,Giveway or uncontrolled,6,0,None within 50 metres,No physical crossing within 50 meters,Daylight: Street light present,Fine without high winds,Dry,None,None,1,Yes,E01003964,2005
11467,200501MM70719,533490.0,179790.0,-0.078158,51.501236,1,3,2,1,17/06/2005,6,08:02,8,E09000028,3,2207,Single carriageway,30,Automatic traffic signal,3,100,None within 50 metres,Pedestrian phase at traffic signal junction,Daylight: Street light present,Fine without high winds,Dry,None,None,1,Yes,E01004027,2005
11468,200501MM70720,534560.0,176770.0,-0.063902,51.473844,1,3,2,1,14/06/2005,3,11:35,8,E09000028,3,202,Single carriageway,30,Giveway or uncontrolled,6,0,None within 50 metres,Zebra crossing,Daylight: Street light present,Fine without high winds,Dry,None,None,1,No,E01004067,2005
11469,200501MM70723,535340.0,179780.0,-0.051525,51.500707,1,3,2,1,20/06/2005,2,17:50,8,E09000028,3,101,Single carriageway,30,None,-1,0,None within 50 metres,No physical crossing within 50 meters,Daylight: Street light present,Fine without high winds,Dry,None,None,1,No,E01004030,2005
11470,200501MM70724,534070.0,178050.0,-0.070468,51.485463,1,3,2,1,21/06/2005,3,07:05,8,E09000028,6,0,Single carriageway,30,Giveway or uncontrolled,3,2,None within 50 metres,No physical crossing within 50 meters,Daylight: Street light present,Fine without high winds,Dry,None,None,1,No,E01003964,2005
11471,200501MM70725,535050.0,179550.0,-0.055788,51.498709,1,3,2,1,21/06/2005,3,17:30,8,E09000028,3,200,Roundabout,30,Giveway or uncontrolled,3,200,None within 50 metres,No physical crossing within 50 meters,Daylight: Street light present,Fine without high winds,Dry,None,None,1,No,E01004034,2005
11472,200501MM70726,531920.0,179030.0,-0.101049,51.494775,1,2,1,1,20/06/2005,2,22:10,8,E09000028,3,3,Roundabout,30,Giveway or uncontrolled,3,302,None within 50 metres,non-junction pedestrian crossing,Daylight: Street light present,Fine without high winds,Dry,None,None,1,No,E01003933,2005
11473,200501MM70727,534550.0,174920.0,-0.06475,51.457221,1,3,2,1,23/06/2005,5,15:05,8,E09000028,4,238,Single carriageway,30,None,-1,0,None within 50 metres,No physical crossing within 50 meters,Daylight: Street light present,Fine without high winds,Dry,None,None,1,No,E01004015,2005
11474,200501MM70728,530710.0,180650.0,-0.117869,51.509614,1,3,2,1,24/06/2005,6,23:00,1,E09000033,3,301,Single carriageway,30,None,-1,0,None within 50 metres,No physical crossing within 50 meters,Darkness: Street lights present and lit,Fine without high winds,Dry,None,None,1,No,,2005
11475,200501MM70730,531750.0,177220.0,-0.104171,51.478549,1,3,2,1,26/06/2005,1,13:00,9,E09000022,3,202,Single carriageway,30,None,-1,0,None within 50 metres,Pedestrian phase at traffic signal junction,Daylight: Street light present,Fine without high winds,Dry,None,None,1,No,E01003926,2005
11476,200501MM70731,532530.0,176720.0,-0.093133,51.473873,1,3,3,1,27/06/2005,2,19:22,8,E09000028,3,215,Single carriageway,30,Automatic traffic signal,3,202,None within 50 metres,Pedestrian phase at traffic signal junction,Daylight: Street light present,Fine without high winds,Dry,None,None,1,No,E01003921,2005
11477,200501MM70732,534100.0,176690.0,-0.070552,51.473234,1,3,1,1,29/06/2005,4,20:15,8,E09000028,3,202,Single carriageway,30,None,-1,0,None within 50 metres,No physical crossing within 50 meters,Daylight: Street light present,Fine without high winds,Dry,None,None,1,No,E01004067,2005
11478,200501MM70733,532320.0,178250.0,-0.095582,51.487672,1,3,2,1,10/03/2005,5,14:33,8,E09000028,3,215,Single carriageway,30,Giveway or uncontrolled,6,0,None within 50 metres,No physical crossing within 50 meters,Daylight: Street light present,Fine without high winds,Dry,None,None,1,Yes,E01003994,2005
11479,200501MM70734,534410.0,175400.0,-0.066581,51.461568,1,3,1,1,01/07/2005,6,15:00,8,E09000028,4,238,Single carriageway,30,None,-1,0,None within 50 metres,No physical crossing within 50 meters,Daylight: Street light present,Fine without high winds,Wet/Damp,None,None,1,No,E01004021,2005
11480,200501MM70736,533900.0,173990.0,-0.074452,51.449017,1,3,2,2,01/07/2005,6,21:00,8,E09000028,3,2216,Single carriageway,30,Automatic traffic signal,4,219,None within 50 metres,Pedestrian phase at traffic signal junction,Daylight: Street light present,Fine without high winds,Dry,None,None,1,No,E01004075,2005
11481,200501MM70739,534660.0,176210.0,-0.062676,51.468787,1,3,1,1,13/07/2005,4,14:30,8,E09000028,6,0,One way street,30,Giveway or uncontrolled,6,0,None within 50 metres,No physical crossing within 50 meters,Daylight: Street light present,Fine without high winds,Dry,None,None,1,Yes,E01004068,2005
11482,200501MM70740,531930.0,177100.0,-0.101625,51.477428,1,2,2,1,15/07/2005,6,19:00,9,E09000022,3,202,Single carriageway,30,Automatic traffic signal,5,0,None within 50 metres,Pedestrian phase at traffic signal junction,Daylight: Street light present,Fine without high winds,Dry,None,None,1,Yes,E01003180,2005
11483,200501MM70741,534030.0,176700.0,-0.071555,51.47334,1,3,1,1,16/07/2005,7,20:00,8,E09000028,3,202,Single carriageway,30,Giveway or uncontrolled,6,0,None within 50 metres,Pedestrian phase at traffic signal junction,Daylight: Street light present,Fine without high winds,Dry,None,None,1,Yes,E01004067,2005
11484,200501MM70742,532100.0,176990.0,-0.09922,51.4764,1,3,2,1,09/05/2005,2,07:29,8,E09000028,3,202,Single carriageway,30,Giveway or uncontrolled,6,0,None within 50 metres,Zebra crossing,Daylight: Street light present,Fine without high winds,Dry,None,None,1,Yes,E01003919,2005
11485,200501MM70743,532560.0,176300.0,-0.092859,51.470092,1,3,1,1,16/07/2005,7,09:51,8,E09000028,3,215,Single carriageway,30,None,-1,0,None within 50 metres,No physical crossing within 50 meters,Daylight: Street light present,Fine without high winds,Dry,None,None,1,Yes,E01003076,2005
11486,200501MM70747,532530.0,176650.0,-0.093159,51.473244,1,3,2,2,15/07/2005,6,17:47,8,E09000028,3,215,Single carriageway,30,None,-1,0,None within 50 metres,No physical crossing within 50 meters,Daylight: Street light present,Fine without high winds,Dry,None,None,1,Yes,E01003922,2005
11487,200501MM70748,533950.0,176720.0,-0.072699,51.473539,1,3,2,1,07/07/2005,5,11:15,8,E09000028,3,202,Single carriageway,30,None,-1,0,None within 50 metres,non-junction pedestrian crossing,Daylight: Street light present,Fine without high winds,Dry,None,None,1,No,E01004067,2005
11488,200501MM70751,532290.0,178990.0,-0.095737,51.494329,1,3,2,1,16/07/2005,7,12:00,8,E09000028,3,201,Single carriageway,30,Giveway or uncontrolled,4,240,None within 50 metres,No physical crossing within 50 meters,Daylight: Street light present,Fine without high winds,Dry,None,None,1,Yes,E01003944,2005
11489,200501MM70752,534670.0,175600.0,-0.062765,51.463303,1,3,1,1,30/06/2005,5,18:17,8,E09000028,3,2214,Single carriageway,30,None,-1,0,None within 50 metres,No physical crossing within 50 meters,Daylight: Street light present,Fine without high winds,Dry,None,None,1,Yes,E01004019,2005
11490,200501MM70753,534700.0,178800.0,-0.061114,51.492053,1,3,1,1,11/07/2005,2,20:45,8,E09000028,3,2206,Single carriageway,30,Giveway or uncontrolled,5,0,None within 50 metres,No physical crossing within 50 meters,Daylight: Street light present,Fine without high winds,Dry,None,None,1,Yes,E01004042,2005
11491,200501MM70754,533440.0,175400.0,-0.080536,51.461797,1,3,2,1,17/07/2005,1,13:50,8,E09000028,3,2216,Single carriageway,30,Automatic traffic signal,6,0,None within 50 metres,Pedestrian phase at traffic signal junction,Daylight: Street light present,Fine without high winds,Dry,None,None,1,Yes,E01004052,2005
11492,200501MM70755,532840.0,177760.0,-0.088281,51.483147,1,3,2,1,12/07/2005,3,17:15,8,E09000028,4,214,Single carriageway,30,Automatic traffic signal,6,0,None within 50 metres,Pedestrian phase at traffic signal junction,Daylight: Street light present,Fine without high winds,Dry,None,None,1,Yes,E01003969,2005
11493,200501MM70757,531930.0,177600.0,-0.101439,51.481922,1,3,2,1,20/07/2005,4,21:03,8,E09000028,6,0,Single carriageway,30,Giveway or uncontrolled,6,0,None within 50 metres,No physical crossing within 50 meters,Daylight: Street light present,Fine without high winds,Dry,None,None,1,Yes,E01003991,2005
11494,200501MM70758,535210.0,176690.0,-0.054579,51.47297,1,2,1,1,22/07/2005,6,17:40,8,E09000028,3,202,Single carriageway,30,Giveway or uncontrolled,6,0,None within 50 metres,No physical crossing within 50 meters,Daylight: Street light present,Fine without high winds,Dry,None,None,1,Yes,E01004004,2005
11495,200501MM70759,533360.0,176720.0,-0.081189,51.473678,1,3,2,1,22/07/2005,6,16:27,8,E09000028,3,202,Single carriageway,30,Giveway or uncontrolled,6,0,None within 50 metres,No physical crossing within 50 meters,Daylight: Street light present,Fine without high winds,Dry,None,None,1,Yes,E01003914,2005
11496,200501MM70760,533670.0,174490.0,-0.077571,51.453565,1,3,1,1,22/07/2005,6,20:10,8,E09000028,3,2216,Single carriageway,30,Giveway or uncontrolled,3,2216,None within 50 metres,Zebra crossing,Daylight: Street light present,Fine without high winds,Dry,None,None,1,Yes,E01004072,2005
11497,200501MM70761,535020.0,174190.0,-0.058267,51.450549,1,2,1,1,22/07/2005,6,13:40,8,E09000028,4,238,Single carriageway,30,Giveway or uncontrolled,6,0,None within 50 metres,No physical crossing within 50 meters,Daylight: Street light present,Fine without high winds,Dry,None,None,1,Yes,E01004017,2005
11498,200501MM70762,532700.0,176720.0,-0.090687,51.473833,1,3,2,1,23/07/2005,7,08:50,8,E09000028,3,202,Single carriageway,30,Automatic traffic signal,3,202,None within 50 metres,Pedestrian phase at traffic signal junction,Daylight: Street light present,Fine without high winds,Dry,None,None,1,Yes,E01003921,2005
11499,200501MM70764,533840.0,178180.0,-0.073729,51.486685,1,3,2,1,23/07/2005,7,19:24,8,E09000028,3,2,Single carriageway,30,Automatic traffic signal,4,215,None within 50 metres,Pedestrian phase at traffic signal junction,Daylight: Street light present,Fine without high winds,Dry,None,None,1,Yes,E01003964,2005
11500,200501MM70767,533930.0,178130.0,-0.072452,51.486215,1,3,2,1,10/07/2005,1,20:10,8,E09000028,3,2,Single carriageway,30,Automatic traffic signal,6,0,None within 50 metres,Pedestrian phase at traffic signal junction,Daylight: Street light present,Fine without high winds,Dry,None,None,1,Yes,E01003964,2005
11501,200501MM70770,532570.0,176230.0,-0.092741,51.46946,1,3,2,1,18/07/2005,2,16:45,8,E09000028,3,215,Single carriageway,30,None,-1,0,None within 50 metres,No physical crossing within 50 meters,Daylight: Street light present,Fine without high winds,Dry,None,None,1,No,E01003076,2005
11502,200501MM70771,532820.0,172510.0,-0.090539,51.435971,1,3,2,1,19/07/2005,3,16:26,8,E09000028,3,2199,Single carriageway,30,Automatic traffic signal,5,0,None within 50 metres,Pedestrian phase at traffic signal junction,Daylight: Street light present,Fine without high winds,Dry,None,None,1,Yes,E01003064,2005
11503,200501MM70772,531860.0,177690.0,-0.102413,51.482747,1,3,2,1,19/07/2005,3,17:40,8,E09000028,6,0,Single carriageway,30,None,-1,0,None within 50 metres,Zebra crossing,Daylight: Street light present,Fine without high winds,Dry,None,None,1,No,E01003993,2005
11504,200501MM70774,534410.0,177720.0,-0.065699,51.482416,1,3,1,1,13/07/2005,4,16:46,8,E09000028,4,216,Single carriageway,30,Giveway or uncontrolled,6,0,None within 50 metres,No physical crossing within 50 meters,Daylight: Street light present,Fine without high winds,Dry,None,None,1,Yes,E01003989,2005
11505,200501MM70777,533570.0,180020.0,-0.07692,51.503284,1,3,2,1,14/07/2005,5,08:21,8,E09000028,3,100,Single carriageway,20,None,-1,0,None within 50 metres,No physical crossing within 50 meters,Daylight: Street light present,Fine without high winds,Dry,None,None,1,Yes,E01004027,2005
11506,200501MM70778,534300.0,174760.0,-0.068407,51.455842,1,3,2,1,14/05/2005,7,20:38,8,E09000028,4,219,Single carriageway,30,None,-1,0,None within 50 metres,No physical crossing within 50 meters,Daylight: Street light present,Fine without high winds,Dry,None,None,1,Yes,E01003955,2005
11507,200501MM70779,534230.0,178320.0,-0.068062,51.487851,1,3,2,1,01/07/2005,6,14:43,8,E09000028,4,204,Single carriageway,30,Giveway or uncontrolled,6,0,None within 50 metres,No physical crossing within 50 meters,Daylight: Street light present,Fine without high winds,Dry,None,None,1,Yes,E01004038,2005
11508,200501MM70781,534420.0,175380.0,-0.066445,51.461386,1,3,3,2,02/07/2005,7,13:20,8,E09000028,4,238,Single carriageway,30,None,-1,0,None within 50 metres,No physical crossing within 50 meters,Daylight: Street light present,Fine without high winds,Dry,None,None,1,Yes,E01004015,2005
11509,200501MM70783,534400.0,175480.0,-0.066695,51.462289,1,3,1,1,08/07/2005,6,15:37,8,E09000028,3,2214,Single carriageway,30,Automatic traffic signal,3,2215,None within 50 metres,Pedestrian phase at traffic signal junction,Daylight: Street light present,Fine without high winds,Dry,None,None,1,Yes,E01004021,2005
11510,200501MM70785,535290.0,179760.0,-0.052253,51.500539,1,2,1,1,05/07/2005,3,17:40,8,E09000028,3,2201,Single carriageway,30,Giveway or uncontrolled,6,0,None within 50 metres,No physical crossing within 50 meters,Daylight: Street light present,Raining without high winds,Wet/Damp,None,None,1,Yes,E01004030,2005
11511,200501MM70786,535250.0,177570.0,-0.053667,51.480868,1,3,1,1,23/04/2005,7,05:10,8,E09000028,5,0,Single carriageway,30,Giveway or uncontrolled,6,0,None within 50 metres,No physical crossing within 50 meters,Darkness: Street lights present and lit,Fine without high winds,Dry,None,None,1,Yes,E01003988,2005
11512,200501MM70788,534260.0,176290.0,-0.068401,51.469601,1,3,2,1,09/07/2005,7,19:55,8,E09000028,3,2215,Single carriageway,30,Giveway or uncontrolled,6,0,None within 50 metres,Zebra crossing,Daylight: Street light present,Fine without high winds,Dry,None,None,1,Yes,E01004062,2005
11513,200501MM70789,534810.0,178830.0,-0.059519,51.492296,1,3,1,1,11/07/2005,2,15:24,8,E09000028,3,2206,Single carriageway,30,Giveway or uncontrolled,5,0,None within 50 metres,No physical crossing within 50 meters,Daylight: Street light present,Fine without high winds,Dry,None,None,1,Yes,E01004035,2005
11514,200501MM70791,534030.0,178840.0,-0.070744,51.492572,1,3,1,1,13/07/2005,4,17:12,8,E09000028,3,2206,Single carriageway,30,None,-1,0,None within 50 metres,No physical crossing within 50 meters,Daylight: Street light present,Fine without high winds,Dry,None,None,1,Yes,E01004043,2005
11515,200501MM70794,532280.0,180240.0,-0.095412,51.505565,1,3,1,2,05/07/2005,3,08:05,8,E09000028,3,300,Single carriageway,30,None,-1,0,None within 50 metres,No physical crossing within 50 meters,Daylight: Street light present,Fine without high winds,Dry,None,None,1,Yes,E01003935,2005
11516,200501MM70795,531650.0,179490.0,-0.104764,51.498972,1,3,2,1,05/07/2005,3,08:50,8,E09000028,3,201,Single carriageway,30,Giveway or uncontrolled,3,3202,None within 50 metres,No physical crossing within 50 meters,Daylight: Street light present,Fine without high winds,Dry,None,None,1,Yes,E01003930,2005
11517,200501MM70796,534320.0,176760.0,-0.067359,51.473811,1,3,2,1,05/07/2005,3,12:10,8,E09000028,3,202,Single carriageway,30,None,-1,0,None within 50 metres,No physical crossing within 50 meters,Daylight: Street light present,Raining without high winds,Wet/Damp,None,None,1,Yes,E01004067,2005
11518,200501MM70797,534210.0,176820.0,-0.06892,51.474376,1,3,1,1,05/07/2005,3,13:49,8,E09000028,4,215,Single carriageway,30,None,-1,0,None within 50 metres,No physical crossing within 50 meters,Daylight: Street light present,Fine without high winds,Dry,None,None,1,Yes,E01004010,2005
11519,200501MM70798,533140.0,173680.0,-0.085499,51.44641,1,3,2,1,04/07/2005,2,18:43,8,E09000028,6,0,Single carriageway,30,Authorised person,6,0,None within 50 metres,No physical crossing within 50 meters,Daylight: Street light present,Fine without high winds,Dry,None,None,1,Yes,E01004069,2005
11520,200501MM70799,532530.0,176650.0,-0.093159,51.473244,1,3,1,1,04/07/2005,2,13:12,8,E09000028,3,215,Single carriageway,30,None,-1,0,None within 50 metres,No physical crossing within 50 meters,Daylight: Street light present,Fine without high winds,Dry,None,None,1,Yes,E01003922,2005
11521,200501MM70800,532790.0,179230.0,-0.088448,51.496369,1,3,2,1,04/07/2005,2,07:01,8,E09000028,3,2,Single carriageway,30,Giveway or uncontrolled,6,0,None within 50 metres,No physical crossing within 50 meters,Daylight: Street light present,Fine without high winds,Dry,None,None,1,Yes,E01003942,2005
11522,200501MM70801,534970.0,176730.0,-0.058017,51.473387,1,3,2,1,12/07/2005,3,05:50,8,E09000028,3,202,Single carriageway,30,Giveway or uncontrolled,5,0,None within 50 metres,No physical crossing within 50 meters,Daylight: Street light present,Fine without high winds,Dry,None,None,1,Yes,E01003984,2005
11523,200501MM70802,534440.0,176770.0,-0.065629,51.473872,1,2,2,2,12/07/2005,3,12:20,8,E09000028,3,202,Single carriageway,30,Automatic traffic signal,3,2215,None within 50 metres,Pedestrian phase at traffic signal junction,Daylight: Street light present,Fine without high winds,Dry,None,None,1,Yes,E01004067,2005
11524,200501MM70803,530500.0,176480.0,-0.122434,51.472188,1,2,2,1,27/07/2005,4,09:32,9,E09000022,3,3,Single carriageway,30,Automatic traffic signal,3,203,None within 50 metres,Pedestrian phase at traffic signal junction,Daylight: Street light present,Raining without high winds,Wet/Damp,None,None,1,Yes,E01003093,2005
11525,200501MM70804,534440.0,175080.0,-0.066271,51.458685,1,2,1,1,03/07/2005,1,18:37,8,E09000028,4,219,Single carriageway,30,None,-1,0,None within 50 metres,Zebra crossing,Daylight: Street light present,Fine without high winds,Dry,None,None,1,Yes,E01004015,2005
11526,200501MM70805,535660.0,178830.0,-0.047282,51.492093,1,3,2,1,24/06/2005,6,09:30,8,E09000028,3,200,Single carriageway,30,Giveway or uncontrolled,5,0,None within 50 metres,No physical crossing within 50 meters,Daylight: Street light present,Fine without high winds,Dry,None,None,1,Yes,E01004036,2005
11527,200501MM70806,532280.0,178990.0,-0.095881,51.494331,1,3,1,1,02/07/2005,7,05:03,8,E09000028,3,201,Single carriageway,30,Giveway or uncontrolled,4,240,None within 50 metres,No physical crossing within 50 meters,Darkness: Street lights present and lit,Fine without high winds,Dry,None,None,1,Yes,E01003944,2005
11528,200501MM70809,534510.0,176780.0,-0.064618,51.473945,1,3,2,1,17/07/2005,1,05:30,8,E09000028,3,202,Single carriageway,30,Giveway or uncontrolled,6,0,None within 50 metres,Pedestrian phase at traffic signal junction,Daylight: Street light present,Fine without high winds,Dry,None,None,1,Yes,E01003985,2005
11529,200501MM70810,534490.0,176030.0,-0.065191,51.46721,1,3,1,1,26/07/2005,3,16:35,8,E09000028,6,0,Single carriageway,30,None,-1,0,None within 50 metres,Zebra crossing,Daylight: Street light present,Fine without high winds,Dry,None,None,1,Yes,E01004068,2005
11530,200501MM70812,534330.0,179350.0,-0.066231,51.497084,1,3,4,1,30/07/2005,7,14:30,8,E09000028,5,0,Single carriageway,30,None,-1,0,None within 50 metres,No physical crossing within 50 meters,Daylight: Street light present,Fine without high winds,Wet/Damp,None,None,1,Yes,E01004022,2005
11531,200501MM70813,532430.0,180150.0,-0.093286,51.504721,1,2,2,1,19/07/2005,3,08:50,8,E09000028,3,3200,Single carriageway,30,Giveway or uncontrolled,6,0,None within 50 metres,No physical crossing within 50 meters,Daylight: Street light present,Fine without high winds,Dry,None,None,1,Yes,E01003935,2005
11532,200501MM70814,532410.0,177620.0,-0.094523,51.481989,1,3,1,1,16/07/2005,7,12:25,8,E09000028,3,215,Single carriageway,30,None,-1,0,None within 50 metres,Pedestrian phase at traffic signal junction,Daylight: Street light present,Fine without high winds,Dry,None,None,1,Yes,E01003923,2005
11533,200501MM70815,533410.0,178200.0,-0.079911,51.486967,1,3,2,2,25/07/2005,2,19:52,8,E09000028,6,0,Single carriageway,30,None,-1,0,None within 50 metres,No physical crossing within 50 meters,Daylight: Street light present,Fine without high winds,Dry,None,None,1,Yes,E01003964,2005
11534,200501MM70816,533370.0,179940.0,-0.07983,51.502613,1,3,2,1,02/07/2005,7,12:45,8,E09000028,3,2207,Single carriageway,30,Giveway or uncontrolled,6,0,None within 50 metres,No physical crossing within 50 meters,Daylight: Street light present,Fine without high winds,Dry,None,None,1,Yes,E01004027,2005
11535,200501MM70818,534450.0,173300.0,-0.066803,51.442686,1,2,2,1,06/07/2005,4,06:55,8,E09000028,3,205,Single carriageway,30,Giveway or uncontrolled,6,0,None within 50 metres,No physical crossing within 50 meters,Darkness: Street lights present and lit,Fine without high winds,Wet/Damp,None,None,1,Yes,E01003949,2005
11536,200501MM70819,532430.0,177390.0,-0.094321,51.479918,1,3,1,1,28/07/2005,5,17:39,8,E09000028,3,215,Single carriageway,30,None,-1,0,None within 50 metres,No physical crossing within 50 meters,Daylight: Street light present,Fine without high winds,Dry,None,None,1,Yes,E01003924,2005
11537,200501MM70820,534560.0,176780.0,-0.063898,51.473933,1,3,1,1,31/07/2005,1,04:35,8,E09000028,3,202,Single carriageway,30,Giveway or uncontrolled,6,0,None within 50 metres,Zebra crossing,Darkness: Street lights present and lit,Fine without high winds,Dry,None,None,1,Yes,E01004067,2005
11538,200501MM70821,532660.0,176060.0,-0.09151,51.467911,1,3,1,1,30/07/2005,7,03:30,8,E09000028,3,215,Single carriageway,30,None,-1,0,None within 50 metres,No physical crossing within 50 meters,Darkness: Street lights present and lit,Fine without high winds,Dry,None,None,1,Yes,E01003076,2005
11539,200501MM70824,535250.0,178700.0,-0.053234,51.491023,1,3,1,1,29/06/2005,4,08:03,8,E09000028,3,2208,Single carriageway,30,Automatic traffic signal,6,0,None within 50 metres,Pedestrian phase at traffic signal junction,Daylight: Street light present,Fine without high winds,Dry,None,None,1,Yes,E01004035,2005
11540,200501MM70826,534120.0,179720.0,-0.069114,51.500458,1,3,2,1,24/07/2005,1,10:36,8,E09000028,6,0,Single carriageway,30,Giveway or uncontrolled,6,0,None within 50 metres,No physical crossing within 50 meters,Daylight: Street light present,Raining without high winds,Wet/Damp,None,None,1,Yes,E01004028,2005
11541,200501MM70827,533850.0,175300.0,-0.074675,51.460802,1,3,1,1,15/07/2005,6,20:09,8,E09000028,3,2214,Single carriageway,30,None,-1,0,None within 50 metres,Zebra crossing,Daylight: Street light present,Fine without high winds,Dry,None,None,1,Yes,E01003953,2005
11542,200501MM70828,534040.0,179530.0,-0.070338,51.49877,1,3,1,1,12/07/2005,3,17:25,8,E09000028,3,200,Single carriageway,30,Automatic traffic signal,3,2207,None within 50 metres,Pedestrian phase at traffic signal junction,Daylight: Street light present,Fine without high winds,Dry,None,None,1,Yes,E01004028,2005
11543,200501MM70829,532010.0,179060.0,-0.099742,51.495024,1,3,2,1,30/01/2005,1,21:30,8,E09000028,3,201,Single carriageway,30,Giveway or uncontrolled,3,3,None within 50 metres,Footbridge or subway,Darkness: Street lights present and lit,Fine without high winds,Dry,None,None,1,No,E01003959,2005
11544,200501MM70830,532540.0,177660.0,-0.092637,51.482318,1,3,1,1,01/01/2005,7,19:41,8,E09000028,4,214,Single carriageway,30,None,-1,0,None within 50 metres,No physical crossing within 50 meters,Darkness: Street lights present and lit,Raining without high winds,Wet/Damp,None,None,1,Yes,E01003969,2005
11545,200501MM70832,532510.0,176730.0,-0.093417,51.473968,1,2,1,1,17/07/2005,1,19:25,8,E09000028,3,202,Single carriageway,30,Automatic traffic signal,3,215,None within 50 metres,Pedestrian phase at traffic signal junction,Daylight: Street light present,Fine without high winds,Dry,None,None,1,Yes,E01003921,2005
11546,200501MM70833,533950.0,171420.0,-0.074704,51.42591,1,3,2,1,17/07/2005,1,19:10,8,E09000028,3,212,Roundabout,30,Giveway or uncontrolled,6,0,None within 50 metres,No physical crossing within 50 meters,Daylight: Street light present,Fine without high winds,Dry,None,None,1,Yes,E01003948,2005
11547,200501MM70834,532130.0,178690.0,-0.098152,51.49167,1,3,2,1,27/07/2005,4,11:55,8,E09000028,3,215,Single carriageway,30,Automatic traffic signal,6,0,None within 50 metres,Pedestrian phase at traffic signal junction,Daylight: Street light present,Raining without high winds,Wet/Damp,None,None,1,Yes,E01003996,2005
11548,200501MM70835,534720.0,179550.0,-0.06054,51.498788,1,2,2,1,30/07/2005,7,12:50,8,E09000028,3,200,Single carriageway,30,Giveway or uncontrolled,5,0,None within 50 metres,non-junction pedestrian crossing,Daylight: Street light present,Fine without high winds,Dry,None,None,1,Yes,E01004034,2005
11549,200501MM70836,532650.0,174000.0,-0.092426,51.449401,1,3,2,1,28/07/2005,5,09:12,8,E09000028,6,0,Single carriageway,30,None,-1,0,None within 50 metres,No physical crossing within 50 meters,Daylight: Street light present,Fine without high winds,Dry,None,None,1,Yes,E01004074,2005
11550,200501MM70837,534460.0,178050.0,-0.064854,51.48537,1,3,2,1,08/07/2005,6,00:45,8,E09000028,3,2208,Single carriageway,30,None,-1,0,None within 50 metres,No physical crossing within 50 meters,Darkness: Street lights present and lit,Fine without high winds,Dry,None,None,1,Yes,E01003989,2005
11551,200501MM70844,532070.0,179700.0,-0.098638,51.500761,1,2,2,1,07/07/2005,5,09:18,8,E09000028,3,300,Single carriageway,30,Automatic traffic signal,5,0,None within 50 metres,Pedestrian phase at traffic signal junction,Daylight: Street light present,Fine without high winds,Dry,None,None,1,Yes,E01003927,2005
11552,200501MM70845,534170.0,173570.0,-0.070727,51.445179,1,3,2,1,04/08/2005,5,22:13,8,E09000028,3,2216,Single carriageway,30,Giveway or uncontrolled,6,0,None within 50 metres,No physical crossing within 50 meters,Darkness: Street lights present and lit,Fine without high winds,Dry,None,None,1,Yes,E01003950,2005
11553,200501MM70846,532250.0,179000.0,-0.096309,51.494428,1,3,2,1,02/08/2005,3,15:12,8,E09000028,3,201,Single carriageway,30,None,-1,0,None within 50 metres,No physical crossing within 50 meters,Daylight: Street light present,Fine without high winds,Dry,None,None,1,Yes,E01003944,2005
11554,200501MM70847,534820.0,175710.0,-0.060565,51.464256,1,3,2,1,03/08/2005,4,12:00,8,E09000028,3,2214,Single carriageway,30,Automatic traffic signal,3,2214,None within 50 metres,Pedestrian phase at traffic signal junction,Daylight: Street light present,Fine without high winds,Dry,None,None,1,Yes,E01004064,2005
11555,200501MM70850,532690.0,173070.0,-0.092199,51.441034,1,3,1,1,10/08/2005,4,14:23,8,E09000028,3,205,Single carriageway,30,None,-1,0,None within 50 metres,No physical crossing within 50 meters,Daylight: Street light present,Fine without high winds,Dry,None,None,1,Yes,E01003951,2005
11556,200501MM70851,531860.0,179180.0,-0.101856,51.496137,1,3,2,1,10/08/2005,4,23:13,8,E09000028,3,201,Single carriageway,30,Automatic traffic signal,6,0,None within 50 metres,Pedestrian phase at traffic signal junction,Darkness: Street lights present and lit,Fine without high winds,Dry,None,None,1,Yes,E01003932,2005
11557,200501MM70853,533390.0,178530.0,-0.080074,51.489937,1,3,2,1,21/08/2005,1,11:00,8,E09000028,3,2,Single carriageway,30,Giveway or uncontrolled,6,0,None within 50 metres,Zebra crossing,Daylight: Street light present,Fine without high winds,Dry,None,None,1,No,E01003966,2005
11558,200501MM70854,533400.0,177090.0,-0.080474,51.476994,1,3,1,1,17/07/2005,1,12:05,8,E09000028,4,217,Single carriageway,30,Giveway or uncontrolled,6,0,None within 50 metres,No physical crossing within 50 meters,Daylight: Street light present,Fine without high winds,Dry,None,None,1,Yes,E01003912,2005
11559,200501MM70855,532690.0,180200.0,-0.089523,51.505109,1,3,1,1,18/07/2005,2,17:20,8,E09000028,3,3,Single carriageway,30,Giveway or uncontrolled,3,200,None within 50 metres,Pedestrian phase at traffic signal junction,Daylight: Street light present,Fine without high winds,Dry,None,None,1,Yes,E01003929,2005
11560,200501MM70857,533430.0,175410.0,-0.080676,51.461889,1,3,2,1,04/08/2005,5,15:50,8,E09000028,3,2216,Single carriageway,30,None,-1,0,None within 50 metres,No physical crossing within 50 meters,Daylight: Street light present,Fine without high winds,Dry,None,None,1,Yes,E01004052,2005
11561,200501MM70859,535710.0,175540.0,-0.047826,51.462516,1,3,2,1,30/07/2005,7,20:38,8,E09000028,5,0,Single carriageway,30,None,-1,0,None within 50 metres,No physical crossing within 50 meters,Darkness: Street lights present and lit,Fine without high winds,Dry,None,None,1,Yes,E01004002,2005
11562,200501MM70860,532040.0,177030.0,-0.100068,51.476773,1,3,1,1,05/08/2005,6,21:30,9,E09000022,3,202,Single carriageway,30,Giveway or uncontrolled,3,202,None within 50 metres,No physical crossing within 50 meters,Darkness: Street lights present and lit,Raining without high winds,Wet/Damp,None,None,1,Yes,E01003919,2005
11563,200501MM70861,533910.0,176730.0,-0.073271,51.473638,1,3,1,1,05/08/2005,6,13:40,8,E09000028,3,202,Single carriageway,30,None,-1,0,None within 50 metres,No physical crossing within 50 meters,Daylight: Street light present,Fine without high winds,Dry,None,None,1,Yes,E01004066,2005
11564,200501MM70862,533810.0,175170.0,-0.0753,51.459643,1,3,2,1,06/08/2005,7,08:30,8,E09000028,3,2216,Single carriageway,30,Giveway or uncontrolled,3,2214,None within 50 metres,No physical crossing within 50 meters,Daylight: Street light present,Fine without high winds,Dry,None,None,1,Yes,E01003952,2005
11565,200501MM70863,534160.0,178000.0,-0.069191,51.484992,1,3,3,1,06/08/2005,7,17:00,8,E09000028,3,2,Dual carriageway,30,Automatic traffic signal,6,0,None within 50 metres,Pedestrian phase at traffic signal junction,Daylight: Street light present,Fine without high winds,Dry,None,None,1,Yes,E01003964,2005
11566,200501MM70864,532410.0,178060.0,-0.094358,51.485943,1,3,2,1,07/08/2005,1,12:30,8,E09000028,3,215,Single carriageway,30,Giveway or uncontrolled,6,0,None within 50 metres,Zebra crossing,Daylight: Street light present,Fine without high winds,Dry,None,None,1,Yes,E01003997,2005
11567,200501MM70866,533960.0,176710.0,-0.072559,51.473447,1,3,2,2,09/08/2005,3,01:00,8,E09000028,3,202,Single carriageway,30,Giveway or uncontrolled,6,0,None within 50 metres,Zebra crossing,Darkness: Street lights present and lit,Fine without high winds,Dry,None,None,1,Yes,E01004067,2005
11568,200501MM70867,534080.0,177230.0,-0.070635,51.478091,1,3,2,1,12/08/2005,6,17:54,8,E09000028,4,215,Single carriageway,30,None,-1,0,None within 50 metres,No physical crossing within 50 meters,Daylight: Street light present,Fine without high winds,Dry,None,None,1,Yes,E01003990,2005
11569,200501MM70869,532510.0,175140.0,-0.094013,51.459679,1,3,2,1,09/08/2005,3,08:00,9,E09000022,3,215,Single carriageway,30,Automatic traffic signal,5,0,None within 50 metres,Pedestrian phase at traffic signal junction,Daylight: Street light present,Fine without high winds,Dry,None,None,1,Yes,E01003072,2005
11570,200501MM70870,533510.0,178420.0,-0.078388,51.48892,1,3,2,2,14/08/2005,1,01:43,8,E09000028,3,2,Single carriageway,30,Automatic traffic signal,3,2,None within 50 metres,Pedestrian phase at traffic signal junction,Darkness: Street lights present and lit,Fine without high winds,Dry,None,None,1,Yes,E01003966,2005
11571,200501MM70871,533640.0,176310.0,-0.077315,51.469928,1,3,2,1,13/08/2005,7,15:21,8,E09000028,6,0,Single carriageway,30,Giveway or uncontrolled,6,0,None within 50 metres,No physical crossing within 50 meters,Daylight: Street light present,Raining without high winds,Wet/Damp,None,None,1,Yes,E01004061,2005
11572,200501MM70873,533730.0,170860.0,-0.078078,51.420929,1,3,1,1,19/08/2005,6,17:30,8,E09000028,3,212,Single carriageway,30,None,-1,0,None within 50 metres,No physical crossing within 50 meters,Daylight: Street light present,Raining without high winds,Wet/Damp,None,None,1,Yes,E01003948,2005
11573,200501MM70874,531960.0,179120.0,-0.100439,51.495574,1,3,2,1,22/08/2005,2,10:19,8,E09000028,3,3,Roundabout,30,Automatic traffic signal,3,3,None within 50 metres,Pedestrian phase at traffic signal junction,Daylight: Street light present,Fine without high winds,Dry,Permanent sign or marking defective or obscured,None,1,Yes,E01003932,2005
11574,200501MM70876,531990.0,179200.0,-0.099977,51.496286,1,3,1,1,16/08/2005,3,20:45,8,E09000028,3,3,Single carriageway,30,None,-1,0,None within 50 metres,No physical crossing within 50 meters,Daylight: Street light present,Fine without high winds,Dry,None,None,1,Yes,E01003932,2005
11575,200501MM70877,533550.0,179380.0,-0.07745,51.497538,1,3,2,2,19/08/2005,6,09:08,8,E09000028,4,202,Single carriageway,30,Giveway or uncontrolled,6,0,None within 50 metres,No physical crossing within 50 meters,Daylight: Street light present,Fine without high winds,Wet/Damp,None,None,1,Yes,E01003976,2005
11576,200501MM70878,532510.0,178570.0,-0.092727,51.490503,1,3,2,1,19/08/2005,6,17:23,8,E09000028,6,0,One way street,30,Giveway or uncontrolled,6,0,None within 50 metres,No physical crossing within 50 meters,Daylight: Street light present,Fine without high winds,Wet/Damp,None,None,1,Yes,E01003965,2005
11577,200501MM70879,532390.0,178280.0,-0.094563,51.487925,1,3,2,1,19/08/2005,6,17:16,8,E09000028,6,0,Single carriageway,30,None,-1,0,None within 50 metres,No physical crossing within 50 meters,Daylight: Street light present,Raining without high winds,Wet/Damp,None,None,1,Yes,E01003965,2005
11578,200501MM70880,534220.0,178890.0,-0.067989,51.492976,1,3,3,1,18/08/2005,5,05:59,8,E09000028,6,0,Single carriageway,30,Giveway or uncontrolled,6,0,None within 50 metres,No physical crossing within 50 meters,Daylight: Street light present,Fine without high winds,Dry,None,None,1,Yes,E01003977,2005
11579,200501MM70881,532130.0,178700.0,-0.098149,51.49176,1,3,2,1,25/08/2005,5,13:46,8,E09000028,3,215,Single carriageway,30,Automatic traffic signal,6,0,None within 50 metres,Pedestrian phase at traffic signal junction,Daylight: Street light present,Fine without high winds,Dry,None,None,1,Yes,E01003996,2005
11580,200501MM70883,533820.0,176770.0,-0.074551,51.474019,1,3,1,1,09/07/2005,7,13:19,8,E09000028,3,202,Single carriageway,30,None,-1,0,None within 50 metres,Pedestrian phase at traffic signal junction,Daylight: Street light present,Fine without high winds,Dry,None,None,1,Yes,E01004066,2005
11581,200501MM70884,533500.0,179780.0,-0.078018,51.501144,1,3,2,1,08/08/2005,2,13:08,8,E09000028,3,100,Single carriageway,30,Automatic traffic signal,3,2207,None within 50 metres,Pedestrian phase at traffic signal junction,Daylight: Street light present,Fine without high winds,Dry,None,None,1,Yes,E01004027,2005
11582,200501MM70886,534890.0,178230.0,-0.058596,51.486885,1,3,1,1,24/08/2005,4,14:10,8,E09000028,6,0,Single carriageway,30,Giveway or uncontrolled,6,0,None within 50 metres,No physical crossing within 50 meters,Daylight: Street light present,Fine without high winds,Dry,None,None,1,Yes,E01003987,2005
11583,200501MM70887,533250.0,179270.0,-0.08181,51.49662,1,3,1,1,05/08/2005,6,12:10,8,E09000028,3,100,Single carriageway,30,Automatic traffic signal,3,2205,None within 50 metres,Pedestrian phase at traffic signal junction,Daylight: Street light present,Fine without high winds,Dry,None,None,1,Yes,E01003941,2005
11584,200501MM70888,534110.0,177160.0,-0.07023,51.477455,1,3,1,1,27/08/2005,7,12:40,8,E09000028,4,215,Single carriageway,30,Automatic traffic signal,5,0,None within 50 metres,Pedestrian phase at traffic signal junction,Daylight: Street light present,Fine without high winds,Dry,None,None,1,Yes,E01004010,2005
11585,200501MM70889,533020.0,178980.0,-0.085231,51.494068,1,3,2,1,06/08/2005,7,19:12,8,E09000028,3,2,Roundabout,30,Giveway or uncontrolled,3,2,None within 50 metres,No physical crossing within 50 meters,Daylight: Street light present,Fine without high winds,Dry,None,None,1,Yes,E01003941,2005
11586,200501MM70890,534230.0,178320.0,-0.068062,51.487851,1,3,2,1,31/07/2005,1,14:50,8,E09000028,4,204,Single carriageway,30,Giveway or uncontrolled,6,0,None within 50 metres,No physical crossing within 50 meters,Daylight: Street light present,Fine without high winds,Dry,None,None,1,Yes,E01004038,2005
11587,200501MM70891,533810.0,179690.0,-0.073589,51.500262,1,2,3,1,22/08/2005,2,08:20,8,E09000028,3,200,Single carriageway,30,None,-1,0,None within 50 metres,Zebra crossing,Daylight: Street light present,Fine without high winds,Dry,None,None,1,Yes,E01004027,2005
11588,200501MM70893,535670.0,178930.0,-0.0471,51.492989,1,3,2,1,24/08/2005,4,23:57,8,E09000028,3,200,Single carriageway,30,Automatic traffic signal,3,2202,None within 50 metres,Pedestrian phase at traffic signal junction,Darkness: Street lights present and lit,Fine without high winds,Dry,None,None,1,Yes,E01004031,2005
11589,200501MM70894,532970.0,178370.0,-0.08618,51.488598,1,3,1,1,28/08/2005,1,13:30,8,E09000028,6,0,Single carriageway,30,None,-1,0,None within 50 metres,No physical crossing within 50 meters,Daylight: Street light present,Fine without high winds,Dry,None,None,1,Yes,E01003972,2005
11590,200501MM70895,534160.0,177010.0,-0.069567,51.476095,1,3,2,1,22/08/2005,2,16:33,8,E09000028,4,215,Single carriageway,30,Giveway or uncontrolled,6,0,None within 50 metres,No physical crossing within 50 meters,Daylight: Street light present,Raining without high winds,Wet/Damp,None,None,1,Yes,E01004010,2005
11591,200501MM70896,532470.0,176990.0,-0.093895,51.476314,1,3,1,2,12/08/2005,6,10:17,8,E09000028,3,215,Single carriageway,30,Automatic traffic signal,6,0,None within 50 metres,Pedestrian phase at traffic signal junction,Daylight: Street light present,Fine without high winds,Dry,None,None,1,Yes,E01003921,2005
11592,200501MM70897,532850.0,180100.0,-0.087257,51.504173,1,3,1,1,25/08/2005,5,18:50,8,E09000028,6,0,Single carriageway,30,Giveway or uncontrolled,3,200,None within 50 metres,non-junction pedestrian crossing,Daylight: Street light present,Fine without high winds,Dry,None,None,1,Yes,E01003939,2005
11593,200501MM70898,534410.0,175900.0,-0.066391,51.466061,1,3,1,1,24/08/2005,4,14:45,8,E09000028,3,2215,Single carriageway,30,Giveway or uncontrolled,6,0,None within 50 metres,No physical crossing within 50 meters,Daylight: Street light present,Raining without high winds,Wet/Damp,None,None,1,Yes,E01004062,2005
11594,200501MM70899,534510.0,175560.0,-0.065082,51.462982,1,3,1,1,28/08/2005,1,17:30,8,E09000028,5,0,Single carriageway,30,None,-1,0,None within 50 metres,No physical crossing within 50 meters,Daylight: Street light present,Fine without high winds,Dry,None,None,1,Yes,E01004064,2005
11595,200501MM70900,532710.0,175090.0,-0.091154,51.459183,1,3,1,1,27/08/2005,7,17:15,8,E09000028,6,0,Single carriageway,30,Giveway or uncontrolled,6,0,None within 50 metres,No physical crossing within 50 meters,Daylight: Street light present,Raining without high winds,Wet/Damp,None,None,1,Yes,E01004070,2005
11596,200501MM70901,532760.0,172710.0,-0.091327,51.437782,1,3,3,1,29/08/2005,2,16:46,8,E09000028,3,2199,Single carriageway,30,Giveway or uncontrolled,6,0,None within 50 metres,No physical crossing within 50 meters,Daylight: Street light present,Fine without high winds,Dry,None,None,1,Yes,E01003165,2005
11597,200501MM70902,532020.0,172900.0,-0.101897,51.439663,1,3,1,1,30/08/2005,3,16:40,9,E09000022,3,205,Single carriageway,30,Giveway or uncontrolled,6,0,None within 50 metres,Zebra crossing,Daylight: Street light present,Fine without high winds,Dry,None,None,1,Yes,E01003164,2005
11598,200501MM70903,534060.0,178060.0,-0.070608,51.485555,1,3,2,1,25/08/2005,5,16:43,8,E09000028,3,2,Single carriageway,30,Automatic traffic signal,6,0,None within 50 metres,Pedestrian phase at traffic signal junction,Daylight: Street light present,Fine without high winds,Dry,None,None,1,Yes,E01003964,2005
11599,200501MM70905,533820.0,178900.0,-0.073744,51.49316,1,3,2,1,21/04/2005,5,21:20,8,E09000028,3,2206,Single carriageway,30,Automatic traffic signal,4,203,None within 50 metres,Pedestrian phase at traffic signal junction,Daylight: Street light present,Fine without high winds,Dry,None,None,1,No,E01003977,2005
11600,200501MM70908,532640.0,174430.0,-0.092408,51.453268,1,3,2,1,26/08/2005,6,13:04,8,E09000028,3,2214,Single carriageway,30,Giveway or uncontrolled,3,2214,None within 50 metres,No physical crossing within 50 meters,Daylight: Street light present,Fine without high winds,Dry,None,None,1,Yes,E01004073,2005
11601,200501MM70909,535110.0,179560.0,-0.054921,51.498785,1,3,2,1,14/08/2005,1,10:00,8,E09000028,3,101,One way street,30,Giveway or uncontrolled,3,200,None within 50 metres,No physical crossing within 50 meters,Daylight: Street light present,Fine without high winds,Dry,None,None,1,Yes,E01004033,2005
11602,200501MM70910,532250.0,178450.0,-0.096515,51.489486,1,3,1,1,16/08/2005,3,10:15,8,E09000028,3,215,Single carriageway,30,Automatic traffic signal,3,215,None within 50 metres,Pedestrian phase at traffic signal junction,Daylight: Street light present,Fine without high winds,Dry,None,None,1,Yes,E01003996,2005
11603,200501MM70911,530980.0,180130.0,-0.114174,51.504879,1,3,2,4,13/08/2005,7,19:30,9,E09000022,3,301,Roundabout,30,Giveway or uncontrolled,3,301,None within 50 metres,No physical crossing within 50 meters,Daylight: Street light present,Fine without high winds,Dry,None,None,1,No,E01003016,2005
11604,200501MM70912,531590.0,178290.0,-0.106075,51.488202,1,3,1,1,27/08/2005,7,13:00,9,E09000022,3,3,Single carriageway,30,Automatic traffic signal,5,0,None within 50 metres,Pedestrian phase at traffic signal junction,Daylight: Street light present,Fine without high winds,Dry,None,None,1,Yes,E01003108,2005
11605,200501MM70913,534430.0,175950.0,-0.066084,51.466506,1,3,1,1,27/08/2005,7,12:10,8,E09000028,3,2215,Single carriageway,30,None,-1,0,None within 50 metres,Pedestrian phase at traffic signal junction,Daylight: Street light present,Fine without high winds,Dry,None,None,1,Yes,E01004062,2005
11606,200501MM70915,532110.0,179410.0,-0.098171,51.498146,1,3,3,2,31/08/2005,4,16:32,8,E09000028,3,3,Single carriageway,30,Giveway or uncontrolled,6,0,None within 50 metres,Zebra crossing,Daylight: Street light present,Fine without high winds,Dry,None,None,1,Yes,E01003927,2005
11607,200501MM70916,534540.0,176460.0,-0.064308,51.471063,1,3,2,1,26/07/2005,3,21:00,8,E09000028,6,0,Single carriageway,30,Giveway or uncontrolled,6,0,None within 50 metres,No physical crossing within 50 meters,Daylight: Street light present,Fine without high winds,Dry,None,None,1,No,E01004067,2005
11608,200501MM70917,535740.0,178870.0,-0.046115,51.492433,1,3,2,1,16/08/2005,3,17:10,8,E09000028,3,200,Single carriageway,30,Giveway or uncontrolled,5,0,None within 50 metres,No physical crossing within 50 meters,Daylight: Street light present,Fine without high winds,Dry,None,None,1,Yes,E01004036,2005
11609,200501MM70919,533540.0,178410.0,-0.07796,51.488823,1,3,2,1,06/09/2005,3,14:00,8,E09000028,3,2,Single carriageway,30,Automatic traffic signal,4,203,None within 50 metres,Pedestrian phase at traffic signal junction,Daylight: Street light present,Fine without high winds,Dry,None,None,1,No,E01003966,2005
11610,200501MM70924,531440.0,180380.0,-0.107457,51.507019,1,3,2,1,22/08/2005,2,20:15,8,E09000028,3,3200,Single carriageway,30,Giveway or uncontrolled,6,0,None within 50 metres,Zebra crossing,Darkness: Street lights present and lit,Raining without high winds,Wet/Damp,None,None,1,No,E01003934,2005
11611,200501MM70925,535030.0,176720.0,-0.057158,51.473282,1,3,2,1,02/08/2005,3,20:35,8,E09000028,3,202,Single carriageway,30,None,-1,0,None within 50 metres,No physical crossing within 50 meters,Daylight: Street light present,Fine without high winds,Dry,None,None,1,No,E01004004,2005
11612,200501MM70926,531840.0,178710.0,-0.10232,51.491918,1,3,2,1,25/07/2005,2,11:35,8,E09000028,3,3,Single carriageway,30,None,-1,0,None within 50 metres,Pedestrian phase at traffic signal junction,Daylight: Street light present,Raining without high winds,Wet/Damp,None,None,1,Yes,E01003933,2005
11613,200501MM70927,531900.0,178770.0,-0.101434,51.492443,1,3,1,1,14/05/2005,7,02:09,8,E09000028,3,3,Single carriageway,30,None,-1,0,None within 50 metres,No physical crossing within 50 meters,Darkness: Street lights present and lit,Fine without high winds,Dry,None,None,1,Yes,E01003996,2005
11614,200501MM70928,535140.0,175980.0,-0.055858,51.466606,1,3,2,5,27/06/2005,2,21:00,8,E09000028,3,2214,Single carriageway,30,Giveway or uncontrolled,5,0,None within 50 metres,No physical crossing within 50 meters,Darkness: Street lights present and lit,Fine without high winds,Dry,None,None,1,Yes,E01004068,2005
11615,200501MM70929,534140.0,176710.0,-0.069969,51.473404,1,2,1,1,25/06/2005,7,01:55,8,E09000028,3,202,Single carriageway,30,Automatic traffic signal,3,2215,None within 50 metres,Pedestrian phase at traffic signal junction,Darkness: Street lights present and lit,Fine without high winds,Dry,None,None,1,Yes,E01004067,2005
11616,200501MM70930,534020.0,177370.0,-0.071445,51.479364,1,2,2,2,03/07/2005,1,13:50,8,E09000028,6,0,Single carriageway,30,Giveway or uncontrolled,4,215,None within 50 metres,No physical crossing within 50 meters,Daylight: Street light present,Fine without high winds,Dry,None,None,1,Yes,E01003990,2005
11617,200501MM70932,534110.0,176700.0,-0.070404,51.473321,1,3,3,1,24/07/2005,1,01:31,8,E09000028,3,202,Single carriageway,30,Giveway or uncontrolled,3,2215,None within 50 metres,No physical crossing within 50 meters,Darkness: Street lights present and lit,Fine without high winds,Dry,None,None,1,Yes,E01004010,2005
11618,200501MM70934,532760.0,180310.0,-0.088474,51.506081,1,3,2,1,14/07/2005,5,18:01,8,E09000028,3,3,Single carriageway,30,Automatic traffic signal,3,200,None within 50 metres,Pedestrian phase at traffic signal junction,Daylight: Street light present,Fine without high winds,Dry,None,None,1,Yes,E01003929,2005
11619,200501MM70935,533970.0,178560.0,-0.071714,51.49007,1,3,2,1,28/08/2005,1,18:23,8,E09000028,5,0,Single carriageway,30,Giveway or uncontrolled,6,0,None within 50 metres,No physical crossing within 50 meters,Daylight: Street light present,Fine without high winds,Dry,None,None,1,Yes,E01004039,2005
11620,200501MM70936,534390.0,177980.0,-0.065888,51.484758,1,2,2,1,27/07/2005,4,22:30,8,E09000028,3,2208,Single carriageway,30,Giveway or uncontrolled,6,0,None within 50 metres,No physical crossing within 50 meters,Darkness: Street lights present and lit,Fine without high winds,Dry,None,None,1,Yes,E01004038,2005
11621,200501MM70937,532400.0,179180.0,-0.094082,51.496011,1,3,1,1,16/08/2005,3,11:05,8,E09000028,6,0,Single carriageway,30,None,-1,0,None within 50 metres,No physical crossing within 50 meters,Daylight: Street light present,Fine without high winds,Dry,None,None,1,Yes,E01003943,2005
11622,200501MM70938,531910.0,179090.0,-0.10117,51.495316,1,3,2,1,25/08/2005,5,21:00,8,E09000028,3,302,Roundabout,30,Giveway or uncontrolled,3,3,None within 50 metres,No physical crossing within 50 meters,Daylight: Street light present,Fine without high winds,Dry,None,None,1,No,E01003932,2005
11623,200501MM70939,532750.0,175720.0,-0.090342,51.464835,1,2,1,2,26/08/2005,6,10:55,8,E09000028,3,215,Single carriageway,30,None,-1,0,None within 50 metres,No physical crossing within 50 meters,Daylight: Street light present,Fine without high winds,Dry,None,None,1,Yes,E01003076,2005
11624,200501MM70940,533650.0,178320.0,-0.076411,51.487988,1,3,2,1,01/09/2005,5,19:05,8,E09000028,3,2,Dual carriageway,30,Automatic traffic signal,4,214,None within 50 metres,Pedestrian phase at traffic signal junction,Daylight: Street light present,Fine without high winds,Dry,None,None,1,Yes,E01003966,2005
11625,200501MM70941,533810.0,175180.0,-0.075296,51.459733,1,3,2,1,02/09/2005,6,17:45,8,E09000028,3,2214,Single carriageway,30,Giveway or uncontrolled,3,2216,None within 50 metres,No physical crossing within 50 meters,Daylight: Street light present,Fine without high winds,Dry,None,None,1,Yes,E01003953,2005
11626,200501MM70942,532120.0,178720.0,-0.098285,51.491942,1,3,2,2,10/07/2005,1,13:43,8,E09000028,3,215,Single carriageway,30,Giveway or uncontrolled,6,0,None within 50 metres,Pedestrian phase at traffic signal junction,Daylight: Street light present,Fine without high winds,Dry,None,None,1,Yes,E01003996,2005
11627,200501MM70943,534000.0,171450.0,-0.073974,51.426168,1,2,1,1,03/09/2005,7,18:55,8,E09000028,3,212,Single carriageway,30,Giveway or uncontrolled,3,212,None within 50 metres,No physical crossing within 50 meters,Darkness: Street lights present and lit,Fine without high winds,Dry,None,None,1,Yes,E01003948,2005
11628,200501MM70944,535480.0,178700.0,-0.049924,51.490968,1,3,3,2,05/09/2005,2,18:35,8,E09000028,3,2208,Single carriageway,30,Giveway or uncontrolled,6,0,None within 50 metres,No physical crossing within 50 meters,Daylight: Street light present,Fine without high winds,Dry,None,None,1,Yes,E01003986,2005
11629,200501MM70945,532980.0,174410.0,-0.087526,51.453008,1,3,2,1,03/09/2005,7,22:30,8,E09000028,5,0,Single carriageway,30,Automatic traffic signal,3,2214,None within 50 metres,Pedestrian phase at traffic signal junction,Darkness: Street lights present and lit,Fine without high winds,Dry,None,None,1,Yes,E01004069,2005
11630,200501MM70948,531960.0,178890.0,-0.100525,51.493507,1,3,2,1,02/07/2005,7,08:51,8,E09000028,3,3,Roundabout,30,Giveway or uncontrolled,3,3,None within 50 metres,No physical crossing within 50 meters,Daylight: Street light present,Fine without high winds,Dry,None,None,1,Yes,E01003933,2005
11631,200501MM70949,533690.0,171820.0,-0.078291,51.429566,1,3,2,1,11/08/2005,5,08:25,8,E09000028,6,0,Single carriageway,30,Giveway or uncontrolled,6,0,None within 50 metres,No physical crossing within 50 meters,Daylight: Street light present,Fine without high winds,Dry,None,None,1,Yes,E01003948,2005
11632,200501MM70950,533240.0,176710.0,-0.08292,51.473617,1,3,3,1,18/08/2005,5,16:17,8,E09000028,3,202,Single carriageway,30,Automatic traffic signal,6,0,None within 50 metres,Pedestrian phase at traffic signal junction,Daylight: Street light present,Fine without high winds,Dry,None,None,1,Yes,E01003914,2005
11633,200501MM70951,532260.0,180030.0,-0.095779,51.503682,1,3,2,1,18/08/2005,5,09:10,8,E09000028,3,300,Single carriageway,30,Automatic traffic signal,4,300,None within 50 metres,Pedestrian phase at traffic signal junction,Daylight: Street light present,Fine without high winds,Dry,None,None,1,Yes,E01003929,2005
11634,200501MM70952,533560.0,179990.0,-0.077075,51.503017,1,3,1,1,06/09/2005,3,19:48,8,E09000028,3,100,Single carriageway,30,None,-1,0,None within 50 metres,No physical crossing within 50 meters,Darkness: Street lights present and lit,Fine without high winds,Dry,None,None,1,Yes,E01004027,2005
11635,200501MM70953,533330.0,176310.0,-0.081775,51.470001,1,3,2,1,09/07/2005,7,17:50,8,E09000028,6,0,Single carriageway,30,Giveway or uncontrolled,6,0,None within 50 metres,No physical crossing within 50 meters,Daylight: Street light present,Fine without high winds,Dry,None,None,1,No,E01003914,2005
11636,200501MM70954,534930.0,178380.0,-0.057963,51.488224,1,3,2,1,10/09/2005,7,20:17,8,E09000028,3,2208,Single carriageway,30,Automatic traffic signal,5,0,None within 50 metres,No physical crossing within 50 meters,Darkness: Street lights present and lit,Raining without high winds,Wet/Damp,None,None,1,Yes,E01004037,2005
11637,200501MM70956,533210.0,171630.0,-0.085263,51.427971,1,3,2,1,20/08/2005,7,12:30,8,E09000028,3,2199,Single carriageway,30,Giveway or uncontrolled,3,2199,None within 50 metres,Zebra crossing,Daylight: Street light present,Fine without high winds,Dry,None,None,1,Yes,E01003946,2005
11638,200501MM70960,534810.0,178830.0,-0.059519,51.492296,1,3,1,1,26/08/2005,6,21:40,8,E09000028,3,2206,Single carriageway,30,Giveway or uncontrolled,3,2206,None within 50 metres,No physical crossing within 50 meters,Darkness: Street lights present and lit,Fine without high winds,Dry,None,None,1,Yes,E01004035,2005
11639,200501MM70961,531940.0,178980.0,-0.100779,51.494321,1,3,2,1,27/08/2005,7,09:49,8,E09000028,3,3,Single carriageway,30,None,-1,0,None within 50 metres,No physical crossing within 50 meters,Daylight: Street light present,Fine without high winds,Dry,None,None,1,Yes,E01003933,2005
11640,200501MM70963,534400.0,179420.0,-0.065197,51.497696,1,3,1,1,30/08/2005,3,11:20,8,E09000028,6,0,Single carriageway,30,Giveway or uncontrolled,6,0,None within 50 metres,No physical crossing within 50 meters,Daylight: Street light present,Fine without high winds,Dry,None,None,1,Yes,E01004022,2005
11641,200501MM70964,534370.0,177890.0,-0.06621,51.483954,1,3,2,1,02/09/2005,6,21:55,8,E09000028,3,2,Dual carriageway,30,Automatic traffic signal,3,2208,None within 50 metres,Pedestrian phase at traffic signal junction,Darkness: Street lights present and lit,Fine without high winds,Dry,None,None,1,Yes,E01003989,2005
11642,200501MM70965,531980.0,179150.0,-0.10014,51.495839,1,2,2,1,20/09/2005,3,08:30,8,E09000028,3,3,Single carriageway,30,None,-1,0,None within 50 metres,No physical crossing within 50 meters,Daylight: Street light present,Fine without high winds,Dry,None,None,1,Yes,E01003932,2005
11643,200501MM70966,532730.0,180250.0,-0.088929,51.505549,1,3,2,1,21/09/2005,4,18:29,8,E09000028,3,3,Single carriageway,30,Automatic traffic signal,6,0,None within 50 metres,Pedestrian phase at traffic signal junction,Daylight: Street light present,Fine without high winds,Dry,None,None,1,Yes,E01003981,2005
11644,200501MM70967,534750.0,175680.0,-0.061583,51.464003,1,3,2,1,22/09/2005,5,15:45,8,E09000028,3,2214,Single carriageway,30,Giveway or uncontrolled,6,0,None within 50 metres,No physical crossing within 50 meters,Daylight: Street light present,Fine without high winds,Dry,None,None,1,Yes,E01004064,2005
11645,200501MM70968,532260.0,180000.0,-0.09579,51.503413,1,3,2,1,22/09/2005,5,19:20,8,E09000028,3,300,Single carriageway,30,Giveway or uncontrolled,6,0,None within 50 metres,No physical crossing within 50 meters,Daylight: Street light present,Raining without high winds,Wet/Damp,None,None,1,Yes,E01003929,2005
11646,200501MM70969,534120.0,177110.0,-0.070105,51.477003,1,3,2,1,26/09/2005,2,22:42,8,E09000028,4,215,Single carriageway,30,Giveway or uncontrolled,4,216,None within 50 metres,No physical crossing within 50 meters,Darkness: Street lights present and lit,Fine without high winds,Dry,None,None,1,Yes,E01004010,2005
11647,200501MM70970,532690.0,180200.0,-0.089523,51.505109,1,3,2,1,25/09/2005,1,18:55,8,E09000028,3,3,Single carriageway,30,Automatic traffic signal,3,3,None within 50 metres,Pedestrian phase at traffic signal junction,Daylight: Street light present,Fine without high winds,Dry,None,None,1,Yes,E01003929,2005
11648,200501MM70971,534030.0,174930.0,-0.072226,51.457434,1,3,2,1,20/05/2005,6,18:57,8,E09000028,6,0,Single carriageway,30,Giveway or uncontrolled,6,0,None within 50 metres,No physical crossing within 50 meters,Daylight: Street light present,Fine without high winds,Dry,None,None,1,Yes,E01003952,2005
11649,200501MM70972,532740.0,175600.0,-0.090531,51.463759,1,3,2,1,06/09/2005,3,08:30,8,E09000028,3,215,Single carriageway,30,Giveway or uncontrolled,6,0,None within 50 metres,Zebra crossing,Daylight: Street light present,Fine without high winds,Dry,None,None,1,No,E01004047,2005
11650,200501MM70973,533870.0,174030.0,-0.074868,51.449384,1,3,2,1,26/08/2005,6,20:23,8,E09000028,3,2216,Single carriageway,30,Giveway or uncontrolled,6,0,None within 50 metres,No physical crossing within 50 meters,Darkness: Street lights present and lit,Fine without high winds,Dry,None,None,1,Yes,E01004072,2005
11651,200501MM70974,532400.0,178070.0,-0.094498,51.486036,1,2,1,1,08/09/2005,5,16:18,8,E09000028,3,215,Single carriageway,30,Giveway or uncontrolled,6,0,None within 50 metres,Zebra crossing,Daylight: Street light present,Fine without high winds,Dry,None,None,1,Yes,E01003994,2005
11652,200501MM70975,533830.0,175290.0,-0.074967,51.460716,1,3,1,1,02/09/2005,6,12:00,8,E09000028,3,2214,Single carriageway,30,None,-1,0,None within 50 metres,Zebra crossing,Daylight: Street light present,Fine without high winds,Dry,None,None,1,Yes,E01003953,2005
11653,200501MM70976,533620.0,176780.0,-0.077425,51.474156,1,3,2,1,08/09/2005,5,12:13,8,E09000028,3,202,Single carriageway,30,Giveway or uncontrolled,4,217,None within 50 metres,non-junction pedestrian crossing,Daylight: Street light present,Fine without high winds,Dry,None,None,1,Yes,E01004066,2005
11654,200501MM70977,530450.0,180370.0,-0.121717,51.507158,1,3,1,1,19/09/2005,2,18:00,1,E09000033,3,3211,Single carriageway,30,None,-1,0,None within 50 metres,non-junction pedestrian crossing,Daylight: Street light present,Fine without high winds,Dry,None,None,1,No,E01004733,2005
11655,200501MM70979,532130.0,178710.0,-0.098145,51.49185,1,3,3,1,16/05/2005,2,17:45,8,E09000028,3,215,Single carriageway,30,Automatic traffic signal,6,0,None within 50 metres,Pedestrian phase at traffic signal junction,Daylight: Street light present,Raining without high winds,Wet/Damp,None,None,1,No,E01003996,2005
11656,200501MM70980,533540.0,177900.0,-0.078153,51.48424,1,2,1,1,02/09/2005,6,01:45,8,E09000028,6,0,Single carriageway,30,None,-1,0,None within 50 metres,No physical crossing within 50 meters,Darkness: Street lights present and lit,Fine without high winds,Dry,None,None,1,Yes,E01003964,2005
11657,200501MM70981,533070.0,176230.0,-0.085547,51.469343,1,2,2,1,03/09/2005,7,17:15,8,E09000028,6,0,Single carriageway,30,Giveway or uncontrolled,6,0,None within 50 metres,No physical crossing within 50 meters,Daylight: Street light present,Fine without high winds,Dry,None,None,1,Yes,E01003915,2005
11658,200501MM70982,532990.0,174420.0,-0.087378,51.453096,1,3,2,1,04/09/2005,1,21:27,8,E09000028,3,2214,Single carriageway,30,Automatic traffic signal,3,2214,None within 50 metres,No physical crossing within 50 meters,Darkness: Street lights present and lit,Fine without high winds,Dry,Roadworks,None,1,Yes,E01004070,2005
11659,200501MM70983,531800.0,174370.0,-0.104513,51.452925,1,3,2,1,06/09/2005,3,18:20,9,E09000022,3,2214,Single carriageway,30,Giveway or uncontrolled,6,0,None within 50 metres,Zebra crossing,Daylight: Street light present,Fine without high winds,Dry,None,None,1,Yes,E01003074,2005
11660,200501MM70985,535190.0,177360.0,-0.054611,51.478996,1,3,2,1,09/09/2005,6,17:00,8,E09000028,5,0,Single carriageway,30,None,-1,0,None within 50 metres,No physical crossing within 50 meters,Daylight: Street light present,Fine without high winds,Dry,None,None,1,Yes,E01003984,2005
11661,200501MM70987,532120.0,179030.0,-0.098169,51.494728,1,2,1,1,06/09/2005,3,23:44,8,E09000028,3,201,Single carriageway,30,Giveway or uncontrolled,6,0,None within 50 metres,No physical crossing within 50 meters,Darkness: Street lights present and lit,Fine without high winds,Dry,None,None,1,Yes,E01003959,2005
11662,200501MM70988,531910.0,179040.0,-0.101189,51.494867,1,3,2,1,09/09/2005,6,07:15,8,E09000028,3,3,Roundabout,30,Giveway or uncontrolled,3,302,None within 50 metres,No physical crossing within 50 meters,Daylight: Street light present,Fine without high winds,Dry,None,None,1,Yes,E01003933,2005
11663,200501MM70990,535120.0,178610.0,-0.05514,51.490245,1,3,1,2,16/09/2005,6,19:51,8,E09000028,3,2208,Single carriageway,30,Giveway or uncontrolled,3,2206,None within 50 metres,No physical crossing within 50 meters,Darkness: Street lights present and lit,Fine without high winds,Dry,None,None,1,Yes,E01004035,2005
11664,200501MM70991,532570.0,178960.0,-0.091717,51.493994,1,3,1,1,15/09/2005,5,15:11,8,E09000028,3,201,Single carriageway,30,Giveway or uncontrolled,6,0,None within 50 metres,non-junction pedestrian crossing,Daylight: Street light present,Fine without high winds,Dry,None,None,1,Yes,E01003960,2005
11665,200501MM70992,532870.0,179140.0,-0.08733,51.495541,1,3,2,1,11/09/2005,1,12:08,8,E09000028,3,2,Single carriageway,30,None,-1,0,None within 50 metres,No physical crossing within 50 meters,Daylight: Street light present,Fine without high winds,Dry,None,None,1,Yes,E01003942,2005
11666,200501MM70993,533740.0,179700.0,-0.074593,51.500369,1,3,2,1,11/09/2005,1,16:45,8,E09000028,3,200,Single carriageway,30,Giveway or uncontrolled,3,200,None within 50 metres,Zebra crossing,Daylight: Street light present,Fine with high winds,Frost/Ice,None,None,1,Yes,E01004027,2005
11667,200501MM70994,532030.0,179290.0,-0.099368,51.497086,1,3,2,1,15/09/2005,5,22:30,8,E09000028,3,3,Single carriageway,30,Giveway or uncontrolled,3,300,None within 50 metres,Zebra crossing,Darkness: Street lights present and lit,Fine without high winds,Dry,None,None,1,Yes,E01003927,2005
11668,200501MM70996,532480.0,178960.0,-0.093013,51.494015,1,3,3,3,11/09/2005,1,17:45,8,E09000028,3,201,Single carriageway,30,Giveway or uncontrolled,4,240,None within 50 metres,No physical crossing within 50 meters,Daylight: Street light present,Fine without high winds,Dry,None,None,1,Yes,E01003962,2005
11669,200501MM70997,535660.0,178750.0,-0.047313,51.491374,1,3,2,2,04/09/2005,1,20:50,8,E09000028,3,2208,Single carriageway,30,Giveway or uncontrolled,3,200,None within 50 metres,No physical crossing within 50 meters,Daylight: Street light present,Fine without high winds,Dry,None,None,1,Yes,E01004036,2005
11670,200501MM70998,533690.0,171820.0,-0.078291,51.429566,1,3,2,1,01/10/2005,7,15:30,8,E09000028,6,0,Single carriageway,30,Giveway or uncontrolled,6,0,None within 50 metres,No physical crossing within 50 meters,Daylight: Street light present,Fine without high winds,Wet/Damp,None,None,1,Yes,E01003948,2005
11671,200501MM70999,532140.0,179790.0,-0.097597,51.501553,1,3,1,1,02/10/2005,1,10:50,8,E09000028,6,0,Single carriageway,30,Giveway or uncontrolled,6,0,None within 50 metres,No physical crossing within 50 meters,Daylight: Street light present,Fine without high winds,Dry,None,None,1,Yes,E01003927,2005
11672,200501MM71000,535830.0,178790.0,-0.044851,51.491693,1,3,1,1,08/09/2005,5,10:05,8,E09000028,3,200,Single carriageway,30,Automatic traffic signal,4,206,None within 50 metres,Pedestrian phase at traffic signal junction,Daylight: Street light present,Fine without high winds,Dry,None,None,1,Yes,E01004036,2005
11673,200501MM71001,533420.0,178500.0,-0.079654,51.48966,1,3,1,1,05/09/2005,2,22:45,8,E09000028,3,2,Single carriageway,30,None,-1,0,None within 50 metres,No physical crossing within 50 meters,Darkness: Street lights present and lit,Fine without high winds,Dry,None,None,1,Yes,E01003966,2005
11674,200501MM71002,533460.0,179180.0,-0.078821,51.495762,1,3,2,1,20/09/2005,3,15:55,8,E09000028,3,2206,Single carriageway,30,Giveway or uncontrolled,6,0,None within 50 metres,No physical crossing within 50 meters,Daylight: Street light present,Fine without high winds,Dry,None,None,1,Yes,E01003979,2005
11675,200501MM71003,532030.0,174350.0,-0.101212,51.452691,1,3,2,1,20/09/2005,3,09:09,9,E09000022,4,222,Single carriageway,30,Automatic traffic signal,3,215,None within 50 metres,Pedestrian phase at traffic signal junction,Daylight: Street light present,Fine without high winds,Dry,None,None,1,Yes,E01003074,2005
11676,200501MM71004,532210.0,178520.0,-0.097064,51.490124,1,3,2,1,15/09/2005,5,13:10,8,E09000028,3,215,Single carriageway,30,Giveway or uncontrolled,6,0,None within 50 metres,non-junction pedestrian crossing,Daylight: Street light present,Fine without high winds,Dry,None,None,1,Yes,E01003996,2005
11677,200501MM71005,531650.0,179470.0,-0.104772,51.498792,1,2,2,1,19/08/2005,6,06:01,8,E09000028,3,3202,Roundabout,30,Giveway or uncontrolled,3,201,None within 50 metres,No physical crossing within 50 meters,Darkness: Street lights present and lit,Fine without high winds,Wet/Damp,None,None,1,Yes,E01003931,2005
11678,200501MM71006,532700.0,180200.0,-0.089379,51.505107,1,2,1,1,13/09/2005,3,08:30,8,E09000028,3,3,Single carriageway,30,Automatic traffic signal,3,200,None within 50 metres,Pedestrian phase at traffic signal junction,Daylight: Street light present,Fine without high winds,Dry,None,None,1,Yes,E01003939,2005
11679,200501MM71007,534500.0,173480.0,-0.066016,51.444292,1,3,3,1,27/09/2005,3,20:00,8,E09000028,6,0,Roundabout,30,Giveway or uncontrolled,6,0,None within 50 metres,No physical crossing within 50 meters,Darkness: Street lights present and lit,Fine without high winds,Dry,None,None,1,Yes,E01003949,2005
11680,200501MM71009,532390.0,178960.0,-0.094308,51.494036,1,3,3,1,16/09/2005,6,14:15,8,E09000028,3,201,Single carriageway,30,Giveway or uncontrolled,4,240,None within 50 metres,non-junction pedestrian crossing,Daylight: Street light present,Fine without high winds,Dry,None,None,1,Yes,E01003962,2005
11681,200501MM71010,532490.0,176910.0,-0.093637,51.47559,1,3,2,1,30/09/2005,6,17:00,8,E09000028,3,215,Single carriageway,30,Giveway or uncontrolled,3,215,None within 50 metres,No physical crossing within 50 meters,Daylight: Street light present,Fine without high winds,Dry,None,None,1,Yes,E01003921,2005
11682,200501MM71011,533240.0,176720.0,-0.082916,51.473706,1,2,2,1,29/09/2005,5,17:47,8,E09000028,3,202,Single carriageway,30,Automatic traffic signal,6,0,None within 50 metres,Pedestrian phase at traffic signal junction,Daylight: Street light present,Fine without high winds,Dry,None,None,1,Yes,E01003914,2005
11683,200501MM71013,534960.0,175820.0,-0.058509,51.465211,1,3,2,1,28/09/2005,4,18:56,8,E09000028,3,2214,Single carriageway,30,Giveway or uncontrolled,6,0,None within 50 metres,No physical crossing within 50 meters,Darkness: Street lights present and lit,Fine without high winds,Wet/Damp,None,None,1,Yes,E01004064,2005
11684,200501MM71014,533090.0,173750.0,-0.086191,51.447051,1,3,2,1,27/09/2005,3,15:30,8,E09000028,5,0,Single carriageway,30,None,-1,0,None within 50 metres,No physical crossing within 50 meters,Daylight: Street light present,Fine without high winds,Dry,None,None,1,Yes,E01004069,2005
11685,200501MM71015,534180.0,176090.0,-0.069628,51.467823,1,2,2,2,26/09/2005,2,18:28,8,E09000028,6,0,One way street,30,Giveway or uncontrolled,6,0,None within 50 metres,No physical crossing within 50 meters,Darkness: Street lights present and lit,Fine without high winds,Dry,None,None,1,Yes,E01004063,2005
11686,200501MM71016,533310.0,178610.0,-0.081196,51.490675,1,3,2,1,26/09/2005,2,08:07,8,E09000028,3,2,Single carriageway,30,Automatic traffic signal,5,0,None within 50 metres,Pedestrian phase at traffic signal junction,Daylight: Street light present,Fine without high winds,Dry,None,None,1,Yes,E01003966,2005
11687,200501MM71017,534500.0,177790.0,-0.064377,51.483024,1,3,1,2,25/09/2005,1,20:45,8,E09000028,3,2,Dual carriageway,50,None,-1,0,None within 50 metres,No physical crossing within 50 meters,Darkness: Street lights present and lit,Fine without high winds,Dry,None,None,1,Yes,E01003989,2005
11688,200501MM71018,532350.0,179670.0,-0.094618,51.500426,1,3,2,1,30/09/2005,6,09:09,8,E09000028,3,3,Single carriageway,30,None,-1,0,None within 50 metres,No physical crossing within 50 meters,Daylight: Street light present,Raining without high winds,Wet/Damp,None,None,1,Yes,E01003929,2005
11689,200501MM71019,532110.0,179040.0,-0.098309,51.49482,1,3,2,1,27/09/2005,3,07:35,8,E09000028,3,201,Single carriageway,30,Giveway or uncontrolled,6,0,None within 50 metres,No physical crossing within 50 meters,Daylight: Street light present,Raining without high winds,Wet/Damp,None,None,1,Yes,E01003944,2005
11690,200501MM71020,534600.0,176790.0,-0.063319,51.474014,1,3,2,1,29/09/2005,5,02:00,8,E09000028,3,202,Single carriageway,30,Giveway or uncontrolled,6,0,None within 50 metres,Zebra crossing,Darkness: Street lights present and lit,Raining without high winds,Wet/Damp,None,None,1,Yes,E01003985,2005
11691,200501MM71021,535150.0,177350.0,-0.05519,51.478915,1,3,1,1,30/08/2005,3,14:24,8,E09000028,3,2,Single carriageway,30,None,-1,0,None within 50 metres,No physical crossing within 50 meters,Daylight: Street light present,Fine without high winds,Dry,None,None,1,Yes,E01003984,2005
11692,200501MM71022,531920.0,179030.0,-0.101049,51.494775,1,3,2,1,25/08/2005,5,09:12,8,E09000028,3,3,Roundabout,30,Giveway or uncontrolled,3,302,None within 50 metres,No physical crossing within 50 meters,Daylight: Street light present,Fine without high winds,Dry,None,None,1,Yes,E01003933,2005
11693,200501MM71026,534620.0,177700.0,-0.062685,51.482187,1,3,2,1,29/09/2005,5,17:19,8,E09000028,3,2,Single carriageway,30,Giveway or uncontrolled,6,0,None within 50 metres,non-junction pedestrian crossing,Daylight: Street light present,Fine without high winds,Dry,None,None,1,Yes,E01003988,2005
11694,200501MM71027,535230.0,177850.0,-0.053848,51.483389,1,3,2,1,20/09/2005,3,10:06,8,E09000028,5,0,Single carriageway,30,Giveway or uncontrolled,6,0,None within 50 metres,No physical crossing within 50 meters,Daylight: Street light present,Fine without high winds,Dry,None,None,1,No,E01003988,2005
11695,200501MM71028,535380.0,179840.0,-0.050926,51.501237,1,3,2,2,20/09/2005,3,22:42,8,E09000028,3,2201,Single carriageway,30,Giveway or uncontrolled,6,0,None within 50 metres,No physical crossing within 50 meters,Darkness: Street lights present and lit,Fine without high winds,Dry,None,None,1,Yes,E01004030,2005
11696,200501MM71030,534360.0,177890.0,-0.066354,51.483956,1,3,2,1,26/09/2005,2,00:05,8,E09000028,3,2,Single carriageway,30,Automatic traffic signal,3,2208,None within 50 metres,Pedestrian phase at traffic signal junction,Darkness: Street lights present and lit,Fine without high winds,Dry,None,None,1,Yes,E01003989,2005
11697,200501MM71031,534200.0,175060.0,-0.069731,51.458562,1,3,2,1,27/09/2005,3,10:47,8,E09000028,6,0,Single carriageway,30,Giveway or uncontrolled,6,0,None within 50 metres,No physical crossing within 50 meters,Daylight: Street light present,Fine without high winds,Dry,None,None,1,Yes,E01004021,2005
11698,200501MM71032,532900.0,173060.0,-0.089183,51.440895,1,2,1,1,15/09/2005,5,07:42,8,E09000028,3,205,Single carriageway,30,Giveway or uncontrolled,5,0,None within 50 metres,No physical crossing within 50 meters,Daylight: Street light present,Raining without high winds,Wet/Damp,None,None,1,Yes,E01003951,2005
11699,200501MM71033,532470.0,173540.0,-0.095187,51.445309,1,3,1,1,15/09/2005,5,11:55,9,E09000022,3,2199,Single carriageway,30,None,-1,0,None within 50 metres,No physical crossing within 50 meters,Daylight: Street light present,Raining without high winds,Wet/Damp,None,None,1,Yes,E01004069,2005
11700,200501MM71034,533780.0,174840.0,-0.075856,51.456684,1,3,2,1,16/09/2005,6,14:06,8,E09000028,3,2216,Single carriageway,30,Giveway or uncontrolled,6,0,None within 50 metres,No physical crossing within 50 meters,Daylight: Street light present,Fine without high winds,Dry,None,None,1,Yes,E01003952,2005
11701,200501MM71035,534060.0,179510.0,-0.070058,51.498585,1,3,2,1,12/09/2005,2,15:44,8,E09000028,3,200,Dual carriageway,30,Automatic traffic signal,3,2207,None within 50 metres,Pedestrian phase at traffic signal junction,Daylight: Street light present,Fine without high winds,Dry,None,None,1,Yes,E01004028,2005
11702,200501MM71036,534120.0,176690.0,-0.070264,51.473229,1,3,1,2,09/09/2005,6,14:19,8,E09000028,3,202,Single carriageway,30,Automatic traffic signal,3,2215,None within 50 metres,Pedestrian phase at traffic signal junction,Daylight: Street light present,Fine without high winds,Dry,None,None,1,Yes,E01004067,2005
11703,200501MM71037,533530.0,179900.0,-0.077541,51.502216,1,2,2,1,29/09/2005,5,23:28,8,E09000028,3,100,Single carriageway,30,Automatic traffic signal,3,200,None within 50 metres,Pedestrian phase at traffic signal junction,Darkness: Street lights present and lit,Fine without high winds,Dry,None,None,1,Yes,E01004027,2005
11704,200501MM71038,533310.0,179320.0,-0.080928,51.497055,1,3,2,1,29/09/2005,5,08:23,8,E09000028,3,100,Single carriageway,30,Giveway or uncontrolled,6,0,None within 50 metres,No physical crossing within 50 meters,Daylight: Street light present,Fine without high winds,Dry,None,None,1,No,E01003941,2005
11705,200501MM71039,532500.0,175120.0,-0.094164,51.459501,1,3,2,1,27/09/2005,3,14:00,9,E09000022,3,215,Single carriageway,30,Automatic traffic signal,5,0,None within 50 metres,Pedestrian phase at traffic signal junction,Daylight: Street light present,Fine without high winds,Dry,None,None,1,No,E01003072,2005
11706,200501MM71040,534990.0,179580.0,-0.056641,51.498993,1,3,1,1,25/09/2005,1,12:05,8,E09000028,3,200,Single carriageway,30,None,-1,0,None within 50 metres,No physical crossing within 50 meters,Daylight: Street light present,Fine without high winds,Dry,None,None,1,No,E01004034,2005
11707,200501MM71041,535380.0,179840.0,-0.050926,51.501237,1,3,2,1,23/09/2005,6,11:00,8,E09000028,6,0,Single carriageway,30,Giveway or uncontrolled,3,2201,None within 50 metres,No physical crossing within 50 meters,Daylight: Street light present,Fine without high winds,Dry,None,None,1,Yes,E01004030,2005
11708,200501MM71042,532250.0,178450.0,-0.096515,51.489486,1,3,2,1,04/10/2005,3,21:10,8,E09000028,3,215,Single carriageway,30,Automatic traffic signal,5,0,None within 50 metres,Pedestrian phase at traffic signal junction,Darkness: Street lights present and lit,Fine without high winds,Dry,None,None,1,Yes,E01003996,2005
11709,200501MM71043,535010.0,177420.0,-0.057178,51.479578,1,3,2,1,06/10/2005,5,18:03,8,E09000028,3,2,Single carriageway,30,Giveway or uncontrolled,6,0,None within 50 metres,No physical crossing within 50 meters,Daylight: Street light present,Fine without high winds,Dry,None,None,1,Yes,E01003984,2005
11710,200501MM71044,534000.0,176710.0,-0.071983,51.473437,1,3,1,1,09/10/2005,1,23:46,8,E09000028,3,202,Single carriageway,30,Giveway or uncontrolled,6,0,None within 50 metres,Zebra crossing,Darkness: Street lights present and lit,Fine without high winds,Dry,None,None,1,Yes,E01004067,2005
11711,200501MM71045,532240.0,179000.0,-0.096453,51.494431,1,2,1,1,15/09/2005,5,15:15,8,E09000028,3,201,Single carriageway,30,None,-1,0,None within 50 metres,No physical crossing within 50 meters,Daylight: Street light present,Fine without high winds,Dry,None,None,1,No,E01003959,2005
11712,200501MM71046,532280.0,179600.0,-0.095652,51.499813,1,3,2,1,01/10/2005,7,14:40,8,E09000028,3,3,Single carriageway,30,Giveway or uncontrolled,6,0,None within 50 metres,Pedestrian phase at traffic signal junction,Daylight: Street light present,Fine without high winds,Dry,None,Pedestrian in carriageway (not injured),1,Yes,E01003937,2005
11713,200501MM71047,534800.0,176120.0,-0.060696,51.467945,1,3,2,1,07/10/2005,6,17:10,8,E09000028,6,0,Single carriageway,30,Giveway or uncontrolled,6,0,None within 50 metres,No physical crossing within 50 meters,Daylight: Street light present,Fine without high winds,Dry,None,None,1,Yes,E01004068,2005
11714,200501MM71048,534470.0,173270.0,-0.066527,51.442412,1,3,1,1,10/10/2005,2,16:00,8,E09000028,3,205,Single carriageway,30,Giveway or uncontrolled,6,0,None within 50 metres,No physical crossing within 50 meters,Daylight: Street light present,Fine without high winds,Dry,None,None,1,Yes,E01003949,2005
11715,200501MM71049,534320.0,176770.0,-0.067356,51.473901,1,3,1,1,06/10/2005,5,13:05,8,E09000028,3,202,Single carriageway,30,None,-1,0,None within 50 metres,No physical crossing within 50 meters,Daylight: Street light present,Fine without high winds,Dry,None,None,1,Yes,E01004067,2005
11716,200501MM71050,534800.0,174460.0,-0.061329,51.453028,1,2,3,2,05/10/2005,4,16:43,8,E09000028,4,238,Single carriageway,30,Giveway or uncontrolled,6,0,None within 50 metres,No physical crossing within 50 meters,Daylight: Street light present,Fine without high winds,Dry,None,None,1,Yes,E01004018,2005
11717,200501MM71051,531450.0,177400.0,-0.108422,51.480236,1,2,2,1,09/10/2005,1,11:30,9,E09000022,3,202,Single carriageway,30,Automatic traffic signal,5,0,None within 50 metres,Pedestrian phase at traffic signal junction,Daylight: Street light present,Fine without high winds,Dry,None,None,1,Yes,E01003183,2005
11718,200501MM71052,532440.0,177280.0,-0.094218,51.478927,1,3,2,2,30/06/2005,5,22:13,8,E09000028,3,215,Single carriageway,30,Automatic traffic signal,3,215,None within 50 metres,Pedestrian phase at traffic signal junction,Darkness: Street lights present and lit,Fine without high winds,Dry,None,None,1,Yes,E01003924,2005
11719,200501MM71053,532450.0,179750.0,-0.093148,51.501121,1,3,2,1,25/07/2005,2,13:00,8,E09000028,3,2,Single carriageway,30,Automatic traffic signal,3,3,None within 50 metres,Pedestrian phase at traffic signal junction,Daylight: Street light present,Fine without high winds,Dry,None,None,1,No,E01003939,2005
11720,200501MM71055,532980.0,180010.0,-0.085419,51.503334,1,2,2,1,20/09/2005,3,02:30,8,E09000028,3,200,Single carriageway,30,Giveway or uncontrolled,6,0,None within 50 metres,No physical crossing within 50 meters,Darkness: Street lights present and lit,Fine without high winds,Dry,None,None,1,Yes,E01003981,2005
11721,200501MM71056,533090.0,179460.0,-0.084042,51.498365,1,3,2,1,19/09/2005,2,11:10,8,E09000028,3,2198,Single carriageway,30,Giveway or uncontrolled,6,0,None within 50 metres,No physical crossing within 50 meters,Daylight: Street light present,Fine without high winds,Dry,None,None,1,Yes,E01003941,2005
11722,200501MM71057,531650.0,179840.0,-0.104634,51.502117,1,3,2,1,29/09/2005,5,12:14,8,E09000028,3,201,Single carriageway,30,Giveway or uncontrolled,6,0,None within 50 metres,No physical crossing within 50 meters,Daylight: Street light present,Fine without high winds,Dry,None,None,1,Yes,E01003928,2005
11723,200501MM71058,534410.0,175380.0,-0.066589,51.461388,1,3,2,1,10/09/2005,7,13:40,8,E09000028,4,238,Single carriageway,30,Giveway or uncontrolled,6,0,None within 50 metres,No physical crossing within 50 meters,Daylight: Street light present,Raining without high winds,Wet/Damp,None,None,1,No,E01004021,2005
11724,200501MM71059,533920.0,173980.0,-0.074168,51.448923,1,3,1,1,07/10/2005,6,09:20,8,E09000028,3,2216,Single carriageway,30,None,-1,0,None within 50 metres,Pedestrian phase at traffic signal junction,Daylight: Street light present,Fine without high winds,Dry,None,None,1,Yes,E01004075,2005
11725,200501MM71060,533480.0,178450.0,-0.078809,51.489197,1,3,1,2,07/10/2005,6,19:21,8,E09000028,3,2,Single carriageway,30,Giveway or uncontrolled,6,0,None within 50 metres,No physical crossing within 50 meters,Darkness: Street lights present and lit,Fine without high winds,Dry,None,None,1,Yes,E01003966,2005
11726,200501MM71061,533650.0,178320.0,-0.076411,51.487988,1,3,2,1,05/10/2005,4,10:09,8,E09000028,3,2,Dual carriageway,30,Automatic traffic signal,4,214,None within 50 metres,Pedestrian phase at traffic signal junction,Daylight: Street light present,Fine without high winds,Dry,None,None,1,Yes,E01003966,2005
11727,200501MM71062,531940.0,179030.0,-0.100761,51.49477,1,3,2,1,05/10/2005,4,18:18,8,E09000028,3,3,Roundabout,30,Automatic traffic signal,3,201,None within 50 metres,Pedestrian phase at traffic signal junction,Darkness: Street lights present and lit,Fine without high winds,Dry,None,None,1,Yes,E01003933,2005
11728,200501MM71063,531330.0,179860.0,-0.109234,51.502371,1,3,1,1,05/10/2005,4,18:47,9,E09000022,4,300,Single carriageway,30,None,-1,0,None within 50 metres,Zebra crossing,Daylight: Street light present,Fine without high winds,Dry,None,None,1,Yes,E01003017,2005
11729,200501MM71064,534220.0,176790.0,-0.068787,51.474104,1,3,1,1,04/10/2005,3,09:50,8,E09000028,4,215,Single carriageway,30,None,-1,0,None within 50 metres,Zebra crossing,Daylight: Street light present,Fine without high winds,Dry,None,None,1,Yes,E01004010,2005
11730,200501MM71065,534370.0,177890.0,-0.06621,51.483954,1,3,1,1,06/10/2005,5,17:45,8,E09000028,3,2,Single carriageway,30,Automatic traffic signal,3,2208,None within 50 metres,Pedestrian phase at traffic signal junction,Daylight: Street light present,Fine without high winds,Dry,None,None,1,No,E01003989,2005
11731,200501MM71066,532270.0,178990.0,-0.096025,51.494334,1,2,2,1,03/10/2005,2,08:42,8,E09000028,3,201,Single carriageway,30,None,-1,0,None within 50 metres,No physical crossing within 50 meters,Daylight: Street light present,Fine without high winds,Dry,None,None,1,Yes,E01003959,2005
11732,200501MM71067,532470.0,176990.0,-0.093895,51.476314,1,3,2,1,01/10/2005,7,01:49,8,E09000028,3,215,Single carriageway,30,Automatic traffic signal,6,0,None within 50 metres,Pedestrian phase at traffic signal junction,Darkness: Street lights present and lit,Raining without high winds,Wet/Damp,None,None,1,Yes,E01003921,2005
11733,200501MM71068,533320.0,175520.0,-0.082217,51.462904,1,3,2,1,04/10/2005,3,19:30,8,E09000028,3,2216,Dual carriageway,30,Automatic traffic signal,6,0,None within 50 metres,Pedestrian phase at traffic signal junction,Darkness: Street lights present and lit,Fine without high winds,Dry,None,None,1,No,E01004048,2005
11734,200501MM71070,534800.0,178830.0,-0.059663,51.492299,1,3,1,1,08/10/2005,7,19:20,8,E09000028,3,2206,Single carriageway,30,Giveway or uncontrolled,3,2206,None within 50 metres,No physical crossing within 50 meters,Darkness: Street lights present and lit,Raining without high winds,Wet/Damp,None,None,1,No,E01004035,2005
11735,200501MM71071,534430.0,179450.0,-0.064753,51.497958,1,3,2,1,08/10/2005,7,02:20,8,E09000028,3,200,Single carriageway,30,None,-1,0,None within 50 metres,No physical crossing within 50 meters,Darkness: Street lights present but unlit,Fine without high winds,Dry,None,None,1,No,E01004022,2005
11736,200501MM71072,535320.0,177240.0,-0.052786,51.477886,1,3,2,1,20/10/2005,5,08:40,8,E09000028,3,2,Single carriageway,30,Giveway or uncontrolled,4,2227,None within 50 metres,No physical crossing within 50 meters,Daylight: Street light present,Fine without high winds,Wet/Damp,None,None,1,No,E01004003,2005
11737,200501MM71074,534740.0,176790.0,-0.061304,51.473981,1,3,2,1,10/10/2005,2,16:00,8,E09000028,3,202,Single carriageway,30,Giveway or uncontrolled,6,0,None within 50 metres,No physical crossing within 50 meters,Daylight: Street light present,Fine without high winds,Dry,None,None,1,Yes,E01003985,2005
11738,200501MM71076,532640.0,176740.0,-0.091542,51.474027,1,3,1,1,15/10/2005,7,05:25,8,E09000028,3,202,Single carriageway,30,None,-1,0,None within 50 metres,No physical crossing within 50 meters,Darkness: Street lights present and lit,Fine without high winds,Dry,None,None,1,Yes,E01003921,2005
11739,200501MM71078,534160.0,177010.0,-0.069567,51.476095,1,3,2,1,15/10/2005,7,09:43,8,E09000028,6,0,Single carriageway,30,Giveway or uncontrolled,4,215,None within 50 metres,No physical crossing within 50 meters,Daylight: Street light present,Fine without high winds,Dry,None,None,1,Yes,E01004010,2005
11740,200501MM71079,533450.0,178100.0,-0.079373,51.486059,1,3,1,1,12/10/2005,4,20:27,8,E09000028,4,214,Single carriageway,30,None,-1,0,None within 50 metres,No physical crossing within 50 meters,Darkness: Street lights present and lit,Raining without high winds,Wet/Damp,None,None,1,Yes,E01003964,2005
11741,200501MM71080,534100.0,173630.0,-0.071711,51.445735,1,3,3,2,11/10/2005,3,17:30,8,E09000028,3,2216,Single carriageway,30,None,-1,0,None within 50 metres,No physical crossing within 50 meters,Daylight: Street light present,Fine without high winds,Dry,None,None,1,Yes,E01004075,2005
11742,200501MM71081,534900.0,174340.0,-0.059936,51.451925,1,3,2,1,12/10/2005,4,14:10,8,E09000028,4,238,Single carriageway,30,Giveway or uncontrolled,6,0,None within 50 metres,No physical crossing within 50 meters,Daylight: Street light present,Raining without high winds,Wet/Damp,None,None,1,Yes,E01004018,2005
11743,200501MM71083,535160.0,179620.0,-0.054178,51.499312,1,3,2,1,09/10/2005,1,23:28,8,E09000028,3,101,Single carriageway,30,Giveway or uncontrolled,6,0,None within 50 metres,No physical crossing within 50 meters,Darkness: Street lights present and lit,Fine without high winds,Dry,None,None,1,Yes,E01004033,2005
11744,200501MM71084,535060.0,177400.0,-0.056466,51.479386,1,3,2,1,08/10/2005,7,17:12,8,E09000028,3,2,Single carriageway,30,Giveway or uncontrolled,6,0,None within 50 metres,No physical crossing within 50 meters,Daylight: Street light present,Fine without high winds,Dry,None,None,1,Yes,E01003984,2005
11745,200501MM71085,534380.0,176050.0,-0.066766,51.467416,1,3,1,1,07/10/2005,6,16:30,8,E09000028,3,2215,Single carriageway,30,None,-1,0,None within 50 metres,No physical crossing within 50 meters,Daylight: Street light present,Fine without high winds,Dry,None,None,1,Yes,E01004062,2005
11746,200501MM71086,534510.0,177800.0,-0.06423,51.483112,1,3,2,1,16/10/2005,1,04:27,8,E09000028,3,2,Single carriageway,30,Giveway or uncontrolled,6,0,None within 50 metres,No physical crossing within 50 meters,Darkness: Street lights present and lit,Fine without high winds,Dry,None,None,1,Yes,E01003989,2005
11747,200501MM71087,532130.0,178710.0,-0.098145,51.49185,1,3,2,3,16/10/2005,1,12:00,8,E09000028,3,215,Single carriageway,30,Automatic traffic signal,6,0,None within 50 metres,Pedestrian phase at traffic signal junction,Daylight: Street light present,Fine without high winds,Dry,None,None,1,Yes,E01003996,2005
11748,200501MM71088,535340.0,176200.0,-0.052896,51.468535,1,3,2,1,15/10/2005,7,16:15,8,E09000028,3,2214,Single carriageway,30,Giveway or uncontrolled,6,0,None within 50 metres,No physical crossing within 50 meters,Daylight: Street light present,Fine without high winds,Dry,None,None,1,Yes,E01004000,2005
11749,200501MM71089,534960.0,175820.0,-0.058509,51.465211,1,3,2,1,15/10/2005,7,15:00,8,E09000028,3,2214,Single carriageway,30,Giveway or uncontrolled,6,0,None within 50 metres,No physical crossing within 50 meters,Daylight: Street light present,Fine without high winds,Dry,None,None,1,Yes,E01004064,2005
11750,200501MM71090,531810.0,179100.0,-0.102606,51.49543,1,3,2,1,11/10/2005,3,08:00,8,E09000028,6,0,One way street,30,Automatic traffic signal,3,302,None within 50 metres,Pedestrian phase at traffic signal junction,Daylight: Street light present,Fine without high winds,Dry,None,Pedestrian in carriageway (not injured),1,Yes,E01003932,2005
11751,200501MM71091,534420.0,178870.0,-0.065118,51.492749,1,3,1,1,12/10/2005,4,16:30,8,E09000028,5,0,Single carriageway,30,Giveway or uncontrolled,6,0,None within 50 metres,No physical crossing within 50 meters,Daylight: Street light present,Raining without high winds,Wet/Damp,None,None,1,Yes,E01004042,2005
11752,200501MM71093,533090.0,173740.0,-0.086195,51.446961,1,3,1,1,17/10/2005,2,09:53,8,E09000028,5,0,Single carriageway,30,None,-1,0,None within 50 metres,No physical crossing within 50 meters,Daylight: Street light present,Fine without high winds,Dry,None,None,1,Yes,E01004069,2005
11753,200501MM71094,532410.0,177640.0,-0.094515,51.482169,1,3,2,1,18/10/2005,3,22:03,8,E09000028,3,215,Single carriageway,30,Automatic traffic signal,4,214,None within 50 metres,Pedestrian phase at traffic signal junction,Darkness: Street lights present and lit,Fine without high winds,Dry,None,None,1,Yes,E01003923,2005
11754,200501MM71095,533830.0,175100.0,-0.075039,51.459009,1,3,1,1,21/10/2005,6,20:37,8,E09000028,3,2216,Single carriageway,30,Giveway or uncontrolled,6,0,None within 50 metres,No physical crossing within 50 meters,Darkness: Street lights present and lit,Fine without high winds,Dry,None,None,1,Yes,E01003952,2005
11755,200501MM71097,534910.0,178770.0,-0.058102,51.491733,1,3,2,1,20/10/2005,5,20:15,8,E09000028,3,2206,Single carriageway,30,Giveway or uncontrolled,6,0,None within 50 metres,No physical crossing within 50 meters,Darkness: Street lights present and lit,Fine without high winds,Dry,None,None,1,Yes,E01004035,2005
11756,200501MM71098,531740.0,178540.0,-0.103823,51.490413,1,2,1,1,19/10/2005,4,08:02,8,E09000028,3,3,Single carriageway,30,Giveway or uncontrolled,6,0,None within 50 metres,Zebra crossing,Daylight: Street light present,Raining without high winds,Wet/Damp,None,None,1,Yes,E01003110,2005
11757,200501MM71099,533990.0,174020.0,-0.073146,51.449266,1,3,1,1,19/10/2005,4,15:50,8,E09000028,4,219,Single carriageway,30,Giveway or uncontrolled,6,0,None within 50 metres,No physical crossing within 50 meters,Daylight: Street light present,Fine without high winds,Dry,None,None,1,Yes,E01003958,2005
11758,200501MM71100,533170.0,178780.0,-0.083147,51.492235,1,3,2,1,10/09/2005,7,15:00,8,E09000028,3,2,Single carriageway,30,None,-1,0,None within 50 metres,No physical crossing within 50 meters,Daylight: Street light present,Raining without high winds,Wet/Damp,None,None,1,No,E01003960,2005
11759,200501MM71101,532780.0,178640.0,-0.088814,51.491069,1,2,1,2,15/10/2005,7,15:32,8,E09000028,5,0,Single carriageway,30,None,-1,0,None within 50 metres,No physical crossing within 50 meters,Daylight: Street light present,Fine without high winds,Dry,None,None,1,Yes,E01003961,2005
11760,200501MM71102,532500.0,176880.0,-0.093505,51.475318,1,3,2,1,21/10/2005,6,16:17,8,E09000028,3,215,Single carriageway,30,Giveway or uncontrolled,3,215,None within 50 metres,No physical crossing within 50 meters,Daylight: Street light present,Fine without high winds,Dry,None,None,1,Yes,E01003921,2005
11761,200501MM71104,534820.0,176770.0,-0.060161,51.473782,1,3,2,1,20/10/2005,5,11:18,8,E09000028,3,202,Single carriageway,30,Giveway or uncontrolled,6,0,None within 50 metres,No physical crossing within 50 meters,Daylight: Street light present,Fine without high winds,Dry,None,None,1,Yes,E01004005,2005
11762,200501MM71105,534710.0,176040.0,-0.062022,51.467248,1,3,1,1,08/10/2005,7,19:40,8,E09000028,6,0,Single carriageway,30,Giveway or uncontrolled,6,0,None within 50 metres,No physical crossing within 50 meters,Darkness: Street lights present and lit,Raining without high winds,Wet/Damp,None,None,1,Yes,E01004068,2005
11763,200501MM71106,533010.0,178930.0,-0.085394,51.493621,1,3,2,1,20/10/2005,5,07:00,8,E09000028,3,2,Single carriageway,30,Giveway or uncontrolled,3,2,None within 50 metres,No physical crossing within 50 meters,Daylight: Street light present,Fine without high winds,Wet/Damp,None,None,1,Yes,E01003960,2005
11764,200501MM71107,531770.0,179110.0,-0.103178,51.495529,1,3,2,1,20/10/2005,5,13:50,8,E09000028,3,302,Single carriageway,30,Giveway or uncontrolled,6,0,None within 50 metres,No physical crossing within 50 meters,Daylight: Street light present,Fine without high winds,Dry,None,None,1,Yes,E01003932,2005
11765,200501MM71109,534190.0,176420.0,-0.069359,51.470786,1,3,1,1,25/10/2005,3,18:12,8,E09000028,3,2215,Single carriageway,30,Giveway or uncontrolled,6,0,None within 50 metres,No physical crossing within 50 meters,Daylight: Street light present,Raining without high winds,Wet/Damp,None,None,1,Yes,E01004067,2005
11766,200501MM71110,534090.0,173660.0,-0.071844,51.446007,1,3,2,1,24/10/2005,2,16:21,8,E09000028,3,2216,Single carriageway,30,Giveway or uncontrolled,5,0,None within 50 metres,No physical crossing within 50 meters,Daylight: Street light present,Raining without high winds,Wet/Damp,None,None,1,Yes,E01004075,2005
11767,200501MM71111,535280.0,175050.0,-0.054199,51.458215,1,3,1,1,25/10/2005,3,20:05,8,E09000028,5,0,Single carriageway,30,Giveway or uncontrolled,6,0,None within 50 metres,No physical crossing within 50 meters,Darkness: Street lights present and lit,Fine without high winds,Dry,None,None,1,Yes,E01004020,2005
11768,200501MM71112,533500.0,175790.0,-0.079525,51.465288,1,3,2,1,25/10/2005,3,11:45,8,E09000028,6,0,Single carriageway,30,Giveway or uncontrolled,6,0,None within 50 metres,No physical crossing within 50 meters,Daylight: Street light present,Fine with high winds,Dry,None,None,1,Yes,E01004052,2005
11769,200501MM71113,534390.0,176770.0,-0.066348,51.473884,1,3,1,1,26/10/2005,4,18:10,8,E09000028,3,202,Single carriageway,30,Giveway or uncontrolled,6,0,None within 50 metres,No physical crossing within 50 meters,Darkness: Street lights present and lit,Fine without high winds,Dry,None,None,1,Yes,E01004067,2005
11770,200501MM71114,534300.0,176770.0,-0.067643,51.473905,1,3,1,1,26/10/2005,4,17:59,8,E09000028,3,202,Single carriageway,30,Giveway or uncontrolled,6,0,None within 50 metres,No physical crossing within 50 meters,Darkness: Street lights present and lit,Fine without high winds,Dry,None,None,1,Yes,E01004067,2005
11771,200501MM71115,532430.0,174380.0,-0.095448,51.452868,1,3,2,1,24/10/2005,2,12:41,8,E09000028,3,2214,Single carriageway,30,Giveway or uncontrolled,6,0,None within 50 metres,Zebra crossing,Daylight: Street light present,Raining without high winds,Wet/Damp,None,None,1,Yes,E01004073,2005
11772,200501MM71116,533210.0,176880.0,-0.083287,51.475151,1,3,3,1,24/10/2005,2,15:44,8,E09000028,6,0,Single carriageway,30,Giveway or uncontrolled,6,0,None within 50 metres,No physical crossing within 50 meters,Daylight: Street light present,Fine without high winds,Dry,None,None,1,Yes,E01003917,2005
11773,200501MM71117,535110.0,178630.0,-0.055277,51.490428,1,3,2,1,23/10/2005,1,21:46,8,E09000028,3,2206,Single carriageway,30,Giveway or uncontrolled,3,2208,None within 50 metres,No physical crossing within 50 meters,Darkness: Street lights present and lit,Fine without high winds,Dry,None,None,1,Yes,E01004035,2005
11774,200501MM71118,534830.0,177520.0,-0.059731,51.480519,1,3,2,2,22/10/2005,7,03:59,8,E09000028,3,2,Single carriageway,30,Automatic traffic signal,5,0,None within 50 metres,Pedestrian phase at traffic signal junction,Darkness: Street lights present and lit,Fine without high winds,Dry,None,None,1,Yes,E01003984,2005
11775,200501MM71119,533200.0,176710.0,-0.083495,51.473626,1,3,2,1,15/09/2005,5,09:24,8,E09000028,3,202,Single carriageway,30,Giveway or uncontrolled,6,0,None within 50 metres,No physical crossing within 50 meters,Daylight: Street light present,Raining without high winds,Wet/Damp,None,None,1,Yes,E01003911,2005
11776,200501MM71120,535240.0,177970.0,-0.053658,51.484465,1,3,2,1,25/10/2005,3,15:50,8,E09000028,5,0,Single carriageway,30,Giveway or uncontrolled,6,0,None within 50 metres,No physical crossing within 50 meters,Daylight: Street light present,Fine without high winds,Dry,None,None,1,No,E01003988,2005
11777,200501MM71123,535100.0,179540.0,-0.055072,51.498608,1,3,2,1,27/10/2005,5,18:00,8,E09000028,3,200,Roundabout,30,Giveway or uncontrolled,3,200,None within 50 metres,No physical crossing within 50 meters,Daylight: Street light present,Fine without high winds,Dry,None,None,1,No,E01004033,2005
11778,200501MM71124,533070.0,174510.0,-0.086193,51.453886,1,3,2,1,01/11/2005,3,09:01,8,E09000028,3,2214,Single carriageway,30,Giveway or uncontrolled,6,0,None within 50 metres,No physical crossing within 50 meters,Daylight: Street light present,Fine without high winds,Wet/Damp,None,None,1,Yes,E01004070,2005
11779,200501MM71125,531780.0,179300.0,-0.102963,51.497234,1,2,2,1,01/11/2005,3,18:40,8,E09000028,3,201,Single carriageway,30,None,-1,0,None within 50 metres,No physical crossing within 50 meters,Darkness: Street lights present and lit,Fine without high winds,Dry,None,None,1,Yes,E01003932,2005
11780,200501MM71129,534850.0,176010.0,-0.060019,51.466945,1,3,2,1,13/09/2005,3,16:39,8,E09000028,6,0,Single carriageway,30,None,-1,0,None within 50 metres,No physical crossing within 50 meters,Daylight: Street light present,Fine without high winds,Dry,None,None,1,Yes,E01004064,2005
11781,200501MM71130,533550.0,179380.0,-0.07745,51.497538,1,3,2,1,15/09/2005,5,07:05,8,E09000028,6,0,Single carriageway,30,Giveway or uncontrolled,4,202,None within 50 metres,No physical crossing within 50 meters,Daylight: Street light present,Fine without high winds,Dry,None,None,1,Yes,E01003976,2005
11782,200501MM71131,534200.0,176880.0,-0.069041,51.474918,1,2,2,1,24/10/2005,2,21:30,8,E09000028,4,215,Single carriageway,30,None,-1,0,None within 50 metres,No physical crossing within 50 meters,Darkness: Street lights present and lit,Raining without high winds,Wet/Damp,None,None,1,Yes,E01004010,2005
11783,200501MM71132,531920.0,179030.0,-0.101049,51.494775,1,3,2,1,22/10/2005,7,17:10,8,E09000028,3,3,Roundabout,30,Giveway or uncontrolled,6,0,None within 50 metres,No physical crossing within 50 meters,Darkness: Street lights present and lit,Fine without high winds,Dry,None,None,1,Yes,E01003933,2005
11784,200501MM71133,534860.0,177510.0,-0.059303,51.480422,1,3,2,1,07/11/2005,2,15:30,8,E09000028,3,2,Single carriageway,30,None,-1,0,None within 50 metres,No physical crossing within 50 meters,Daylight: Street light present,Fine without high winds,Dry,None,None,1,No,E01003984,2005
11785,200501MM71134,532530.0,176730.0,-0.093129,51.473963,1,3,2,1,28/10/2005,6,17:25,8,E09000028,3,202,Single carriageway,30,Automatic traffic signal,3,215,None within 50 metres,Pedestrian phase at traffic signal junction,Darkness: Street lights present and lit,Fine without high winds,Dry,None,None,1,Yes,E01003921,2005
11786,200501MM71135,533670.0,176310.0,-0.076883,51.469921,1,3,1,1,29/10/2005,7,15:15,8,E09000028,6,0,Single carriageway,30,Giveway or uncontrolled,6,0,None within 50 metres,No physical crossing within 50 meters,Daylight: Street light present,Fine without high winds,Dry,None,None,1,Yes,E01004061,2005
11787,200501MM71137,532090.0,180200.0,-0.098163,51.50525,1,3,2,1,06/10/2005,5,06:50,8,E09000028,3,3200,Single carriageway,20,Giveway or uncontrolled,6,0,None within 50 metres,Zebra crossing,Daylight: Street light present,Fine without high winds,Dry,None,None,1,No,E01003927,2005
11788,200501MM71139,532500.0,176870.0,-0.093508,51.475228,1,3,3,1,31/10/2005,2,16:10,8,E09000028,3,215,Single carriageway,30,Giveway or uncontrolled,3,215,None within 50 metres,No physical crossing within 50 meters,Daylight: Street light present,Fine without high winds,Dry,None,None,1,Yes,E01003921,2005
11789,200501MM71141,532610.0,173060.0,-0.093353,51.440963,1,3,2,1,28/10/2005,6,17:30,9,E09000022,3,205,Single carriageway,30,Automatic traffic signal,3,2199,None within 50 metres,Pedestrian phase at traffic signal junction,Darkeness: No street lighting,Fine without high winds,Dry,None,None,1,No,E01003170,2005
11790,200501MM71143,532470.0,173540.0,-0.095187,51.445309,1,3,2,1,01/10/2005,7,02:50,9,E09000022,3,2199,Single carriageway,30,Giveway or uncontrolled,6,0,None within 50 metres,No physical crossing within 50 meters,Darkness: Street lights present and lit,Fine without high winds,Dry,None,None,1,No,E01004069,2005
11791,200501MM71144,536000.0,178620.0,-0.042469,51.490124,1,3,2,1,18/10/2005,3,14:48,7,E09000023,3,200,Single carriageway,30,Giveway or uncontrolled,3,200,None within 50 metres,non-junction pedestrian crossing,Daylight: Street light present,Fine without high winds,Dry,None,None,1,Yes,E01004036,2005
11792,200501MM71145,531630.0,179150.0,-0.105179,51.495921,1,3,2,1,18/10/2005,3,13:40,8,E09000028,6,0,Single carriageway,30,None,-1,0,None within 50 metres,Pedestrian phase at traffic signal junction,Daylight: Street light present,Fine without high winds,Dry,None,None,1,Yes,E01003933,2005
11793,200501MM71146,532920.0,179000.0,-0.086663,51.494271,1,3,1,1,17/10/2005,2,19:28,8,E09000028,3,201,Roundabout,30,Giveway or uncontrolled,3,2,None within 50 metres,No physical crossing within 50 meters,Darkness: Street lights present and lit,Raining without high winds,Wet/Damp,None,None,1,Yes,E01003942,2005
11794,200501MM71147,532410.0,177640.0,-0.094515,51.482169,1,3,2,1,10/11/2005,5,15:20,8,E09000028,3,215,Single carriageway,30,Automatic traffic signal,4,214,None within 50 metres,Pedestrian phase at traffic signal junction,Daylight: Street light present,Fine without high winds,Dry,None,None,1,No,E01003923,2005
11795,200501MM71148,533600.0,178360.0,-0.077116,51.48836,1,2,1,1,14/10/2005,6,11:20,8,E09000028,3,2,Single carriageway,30,None,-1,0,None within 50 metres,non-junction pedestrian crossing,Daylight: Street light present,Fine without high winds,Dry,None,None,1,Yes,E01003966,2005
11796,200501MM71149,535210.0,179380.0,-0.05355,51.497143,1,3,1,1,13/10/2005,5,07:45,8,E09000028,3,200,Single carriageway,30,Giveway or uncontrolled,6,0,None within 50 metres,Zebra crossing,Daylight: Street light present,Raining without high winds,Wet/Damp,None,None,1,Yes,E01004031,2005
11797,200501MM71150,532480.0,179680.0,-0.092743,51.500485,1,2,2,1,12/10/2005,4,07:44,8,E09000028,3,2,Single carriageway,30,None,-1,0,None within 50 metres,No physical crossing within 50 meters,Daylight: Street light present,Fine without high winds,Dry,None,None,1,Yes,E01003939,2005
11798,200501MM71151,534750.0,176880.0,-0.061126,51.474787,1,3,1,1,02/11/2005,4,08:20,8,E09000028,6,0,Single carriageway,30,None,-1,0,None within 50 metres,No physical crossing within 50 meters,Daylight: Street light present,Raining without high winds,Wet/Damp,Ol or diesel,None,1,Yes,E01003985,2005
11799,200501MM71152,535390.0,176460.0,-0.052077,51.47086,1,3,2,1,31/10/2005,2,18:00,7,E09000023,3,2214,Single carriageway,30,Giveway or uncontrolled,6,0,None within 50 metres,No physical crossing within 50 meters,Darkness: Street lights present and lit,Fine without high winds,Wet/Damp,None,None,1,Yes,E01003343,2005
11800,200501MM71153,534430.0,175940.0,-0.066088,51.466416,1,3,2,1,27/10/2005,5,10:50,8,E09000028,3,2215,Single carriageway,30,None,-1,0,None within 50 metres,Pedestrian phase at traffic signal junction,Daylight: Street light present,Fine without high winds,Dry,None,None,1,Yes,E01004062,2005
11801,200501MM71154,531950.0,179030.0,-0.100617,51.494768,1,2,2,1,18/10/2005,3,16:20,8,E09000028,3,3,Roundabout,30,Giveway or uncontrolled,3,201,None within 50 metres,No physical crossing within 50 meters,Daylight: Street light present,Fine without high winds,Dry,None,None,1,Yes,E01003933,2005
11802,200501MM71155,532060.0,179710.0,-0.098779,51.500853,1,3,2,2,13/10/2005,5,10:21,8,E09000028,3,300,Single carriageway,30,Automatic traffic signal,5,0,None within 50 metres,Pedestrian phase at traffic signal junction,Daylight: Street light present,Raining without high winds,Wet/Damp,None,None,1,Yes,E01003927,2005
11803,200501MM71156,532410.0,177590.0,-0.094534,51.48172,1,3,1,1,07/10/2005,6,17:05,8,E09000028,3,215,Single carriageway,30,None,-1,0,None within 50 metres,No physical crossing within 50 meters,Darkness: Street lighting unknown,Fine without high winds,Dry,None,None,1,No,E01003923,2005
11804,200501MM71157,533700.0,170740.0,-0.078554,51.419858,1,3,2,1,03/11/2005,5,14:24,19,E09000006,3,212,Roundabout,30,Giveway or uncontrolled,3,214,None within 50 metres,Zebra crossing,Daylight: Street light present,Fine without high winds,Dry,None,None,1,Yes,E01003062,2005
11805,200501MM71158,534080.0,178050.0,-0.070324,51.48546,1,3,1,1,03/11/2005,5,11:40,8,E09000028,3,2,Single carriageway,30,Giveway or uncontrolled,6,0,None within 50 metres,No physical crossing within 50 meters,Daylight: Street light present,Other,Wet/Damp,None,None,1,Yes,E01003964,2005
11806,200501MM71159,534940.0,178340.0,-0.057834,51.487862,1,3,3,2,04/11/2005,6,12:40,8,E09000028,5,0,Single carriageway,30,Giveway or uncontrolled,3,2208,None within 50 metres,non-junction pedestrian crossing,Daylight: Street light present,Fine without high winds,Dry,None,None,1,Yes,E01003987,2005
11807,200501MM71160,534220.0,174590.0,-0.069622,51.454334,1,3,2,1,26/09/2005,2,12:30,8,E09000028,4,219,Single carriageway,30,Giveway or uncontrolled,6,0,None within 50 metres,Zebra crossing,Daylight: Street light present,Fine without high winds,Dry,None,None,1,No,E01003957,2005
11808,200501MM71161,533170.0,175720.0,-0.0843,51.464736,1,3,2,1,04/11/2005,6,16:25,8,E09000028,6,0,Dual carriageway,30,Automatic traffic signal,3,2216,None within 50 metres,Pedestrian phase at traffic signal junction,Daylight: Street light present,Fine without high winds,Dry,None,None,1,Yes,E01004051,2005
11809,200501MM71163,532160.0,176950.0,-0.098371,51.476027,1,3,2,1,03/11/2005,5,13:20,8,E09000028,3,202,Single carriageway,30,Giveway or uncontrolled,6,0,None within 50 metres,Zebra crossing,Daylight: Street light present,Fine without high winds,Dry,None,None,1,No,E01003919,2005
11810,200501MM71165,532770.0,180330.0,-0.088322,51.506259,1,3,2,1,06/11/2005,1,01:06,8,E09000028,3,3,Single carriageway,30,Automatic traffic signal,3,200,None within 50 metres,Pedestrian phase at traffic signal junction,Darkness: Street lights present and lit,Other,Wet/Damp,None,None,1,Yes,E01003929,2005
11811,200501MM71167,531790.0,180300.0,-0.102446,51.506218,1,3,2,1,05/11/2005,7,19:05,8,E09000028,5,0,Single carriageway,30,Giveway or uncontrolled,5,0,None within 50 metres,No physical crossing within 50 meters,Darkness: Street lights present and lit,Fine without high winds,Dry,None,None,1,Yes,E01003934,2005
11812,200501MM71169,532590.0,176740.0,-0.092262,51.474039,1,3,2,1,07/11/2005,2,08:30,8,E09000028,3,202,Single carriageway,30,Giveway or uncontrolled,6,0,None within 50 metres,No physical crossing within 50 meters,Daylight: Street light present,Fine without high winds,Dry,None,None,1,Yes,E01003921,2005
11813,200501MM71170,532570.0,178960.0,-0.091717,51.493994,1,3,2,1,07/11/2005,2,20:15,8,E09000028,3,201,Dual carriageway,30,Giveway or uncontrolled,6,0,None within 50 metres,non-junction pedestrian crossing,Darkness: Street lights present and lit,Fine without high winds,Dry,None,None,1,Yes,E01003960,2005
11814,200501MM71172,533290.0,178630.0,-0.081476,51.490859,1,3,3,1,10/11/2005,5,05:12,8,E09000028,3,2,Single carriageway,30,Automatic traffic signal,5,0,None within 50 metres,Pedestrian phase at traffic signal junction,Darkness: Street lights present and lit,Fine without high winds,Dry,None,None,1,Yes,E01003961,2005
11815,200501MM71173,533820.0,175110.0,-0.075179,51.459101,1,3,2,1,10/11/2005,5,09:55,8,E09000028,3,2216,Single carriageway,30,Giveway or uncontrolled,6,0,None within 50 metres,No physical crossing within 50 meters,Daylight: Street light present,Fine without high winds,Dry,None,None,1,Yes,E01003952,2005
11816,200501MM71175,534460.0,175850.0,-0.065691,51.4656,1,3,3,1,08/11/2005,3,13:25,8,E09000028,6,0,Single carriageway,30,Giveway or uncontrolled,3,2215,None within 50 metres,No physical crossing within 50 meters,Daylight: Street light present,Fine without high winds,Dry,None,None,1,Yes,E01004062,2005
11817,200501MM71176,531250.0,177560.0,-0.111241,51.48172,1,2,2,1,06/11/2005,1,17:08,9,E09000022,3,23,Single carriageway,30,None,-1,0,None within 50 metres,No physical crossing within 50 meters,Darkness: Street lights present and lit,Raining without high winds,Wet/Damp,None,None,1,Yes,E01003100,2005
11818,200501MM71177,531990.0,179090.0,-0.100018,51.495298,1,3,2,2,10/11/2005,5,17:03,8,E09000028,3,3,Roundabout,30,Automatic traffic signal,3,3,None within 50 metres,No physical crossing within 50 meters,Darkness: Street lights present and lit,Fine without high winds,Dry,None,None,1,Yes,E01003933,2005
11819,200501MM71178,534410.0,178800.0,-0.065289,51.492122,1,3,2,1,08/11/2005,3,19:10,8,E09000028,5,0,Single carriageway,30,Automatic traffic signal,3,2206,None within 50 metres,Pedestrian phase at traffic signal junction,Darkness: Street lights present and lit,Raining without high winds,Wet/Damp,None,None,1,Yes,E01004043,2005
11820,200501MM71179,532980.0,177830.0,-0.08624,51.483743,1,3,2,1,10/11/2005,5,09:20,8,E09000028,4,214,Single carriageway,30,Automatic traffic signal,5,0,None within 50 metres,No physical crossing within 50 meters,Daylight: Street light present,Fine without high winds,Dry,None,None,1,Yes,E01003969,2005
11821,200501MM71181,531920.0,178810.0,-0.101131,51.492798,1,3,2,1,10/11/2005,5,17:45,8,E09000028,3,3,Roundabout,30,Giveway or uncontrolled,3,215,None within 50 metres,No physical crossing within 50 meters,Darkness: Street lights present and lit,Fine without high winds,Dry,None,None,1,Yes,E01003933,2005
11822,200501MM71182,531180.0,179960.0,-0.111357,51.503305,1,3,1,1,13/10/2005,5,23:12,9,E09000022,3,301,Dual carriageway,30,Giveway or uncontrolled,6,0,None within 50 metres,Pedestrian phase at traffic signal junction,Darkness: Street lights present and lit,Fine without high winds,Dry,None,None,1,Yes,E01003012,2005
11823,200501MM71183,533900.0,177120.0,-0.073267,51.477145,1,3,2,1,11/11/2005,6,19:15,8,E09000028,5,0,Single carriageway,30,Giveway or uncontrolled,6,0,None within 50 metres,Zebra crossing,Darkness: Street lights present and lit,Raining without high winds,Wet/Damp,None,None,1,Yes,E01004007,2005
11824,200501MM71184,531400.0,179900.0,-0.108211,51.502714,1,3,2,1,16/11/2005,4,08:00,9,E09000022,4,300,Single carriageway,30,None,-1,0,None within 50 metres,No physical crossing within 50 meters,Daylight: Street light present,Fine without high winds,Wet/Damp,None,None,1,Yes,E01003017,2005
11825,200501MM71185,534370.0,177890.0,-0.06621,51.483954,1,2,2,1,09/07/2005,7,05:00,8,E09000028,3,2,Single carriageway,30,Automatic traffic signal,3,2208,None within 50 metres,Pedestrian phase at traffic signal junction,Daylight: Street light present,Fine without high winds,Dry,None,None,1,Yes,E01003989,2005
11826,200501MM71186,534940.0,177100.0,-0.058308,51.476719,1,3,2,1,16/11/2005,4,14:30,8,E09000028,5,0,Single carriageway,30,Giveway or uncontrolled,6,0,None within 50 metres,No physical crossing within 50 meters,Daylight: Street light present,Fine without high winds,Dry,None,None,1,Yes,E01004003,2005
11827,200501MM71187,532030.0,179290.0,-0.099368,51.497086,1,3,2,1,17/11/2005,5,08:21,8,E09000028,3,3,Single carriageway,30,Giveway or uncontrolled,3,300,None within 50 metres,Zebra crossing,Daylight: Street light present,Fine without high winds,Dry,None,None,1,Yes,E01003927,2005
11828,200501MM71189,531630.0,178340.0,-0.105481,51.488642,1,2,1,1,18/11/2005,6,15:45,8,E09000028,3,3,Single carriageway,30,None,-1,0,None within 50 metres,No physical crossing within 50 meters,Daylight: Street light present,Fine without high winds,Dry,None,None,1,Yes,E01003998,2005
11829,200501MM71190,533240.0,179270.0,-0.081954,51.496622,1,3,1,1,17/11/2005,5,07:30,8,E09000028,3,100,Single carriageway,20,Automatic traffic signal,3,2206,None within 50 metres,Pedestrian phase at traffic signal junction,Daylight: Street light present,Fine without high winds,Dry,None,None,1,Yes,E01003941,2005
11830,200501MM71191,532510.0,176610.0,-0.093462,51.472889,1,3,1,1,19/11/2005,7,17:30,8,E09000028,3,215,Single carriageway,30,Giveway or uncontrolled,6,0,None within 50 metres,non-junction pedestrian crossing,Daylight: Street light present,Fine without high winds,Dry,None,None,1,Yes,E01003922,2005
11831,200501MM71192,533400.0,178520.0,-0.079934,51.489845,1,3,2,2,19/11/2005,7,16:22,8,E09000028,3,2,Single carriageway,30,Giveway or uncontrolled,6,0,None within 50 metres,Zebra crossing,Daylight: Street light present,Fine without high winds,Dry,None,None,1,Yes,E01003966,2005
11832,200501MM71194,531590.0,178290.0,-0.106075,51.488202,1,3,2,1,06/11/2005,1,20:20,9,E09000022,3,3,Single carriageway,30,Automatic traffic signal,5,0,None within 50 metres,Pedestrian phase at traffic signal junction,Darkness: Street lights present and lit,Raining without high winds,Wet/Damp,None,None,1,No,E01003108,2005
11833,200501MM71195,532800.0,176700.0,-0.089255,51.47363,1,3,2,1,22/10/2005,7,07:47,8,E09000028,3,202,Single carriageway,30,Giveway or uncontrolled,6,0,None within 50 metres,No physical crossing within 50 meters,Daylight: Street light present,Fine without high winds,Dry,None,None,1,Yes,E01003913,2005
11834,200501MM71197,533860.0,175850.0,-0.074323,51.465742,1,3,2,1,20/11/2005,1,21:25,8,E09000028,6,0,Single carriageway,30,Giveway or uncontrolled,6,0,None within 50 metres,No physical crossing within 50 meters,Darkness: Street lights present and lit,Fine without high winds,Dry,None,None,1,Yes,E01004046,2005
11835,200501MM71198,531170.0,177570.0,-0.112388,51.481829,1,3,2,1,21/10/2005,6,21:52,9,E09000022,3,3,Single carriageway,30,Automatic traffic signal,3,202,None within 50 metres,Pedestrian phase at traffic signal junction,Darkness: Street lights present and lit,Fine without high winds,Dry,None,None,1,Yes,E01003100,2005
11836,200501MM71199,534230.0,174590.0,-0.069478,51.454331,1,3,3,1,11/11/2005,6,18:26,8,E09000028,6,0,Single carriageway,30,Giveway or uncontrolled,4,219,None within 50 metres,Zebra crossing,Darkness: Street lights present and lit,Raining without high winds,Wet/Damp,None,None,1,Yes,E01003957,2005
11837,200501MM71200,533070.0,175640.0,-0.085769,51.464041,1,3,2,1,11/11/2005,6,10:11,8,E09000028,6,0,Single carriageway,30,Giveway or uncontrolled,6,0,None within 50 metres,No physical crossing within 50 meters,Daylight: Street light present,Fine without high winds,Dry,None,None,1,Yes,E01004049,2005
11838,200501MM71201,532700.0,177100.0,-0.090544,51.477248,1,3,2,1,15/11/2005,3,18:04,8,E09000028,6,0,Single carriageway,30,None,-1,0,None within 50 metres,No physical crossing within 50 meters,Darkness: Street lights present and lit,Fine without high winds,Dry,None,None,1,Yes,E01003918,2005
11839,200501MM71204,534310.0,179430.0,-0.066488,51.497807,1,2,3,1,14/11/2005,2,21:23,8,E09000028,3,200,Dual carriageway,30,Automatic traffic signal,5,0,None within 50 metres,Pedestrian phase at traffic signal junction,Darkness: Street lights present and lit,Fine without high winds,Dry,None,None,1,Yes,E01004022,2005
11840,200501MM71205,532770.0,178970.0,-0.088834,51.494037,1,3,2,1,14/11/2005,2,16:00,8,E09000028,3,201,Single carriageway,30,None,-1,0,None within 50 metres,No physical crossing within 50 meters,Darkness: Street lights present and lit,Fine without high winds,Dry,None,None,1,Yes,E01003960,2005
11841,200501MM71206,532440.0,179760.0,-0.093288,51.501214,1,3,2,1,17/11/2005,5,18:00,8,E09000028,3,3,Single carriageway,30,Automatic traffic signal,3,2,None within 50 metres,Pedestrian phase at traffic signal junction,Darkness: Street lights present and lit,Fine without high winds,Dry,Auto traffic singal out,None,1,Yes,E01003929,2005
11842,200501MM71207,532260.0,178450.0,-0.096371,51.489483,1,3,2,1,22/06/2005,4,14:00,8,E09000028,5,0,Single carriageway,30,Giveway or uncontrolled,3,215,None within 50 metres,No physical crossing within 50 meters,Daylight: Street light present,Fine without high winds,Dry,None,None,1,No,E01003965,2005
11843,200501MM71208,532310.0,178980.0,-0.095453,51.494234,1,3,2,2,27/10/2005,5,12:15,8,E09000028,3,201,Single carriageway,30,Giveway or uncontrolled,3,201,None within 50 metres,non-junction pedestrian crossing,Daylight: Street light present,Fine without high winds,Dry,None,None,1,Yes,E01003959,2005
11844,200501MM71210,532000.0,179210.0,-0.09983,51.496374,1,2,2,1,13/10/2005,5,05:45,8,E09000028,3,3,Single carriageway,30,Giveway or uncontrolled,3,300,None within 50 metres,Footbridge or subway,Darkness: Street lights present and lit,Raining without high winds,Wet/Damp,None,None,1,No,E01003932,2005
11845,200501MM71211,535650.0,178960.0,-0.047376,51.493264,1,3,1,2,05/09/2005,2,16:37,8,E09000028,3,200,Single carriageway,30,None,-1,0,None within 50 metres,Pedestrian phase at traffic signal junction,Daylight: Street light present,Fine without high winds,Dry,None,None,1,Yes,E01004031,2005
11846,200501MM71212,533740.0,174710.0,-0.076481,51.455525,1,3,2,1,18/11/2005,6,20:38,8,E09000028,3,2216,Single carriageway,30,Giveway or uncontrolled,6,0,None within 50 metres,No physical crossing within 50 meters,Darkness: Street lights present and lit,Fine without high winds,Dry,None,None,1,Yes,E01003952,2005
11847,200501MM71213,534980.0,177440.0,-0.057602,51.479765,1,2,2,1,18/11/2005,6,19:35,8,E09000028,3,2,Single carriageway,30,Giveway or uncontrolled,6,0,None within 50 metres,non-junction pedestrian crossing,Darkness: Street lights present and lit,Fine without high winds,Dry,None,None,1,No,E01003984,2005
11848,200501MM71215,532110.0,176990.0,-0.099076,51.476398,1,3,2,1,21/11/2005,2,07:59,8,E09000028,3,202,Single carriageway,30,Giveway or uncontrolled,6,0,None within 50 metres,No physical crossing within 50 meters,Daylight: Street light present,Fine without high winds,Dry,None,None,1,Yes,E01003919,2005
11849,200501MM71216,534150.0,176250.0,-0.069999,51.469268,1,3,3,1,24/11/2005,5,21:34,8,E09000028,6,0,One way street,30,Giveway or uncontrolled,6,0,None within 50 metres,No physical crossing within 50 meters,Darkness: Street lights present and lit,Fine without high winds,Wet/Damp,None,None,1,Yes,E01004063,2005
11850,200501MM71217,532000.0,179050.0,-0.099889,51.494936,1,3,3,1,16/11/2005,4,07:45,8,E09000028,3,3,Roundabout,30,Giveway or uncontrolled,3,201,None within 50 metres,Footbridge or subway,Daylight: Street light present,Fine without high winds,Dry,None,None,1,Yes,E01003959,2005
11851,200501MM71218,533350.0,178570.0,-0.080635,51.490306,1,3,2,1,01/11/2005,3,09:05,8,E09000028,3,2,Single carriageway,30,Giveway or uncontrolled,6,0,None within 50 metres,Pedestrian phase at traffic signal junction,Daylight: Street light present,Fine without high winds,Dry,None,None,1,Yes,E01003966,2005
11852,200501MM71219,533120.0,173780.0,-0.085749,51.447314,1,3,2,1,22/11/2005,3,08:03,8,E09000028,5,0,Roundabout,30,Giveway or uncontrolled,6,0,None within 50 metres,No physical crossing within 50 meters,Daylight: Street light present,Fine without high winds,Dry,None,None,1,Yes,E01004075,2005
11853,200501MM71220,532570.0,176260.0,-0.09273,51.46973,1,3,2,1,22/11/2005,3,18:40,8,E09000028,3,215,Single carriageway,30,Giveway or uncontrolled,6,0,None within 50 metres,No physical crossing within 50 meters,Darkness: Street lights present and lit,Fine without high winds,Wet/Damp,None,None,1,Yes,E01003076,2005
11854,200501MM71221,533670.0,174470.0,-0.077578,51.453385,1,3,2,1,23/11/2005,4,17:30,8,E09000028,3,2216,Single carriageway,30,Giveway or uncontrolled,3,2216,None within 50 metres,No physical crossing within 50 meters,Daylight: Street light present,Fine without high winds,Frost/Ice,None,None,1,Yes,E01004072,2005
11855,200501MM71222,533390.0,172010.0,-0.082532,51.431344,1,3,1,1,23/11/2005,4,18:45,8,E09000028,6,0,Single carriageway,30,None,-1,0,None within 50 metres,No physical crossing within 50 meters,Darkness: Street lights present and lit,Fine without high winds,Dry,None,None,1,Yes,E01003947,2005
11856,200501MM71223,531910.0,179130.0,-0.101155,51.495676,1,2,1,1,24/11/2005,5,22:00,8,E09000028,3,201,Single carriageway,30,Automatic traffic signal,3,3,None within 50 metres,Pedestrian phase at traffic signal junction,Darkness: Street lighting unknown,Fine without high winds,Dry,None,None,1,Yes,E01003932,2005
11857,200501MM71224,532750.0,176710.0,-0.089971,51.473732,1,3,2,1,26/11/2005,7,19:15,8,E09000028,3,202,Single carriageway,30,Giveway or uncontrolled,6,0,None within 50 metres,No physical crossing within 50 meters,Darkness: Street lights present and lit,Fine without high winds,Dry,None,None,1,Yes,E01003913,2005
11858,200501MM71225,532470.0,176960.0,-0.093906,51.476044,1,3,2,1,25/11/2005,6,19:33,8,E09000028,3,215,Single carriageway,30,Giveway or uncontrolled,6,0,None within 50 metres,Pedestrian phase at traffic signal junction,Darkness: Street lights present and lit,Fine without high winds,Dry,None,None,1,Yes,E01003921,2005
11859,200501MM71226,533730.0,175320.0,-0.076394,51.46101,1,3,2,2,25/11/2005,6,08:05,8,E09000028,3,2216,Single carriageway,20,Giveway or uncontrolled,6,0,None within 50 metres,No physical crossing within 50 meters,Daylight: Street light present,Fine without high winds,Dry,None,None,1,Yes,E01003953,2005
11860,200501MM71227,535230.0,177290.0,-0.054062,51.478357,1,3,2,1,25/11/2005,6,15:26,8,E09000028,3,2,Single carriageway,30,Giveway or uncontrolled,6,0,None within 50 metres,No physical crossing within 50 meters,Daylight: Street light present,Fine without high winds,Dry,None,None,1,Yes,E01004003,2005
11861,200501MM71229,533320.0,178600.0,-0.081055,51.490582,1,2,2,1,04/11/2005,6,17:15,8,E09000028,3,2,Single carriageway,30,Giveway or uncontrolled,3,2,None within 50 metres,No physical crossing within 50 meters,Daylight: Street light present,Fine without high winds,Dry,None,None,1,No,E01003966,2005
11862,200501MM71230,531940.0,178860.0,-0.100824,51.493242,1,2,1,1,06/11/2005,1,03:01,8,E09000028,3,215,Roundabout,30,Giveway or uncontrolled,3,3,None within 50 metres,No physical crossing within 50 meters,Darkness: Street lights present and lit,Fine without high winds,Wet/Damp,None,None,1,Yes,E01003933,2005
11863,200501MM71231,533670.0,179890.0,-0.075529,51.502093,1,3,2,2,29/11/2005,3,13:50,8,E09000028,6,0,Single carriageway,30,Giveway or uncontrolled,6,0,None within 50 metres,No physical crossing within 50 meters,Daylight: Street light present,Fine without high winds,Wet/Damp,None,None,1,Yes,E01004025,2005
11864,200501MM71232,532510.0,179740.0,-0.092288,51.501018,1,3,2,1,20/09/2005,3,15:00,8,E09000028,5,0,Single carriageway,30,Giveway or uncontrolled,3,2198,None within 50 metres,Zebra crossing,Daylight: Street light present,Fine without high winds,Dry,None,None,1,No,E01003939,2005
11865,200501MM71233,533530.0,179910.0,-0.077537,51.502305,1,3,2,2,04/12/2005,1,18:30,8,E09000028,3,100,Single carriageway,30,Automatic traffic signal,3,200,None within 50 metres,No physical crossing within 50 meters,Darkness: Street lights present and lit,Fine without high winds,Dry,None,None,1,No,E01004027,2005
11866,200501MM71234,534370.0,177890.0,-0.06621,51.483954,1,3,2,1,06/11/2005,1,00:21,8,E09000028,3,2208,Dual carriageway,30,Automatic traffic signal,3,2,None within 50 metres,Pedestrian phase at traffic signal junction,Darkness: Street lights present and lit,Fine without high winds,Dry,None,None,1,Yes,E01003989,2005
11867,200501MM71235,535520.0,180250.0,-0.048753,51.504888,1,3,2,1,13/10/2005,5,00:55,8,E09000028,3,101,Dual carriageway,50,None,-1,0,None within 50 metres,No physical crossing within 50 meters,Darkness: Street lights present and lit,Fine without high winds,Dry,None,None,1,No,,2005
11868,200501MM71236,532740.0,172820.0,-0.091574,51.438776,1,3,2,1,18/10/2005,3,16:30,8,E09000028,3,2199,Single carriageway,30,Giveway or uncontrolled,6,0,None within 50 metres,No physical crossing within 50 meters,Daylight: Street light present,Fine without high winds,Dry,None,None,1,No,E01003951,2005
11869,200501MM71237,532740.0,175900.0,-0.090419,51.466455,1,2,2,1,14/11/2005,2,09:20,8,E09000028,3,215,Single carriageway,30,Giveway or uncontrolled,6,0,None within 50 metres,No physical crossing within 50 meters,Daylight: Street light present,Fine without high winds,Dry,None,None,1,No,E01003076,2005
11870,200501MM71238,533870.0,175850.0,-0.074179,51.46574,1,3,2,2,23/11/2005,4,11:06,8,E09000028,6,0,Single carriageway,30,Giveway or uncontrolled,6,0,None within 50 metres,No physical crossing within 50 meters,Daylight: Street light present,Fine without high winds,Dry,None,None,1,No,E01004046,2005
11871,200501MM71239,534480.0,173260.0,-0.066387,51.44232,1,3,2,1,24/11/2005,5,17:30,8,E09000028,3,205,Single carriageway,30,Giveway or uncontrolled,6,0,None within 50 metres,No physical crossing within 50 meters,Darkness: Street lights present and lit,Raining without high winds,Wet/Damp,None,None,1,No,E01003949,2005
11872,200501MM71240,533050.0,174240.0,-0.086583,51.451464,1,3,1,1,24/11/2005,5,08:40,8,E09000028,5,0,Single carriageway,30,None,-1,0,None within 50 metres,No physical crossing within 50 meters,Daylight: Street light present,Fine without high winds,Dry,None,None,1,Yes,E01004069,2005
11873,200501MM71242,531700.0,179460.0,-0.104056,51.49869,1,3,1,1,23/11/2005,4,12:00,8,E09000028,3,3202,Unknown,30,None,-1,0,None within 50 metres,Zebra crossing,Daylight: Street light present,Fine without high winds,Dry,None,None,1,Yes,E01003930,2005
11874,200501MM71243,534670.0,172850.0,-0.063811,51.43859,1,2,1,1,20/11/2005,1,22:38,7,E09000023,5,0,Single carriageway,30,None,-1,0,None within 50 metres,No physical crossing within 50 meters,Darkness: Street lights present and lit,Fog or mist,Wet/Damp,None,None,1,Yes,E01003945,2005
11875,200501MM71244,532220.0,178510.0,-0.096924,51.490032,1,3,1,1,20/11/2005,1,11:29,8,E09000028,3,215,Single carriageway,30,Giveway or uncontrolled,6,0,None within 50 metres,non-junction pedestrian crossing,Daylight: Street light present,Fine without high winds,Dry,None,None,1,Yes,E01003996,2005
11876,200501MM71245,532620.0,176540.0,-0.091905,51.472234,1,3,3,1,29/10/2005,7,15:50,8,E09000028,4,239,Single carriageway,30,Giveway or uncontrolled,6,0,None within 50 metres,No physical crossing within 50 meters,Daylight: Street light present,Fine without high winds,Dry,None,None,1,Yes,E01003913,2005
11877,200501MM71246,533490.0,179790.0,-0.078158,51.501236,1,3,2,1,28/10/2005,6,06:30,8,E09000028,3,100,Single carriageway,30,Automatic traffic signal,3,2207,None within 50 metres,Pedestrian phase at traffic signal junction,Darkness: Street lights present and lit,Raining without high winds,Wet/Damp,None,None,1,Yes,E01004027,2005
11878,200501MM71247,532100.0,176990.0,-0.09922,51.4764,1,3,2,1,26/10/2005,4,19:10,8,E09000028,3,202,Single carriageway,30,Giveway or uncontrolled,6,0,None within 50 metres,No physical crossing within 50 meters,Daylight: Street light present,Fine without high winds,Dry,None,None,1,Yes,E01003919,2005
11879,200501MM71248,533930.0,178130.0,-0.072452,51.486215,1,3,2,1,24/11/2005,5,14:20,8,E09000028,3,2,Single carriageway,30,Giveway or uncontrolled,6,0,None within 50 metres,No physical crossing within 50 meters,Daylight: Street light present,Fine with high winds,Wet/Damp,None,None,1,Yes,E01003964,2005
11880,200501MM71249,532690.0,176000.0,-0.091101,51.467365,1,3,3,1,28/11/2005,2,22:02,8,E09000028,3,2216,Single carriageway,30,Automatic traffic signal,3,215,None within 50 metres,Pedestrian phase at traffic signal junction,Darkness: Street lights present and lit,Fine without high winds,Dry,None,None,1,Yes,E01003076,2005
11881,200501MM71250,532400.0,178060.0,-0.094502,51.485946,1,3,2,1,29/11/2005,3,10:56,8,E09000028,6,0,Single carriageway,30,Giveway or uncontrolled,3,215,None within 50 metres,No physical crossing within 50 meters,Daylight: Street light present,Fine without high winds,Dry,None,None,1,Yes,E01003997,2005
11882,200501MM71252,533690.0,174590.0,-0.077245,51.454459,1,3,4,1,27/11/2005,1,20:52,8,E09000028,3,2216,Single carriageway,30,Giveway or uncontrolled,6,0,None within 50 metres,No physical crossing within 50 meters,Darkness: Street lights present and lit,Fine without high winds,Dry,None,None,1,Yes,E01004072,2005
11883,200501MM71253,530390.0,179660.0,-0.122843,51.500791,1,3,2,1,09/12/2005,6,18:05,1,E09000033,3,302,Dual carriageway,30,None,-1,0,None within 50 metres,No physical crossing within 50 meters,Darkness: Street lights present and lit,Fine without high winds,Dry,None,None,1,Yes,,2005
11884,200501MM71254,532450.0,179740.0,-0.093152,51.501032,1,3,2,1,03/12/2005,7,06:29,8,E09000028,3,2,Single carriageway,30,Automatic traffic signal,3,3,None within 50 metres,Pedestrian phase at traffic signal junction,Darkness: Street lights present and lit,Fine without high winds,Wet/Damp,None,None,1,Yes,E01003939,2005
11885,200501MM71256,534450.0,175110.0,-0.066116,51.458952,1,3,2,1,02/12/2005,6,16:02,8,E09000028,4,238,Single carriageway,30,Giveway or uncontrolled,4,219,None within 50 metres,Zebra crossing,Darkness: Street lights present and lit,Raining without high winds,Wet/Damp,None,None,1,Yes,E01004015,2005
11886,200501MM71257,531960.0,177120.0,-0.101186,51.477601,1,3,2,2,30/11/2005,4,10:20,9,E09000022,5,0,Single carriageway,30,Giveway or uncontrolled,5,0,None within 50 metres,No physical crossing within 50 meters,Daylight: Street light present,Fine without high winds,Dry,None,None,1,Yes,E01003926,2005
11887,200501MM71258,534250.0,178820.0,-0.067584,51.49234,1,3,2,1,27/11/2005,1,03:15,8,E09000028,3,2206,Single carriageway,30,Giveway or uncontrolled,6,0,None within 50 metres,No physical crossing within 50 meters,Darkness: Street lights present and lit,Unknown,Wet/Damp,None,None,1,Yes,E01004043,2005
11888,200501MM71259,534500.0,175010.0,-0.065435,51.458042,1,3,2,1,30/11/2005,4,17:14,8,E09000028,4,238,Single carriageway,30,None,-1,0,None within 50 metres,No physical crossing within 50 meters,Daylight: Street light present,Fine without high winds,Dry,None,None,1,Yes,E01004015,2005
11889,200501MM71260,534920.0,175740.0,-0.059115,51.464502,1,3,1,1,11/11/2005,6,22:40,8,E09000028,3,2214,Single carriageway,30,Giveway or uncontrolled,6,0,None within 50 metres,No physical crossing within 50 meters,Darkness: Street lights present and lit,Fine without high winds,Dry,None,None,1,Yes,E01004001,2005
11890,200501MM71261,534830.0,175710.0,-0.060421,51.464254,1,2,3,1,30/11/2005,4,16:41,8,E09000028,3,2214,Single carriageway,30,Automatic traffic signal,3,2214,None within 50 metres,Pedestrian phase at traffic signal junction,Darkness: Street lights present and lit,Fine without high winds,Dry,None,None,1,Yes,E01004001,2005
11891,200501MM71262,532170.0,180170.0,-0.097023,51.504961,1,3,1,1,29/11/2005,3,12:15,8,E09000028,3,3200,Single carriageway,30,Automatic traffic signal,6,0,None within 50 metres,Pedestrian phase at traffic signal junction,Daylight: Street light present,Fine without high winds,Dry,None,None,1,Yes,E01003929,2005
11892,200501MM71263,532700.0,177440.0,-0.090416,51.480304,1,3,2,1,30/09/2005,6,22:10,8,E09000028,4,217,Single carriageway,30,Giveway or uncontrolled,4,217,None within 50 metres,No physical crossing within 50 meters,Darkness: Street lights present and lit,Raining without high winds,Wet/Damp,None,None,1,Yes,E01003925,2005
11893,200501MM71264,532330.0,179350.0,-0.095026,51.497555,1,3,1,1,07/10/2005,6,21:05,8,E09000028,4,240,Single carriageway,30,Giveway or uncontrolled,6,0,None within 50 metres,Zebra crossing,Darkness: Street lights present and lit,Fine without high winds,Dry,None,None,1,Yes,E01003937,2005
11894,200501MM71265,533840.0,174960.0,-0.074948,51.457748,1,3,1,1,03/12/2005,7,15:10,8,E09000028,6,0,Single carriageway,30,Giveway or uncontrolled,3,2216,None within 50 metres,No physical crossing within 50 meters,Daylight: Street light present,Raining without high winds,Wet/Damp,None,None,1,No,E01003952,2005
11895,200501MM71267,534440.0,175760.0,-0.066013,51.464796,1,3,1,1,17/11/2005,5,23:45,8,E09000028,3,2215,Single carriageway,30,Giveway or uncontrolled,3,2215,None within 50 metres,No physical crossing within 50 meters,Darkness: Street lights present and lit,Fine without high winds,Dry,None,None,1,Yes,E01004064,2005
11896,200501MM71268,534450.0,176520.0,-0.06558,51.471623,1,3,3,1,10/11/2005,5,15:05,8,E09000028,6,0,Single carriageway,30,Giveway or uncontrolled,6,0,None within 50 metres,No physical crossing within 50 meters,Daylight: Street light present,Fine without high winds,Dry,None,None,1,Yes,E01004067,2005
11897,200501MM71269,535210.0,175070.0,-0.055198,51.458412,1,2,1,1,17/08/2005,4,23:25,8,E09000028,5,0,Single carriageway,30,Giveway or uncontrolled,6,0,None within 50 metres,No physical crossing within 50 meters,Darkness: Street lights present and lit,Fine without high winds,Dry,None,None,1,Yes,E01004015,2005
11898,200501MM71270,533860.0,177370.0,-0.073748,51.479402,1,3,3,1,16/08/2005,3,20:10,8,E09000028,6,0,Single carriageway,30,None,-1,0,None within 50 metres,No physical crossing within 50 meters,Darkness: Street lights present and lit,Fine without high winds,Dry,None,None,1,Yes,E01004007,2005
11899,200501MM71271,532440.0,179760.0,-0.093288,51.501214,1,3,1,1,06/11/2005,1,10:01,8,E09000028,3,3,Single carriageway,30,Automatic traffic signal,3,2,None within 50 metres,Pedestrian phase at traffic signal junction,Daylight: Street light present,Raining without high winds,Wet/Damp,None,None,1,Yes,E01003929,2005
11900,200501MM71274,532130.0,178710.0,-0.098145,51.49185,1,3,2,1,09/12/2005,6,16:20,8,E09000028,3,215,Single carriageway,30,Automatic traffic signal,6,0,None within 50 metres,No physical crossing within 50 meters,Darkness: Street lights present and lit,Fine without high winds,Dry,None,None,1,No,E01003996,2005
11901,200501MM71275,534320.0,175460.0,-0.067853,51.462128,1,3,2,1,26/11/2005,7,01:15,8,E09000028,3,2214,Single carriageway,30,Giveway or uncontrolled,6,0,None within 50 metres,No physical crossing within 50 meters,Darkness: Street lights present and lit,Raining without high winds,Wet/Damp,None,None,1,Yes,E01004021,2005
11902,200501MM71276,532820.0,178630.0,-0.088242,51.49097,1,2,1,1,29/11/2005,3,16:40,8,E09000028,5,0,Single carriageway,30,Giveway or uncontrolled,6,0,None within 50 metres,Zebra crossing,Darkness: Street lights present and lit,Fine without high winds,Wet/Damp,None,None,1,Yes,E01003961,2005
11903,200501MM71277,533730.0,178240.0,-0.07529,51.487251,1,3,3,2,12/06/2005,1,14:30,8,E09000028,3,2,Single carriageway,30,Giveway or uncontrolled,6,0,None within 50 metres,No physical crossing within 50 meters,Daylight: Street light present,Fine without high winds,Dry,None,None,1,Yes,E01003964,2005
11904,200501MM71278,532680.0,178210.0,-0.090415,51.487228,1,3,2,1,06/12/2005,3,19:05,8,E09000028,6,0,Single carriageway,30,Giveway or uncontrolled,6,0,None within 50 metres,No physical crossing within 50 meters,Darkness: Street lights present and lit,Fine without high winds,Dry,None,None,1,No,E01003973,2005
11905,200501MM71279,532980.0,180010.0,-0.085419,51.503334,1,2,2,3,03/12/2005,7,04:20,8,E09000028,3,200,One way street,30,Giveway or uncontrolled,6,0,None within 50 metres,No physical crossing within 50 meters,Darkness: Street lights present and lit,Other,Wet/Damp,None,None,1,Yes,E01003981,2005
11906,200501MM71280,534120.0,176700.0,-0.07026,51.473319,1,3,3,2,04/12/2005,1,04:45,8,E09000028,3,202,Single carriageway,30,Automatic traffic signal,3,2215,None within 50 metres,Pedestrian phase at traffic signal junction,Darkness: Street lights present and lit,Fine without high winds,Dry,None,None,1,Yes,E01004067,2005
11907,200501MM71281,532440.0,178960.0,-0.093589,51.494024,1,3,2,1,26/03/2005,7,23:45,8,E09000028,3,201,Single carriageway,30,None,-1,0,None within 50 metres,No physical crossing within 50 meters,Darkness: Street lights present and lit,Fine without high winds,Dry,None,None,1,No,E01003962,2005
11908,200501MM71282,532980.0,172630.0,-0.088194,51.437012,1,3,2,1,07/12/2005,4,17:42,8,E09000028,5,0,Single carriageway,30,None,-1,0,None within 50 metres,No physical crossing within 50 meters,Darkness: Street lights present and lit,Fine without high winds,Dry,None,None,1,Yes,E01003951,2005
11909,200501MM71284,532210.0,178510.0,-0.097068,51.490034,1,3,2,1,13/12/2005,3,19:30,8,E09000028,3,215,Single carriageway,30,Giveway or uncontrolled,6,0,None within 50 metres,non-junction pedestrian crossing,Darkness: Street lights present and lit,Fine without high winds,Dry,None,None,1,Yes,E01003996,2005
11910,200501MM71285,533390.0,179380.0,-0.079753,51.497576,1,3,2,1,13/12/2005,3,19:40,8,E09000028,3,100,Single carriageway,30,Automatic traffic signal,4,202,None within 50 metres,No physical crossing within 50 meters,Darkness: Street lights present and lit,Fine without high winds,Dry,None,None,1,Yes,E01003976,2005
11911,200501MM71286,532200.0,176930.0,-0.097803,51.475837,1,3,2,1,14/12/2005,4,22:19,8,E09000028,3,202,Single carriageway,30,Giveway or uncontrolled,6,0,None within 50 metres,No physical crossing within 50 meters,Darkness: Street lights present and lit,Fine without high winds,Dry,None,None,1,Yes,E01003919,2005
11912,200501MM71287,534490.0,177810.0,-0.064514,51.483206,1,3,2,1,14/12/2005,4,14:45,8,E09000028,3,2,Dual carriageway,40,None,-1,0,None within 50 metres,non-junction pedestrian crossing,Daylight: Street light present,Fine without high winds,Dry,None,None,1,Yes,E01003989,2005
11913,200501MM71288,533650.0,178570.0,-0.076316,51.490235,1,2,2,1,07/12/2005,4,11:12,8,E09000028,4,203,Single carriageway,30,Giveway or uncontrolled,4,203,None within 50 metres,No physical crossing within 50 meters,Daylight: Street light present,Fine without high winds,Dry,None,None,1,Yes,E01004040,2005
11914,200501MM71290,533550.0,179380.0,-0.07745,51.497538,1,3,2,1,10/12/2005,7,14:49,8,E09000028,4,202,Single carriageway,30,Giveway or uncontrolled,6,0,None within 50 metres,No physical crossing within 50 meters,Daylight: Street light present,Fine without high winds,Dry,None,None,1,Yes,E01003976,2005
11915,200501MM71292,534820.0,177530.0,-0.059871,51.480612,1,3,2,1,10/12/2005,7,12:17,8,E09000028,3,2,Single carriageway,30,Giveway or uncontrolled,5,0,None within 50 metres,No physical crossing within 50 meters,Daylight: Street light present,Fine without high winds,Dry,None,None,1,Yes,E01003984,2005
11916,200501MM71293,535290.0,179270.0,-0.05244,51.496136,1,3,2,1,01/08/2005,2,19:30,8,E09000028,3,200,Single carriageway,30,Automatic traffic signal,6,0,None within 50 metres,Pedestrian phase at traffic signal junction,Daylight: Street light present,Fine without high winds,Dry,None,None,1,No,E01004031,2005
11917,200501MM71294,532490.0,176750.0,-0.093697,51.474152,1,3,2,1,15/12/2005,5,09:24,8,E09000028,3,202,Single carriageway,30,Automatic traffic signal,3,215,None within 50 metres,Pedestrian phase at traffic signal junction,Daylight: Street light present,Fine without high winds,Dry,None,None,1,Yes,E01003921,2005
11918,200501MM71295,532370.0,174270.0,-0.096352,51.451893,1,3,2,1,09/10/2005,1,16:18,8,E09000028,6,0,Single carriageway,30,None,-1,0,None within 50 metres,No physical crossing within 50 meters,Daylight: Street light present,Fine without high winds,Dry,None,None,1,Yes,E01004074,2005
11919,200501MM71297,531640.0,180220.0,-0.104636,51.505534,1,3,2,1,08/12/2005,5,22:55,8,E09000028,3,201,Single carriageway,30,None,-1,0,None within 50 metres,non-junction pedestrian crossing,Darkness: Street lights present and lit,Raining without high winds,Wet/Damp,None,None,1,No,E01003934,2005
11920,200501MM71298,536580.0,179740.0,-0.033687,51.500049,1,3,2,1,06/12/2005,3,22:00,8,E09000028,6,0,Single carriageway,30,None,-1,0,None within 50 metres,No physical crossing within 50 meters,Darkness: Street lights present and lit,Fine without high winds,Dry,None,None,1,No,E01004056,2005
11921,200501MM71299,530410.0,177840.0,-0.123227,51.484431,1,3,2,1,27/11/2005,1,16:45,9,E09000022,3,203,Single carriageway,30,Giveway or uncontrolled,3,203,None within 50 metres,No physical crossing within 50 meters,Daylight: Street light present,Fine without high winds,Dry,None,None,1,No,E01003102,2005
11922,200501MM71301,534870.0,175720.0,-0.059842,51.464334,1,2,1,1,04/12/2005,1,18:41,8,E09000028,3,2214,Single carriageway,30,None,-1,0,None within 50 metres,Pedestrian phase at traffic signal junction,Darkness: Street lights present and lit,Fine without high winds,Dry,None,None,1,Yes,E01004001,2005
11923,200501MM71302,534820.0,175710.0,-0.060565,51.464256,1,3,2,1,09/12/2005,6,17:52,8,E09000028,3,2214,Single carriageway,30,Automatic traffic signal,5,0,None within 50 metres,Pedestrian phase at traffic signal junction,Darkness: Street lights present and lit,Fine without high winds,Dry,None,None,1,Yes,E01004064,2005
11924,200501MM71303,532650.0,176730.0,-0.091402,51.473935,1,3,1,1,10/12/2005,7,15:20,8,E09000028,3,202,Single carriageway,30,None,-1,0,None within 50 metres,No physical crossing within 50 meters,Daylight: Street light present,Fine without high winds,Dry,None,None,1,Yes,E01003921,2005
11925,200501MM71304,534130.0,177100.0,-0.069965,51.476911,1,3,1,1,11/12/2005,1,09:20,8,E09000028,4,215,Single carriageway,30,Giveway or uncontrolled,4,216,None within 50 metres,No physical crossing within 50 meters,Daylight: Street light present,Fine without high winds,Dry,None,None,1,Yes,E01004010,2005
11926,200501MM71305,532660.0,176740.0,-0.091255,51.474022,1,3,1,1,11/12/2005,1,07:26,8,E09000028,3,202,Single carriageway,30,None,-1,0,None within 50 metres,No physical crossing within 50 meters,Daylight: Street light present,Fine without high winds,Dry,None,None,1,Yes,E01003921,2005
11927,200501MM71307,533930.0,176730.0,-0.072983,51.473634,1,3,1,1,12/12/2005,2,15:15,8,E09000028,3,202,Single carriageway,30,None,-1,0,None within 50 metres,Zebra crossing,Daylight: Street light present,Fine without high winds,Dry,None,Other object in carriageway,1,Yes,E01004066,2005
11928,200501MM71309,532400.0,177670.0,-0.094648,51.482441,1,3,1,1,13/12/2005,3,17:50,8,E09000028,3,215,Single carriageway,30,None,-1,0,None within 50 metres,No physical crossing within 50 meters,Darkness: Street lights present and lit,Fine without high winds,Dry,None,None,1,Yes,E01003923,2005
11929,200501MM71310,534260.0,176770.0,-0.068219,51.473915,1,3,2,1,17/12/2005,7,12:30,8,E09000028,3,202,Single carriageway,30,Giveway or uncontrolled,6,0,None within 50 metres,non-junction pedestrian crossing,Daylight: Street light present,Fine without high winds,Dry,None,None,1,Yes,E01004010,2005
11930,200501MM71312,535170.0,179650.0,-0.054022,51.499579,1,3,2,1,20/12/2005,3,18:00,8,E09000028,3,2201,Single carriageway,30,Giveway or uncontrolled,6,0,None within 50 metres,No physical crossing within 50 meters,Darkness: Street lights present and lit,Fine without high winds,Dry,None,None,1,Yes,E01004033,2005
11931,200501MM71313,532440.0,177220.0,-0.094241,51.478388,1,3,1,1,14/12/2005,4,15:55,8,E09000028,3,215,Dual carriageway,30,None,-1,0,None within 50 metres,No physical crossing within 50 meters,Daylight: Street light present,Fine without high winds,Dry,None,None,1,Yes,E01003924,2005
11932,200501MM71314,532560.0,178960.0,-0.091861,51.493996,1,3,1,1,12/12/2005,2,08:40,8,E09000028,3,201,Single carriageway,30,Giveway or uncontrolled,6,0,None within 50 metres,non-junction pedestrian crossing,Daylight: Street light present,Fine without high winds,Wet/Damp,None,None,1,Yes,E01003962,2005
11933,200501MM71315,532450.0,177910.0,-0.093838,51.484586,1,3,2,1,11/12/2005,1,15:28,8,E09000028,3,215,Single carriageway,30,Giveway or uncontrolled,3,215,None within 50 metres,Zebra crossing,Daylight: Street light present,Fine without high winds,Dry,None,None,1,Yes,E01003969,2005
11934,200501MM71316,533680.0,175390.0,-0.077087,51.461651,1,3,1,1,07/12/2005,4,03:55,8,E09000028,3,2216,Single carriageway,30,Giveway or uncontrolled,6,0,None within 50 metres,non-junction pedestrian crossing,Darkness: Street lights present and lit,Fine without high winds,Wet/Damp,None,None,1,Yes,E01003953,2005
11935,200501MM71317,534240.0,178570.0,-0.067823,51.490095,1,3,1,1,05/12/2005,2,19:15,8,E09000028,6,0,Single carriageway,30,Giveway or uncontrolled,6,0,None within 50 metres,No physical crossing within 50 meters,Darkness: Street lights present and lit,Fine without high winds,Dry,None,Other object in carriageway,1,Yes,E01004043,2005
11936,200501MM71318,533390.0,175440.0,-0.08124,51.462168,1,3,1,1,03/12/2005,7,22:47,8,E09000028,3,2216,Single carriageway,30,None,-1,0,None within 50 metres,No physical crossing within 50 meters,Darkness: Street lights present and lit,Fine without high winds,Dry,None,None,1,Yes,E01004052,2005
11937,200501MM71319,534750.0,177580.0,-0.060859,51.481078,1,3,2,1,02/12/2005,6,12:30,8,E09000028,3,2,Dual carriageway,30,Giveway or uncontrolled,5,0,None within 50 metres,No physical crossing within 50 meters,Daylight: Street light present,Fine without high winds,Wet/Damp,None,None,1,Yes,E01003983,2005
11938,200501MM71320,533030.0,178780.0,-0.085162,51.492268,1,3,2,1,16/12/2005,6,09:45,8,E09000028,6,0,Single carriageway,30,Giveway or uncontrolled,6,0,None within 50 metres,No physical crossing within 50 meters,Daylight: Street light present,Fine without high winds,Dry,None,None,1,No,E01003961,2005
11939,200501MM71321,532510.0,175140.0,-0.094013,51.459679,1,2,2,1,28/09/2005,4,20:30,9,E09000022,3,215,Single carriageway,30,Automatic traffic signal,5,0,None within 50 metres,Pedestrian phase at traffic signal junction,Darkness: Street lights present and lit,Raining without high winds,Wet/Damp,None,None,1,No,E01003072,2005
11940,200501MM71323,532060.0,174070.0,-0.100885,51.450168,1,3,2,1,14/12/2005,4,13:00,9,E09000022,3,215,Dual carriageway,30,Automatic traffic signal,3,2199,None within 50 metres,No physical crossing within 50 meters,Daylight: Street light present,Fine without high winds,Dry,None,None,1,No,E01003074,2005
11941,200501MM71324,533140.0,176700.0,-0.084362,51.47355,1,3,2,1,15/12/2005,5,21:07,8,E09000028,3,202,Single carriageway,30,Giveway or uncontrolled,6,0,None within 50 metres,No physical crossing within 50 meters,Darkness: Street lights present and lit,Fine without high winds,Dry,None,None,1,Yes,E01003911,2005
11942,200501MM71325,533680.0,174430.0,-0.077449,51.453023,1,3,1,1,16/12/2005,6,17:20,8,E09000028,3,2216,Single carriageway,30,Giveway or uncontrolled,6,0,None within 50 metres,Zebra crossing,Darkness: Street lights present and lit,Fine without high winds,Dry,None,None,1,Yes,E01004072,2005
11943,200501MM71326,533740.0,174710.0,-0.076481,51.455525,1,3,2,1,16/12/2005,6,16:25,8,E09000028,3,2216,Single carriageway,30,Giveway or uncontrolled,6,0,None within 50 metres,No physical crossing within 50 meters,Darkness: Street lights present and lit,Fine without high winds,Dry,None,None,1,Yes,E01003952,2005
11944,200501MM71327,534770.0,178830.0,-0.060095,51.492306,1,3,2,2,18/12/2005,1,01:31,8,E09000028,3,2206,Single carriageway,30,Giveway or uncontrolled,6,0,None within 50 metres,No physical crossing within 50 meters,Darkness: Street lights present and lit,Fine without high winds,Dry,None,None,1,Yes,E01004024,2005
11945,200501MM71329,532400.0,178960.0,-0.094164,51.494034,1,3,2,1,20/12/2005,3,23:10,8,E09000028,3,201,Dual carriageway,20,Giveway or uncontrolled,4,240,None within 50 metres,Zebra crossing,Darkness: Street lighting unknown,Fine without high winds,Dry,None,None,1,Yes,E01003962,2005
11946,200501MM71330,534510.0,176780.0,-0.064618,51.473945,1,2,2,1,20/12/2005,3,19:00,8,E09000028,3,202,Dual carriageway,30,Automatic traffic signal,6,0,None within 50 metres,Pedestrian phase at traffic signal junction,Darkness: Street lights present and lit,Fine without high winds,Dry,None,None,1,Yes,E01003985,2005
11947,200501MM71331,532850.0,177390.0,-0.088276,51.479819,1,3,4,1,21/12/2005,4,08:46,8,E09000028,4,217,Single carriageway,30,Giveway or uncontrolled,6,0,None within 50 metres,No physical crossing within 50 meters,Daylight: Street light present,Fine without high winds,Dry,None,None,1,Yes,E01003925,2005
11948,200501MM71332,533370.0,176720.0,-0.081045,51.473676,1,3,2,1,11/12/2005,1,13:50,8,E09000028,3,202,Single carriageway,30,Giveway or uncontrolled,6,0,None within 50 metres,No physical crossing within 50 meters,Daylight: Street light present,Unknown,Dry,None,None,1,No,E01003914,2005
11949,200501MM71333,534710.0,178800.0,-0.06097,51.492051,1,3,2,1,12/12/2005,2,13:10,8,E09000028,5,0,Single carriageway,20,Giveway or uncontrolled,3,2206,None within 50 metres,No physical crossing within 50 meters,Daylight: Street light present,Fine without high winds,Dry,None,None,1,No,E01004042,2005
11950,200501MM71335,532280.0,177610.0,-0.096397,51.48193,1,3,2,1,25/12/2005,1,08:03,8,E09000028,6,0,Single carriageway,30,Giveway or uncontrolled,6,0,None within 50 metres,No physical crossing within 50 meters,Daylight: Street light present,Fine without high winds,Dry,None,None,1,No,E01003923,2005
11951,200501MM71336,533830.0,177670.0,-0.074066,51.482105,1,3,2,1,30/11/2005,4,09:40,8,E09000028,4,215,Single carriageway,30,Giveway or uncontrolled,6,0,None within 50 metres,No physical crossing within 50 meters,Daylight: Street light present,Fine without high winds,Dry,None,None,1,Yes,E01004014,2005
11952,200501MM71337,534980.0,176720.0,-0.057877,51.473294,1,3,1,1,14/12/2005,4,22:54,8,E09000028,3,202,Single carriageway,30,Giveway or uncontrolled,5,0,None within 50 metres,Zebra crossing,Darkness: Street lights present and lit,Fine without high winds,Dry,None,None,1,Yes,E01004005,2005
11953,200501MM71338,532240.0,180160.0,-0.096018,51.504855,1,3,2,1,10/12/2005,7,05:58,8,E09000028,3,3200,Single carriageway,30,Automatic traffic signal,3,300,None within 50 metres,Pedestrian phase at traffic signal junction,Darkness: Street lights present and lit,Fine without high winds,Wet/Damp,None,None,1,Yes,E01003929,2005
11954,200501MM71339,535180.0,178160.0,-0.054449,51.486187,1,3,2,1,22/12/2005,5,13:25,8,E09000028,5,0,Single carriageway,30,Giveway or uncontrolled,6,0,None within 50 metres,No physical crossing within 50 meters,Daylight: Street light present,Fine without high winds,Dry,None,None,1,Yes,E01003986,2005
11955,200501MM71340,532500.0,175130.0,-0.09416,51.459591,1,3,2,1,22/12/2005,5,10:53,9,E09000022,3,215,Single carriageway,30,Automatic traffic signal,5,0,None within 50 metres,Pedestrian phase at traffic signal junction,Daylight: Street light present,Fine without high winds,Dry,None,None,1,Yes,E01003072,2005
11956,200501MM71341,531650.0,180000.0,-0.104574,51.503555,1,3,1,1,22/12/2005,5,17:49,8,E09000028,3,201,Dual carriageway,30,Automatic traffic signal,4,300,None within 50 metres,No physical crossing within 50 meters,Darkness: Street lights present but unlit,Fine without high winds,Dry,None,None,1,Yes,E01003928,2005
11957,200501MM71342,534180.0,176090.0,-0.069628,51.467823,1,3,2,1,22/12/2005,5,14:36,8,E09000028,6,0,Single carriageway,30,Giveway or uncontrolled,6,0,None within 50 metres,No physical crossing within 50 meters,Daylight: Street light present,Fine without high winds,Dry,None,None,1,Yes,E01004063,2005
11958,200501MM71343,534890.0,178780.0,-0.058386,51.491828,1,3,2,2,30/12/2005,6,06:20,8,E09000028,3,2206,Single carriageway,30,Giveway or uncontrolled,6,0,None within 50 metres,No physical crossing within 50 meters,Darkness: Street lights present and lit,Raining without high winds,Wet/Damp,None,None,1,Yes,E01004035,2005
11959,200501MM71344,534790.0,177550.0,-0.060295,51.480798,1,3,2,1,30/12/2005,6,23:33,8,E09000028,3,2,Dual carriageway,30,Automatic traffic signal,5,0,None within 50 metres,No physical crossing within 50 meters,Darkness: Street lights present and lit,Fine without high winds,Dry,None,None,1,Yes,E01003988,2005
11960,200501MM71345,533600.0,176780.0,-0.077713,51.474161,1,3,1,1,27/12/2005,3,12:15,8,E09000028,3,202,Single carriageway,30,Giveway or uncontrolled,4,217,None within 50 metres,non-junction pedestrian crossing,Daylight: Street light present,Fine without high winds,Wet/Damp,None,None,1,Yes,E01004066,2005
11961,200501MM71346,533620.0,176780.0,-0.077425,51.474156,1,3,2,1,27/12/2005,3,13:30,8,E09000028,3,202,Single carriageway,30,Giveway or uncontrolled,4,217,None within 50 metres,No physical crossing within 50 meters,Daylight: Street light present,Fine without high winds,Dry,None,None,1,Yes,E01004066,2005
11962,200501MM71347,532410.0,177650.0,-0.094511,51.482259,1,3,2,1,22/11/2005,3,02:30,8,E09000028,4,214,Single carriageway,30,Automatic traffic signal,3,215,None within 50 metres,Pedestrian phase at traffic signal junction,Darkness: Street lights present and lit,Raining without high winds,Wet/Damp,None,None,1,Yes,E01003923,2005
11963,200501MM71348,534870.0,176750.0,-0.059449,51.47359,1,2,1,1,23/12/2005,6,13:05,8,E09000028,3,202,Single carriageway,30,None,-1,0,None within 50 metres,Zebra crossing,Daylight: Street light present,Fine without high winds,Dry,None,None,1,Yes,E01004005,2005
11964,200501MM71349,533840.0,174890.0,-0.074974,51.457119,1,3,3,3,25/12/2005,1,14:17,8,E09000028,6,0,Single carriageway,30,None,-1,0,None within 50 metres,No physical crossing within 50 meters,Daylight: Street light present,Fine without high winds,Dry,None,None,1,Yes,E01003954,2005
11965,200501MM71352,533130.0,177170.0,-0.084329,51.477776,1,3,2,1,22/12/2005,5,18:05,8,E09000028,6,0,Single carriageway,30,None,-1,0,None within 50 metres,No physical crossing within 50 meters,Darkness: Street lights present and lit,Fine without high winds,Dry,None,None,1,Yes,E01003917,2005
11966,200501MM71353,535330.0,176680.0,-0.052856,51.472851,1,3,2,1,24/12/2005,7,20:53,7,E09000023,3,202,Single carriageway,30,Automatic traffic signal,4,2227,None within 50 metres,Pedestrian phase at traffic signal junction,Darkness: Street lights present and lit,Fine without high winds,Wet/Damp,None,None,1,Yes,E01004004,2005
11967,200501MM71354,535040.0,175150.0,-0.057613,51.459171,1,3,2,1,13/09/2005,3,16:25,8,E09000028,5,0,Single carriageway,30,Giveway or uncontrolled,6,0,None within 50 metres,No physical crossing within 50 meters,Daylight: Street light present,Fine without high winds,Dry,None,None,1,No,E01004015,2005
11968,200501MM71355,531990.0,176330.0,-0.101049,51.470494,1,3,2,1,11/12/2005,1,13:50,9,E09000022,6,0,Single carriageway,30,Giveway or uncontrolled,6,0,None within 50 metres,No physical crossing within 50 meters,Daylight: Street light present,Fine without high winds,Dry,None,None,1,No,E01003075,2005
11969,200501MM71356,535000.0,179580.0,-0.056497,51.498991,1,3,2,1,19/12/2005,2,10:15,8,E09000028,3,200,Single carriageway,30,None,-1,0,None within 50 metres,No physical crossing within 50 meters,Daylight: Street light present,Fine without high winds,Dry,None,None,1,No,E01004034,2005
11970,200501MM71357,532360.0,178960.0,-0.09474,51.494043,1,2,2,1,09/12/2005,6,06:45,8,E09000028,3,201,Single carriageway,30,None,-1,0,None within 50 metres,Pedestrian phase at traffic signal junction,Darkness: Street lights present and lit,Fog or mist,Dry,None,None,1,No,E01003959,2005
11971,200501MM71358,533090.0,179090.0,-0.084182,51.49504,1,2,1,1,24/12/2005,7,16:30,8,E09000028,3,100,Single carriageway,30,Giveway or uncontrolled,3,2,None within 50 metres,No physical crossing within 50 meters,Darkness: Street lights present and lit,Fine without high winds,Dry,None,None,1,Yes,E01003941,2005
11972,200501MM71359,532530.0,176740.0,-0.093125,51.474053,1,3,2,1,12/12/2005,2,07:10,8,E09000028,3,202,Dual carriageway,30,Automatic traffic signal,3,215,None within 50 metres,Pedestrian phase at traffic signal junction,Darkness: Street lights present and lit,Fine without high winds,Dry,None,None,1,Yes,E01003921,2005
11973,200501MM71360,534180.0,177430.0,-0.06912,51.479865,1,3,2,1,26/12/2005,2,20:02,8,E09000028,6,0,Single carriageway,30,Giveway or uncontrolled,6,0,None within 50 metres,No physical crossing within 50 meters,Darkness: Street lights present and lit,Fine without high winds,Wet/Damp,None,None,1,Yes,E01003990,2005
11974,200501MM71363,531900.0,180260.0,-0.100877,51.505833,1,3,2,1,31/12/2005,7,02:01,8,E09000028,3,3200,Single carriageway,30,Automatic traffic signal,5,0,None within 50 metres,No physical crossing within 50 meters,Darkness: Street lights present and lit,Fine without high winds,Wet/Damp,None,None,1,Yes,E01003934,2005
11975,200501MM71364,532020.0,180210.0,-0.099168,51.505356,1,3,2,1,21/12/2005,4,17:39,8,E09000028,3,3200,Single carriageway,30,Giveway or uncontrolled,6,0,None within 50 metres,No physical crossing within 50 meters,Darkness: Street lights present and lit,Fine without high winds,Dry,None,None,1,Yes,E01003927,2005
11976,200501MM71366,532040.0,177030.0,-0.100068,51.476773,1,3,2,1,06/12/2005,3,09:10,9,E09000022,3,202,Single carriageway,30,Giveway or uncontrolled,3,202,None within 50 metres,No physical crossing within 50 meters,Daylight: Street light present,Fine without high winds,Dry,None,None,1,No,E01003919,2005
11977,200501MM71386,532400.0,178070.0,-0.094498,51.486036,1,3,2,1,05/05/2005,5,12:45,8,E09000028,3,215,Single carriageway,30,Giveway or uncontrolled,6,0,None within 50 metres,Zebra crossing,Daylight: Street light present,Fine without high winds,Dry,None,None,1,Yes,E01003994,2005
11978,200501MM79002,534390.0,173360.0,-0.067643,51.44324,1,3,2,1,23/12/2005,6,23:30,8,E09000028,3,205,Single carriageway,30,Automatic traffic signal,3,2216,None within 50 metres,No physical crossing within 50 meters,Darkness: Street lights present and lit,Fine without high winds,Dry,None,None,1,No,E01003950,2005
11979,200501MM79020,532860.0,177780.0,-0.087986,51.483322,1,3,2,1,11/11/2005,6,06:05,8,E09000028,4,214,Single carriageway,30,Giveway or uncontrolled,6,0,None within 50 metres,No physical crossing within 50 meters,Darkness: Street lights present and lit,Fine without high winds,Dry,None,None,1,Yes,E01003970,2005
11980,200501MM79035,532380.0,178960.0,-0.094452,51.494038,1,3,2,1,17/10/2005,2,15:00,8,E09000028,3,201,Single carriageway,30,Giveway or uncontrolled,6,0,None within 50 metres,non-junction pedestrian crossing,Daylight: Street light present,Fine without high winds,Dry,None,None,1,No,E01003959,2005
11981,200501MM79049,532680.0,180190.0,-0.089671,51.505022,1,2,2,1,09/10/2005,1,18:00,8,E09000028,3,3,Single carriageway,30,Automatic traffic signal,3,3,None within 50 metres,Pedestrian phase at traffic signal junction,Daylight: Street light present,Fine without high winds,Dry,None,None,1,Yes,E01003929,2005
11982,200501MM79055,533270.0,178660.0,-0.081753,51.491133,1,3,2,1,06/10/2005,5,14:00,8,E09000028,3,2,Single carriageway,30,None,-1,0,None within 50 metres,No physical crossing within 50 meters,Daylight: Street light present,Fine without high winds,Dry,None,None,1,No,E01003961,2005
11983,200501MM79098,534150.0,176710.0,-0.069825,51.473402,1,3,2,1,31/12/2005,7,14:00,8,E09000028,3,202,Single carriageway,30,Automatic traffic signal,3,2215,None within 50 metres,No physical crossing within 50 meters,Daylight: Street light present,Fine without high winds,Dry,None,None,1,No,E01004067,2005
11984,200501MM79111,533990.0,174020.0,-0.073146,51.449266,1,3,2,1,17/12/2005,7,01:00,8,E09000028,4,219,Single carriageway,30,Giveway or uncontrolled,6,0,None within 50 metres,No physical crossing within 50 meters,Darkness: Street lights present and lit,Unknown,Normal,None,None,1,No,E01003958,2005
11985,200501MM79116,532030.0,179290.0,-0.099368,51.497086,1,3,2,1,29/11/2005,3,08:45,8,E09000028,3,3,Single carriageway,30,Giveway or uncontrolled,3,300,None within 50 metres,No physical crossing within 50 meters,Daylight: Street light present,Fine without high winds,Dry,None,None,1,Yes,E01003927,2005
11986,200501MM79148,534520.0,179470.0,-0.06345,51.498117,1,3,2,1,11/11/2005,6,15:30,8,E09000028,3,200,Dual carriageway,30,Giveway or uncontrolled,6,0,None within 50 metres,non-junction pedestrian crossing,Daylight: Street light present,Fine without high winds,Dry,None,None,1,Yes,E01004023,2005
11987,200501MM79240,534950.0,178440.0,-0.057652,51.488758,1,3,1,1,10/12/2005,7,14:30,8,E09000028,5,0,Single carriageway,30,Giveway or uncontrolled,3,2208,None within 50 metres,No physical crossing within 50 meters,Daylight: Street light present,Fine without high winds,Dry,None,None,1,Yes,E01004037,2005
11988,200501PL60049,535650.0,171460.0,-0.050251,51.425865,1,3,1,1,09/01/2005,1,18:00,7,E09000023,3,212,Single carriageway,30,None,-1,0,None within 50 metres,non-junction pedestrian crossing,Darkness: Street lights present and lit,Fine without high winds,Wet/Damp,None,None,1,Yes,E01003327,2005
11989,200501PL60056,535900.0,174890.0,-0.045342,51.456629,1,3,2,1,04/01/2005,3,06:35,8,E09000028,6,0,Single carriageway,30,Giveway or uncontrolled,6,0,None within 50 metres,No physical crossing within 50 meters,Darkness: Street lights present and lit,Fine without high winds,Dry,None,None,1,No,E01004016,2005
11990,200501PL60064,536660.0,171760.0,-0.035617,51.428319,1,3,1,1,04/01/2005,3,15:56,7,E09000023,6,0,Single carriageway,30,Giveway or uncontrolled,3,2218,None within 50 metres,No physical crossing within 50 meters,Daylight: Street light present,Fine without high winds,Dry,None,None,1,Yes,E01003190,2005
11991,200501PL60065,537220.0,173440.0,-0.026917,51.443281,1,3,2,1,11/01/2005,3,08:06,7,E09000023,3,205,Single carriageway,30,Automatic traffic signal,3,205,None within 50 metres,Pedestrian phase at traffic signal junction,Daylight: Street light present,Fine without high winds,Dry,None,None,1,Yes,E01003317,2005
11992,200501PL60066,536120.0,176210.0,-0.041669,51.468438,1,3,2,1,04/01/2005,3,16:45,7,E09000023,6,0,Single carriageway,30,Giveway or uncontrolled,6,0,None within 50 metres,No physical crossing within 50 meters,Darkness: Street lights present and lit,Raining without high winds,Wet/Damp,None,None,1,Yes,E01003344,2005
11993,200501PL60067,536660.0,171760.0,-0.035617,51.428319,1,2,2,2,04/01/2005,3,15:55,7,E09000023,3,2218,One way street,30,Giveway or uncontrolled,6,0,None within 50 metres,No physical crossing within 50 meters,Darkness: Street lights present and lit,Fine without high winds,Dry,None,None,1,Yes,E01003190,2005
11994,200501PL60068,535430.0,177080.0,-0.051264,51.476422,1,3,2,1,05/01/2005,4,09:38,7,E09000023,3,2,One way street,30,None,-1,0,None within 50 metres,No physical crossing within 50 meters,Daylight: Street light present,Fine without high winds,Wet/Damp,None,None,1,Yes,E01003338,2005
11995,200501PL60069,537890.0,174420.0,-0.0169,51.451925,1,3,3,1,11/01/2005,3,14:22,7,E09000023,3,21,Single carriageway,30,Giveway or uncontrolled,6,0,None within 50 metres,non-junction pedestrian crossing,Daylight: Street light present,Raining without high winds,Wet/Damp,Road surface defective,None,1,Yes,E01003322,2005
11996,200501PL60070,537550.0,173100.0,-0.022303,51.440145,1,2,1,1,09/01/2005,1,16:36,7,E09000023,5,0,Single carriageway,30,Giveway or uncontrolled,6,0,None within 50 metres,No physical crossing within 50 meters,Darkness: Street lights present and lit,Raining without high winds,Wet/Damp,None,None,1,Yes,E01003318,2005
11997,200501PL60071,539380.0,173710.0,0.004249,51.44518,1,3,2,1,07/01/2005,6,19:45,7,E09000023,3,205,Single carriageway,30,Automatic traffic signal,5,0,None within 50 metres,No physical crossing within 50 meters,Darkness: Street lights present and lit,Fine without high winds,Dry,None,None,1,Yes,E01003220,2005
11998,200501PL60072,537720.0,173740.0,-0.01961,51.445855,1,3,1,1,08/01/2005,7,19:59,7,E09000023,3,21,One way street,30,Automatic traffic signal,3,21,None within 50 metres,Pedestrian phase at traffic signal junction,Darkness: Street lights present and lit,Fine without high winds,Dry,None,None,1,Yes,E01003318,2005
11999,200501PL60075,538470.0,173330.0,-0.008985,51.441988,1,3,1,1,09/01/2005,1,00:40,7,E09000023,5,0,Single carriageway,30,Giveway or uncontrolled,6,0,None within 50 metres,Zebra crossing,Darkness: Street lights present and lit,Fine without high winds,Dry,None,None,1,Yes,E01003216,2005
12000,200501PL60076,537400.0,173560.0,-0.024282,51.444315,1,2,1,1,14/01/2005,6,07:55,7,E09000023,3,205,Single carriageway,30,Giveway or uncontrolled,6,0,None within 50 metres,No physical crossing within 50 meters,Daylight: Street light present,Fine without high winds,Dry,None,None,1,Yes,E01003318,2005
12001,200501PL60078,540600.0,172120.0,0.021162,51.430591,1,3,2,1,01/01/2005,7,12:12,7,E09000023,5,0,Single carriageway,30,Automatic traffic signal,3,2212,None within 50 metres,Pedestrian phase at traffic signal junction,Daylight: Street light present,Fine without high winds,Dry,None,None,1,Yes,E01003236,2005
12002,200501PL60079,538140.0,172640.0,-0.013999,51.435868,1,3,2,1,05/01/2005,4,11:45,7,E09000023,6,0,Single carriageway,30,None,-1,0,None within 50 metres,No physical crossing within 50 meters,Daylight: Street light present,Fine without high winds,Dry,None,None,1,Yes,E01003223,2005
12003,200501PL60080,536580.0,176900.0,-0.034784,51.474528,1,3,1,1,09/01/2005,1,07:55,7,E09000023,3,20,Single carriageway,30,Automatic traffic signal,3,20,None within 50 metres,Pedestrian phase at traffic signal junction,Daylight: Street light present,Fine without high winds,Dry,None,None,1,Yes,E01003215,2005
12004,200501PL60081,538620.0,176700.0,-0.005508,51.472235,1,3,2,1,20/01/2005,5,23:30,7,E09000023,3,2,Single carriageway,30,Giveway or uncontrolled,3,2,None within 50 metres,non-junction pedestrian crossing,Darkness: Street lights present and lit,Raining without high winds,Wet/Damp,Permanent sign or marking defective or obscured,None,1,Yes,E01003204,2005
12005,200501PL60082,536630.0,172420.0,-0.035794,51.434257,1,2,2,1,07/01/2005,6,17:25,7,E09000023,3,212,Single carriageway,30,Giveway or uncontrolled,6,0,None within 50 metres,No physical crossing within 50 meters,Darkness: Street lights present and lit,Fine without high winds,Dry,None,None,1,Yes,E01003193,2005
12006,200501PL60083,536920.0,173300.0,-0.031285,51.442095,1,3,2,1,06/01/2005,5,18:10,7,E09000023,3,205,Single carriageway,30,Automatic traffic signal,6,0,None within 50 metres,No physical crossing within 50 meters,Darkness: Street lights present and lit,Fine without high winds,Dry,None,None,1,No,E01003321,2005
12007,200501PL60085,538060.0,172060.0,-0.015375,51.430675,1,3,2,1,20/01/2005,5,18:00,7,E09000023,3,21,Single carriageway,30,None,-1,0,None within 50 metres,No physical crossing within 50 meters,Darkness: Street lights present and lit,Fine without high winds,Dry,None,None,1,No,E01003352,2005
12008,200501PL60087,535420.0,177180.0,-0.05137,51.477323,1,3,2,1,25/01/2005,3,10:30,7,E09000023,3,2,Single carriageway,30,Automatic traffic signal,3,2,None within 50 metres,No physical crossing within 50 meters,Daylight: Street light present,Fine without high winds,Wet/Damp,None,None,1,No,E01003338,2005
12009,200501PL60088,536490.0,175790.0,-0.036508,51.464575,1,2,1,1,20/01/2005,5,11:25,7,E09000023,4,218,Single carriageway,30,Giveway or uncontrolled,6,0,None within 50 metres,No physical crossing within 50 meters,Daylight: Street light present,Fine without high winds,Wet/Damp,None,None,1,Yes,E01003214,2005
12010,200501PL60090,536650.0,175700.0,-0.034241,51.463728,1,3,2,1,20/01/2005,5,07:20,7,E09000023,6,0,Single carriageway,30,None,-1,0,None within 50 metres,No physical crossing within 50 meters,Darkness: Street lights present and lit,Fine without high winds,Dry,None,None,1,No,E01003214,2005
12011,200501PL60091,535780.0,176870.0,-0.046308,51.474451,1,3,2,1,11/01/2005,3,17:00,7,E09000023,3,2,Single carriageway,30,Automatic traffic signal,3,2,None within 50 metres,Pedestrian phase at traffic signal junction,Darkness: Street lights present and lit,Raining without high winds,Wet/Damp,None,None,1,No,E01003338,2005
12012,200501PL60093,539960.0,174190.0,0.012779,51.44935,1,3,2,1,11/01/2005,3,21:03,7,E09000023,3,2212,Single carriageway,30,Giveway or uncontrolled,6,0,None within 50 metres,No physical crossing within 50 meters,Darkness: Street lights present and lit,Fine without high winds,Dry,None,None,1,Yes,E01003285,2005
12013,200501PL60094,536530.0,175620.0,-0.035998,51.463038,1,3,2,1,12/01/2005,4,15:10,7,E09000023,4,218,Single carriageway,30,None,-1,0,None within 50 metres,No physical crossing within 50 meters,Daylight: Street light present,Fine without high winds,Dry,None,None,1,Yes,E01003214,2005
12014,200501PL60095,536120.0,173550.0,-0.042692,51.444534,1,3,1,1,12/01/2005,4,08:35,7,E09000023,4,218,Single carriageway,30,Giveway or uncontrolled,6,0,None within 50 metres,No physical crossing within 50 meters,Daylight: Street light present,Fine without high winds,Dry,None,None,1,Yes,E01003229,2005
12015,200501PL60096,537150.0,176470.0,-0.026749,51.470526,1,3,2,2,14/01/2005,6,21:00,7,E09000023,5,0,Single carriageway,30,None,-1,0,None within 50 metres,No physical crossing within 50 meters,Darkness: Street lights present and lit,Fine without high winds,Dry,None,None,1,Yes,E01003208,2005
12016,200501PL60098,536190.0,171510.0,-0.04247,51.426185,1,3,3,1,13/01/2005,5,13:00,7,E09000023,3,212,Single carriageway,30,Giveway or uncontrolled,6,0,None within 50 metres,No physical crossing within 50 meters,Daylight: Street light present,Fine without high winds,Dry,None,None,1,Yes,E01003326,2005
12017,200501PL60100,534700.0,172710.0,-0.063432,51.437325,1,3,1,2,14/01/2005,6,13:14,7,E09000023,5,0,Roundabout,30,Giveway or uncontrolled,5,0,None within 50 metres,No physical crossing within 50 meters,Daylight: Street light present,Fine without high winds,Dry,None,None,1,Yes,E01003257,2005
12018,200501PL60101,538170.0,175280.0,-0.012538,51.459585,1,3,2,1,19/01/2005,4,12:00,7,E09000023,3,21,Dual carriageway,30,Giveway or uncontrolled,3,21,None within 50 metres,Pedestrian phase at traffic signal junction,Daylight: Street light present,Fine without high winds,Dry,None,None,1,Yes,E01003289,2005
12019,200501PL60102,537850.0,175840.0,-0.016923,51.464695,1,3,1,1,17/01/2005,2,17:00,7,E09000023,3,20,Single carriageway,30,Giveway or uncontrolled,6,0,None within 50 metres,No physical crossing within 50 meters,Darkness: Street lights present and lit,Raining without high winds,Wet/Damp,None,None,1,Yes,E01003296,2005
12020,200501PL60103,535870.0,176590.0,-0.045121,51.471913,1,3,1,1,14/01/2005,6,18:40,7,E09000023,6,0,Single carriageway,30,Giveway or uncontrolled,6,0,None within 50 metres,No physical crossing within 50 meters,Darkness: Street lights present and lit,Fine without high winds,Dry,None,None,1,Yes,E01003339,2005
12021,200501PL60104,540100.0,173850.0,0.014658,51.44626,1,3,2,1,16/01/2005,1,22:38,7,E09000023,3,205,Dual carriageway,30,Automatic traffic signal,3,2212,None within 50 metres,Pedestrian phase at traffic signal junction,Darkness: Street lights present and lit,Fine without high winds,Dry,None,None,1,Yes,E01003280,2005
12022,200501PL60105,537540.0,176030.0,-0.021309,51.466478,1,3,3,1,19/01/2005,4,07:25,7,E09000023,3,20,Dual carriageway,30,Giveway or uncontrolled,6,0,None within 50 metres,No physical crossing within 50 meters,Darkness: Street lights present but unlit,Fine without high winds,Wet/Damp,None,None,1,Yes,E01003278,2005
12023,200501PL60108,535510.0,171310.0,-0.052321,51.424551,1,2,1,1,16/01/2005,1,02:00,7,E09000023,3,213,Single carriageway,30,None,-1,0,None within 50 metres,No physical crossing within 50 meters,Darkness: Street lights present and lit,Fine without high winds,Wet/Damp,None,None,1,Yes,E01003327,2005
12024,200501PL60109,537190.0,177080.0,-0.025937,51.475998,1,3,2,2,21/01/2005,6,08:30,7,E09000023,3,2209,Single carriageway,30,None,-1,0,None within 50 metres,No physical crossing within 50 meters,Daylight: Street light present,Fine without high winds,Dry,None,None,1,Yes,E01003304,2005
12025,200501PL60110,537290.0,173510.0,-0.025883,51.443893,1,3,2,2,23/01/2005,1,11:09,7,E09000023,5,0,Single carriageway,30,Giveway or uncontrolled,3,205,None within 50 metres,No physical crossing within 50 meters,Daylight: Street light present,Fine without high winds,Dry,None,None,1,Yes,E01003318,2005
12026,200501PL60112,536990.0,176990.0,-0.02885,51.475238,1,3,2,1,23/01/2005,1,15:30,7,E09000023,3,2,Single carriageway,30,Giveway or uncontrolled,4,218,None within 50 metres,No physical crossing within 50 meters,Daylight: Street light present,Fine without high winds,Dry,None,None,1,Yes,E01003215,2005
12027,200501PL60113,538950.0,173360.0,-0.002071,51.44214,1,3,1,1,25/01/2005,3,19:45,7,E09000023,5,0,Single carriageway,30,Automatic traffic signal,5,0,None within 50 metres,Pedestrian phase at traffic signal junction,Darkness: Street lights present and lit,Fine without high winds,Dry,None,None,1,Yes,E01003224,2005
12028,200501PL60114,541010.0,172490.0,0.027203,51.433814,1,3,3,1,24/01/2005,2,18:02,7,E09000023,5,0,Single carriageway,30,Giveway or uncontrolled,6,0,None within 50 metres,No physical crossing within 50 meters,Darkness: Street lights present and lit,Fine without high winds,Dry,None,None,1,Yes,E01003264,2005
12029,200501PL60115,536990.0,176980.0,-0.028854,51.475148,1,3,1,1,25/01/2005,3,22:55,7,E09000023,4,218,Single carriageway,30,Giveway or uncontrolled,3,2,None within 50 metres,No physical crossing within 50 meters,Darkness: Street lights present and lit,Fine without high winds,Wet/Damp,None,None,1,Yes,E01003215,2005
12030,200501PL60116,537280.0,173510.0,-0.026027,51.443895,1,3,2,1,26/01/2005,4,07:30,7,E09000023,3,205,Single carriageway,30,Giveway or uncontrolled,5,0,None within 50 metres,No physical crossing within 50 meters,Daylight: Street light present,Fine without high winds,Dry,None,None,1,Yes,E01003317,2005
12031,200501PL60117,536720.0,177770.0,-0.032433,51.482313,1,3,3,1,10/01/2005,2,17:00,7,E09000023,6,0,Single carriageway,30,Giveway or uncontrolled,6,0,None within 50 metres,No physical crossing within 50 meters,Darkness: Street lights present and lit,Raining without high winds,Wet/Damp,None,None,1,Yes,E01003252,2005
12032,200501PL60118,538740.0,173670.0,-0.004969,51.444977,1,3,1,1,28/01/2005,6,19:55,7,E09000023,3,205,Single carriageway,30,None,-1,0,None within 50 metres,No physical crossing within 50 meters,Darkness: Street lights present and lit,Raining without high winds,Wet/Damp,None,None,1,Yes,E01003224,2005
12033,200501PL60119,539460.0,176150.0,0.006361,51.467086,1,3,2,1,31/01/2005,2,13:15,7,E09000023,4,212,One way street,30,Giveway or uncontrolled,6,0,None within 50 metres,No physical crossing within 50 meters,Daylight: Street light present,Fine without high winds,Dry,None,None,1,No,E01003200,2005
12034,200501PL60121,535860.0,171650.0,-0.04716,51.427522,1,3,1,1,18/01/2005,3,14:17,7,E09000023,6,0,Single carriageway,30,None,-1,0,None within 50 metres,No physical crossing within 50 meters,Daylight: Street light present,Fine without high winds,Dry,None,None,1,Yes,E01003327,2005
12035,200501PL60123,535740.0,176950.0,-0.046853,51.47518,1,3,1,1,30/01/2005,1,06:55,7,E09000023,3,2,Dual carriageway,30,Automatic traffic signal,3,202,None within 50 metres,Pedestrian phase at traffic signal junction,Darkness: Street lights present and lit,Fine without high winds,Dry,None,None,1,Yes,E01003338,2005
12036,200501PL60124,538040.0,174920.0,-0.014548,51.456381,1,3,2,1,17/01/2005,2,23:35,7,E09000023,3,21,Single carriageway,30,Automatic traffic signal,4,236,None within 50 metres,Pedestrian phase at traffic signal junction,Darkness: Street lights present and lit,Raining without high winds,Wet/Damp,None,None,1,Yes,E01003289,2005
12037,200501PL60125,535570.0,172610.0,-0.050962,51.436219,1,3,1,1,21/01/2005,6,14:03,7,E09000023,4,227,Single carriageway,30,None,-1,0,None within 50 metres,No physical crossing within 50 meters,Daylight: Street light present,Fine without high winds,Dry,None,None,1,Yes,E01003309,2005
12038,200501PL60126,537160.0,175020.0,-0.027167,51.457494,1,3,1,2,28/01/2005,6,18:35,7,E09000023,6,0,Single carriageway,30,None,-1,0,None within 50 metres,No physical crossing within 50 meters,Darkness: Street lights present and lit,Fine without high winds,Wet/Damp,None,Other object in carriageway,1,Yes,E01003276,2005
12039,200501PL60127,537890.0,174280.0,-0.016955,51.450667,1,3,2,1,26/01/2005,4,08:10,7,E09000023,3,21,Single carriageway,30,Giveway or uncontrolled,6,0,None within 50 metres,No physical crossing within 50 meters,Daylight: Street light present,Fine without high winds,Wet/Damp,None,None,1,Yes,E01003322,2005
12040,200501PL60128,539850.0,174980.0,0.01151,51.456477,1,3,2,1,19/01/2005,4,18:15,7,E09000023,3,20,Single carriageway,30,Automatic traffic signal,4,212,None within 50 metres,No physical crossing within 50 meters,Darkness: Street lights present and lit,Raining without high winds,Wet/Damp,None,None,1,Yes,E01003286,2005
12041,200501PL60129,536530.0,176960.0,-0.035481,51.475079,1,3,2,1,19/01/2005,4,20:20,7,E09000023,3,20,Single carriageway,30,None,-1,0,None within 50 metres,No physical crossing within 50 meters,Darkness: Street lights present and lit,Raining without high winds,Wet/Damp,None,None,1,Yes,E01003215,2005
12042,200501PL60130,536950.0,175650.0,-0.029944,51.463206,1,3,3,2,31/01/2005,2,09:41,7,E09000023,6,0,Single carriageway,30,Giveway or uncontrolled,6,0,None within 50 metres,No physical crossing within 50 meters,Daylight: Street light present,Fine without high winds,Dry,None,None,1,Yes,E01003213,2005
12043,200501PL60131,536640.0,176640.0,-0.034022,51.472177,1,3,1,1,27/01/2005,5,15:57,7,E09000023,6,0,Single carriageway,30,Giveway or uncontrolled,6,0,Control by school crossing patrol,No physical crossing within 50 meters,Daylight: Street light present,Fine without high winds,Dry,None,None,1,Yes,E01003209,2005
12044,200501PL60132,538180.0,175780.0,-0.012198,51.464075,1,3,2,1,04/02/2005,6,09:42,7,E09000023,3,20,Roundabout,30,Giveway or uncontrolled,3,21,None within 50 metres,No physical crossing within 50 meters,Daylight: Street light present,Fine without high winds,Dry,None,None,1,Yes,E01003296,2005
12045,200501PL60133,535550.0,171480.0,-0.051681,51.426069,1,3,2,1,23/01/2005,1,20:30,7,E09000023,3,212,Single carriageway,30,Giveway or uncontrolled,6,0,None within 50 metres,non-junction pedestrian crossing,Darkness: Street lights present and lit,Fine without high winds,Dry,None,None,1,No,E01003327,2005
12046,200501PL60134,536510.0,175890.0,-0.036182,51.465469,1,3,2,1,28/01/2005,6,11:35,7,E09000023,4,218,Roundabout,30,Giveway or uncontrolled,4,2142,None within 50 metres,Zebra crossing,Daylight: Street light present,Raining without high winds,Wet/Damp,None,None,1,No,E01003212,2005
12047,200501PL60135,539210.0,175190.0,0.002386,51.458521,1,3,1,1,29/01/2005,7,11:55,7,E09000023,3,20,Single carriageway,30,None,-1,0,None within 50 metres,non-junction pedestrian crossing,Daylight: Street light present,Fine without high winds,Dry,None,None,1,No,E01003282,2005
12048,200501PL60136,541310.0,172240.0,0.031417,51.431492,1,3,1,2,30/01/2005,1,03:22,7,E09000023,4,226,Single carriageway,30,Automatic traffic signal,5,0,None within 50 metres,Pedestrian phase at traffic signal junction,Darkness: Street lights present and lit,Fine without high winds,Wet/Damp,None,None,1,Yes,E01003265,2005
12049,200501PL60137,535300.0,171530.0,-0.055256,51.426578,1,3,1,1,20/01/2005,5,16:55,7,E09000023,3,212,Single carriageway,30,None,-1,0,None within 50 metres,non-junction pedestrian crossing,Darkness: Street lights present and lit,Raining without high winds,Wet/Damp,None,None,1,Yes,E01003334,2005
12050,200501PL60138,539720.0,174980.0,0.00964,51.456509,1,3,2,1,27/01/2005,5,14:30,7,E09000023,3,20,Single carriageway,30,Giveway or uncontrolled,6,0,None within 50 metres,No physical crossing within 50 meters,Daylight: Street light present,Raining without high winds,Wet/Damp,None,None,1,No,E01003286,2005
12051,200501PL60140,538040.0,174920.0,-0.014548,51.456381,1,3,2,1,23/01/2005,1,22:23,7,E09000023,3,21,Dual carriageway,30,Automatic traffic signal,4,236,None within 50 metres,Pedestrian phase at traffic signal junction,Darkness: Street lights present and lit,Fine without high winds,Dry,None,None,1,Yes,E01003289,2005
12052,200501PL60141,536330.0,174400.0,-0.039345,51.452122,1,3,4,1,21/01/2005,6,03:50,7,E09000023,4,218,Single carriageway,30,Giveway or uncontrolled,6,0,None within 50 metres,non-junction pedestrian crossing,Darkness: Street lights present and lit,Other,Wet/Damp,None,None,1,Yes,E01003232,2005
12053,200501PL60143,537970.0,175810.0,-0.015208,51.464396,1,3,2,1,29/01/2005,7,17:20,7,E09000023,3,20,Single carriageway,30,Giveway or uncontrolled,6,0,None within 50 metres,non-junction pedestrian crossing,Darkness: Street lights present and lit,Raining without high winds,Wet/Damp,None,None,1,Yes,E01003296,2005
12054,200501PL60144,540610.0,172130.0,0.02131,51.430678,1,3,1,1,31/01/2005,2,10:30,7,E09000023,3,2212,Single carriageway,30,Automatic traffic signal,5,0,None within 50 metres,Pedestrian phase at traffic signal junction,Daylight: Street light present,Fine without high winds,Dry,None,None,1,No,E01003265,2005
12055,200501PL60145,539500.0,172300.0,0.00542,51.43248,1,3,2,1,26/01/2005,4,22:16,7,E09000023,5,0,Single carriageway,30,Giveway or uncontrolled,6,0,None within 50 metres,No physical crossing within 50 meters,Darkness: Street lights present and lit,Raining without high winds,Wet/Damp,None,None,1,Yes,E01003346,2005
12056,200501PL60146,538040.0,174930.0,-0.014544,51.456471,1,3,2,2,29/01/2005,7,21:30,7,E09000023,3,21,Single carriageway,30,Automatic traffic signal,4,236,None within 50 metres,Pedestrian phase at traffic signal junction,Darkness: Street lights present and lit,Fine without high winds,Dry,None,None,1,No,E01003289,2005
12057,200501PL60147,537740.0,173790.0,-0.019303,51.4463,1,3,1,1,25/01/2005,3,15:52,7,E09000023,3,21,Single carriageway,30,Automatic traffic signal,3,21,None within 50 metres,Pedestrian phase at traffic signal junction,Daylight: Street light present,Fine without high winds,Dry,None,None,1,Yes,E01003318,2005
12058,200501PL60148,535150.0,174110.0,-0.056428,51.449799,1,3,2,1,08/02/2005,3,14:30,8,E09000028,4,238,Single carriageway,30,Automatic traffic signal,6,0,None within 50 metres,Pedestrian phase at traffic signal junction,Daylight: Street light present,Fine without high winds,Dry,None,None,1,No,E01003260,2005
12059,200501PL60149,537180.0,177020.0,-0.026104,51.475461,1,3,1,1,07/01/2005,6,15:50,7,E09000023,3,2209,Single carriageway,30,None,-1,0,None within 50 metres,No physical crossing within 50 meters,Daylight: Street light present,Fine without high winds,Dry,None,None,1,No,E01003304,2005
12060,200501PL60150,536780.0,171750.0,-0.033896,51.4282,1,3,2,1,06/01/2005,5,06:15,7,E09000023,3,2218,Single carriageway,30,None,-1,0,None within 50 metres,No physical crossing within 50 meters,Darkness: Street lights present and lit,Fine without high winds,Dry,None,None,1,No,E01003190,2005
12061,200501PL60152,536740.0,175580.0,-0.032992,51.462628,1,2,2,1,07/01/2005,6,19:50,7,E09000023,5,0,Single carriageway,30,Giveway or uncontrolled,6,0,None within 50 metres,No physical crossing within 50 meters,Darkness: Street lights present and lit,Fine without high winds,Dry,None,None,1,Yes,E01003214,2005
12062,200501PL60153,537760.0,175900.0,-0.018194,51.465256,1,3,2,1,05/02/2005,7,07:02,7,E09000023,3,20,One way street,30,Giveway or uncontrolled,6,0,None within 50 metres,No physical crossing within 50 meters,Daylight: Street light present,Fine without high winds,Dry,None,None,1,Yes,E01003278,2005
12063,200501PL60154,535470.0,171480.0,-0.052831,51.426088,1,2,1,1,14/02/2005,2,15:20,7,E09000023,3,213,Single carriageway,30,Automatic traffic signal,3,212,None within 50 metres,Pedestrian phase at traffic signal junction,Daylight: Street light present,Fine without high winds,Dry,None,None,1,Yes,E01003328,2005
12064,200501PL60155,536730.0,171770.0,-0.034607,51.428392,1,3,2,1,07/02/2005,2,13:35,7,E09000023,3,2218,Single carriageway,30,Giveway or uncontrolled,3,2218,None within 50 metres,No physical crossing within 50 meters,Daylight: Street light present,Fine without high winds,Dry,None,None,1,Yes,E01003190,2005
12065,200501PL60156,537160.0,176920.0,-0.026431,51.474568,1,2,1,2,09/02/2005,4,11:15,7,E09000023,6,0,One way street,30,None,-1,0,None within 50 metres,No physical crossing within 50 meters,Daylight: Street light present,Fine without high winds,Dry,None,None,1,Yes,E01003207,2005
12066,200501PL60157,540070.0,171550.0,0.013318,51.4256,1,3,2,1,14/02/2005,2,20:18,7,E09000023,5,0,Single carriageway,30,Giveway or uncontrolled,6,0,None within 50 metres,No physical crossing within 50 meters,Darkness: Street lights present and lit,Fine without high winds,Dry,None,None,1,Yes,E01003237,2005
12067,200501PL60159,540090.0,173840.0,0.014511,51.446173,1,3,2,1,09/02/2005,4,15:36,7,E09000023,3,205,Dual carriageway,40,Automatic traffic signal,3,2212,None within 50 metres,Pedestrian phase at traffic signal junction,Daylight: Street light present,Fine without high winds,Dry,None,None,1,Yes,E01003280,2005
12068,200501PL60160,538270.0,175730.0,-0.010923,51.463604,1,3,2,2,07/02/2005,2,15:42,7,E09000023,3,21,Single carriageway,30,Giveway or uncontrolled,6,0,None within 50 metres,No physical crossing within 50 meters,Daylight: Street light present,Fine without high winds,Dry,None,None,1,Yes,E01003296,2005
12069,200501PL60161,538200.0,175270.0,-0.01211,51.459487,1,3,2,1,11/02/2005,6,06:00,7,E09000023,3,21,Roundabout,30,Automatic traffic signal,3,21,None within 50 metres,No physical crossing within 50 meters,Darkness: Street lights present and lit,Raining without high winds,Wet/Damp,None,None,1,Yes,E01003289,2005
12070,200501PL60162,537690.0,173050.0,-0.02031,51.439662,1,3,2,2,06/02/2005,1,09:53,7,E09000023,5,0,Single carriageway,30,Giveway or uncontrolled,3,21,None within 50 metres,No physical crossing within 50 meters,Daylight: Street light present,Fine without high winds,Dry,None,None,1,Yes,E01003318,2005
12071,200501PL60164,536560.0,178150.0,-0.034589,51.485766,1,3,3,1,10/02/2005,5,12:45,7,E09000023,3,200,Single carriageway,30,Giveway or uncontrolled,6,0,None within 50 metres,No physical crossing within 50 meters,Daylight: Street light present,Fine without high winds,Dry,None,None,1,No,E01003248,2005
12072,200501PL60165,536820.0,176640.0,-0.031432,51.472134,1,3,2,1,10/02/2005,5,21:15,7,E09000023,3,20,Single carriageway,30,Automatic traffic signal,4,218,None within 50 metres,Pedestrian phase at traffic signal junction,Darkness: Street lights present and lit,Raining without high winds,Wet/Damp,None,None,1,No,E01003210,2005
12073,200501PL60166,538220.0,175780.0,-0.011623,51.464066,1,3,2,1,15/02/2005,3,17:45,7,E09000023,3,20,Roundabout,30,Giveway or uncontrolled,3,21,None within 50 metres,No physical crossing within 50 meters,Darkness: Street lights present and lit,Fine without high winds,Dry,None,None,1,No,E01003296,2005
12074,200501PL60167,535360.0,171520.0,-0.054397,51.426474,1,3,2,1,18/02/2005,6,12:45,7,E09000023,3,212,Single carriageway,30,Giveway or uncontrolled,6,0,None within 50 metres,No physical crossing within 50 meters,Daylight: Street light present,Fine without high winds,Dry,None,None,1,No,E01003328,2005
12075,200501PL60168,537880.0,174090.0,-0.017173,51.448962,1,3,2,1,08/02/2005,3,08:00,7,E09000023,3,21,Single carriageway,30,Giveway or uncontrolled,6,0,None within 50 metres,No physical crossing within 50 meters,Daylight: Street light present,Fine without high winds,Dry,None,None,1,Yes,E01003325,2005
12076,200501PL60169,535940.0,176840.0,-0.044017,51.474143,1,3,2,1,19/02/2005,7,20:07,7,E09000023,3,2,Dual carriageway,30,None,-1,0,None within 50 metres,No physical crossing within 50 meters,Darkness: Street lights present and lit,Fine without high winds,Dry,None,None,1,Yes,E01003340,2005
12077,200501PL60170,537320.0,176930.0,-0.024124,51.474619,1,3,2,1,07/02/2005,2,13:16,7,E09000023,3,2,Dual carriageway,30,Automatic traffic signal,3,2209,None within 50 metres,No physical crossing within 50 meters,Daylight: Street light present,Fine without high winds,Dry,None,None,1,Yes,E01003306,2005
12078,200501PL60171,539490.0,174210.0,0.006028,51.449646,1,3,1,1,14/02/2005,2,10:00,7,E09000023,6,0,Single carriageway,30,None,-1,0,None within 50 metres,No physical crossing within 50 meters,Daylight: Street light present,Fine without high winds,Dry,None,None,1,Yes,E01003281,2005
12079,200501PL60172,534970.0,172190.0,-0.059748,51.432588,1,3,2,1,08/02/2005,3,16:17,7,E09000023,3,2216,Single carriageway,30,None,-1,0,None within 50 metres,No physical crossing within 50 meters,Daylight: Street light present,Fine without high winds,Dry,None,None,1,Yes,E01003259,2005
12080,200501PL60173,536930.0,177650.0,-0.029458,51.481183,1,3,1,2,13/02/2005,1,15:40,7,E09000023,6,0,Single carriageway,30,Giveway or uncontrolled,6,0,None within 50 metres,No physical crossing within 50 meters,Daylight: Street light present,Fine without high winds,Dry,None,None,1,Yes,E01003253,2005
12081,200501PL60174,536610.0,178070.0,-0.033901,51.485035,1,3,1,1,20/02/2005,1,14:53,7,E09000023,3,200,Dual carriageway,30,None,-1,0,None within 50 metres,No physical crossing within 50 meters,Daylight: Street light present,Fine without high winds,Dry,None,None,1,Yes,E01003248,2005
12082,200501PL60175,538220.0,171820.0,-0.013168,51.42848,1,3,2,1,18/02/2005,6,21:17,7,E09000023,3,21,Dual carriageway,30,Automatic traffic signal,5,0,None within 50 metres,No physical crossing within 50 meters,Darkness: Street lights present and lit,Fine without high winds,Dry,None,None,1,Yes,E01003241,2005
12083,200501PL60176,539610.0,176100.0,0.008499,51.4666,1,3,2,1,05/02/2005,7,11:55,7,E09000023,4,212,One way street,30,None,-1,0,None within 50 metres,Zebra crossing,Daylight: Street light present,Fine without high winds,Dry,None,None,1,Yes,E01003200,2005
12084,200501PL60177,537350.0,173550.0,-0.025004,51.444238,1,3,2,1,14/02/2005,2,17:20,7,E09000023,3,205,Single carriageway,30,None,-1,0,None within 50 metres,Pedestrian phase at traffic signal junction,Darkness: Street lights present and lit,Fine without high winds,Dry,None,None,1,Yes,E01003318,2005
12085,200501PL60178,540280.0,172090.0,0.01655,51.4304,1,3,3,1,17/02/2005,5,18:30,7,E09000023,5,0,Single carriageway,30,None,-1,0,None within 50 metres,No physical crossing within 50 meters,Darkness: Street lights present and lit,Raining without high winds,Wet/Damp,None,None,1,Yes,E01003236,2005
12086,200501PL60179,537850.0,172640.0,-0.018168,51.435939,1,3,3,1,15/02/2005,3,12:56,7,E09000023,3,21,Dual carriageway,30,Automatic traffic signal,6,0,None within 50 metres,No physical crossing within 50 meters,Daylight: Street light present,Fine without high winds,Dry,None,None,1,Yes,E01003221,2005
12087,200501PL60180,537250.0,173530.0,-0.02645,51.444082,1,3,2,1,13/02/2005,1,11:38,7,E09000023,5,0,Single carriageway,30,None,-1,0,None within 50 metres,No physical crossing within 50 meters,Daylight: Street light present,Fine without high winds,Dry,None,None,1,Yes,E01003317,2005
12088,200501PL60181,539610.0,173750.0,0.007572,51.445483,1,3,2,1,17/02/2005,5,10:00,7,E09000023,3,205,Single carriageway,30,Giveway or uncontrolled,6,0,None within 50 metres,No physical crossing within 50 meters,Daylight: Street light present,Fine without high winds,Dry,None,None,1,Yes,E01003268,2005
12089,200501PL60182,538220.0,171820.0,-0.013168,51.42848,1,3,2,4,19/02/2005,7,20:50,7,E09000023,3,21,Single carriageway,30,Automatic traffic signal,5,0,None within 50 metres,Pedestrian phase at traffic signal junction,Darkness: Street lights present and lit,Fine without high winds,Dry,None,None,1,Yes,E01003241,2005
12090,200501PL60183,535080.0,171810.0,-0.058312,51.429147,1,3,2,1,19/02/2005,7,18:30,7,E09000023,3,2216,Single carriageway,30,Giveway or uncontrolled,6,0,None within 50 metres,No physical crossing within 50 meters,Darkness: Street lights present and lit,Fine without high winds,Dry,None,None,1,Yes,E01003334,2005
12091,200501PL60184,537640.0,175980.0,-0.019889,51.466004,1,3,2,1,20/02/2005,1,14:15,7,E09000023,3,20,Single carriageway,30,Giveway or uncontrolled,6,0,None within 50 metres,No physical crossing within 50 meters,Daylight: Street light present,Fine without high winds,Dry,None,None,1,Yes,E01003278,2005
12092,200501PL60185,537910.0,174500.0,-0.016582,51.452639,1,3,2,1,22/02/2005,3,09:01,7,E09000023,3,21,Single carriageway,30,Giveway or uncontrolled,6,0,None within 50 metres,No physical crossing within 50 meters,Daylight: Street light present,Snowing without high winds,Snow,None,None,1,Yes,E01003291,2005
12093,200501PL60186,537880.0,174160.0,-0.017145,51.449591,1,3,2,1,23/02/2005,4,15:25,7,E09000023,3,21,Single carriageway,30,Giveway or uncontrolled,6,0,None within 50 metres,No physical crossing within 50 meters,Daylight: Street light present,Fine without high winds,Dry,None,None,1,Yes,E01003324,2005
12094,200501PL60187,539340.0,175200.0,0.00426,51.458579,1,3,2,1,01/02/2005,3,19:15,7,E09000023,3,20,Single carriageway,30,None,-1,0,None within 50 metres,non-junction pedestrian crossing,Darkness: Street lights present and lit,Fine without high winds,Dry,None,None,1,Yes,E01003283,2005
12095,200501PL60188,537600.0,173670.0,-0.021363,51.445255,1,3,1,1,06/02/2005,1,23:50,7,E09000023,6,0,Single carriageway,30,None,-1,0,None within 50 metres,No physical crossing within 50 meters,Darkness: Street lights present and lit,Fine without high winds,Dry,None,None,1,Yes,E01003318,2005
12096,200501PL60189,538000.0,172130.0,-0.01621,51.431319,1,3,1,1,21/02/2005,2,17:20,7,E09000023,3,21,Single carriageway,30,Giveway or uncontrolled,6,0,None within 50 metres,No physical crossing within 50 meters,Darkness: Street lights present and lit,Snowing without high winds,Snow,None,None,1,Yes,E01003352,2005
12097,200501PL60190,539970.0,174910.0,0.013208,51.455818,1,3,2,1,23/02/2005,4,10:45,6,E09000011,3,20,Single carriageway,30,Giveway or uncontrolled,6,0,None within 50 metres,No physical crossing within 50 meters,Daylight: Street light present,Fine without high winds,Wet/Damp,None,None,1,Yes,E01003286,2005
12098,200501PL60191,539420.0,175760.0,0.005632,51.463592,1,3,2,1,23/02/2005,4,09:40,7,E09000023,4,220,Single carriageway,30,Giveway or uncontrolled,6,0,None within 50 metres,No physical crossing within 50 meters,Daylight: Street light present,Fine without high winds,Dry,None,None,1,Yes,E01003202,2005
12099,200501PL60192,535870.0,172480.0,-0.046698,51.434979,1,3,2,1,25/02/2005,6,11:09,7,E09000023,4,227,Roundabout,30,Giveway or uncontrolled,6,0,None within 50 metres,No physical crossing within 50 meters,Daylight: Street light present,Snowing without high winds,Snow,None,None,1,Yes,E01003309,2005
12100,200501PL60194,537550.0,173610.0,-0.022105,51.444728,1,3,1,1,28/02/2005,2,11:29,7,E09000023,3,205,Single carriageway,30,Automatic traffic signal,3,205,None within 50 metres,Pedestrian phase at traffic signal junction,Daylight: Street light present,Fine without high winds,Dry,None,None,1,Yes,E01003318,2005
12101,200501PL60195,537040.0,176390.0,-0.028363,51.469834,1,3,1,1,31/01/2005,2,09:02,7,E09000023,3,20,Single carriageway,30,None,-1,0,None within 50 metres,non-junction pedestrian crossing,Daylight: Street light present,Fine without high winds,Dry,None,None,1,Yes,E01003210,2005
12102,200501PL60199,539270.0,171550.0,0.001818,51.425797,1,3,2,2,18/02/2005,6,20:08,7,E09000023,5,0,Single carriageway,30,None,-1,0,None within 50 metres,No physical crossing within 50 meters,Darkness: Street lights present and lit,Other,Wet/Damp,None,None,1,Yes,E01003240,2005
12103,200501PL60200,540790.0,173340.0,0.024378,51.441506,1,3,4,1,01/03/2005,3,21:35,7,E09000023,6,0,Single carriageway,30,None,-1,0,None within 50 metres,No physical crossing within 50 meters,Darkness: Street lights present and lit,Fine without high winds,Dry,None,None,1,Yes,E01003271,2005
12104,200501PL60201,536540.0,174680.0,-0.036217,51.454588,1,3,2,1,01/03/2005,3,10:45,7,E09000023,5,0,Single carriageway,30,None,-1,0,None within 50 metres,No physical crossing within 50 meters,Daylight: Street light present,Raining without high winds,Wet/Damp,None,None,1,Yes,E01003233,2005
12105,200501PL60202,538040.0,174920.0,-0.014548,51.456381,1,3,1,1,03/03/2005,5,16:38,7,E09000023,3,21,Single carriageway,30,Automatic traffic signal,4,236,None within 50 metres,Pedestrian phase at traffic signal junction,Daylight: Street light present,Fine without high winds,Dry,None,None,1,Yes,E01003289,2005
12106,200501PL60203,537360.0,176720.0,-0.02363,51.472722,1,2,1,1,04/03/2005,6,08:44,7,E09000023,5,0,Single carriageway,30,Giveway or uncontrolled,3,2210,None within 50 metres,No physical crossing within 50 meters,Daylight: Street light present,Snowing without high winds,Snow,None,None,1,Yes,E01003208,2005
12107,200501PL60204,539720.0,175320.0,0.009774,51.459564,1,3,1,1,04/03/2005,6,18:12,7,E09000023,4,212,Single carriageway,30,None,-1,0,None within 50 metres,Central refuge,Darkness: Street lights present and lit,Fine without high winds,Wet/Damp,None,None,1,Yes,E01003202,2005
12108,200501PL60206,540600.0,172120.0,0.021162,51.430591,1,2,2,1,02/02/2005,4,18:14,7,E09000023,3,2212,Single carriageway,30,Automatic traffic signal,5,0,None within 50 metres,No physical crossing within 50 meters,Darkness: Street lights present and lit,Fine without high winds,Dry,None,None,1,Yes,E01003236,2005
12109,200501PL60207,535890.0,171840.0,-0.046656,51.429223,1,3,1,1,28/02/2005,2,15:45,7,E09000023,6,0,Single carriageway,30,None,-1,0,None within 50 metres,non-junction pedestrian crossing,Daylight: Street light present,Fine without high winds,Dry,None,None,1,Yes,E01003313,2005
12110,200501PL60208,537820.0,171530.0,-0.019031,51.425971,1,3,5,3,18/02/2005,6,09:05,7,E09000023,3,2218,Dual carriageway,30,Automatic traffic signal,3,2218,None within 50 metres,No physical crossing within 50 meters,Daylight: Street light present,Fine without high winds,Wet/Damp,None,None,1,Yes,E01003192,2005
12111,200501PL60226,535800.0,173280.0,-0.047398,51.442185,1,3,1,1,17/01/2005,2,18:35,7,E09000023,3,205,Single carriageway,30,Giveway or uncontrolled,3,205,None within 50 metres,Central refuge,Darkness: Street lights present and lit,Fine without high winds,Dry,None,None,1,No,E01003315,2005
12112,200501PL60227,537140.0,177660.0,-0.026431,51.481222,1,3,2,1,17/03/2005,5,19:30,7,E09000023,3,2209,Single carriageway,30,Giveway or uncontrolled,3,200,None within 50 metres,Zebra crossing,Darkness: Street lights present and lit,Fine without high winds,Dry,None,None,1,Yes,E01003253,2005
12113,200501PL60228,537400.0,174960.0,-0.023738,51.456896,1,3,1,1,01/03/2005,3,16:22,7,E09000023,4,236,Single carriageway,30,None,-1,0,None within 50 metres,No physical crossing within 50 meters,Daylight: Street light present,Raining without high winds,Wet/Damp,None,None,1,Yes,E01003274,2005
12114,200501PL60229,536700.0,173310.0,-0.034444,51.442238,1,3,1,1,01/03/2005,3,10:05,7,E09000023,3,205,Single carriageway,30,None,-1,0,None within 50 metres,non-junction pedestrian crossing,Daylight: Street light present,Raining without high winds,Wet/Damp,None,None,1,Yes,E01003230,2005
12115,200501PL60230,537690.0,173050.0,-0.02031,51.439662,1,3,2,1,03/03/2005,5,08:02,7,E09000023,3,21,Single carriageway,30,Giveway or uncontrolled,5,0,None within 50 metres,No physical crossing within 50 meters,Daylight: Street light present,Fine without high winds,Dry,None,None,1,Yes,E01003318,2005
12116,200501PL60231,538220.0,171820.0,-0.013168,51.42848,1,3,3,1,03/03/2005,5,12:56,7,E09000023,5,0,Single carriageway,30,Automatic traffic signal,3,21,None within 50 metres,Pedestrian phase at traffic signal junction,Daylight: Street light present,Fine without high winds,Dry,None,None,1,Yes,E01003241,2005
12117,200501PL60232,538120.0,171940.0,-0.014559,51.429582,1,3,1,1,03/03/2005,5,13:29,7,E09000023,3,21,Single carriageway,30,None,-1,0,None within 50 metres,Central refuge,Daylight: Street light present,Fine without high winds,Dry,None,None,1,Yes,E01003352,2005
12118,200501PL60233,539710.0,175550.0,0.009721,51.461633,1,3,1,1,19/02/2005,7,00:49,7,E09000023,4,212,Single carriageway,30,Giveway or uncontrolled,6,0,None within 50 metres,No physical crossing within 50 meters,Darkness: Street lights present and lit,Fine without high winds,Dry,None,None,1,Yes,E01003202,2005
12119,200501PL60234,534310.0,171460.0,-0.069514,51.426184,1,3,2,1,25/02/2005,6,18:55,7,E09000023,3,212,Single carriageway,30,Giveway or uncontrolled,6,0,None within 50 metres,No physical crossing within 50 meters,Darkness: Street lights present and lit,Fine without high winds,Dry,None,None,1,Yes,E01003332,2005
12120,200501PL60235,540140.0,173860.0,0.015238,51.44634,1,3,2,1,27/02/2005,1,13:55,7,E09000023,3,205,Dual carriageway,30,None,-1,0,None within 50 metres,No physical crossing within 50 meters,Daylight: Street light present,Fine without high winds,Dry,None,None,1,Yes,E01003269,2005
12121,200501PL60236,540070.0,173880.0,0.014239,51.446537,1,3,1,1,02/03/2005,4,14:24,7,E09000023,3,2212,Single carriageway,30,None,-1,0,None within 50 metres,No physical crossing within 50 meters,Daylight: Street light present,Raining without high winds,Wet/Damp,None,None,1,Yes,E01003280,2005
12122,200501PL60237,536300.0,176970.0,-0.038787,51.475225,1,3,1,1,02/03/2005,4,21:52,7,E09000023,3,2,Single carriageway,30,Giveway or uncontrolled,6,0,None within 50 metres,No physical crossing within 50 meters,Darkness: Street lights present and lit,Fine without high winds,Dry,None,None,1,Yes,E01003303,2005
12123,200501PL60238,538210.0,175780.0,-0.011767,51.464068,1,3,2,1,27/02/2005,1,12:25,7,E09000023,3,21,Roundabout,30,Automatic traffic signal,3,20,None within 50 metres,No physical crossing within 50 meters,Daylight: Street light present,Fine without high winds,Dry,None,None,1,No,E01003296,2005
12124,200501PL60239,536580.0,176920.0,-0.034777,51.474708,1,3,2,1,27/02/2005,1,04:40,7,E09000023,3,20,One way street,30,Automatic traffic signal,3,20,None within 50 metres,Pedestrian phase at traffic signal junction,Darkness: Street lights present and lit,Fine without high winds,Dry,None,None,1,No,E01003215,2005
12125,200501PL60240,536580.0,176920.0,-0.034777,51.474708,1,3,2,1,27/02/2005,1,04:10,7,E09000023,3,20,One way street,30,Automatic traffic signal,3,20,None within 50 metres,Pedestrian phase at traffic signal junction,Darkness: Street lights present and lit,Fine without high winds,Dry,None,None,1,No,E01003215,2005
12126,200501PL60243,537160.0,176260.0,-0.026687,51.468637,1,2,2,1,05/03/2005,7,16:58,7,E09000023,3,20,Single carriageway,30,Giveway or uncontrolled,6,0,None within 50 metres,No physical crossing within 50 meters,Daylight: Street light present,Fine without high winds,Dry,None,None,1,Yes,E01003211,2005
12127,200501PL60244,535230.0,174060.0,-0.055297,51.449331,1,3,2,1,05/03/2005,7,10:55,8,E09000028,4,238,Single carriageway,30,Giveway or uncontrolled,6,0,None within 50 metres,No physical crossing within 50 meters,Daylight: Street light present,Fine without high winds,Wet/Damp,None,None,1,Yes,E01004017,2005
12128,200501PL60245,536980.0,176460.0,-0.029199,51.470478,1,3,2,1,05/03/2005,7,18:15,7,E09000023,3,20,Single carriageway,30,Giveway or uncontrolled,6,0,None within 50 metres,No physical crossing within 50 meters,Darkness: Street lights present and lit,Fine without high winds,Wet/Damp,None,None,1,Yes,E01003210,2005
12129,200501PL60246,539510.0,175200.0,0.006706,51.458537,1,3,2,1,07/03/2005,2,19:15,7,E09000023,3,20,Single carriageway,30,Giveway or uncontrolled,6,0,None within 50 metres,No physical crossing within 50 meters,Daylight: Street light present,Raining without high winds,Wet/Damp,None,None,1,Yes,E01003202,2005
12130,200501PL60248,537300.0,176200.0,-0.024696,51.468064,1,3,2,1,18/03/2005,6,10:47,7,E09000023,3,20,Single carriageway,30,Giveway or uncontrolled,6,0,None within 50 metres,No physical crossing within 50 meters,Daylight: Street light present,Fine without high winds,Dry,None,None,1,Yes,E01003211,2005
12131,200501PL60249,538280.0,175390.0,-0.010912,51.460546,1,3,1,2,08/03/2005,3,12:45,7,E09000023,3,21,Single carriageway,30,Giveway or uncontrolled,6,0,None within 50 metres,No physical crossing within 50 meters,Daylight: Street light present,Fine without high winds,Dry,None,None,1,Yes,E01003289,2005
12132,200501PL60250,537470.0,176090.0,-0.022292,51.467034,1,3,2,1,09/03/2005,4,07:15,7,E09000023,3,20,Single carriageway,30,Giveway or uncontrolled,6,0,None within 50 metres,No physical crossing within 50 meters,Daylight: Street light present,Fine without high winds,Wet/Damp,None,None,1,Yes,E01003277,2005
12133,200501PL60251,536010.0,173280.0,-0.044378,51.442134,1,3,2,2,09/03/2005,4,07:37,7,E09000023,3,205,Single carriageway,30,Giveway or uncontrolled,6,0,None within 50 metres,No physical crossing within 50 meters,Daylight: Street light present,Fine without high winds,Dry,None,None,1,Yes,E01003316,2005
12134,200501PL60252,539880.0,176460.0,0.012526,51.469769,1,3,2,1,23/02/2005,4,16:00,7,E09000023,6,0,Single carriageway,30,Giveway or uncontrolled,6,0,None within 50 metres,No physical crossing within 50 meters,Daylight: Street light present,Fine without high winds,Dry,None,None,1,No,E01003200,2005
12135,200501PL60253,536100.0,177580.0,-0.04143,51.480755,1,3,2,1,02/03/2005,4,05:50,7,E09000023,4,207,Single carriageway,30,Giveway or uncontrolled,6,0,None within 50 metres,No physical crossing within 50 meters,Darkness: Street lights present and lit,Raining without high winds,Wet/Damp,None,None,1,No,E01003301,2005
12136,200501PL60254,537730.0,173770.0,-0.019454,51.446122,1,3,1,1,01/03/2005,3,12:00,7,E09000023,3,21,Single carriageway,30,Automatic traffic signal,3,21,None within 50 metres,Pedestrian phase at traffic signal junction,Daylight: Street light present,Fine without high winds,Wet/Damp,None,None,1,Yes,E01003318,2005
12137,200501PL60256,536920.0,173300.0,-0.031285,51.442095,1,3,2,1,09/03/2005,4,17:18,7,E09000023,3,205,Single carriageway,30,Giveway or uncontrolled,6,0,None within 50 metres,No physical crossing within 50 meters,Daylight: Street light present,Fine without high winds,Dry,None,None,1,Yes,E01003321,2005
12138,200501PL60257,536820.0,176640.0,-0.031432,51.472134,1,3,2,1,10/03/2005,5,20:20,7,E09000023,3,20,Single carriageway,30,Giveway or uncontrolled,4,218,None within 50 metres,No physical crossing within 50 meters,Darkness: Street lights present and lit,Fine without high winds,Dry,None,None,1,Yes,E01003210,2005
12139,200501PL60258,537270.0,176210.0,-0.025123,51.468161,1,3,2,1,10/03/2005,5,17:35,7,E09000023,3,20,Single carriageway,30,Giveway or uncontrolled,6,0,None within 50 metres,No physical crossing within 50 meters,Daylight: Street light present,Fine without high winds,Dry,None,None,1,Yes,E01003211,2005
12140,200501PL60259,535790.0,174130.0,-0.047216,51.449826,1,3,2,1,10/03/2005,5,07:55,7,E09000023,4,238,Single carriageway,30,None,-1,0,None within 50 metres,Zebra crossing,Daylight: Street light present,Raining without high winds,Wet/Damp,None,None,1,Yes,E01003261,2005
12141,200501PL60260,536650.0,175340.0,-0.03438,51.460493,1,3,1,1,12/03/2005,7,12:35,7,E09000023,4,218,Single carriageway,30,Automatic traffic signal,5,0,None within 50 metres,Pedestrian phase at traffic signal junction,Daylight: Street light present,Fine without high winds,Dry,None,None,1,Yes,E01003272,2005
12142,200501PL60261,535200.0,172990.0,-0.056136,51.439722,1,2,2,1,11/03/2005,6,20:50,7,E09000023,3,205,Single carriageway,30,None,-1,0,None within 50 metres,No physical crossing within 50 meters,Darkness: Street lights present and lit,Raining without high winds,Wet/Damp,None,None,1,Yes,E01003255,2005
12143,200501PL60262,537920.0,174580.0,-0.016407,51.453355,1,3,2,1,11/03/2005,6,16:23,7,E09000023,3,21,Single carriageway,30,None,-1,0,None within 50 metres,non-junction pedestrian crossing,Daylight: Street light present,Fine without high winds,Dry,None,None,1,Yes,E01003291,2005
12144,200501PL60263,536140.0,173370.0,-0.042474,51.442912,1,3,2,1,13/03/2005,1,19:35,7,E09000023,4,218,Single carriageway,30,Giveway or uncontrolled,6,0,None within 50 metres,No physical crossing within 50 meters,Darkness: Street lights present and lit,Fine without high winds,Dry,None,None,1,Yes,E01003229,2005
12145,200501PL60264,536360.0,177310.0,-0.037792,51.478266,1,3,1,1,14/03/2005,2,08:54,7,E09000023,4,207,Single carriageway,30,Giveway or uncontrolled,6,0,None within 50 metres,non-junction pedestrian crossing,Daylight: Street light present,Fine without high winds,Dry,None,None,1,Yes,E01003303,2005
12146,200501PL60265,537410.0,177120.0,-0.022755,51.476304,1,3,2,1,28/03/2005,2,21:35,7,E09000023,3,2209,Roundabout,30,Giveway or uncontrolled,6,0,None within 50 metres,No physical crossing within 50 meters,Darkness: Street lights present and lit,Fine without high winds,Dry,None,None,1,No,E01003306,2005
12147,200501PL60267,540820.0,172680.0,0.024547,51.435568,1,3,2,1,15/02/2005,3,08:55,7,E09000023,5,0,Single carriageway,30,None,-1,0,None within 50 metres,No physical crossing within 50 meters,Daylight: Street light present,Fine without high winds,Dry,None,None,1,No,E01003263,2005
12148,200501PL60268,534350.0,171470.0,-0.068935,51.426264,1,2,2,1,22/03/2005,3,10:40,7,E09000023,3,212,Single carriageway,30,None,-1,0,None within 50 metres,No physical crossing within 50 meters,Daylight: Street light present,Raining without high winds,Wet/Damp,None,None,1,Yes,E01003332,2005
12149,200501PL60269,536680.0,175170.0,-0.034014,51.458958,1,3,2,1,14/03/2005,2,17:45,7,E09000023,4,218,Single carriageway,30,Automatic traffic signal,4,236,None within 50 metres,Pedestrian phase at traffic signal junction,Daylight: Street light present,Fine without high winds,Dry,None,None,1,Yes,E01003272,2005
12150,200501PL60270,539490.0,172940.0,0.005528,51.438233,1,2,2,1,15/03/2005,3,21:30,7,E09000023,5,0,Single carriageway,30,None,-1,0,None within 50 metres,No physical crossing within 50 meters,Darkness: Street lights present and lit,Fine without high winds,Dry,None,None,1,Yes,E01003222,2005
12151,200501PL60271,537610.0,174860.0,-0.020756,51.455947,1,3,2,1,15/03/2005,3,08:35,7,E09000023,6,0,Single carriageway,30,Giveway or uncontrolled,6,0,None within 50 metres,No physical crossing within 50 meters,Daylight: Street light present,Fine without high winds,Dry,None,None,1,Yes,E01003274,2005
12152,200501PL60272,536460.0,171710.0,-0.038512,51.427917,1,2,1,1,15/03/2005,3,23:14,7,E09000023,3,212,Single carriageway,30,Giveway or uncontrolled,6,0,None within 50 metres,No physical crossing within 50 meters,Darkness: Street lights present and lit,Fine without high winds,Dry,None,None,1,Yes,E01003190,2005
12153,200501PL60273,536210.0,173280.0,-0.041502,51.442086,1,2,2,1,16/03/2005,4,20:59,7,E09000023,3,205,Single carriageway,30,Giveway or uncontrolled,6,0,None within 50 metres,No physical crossing within 50 meters,Darkness: Street lights present and lit,Fine without high winds,Dry,None,None,1,Yes,E01003316,2005
12154,200501PL60274,536540.0,174860.0,-0.036147,51.456206,1,3,1,1,16/03/2005,4,00:20,7,E09000023,4,218,Single carriageway,30,Giveway or uncontrolled,6,0,None within 50 metres,Zebra crossing,Darkness: Street lights present and lit,Fine without high winds,Dry,None,None,1,Yes,E01003231,2005
12155,200501PL60275,540780.0,173160.0,0.024163,51.439891,1,3,2,1,16/03/2005,4,11:05,7,E09000023,6,0,Single carriageway,30,Giveway or uncontrolled,6,0,None within 50 metres,No physical crossing within 50 meters,Daylight: Street light present,Fine without high winds,Dry,None,None,1,Yes,E01003271,2005
12156,200501PL60276,535770.0,176870.0,-0.046452,51.474453,1,3,2,1,13/03/2005,1,21:00,7,E09000023,3,202,Single carriageway,30,Automatic traffic signal,3,2,None within 50 metres,Pedestrian phase at traffic signal junction,Darkness: Street lights present and lit,Fine without high winds,Dry,None,None,1,Yes,E01003338,2005
12157,200501PL60277,537190.0,177050.0,-0.025948,51.475729,1,3,2,1,17/03/2005,5,19:30,7,E09000023,3,2209,Single carriageway,30,None,-1,0,None within 50 metres,No physical crossing within 50 meters,Darkness: Street lights present and lit,Fine without high winds,Dry,None,None,1,Yes,E01003306,2005
12158,200501PL60278,539040.0,173110.0,-0.000875,51.439872,1,3,3,3,17/03/2005,5,19:00,7,E09000023,6,0,Single carriageway,30,Giveway or uncontrolled,6,0,None within 50 metres,No physical crossing within 50 meters,Darkness: Street lights present and lit,Fine without high winds,Dry,None,None,1,Yes,E01003218,2005
12159,200501PL60279,536350.0,178340.0,-0.037539,51.487524,1,3,3,2,18/03/2005,6,15:13,7,E09000023,3,200,Single carriageway,30,Giveway or uncontrolled,6,0,None within 50 metres,No physical crossing within 50 meters,Daylight: Street light present,Fine without high winds,Dry,None,None,1,Yes,E01003248,2005
12160,200501PL60281,536980.0,173720.0,-0.030259,51.445855,1,3,2,1,18/03/2005,6,14:28,7,E09000023,6,0,Single carriageway,30,None,-1,0,None within 50 metres,No physical crossing within 50 meters,Daylight: Street light present,Fine without high winds,Dry,None,None,1,Yes,E01003317,2005
12161,200501PL60283,540090.0,173840.0,0.014511,51.446173,1,3,2,1,19/03/2005,7,13:40,7,E09000023,3,205,Single carriageway,30,Automatic traffic signal,3,205,None within 50 metres,Pedestrian phase at traffic signal junction,Daylight: Street light present,Fine without high winds,Dry,None,None,1,Yes,E01003280,2005
12162,200501PL60284,538650.0,171580.0,-0.007081,51.426218,1,3,2,1,19/03/2005,7,12:40,7,E09000023,3,21,Single carriageway,30,Giveway or uncontrolled,6,0,None within 50 metres,No physical crossing within 50 meters,Daylight: Street light present,Fine without high winds,Dry,None,None,1,Yes,E01003241,2005
12163,200501PL60285,536940.0,171700.0,-0.031615,51.427712,1,3,2,1,19/03/2005,7,11:00,7,E09000023,3,2218,Single carriageway,30,Giveway or uncontrolled,6,0,None within 50 metres,No physical crossing within 50 meters,Daylight: Street light present,Fine without high winds,Dry,None,None,1,Yes,E01003190,2005
12164,200501PL60286,538410.0,175610.0,-0.008956,51.462492,1,2,1,1,20/03/2005,1,06:59,7,E09000023,3,20,Single carriageway,30,Giveway or uncontrolled,4,220,None within 50 metres,No physical crossing within 50 meters,Daylight: Street light present,Fine without high winds,Dry,None,None,1,Yes,E01003199,2005
12165,200501PL60288,535930.0,172940.0,-0.045659,51.439098,1,2,1,1,20/03/2005,1,17:06,7,E09000023,6,0,Single carriageway,30,Giveway or uncontrolled,6,0,None within 50 metres,No physical crossing within 50 meters,Daylight: Street light present,Fine without high winds,Dry,None,None,1,Yes,E01003316,2005
12166,200501PL60289,537280.0,173510.0,-0.026027,51.443895,1,3,2,1,05/03/2005,7,22:50,7,E09000023,5,0,Single carriageway,30,Giveway or uncontrolled,3,205,None within 50 metres,No physical crossing within 50 meters,Darkness: Street lights present and lit,Fine without high winds,Wet/Damp,None,None,1,No,E01003317,2005
12167,200501PL60291,540500.0,172120.0,0.019725,51.430615,1,3,3,2,21/03/2005,2,18:50,7,E09000023,5,0,Single carriageway,30,Giveway or uncontrolled,6,0,None within 50 metres,No physical crossing within 50 meters,Darkness: Street lights present and lit,Fine without high winds,Dry,None,None,1,Yes,E01003236,2005
12168,200501PL60292,539100.0,175180.0,0.0008,51.458458,1,3,2,1,21/03/2005,2,00:01,7,E09000023,3,20,Single carriageway,30,Giveway or uncontrolled,6,0,None within 50 metres,No physical crossing within 50 meters,Darkness: Street lights present and lit,Fine without high winds,Dry,None,None,1,Yes,E01003282,2005
12169,200501PL60293,536920.0,173040.0,-0.031385,51.439759,1,3,2,1,21/03/2005,2,14:00,7,E09000023,3,212,Single carriageway,30,Giveway or uncontrolled,6,0,None within 50 metres,No physical crossing within 50 meters,Daylight: Street light present,Fine without high winds,Dry,None,None,1,Yes,E01003194,2005
12170,200501PL60296,539450.0,171570.0,0.004414,51.425932,1,3,2,1,22/03/2005,3,07:46,7,E09000023,5,0,Single carriageway,30,Giveway or uncontrolled,6,0,None within 50 metres,No physical crossing within 50 meters,Daylight: Street light present,Raining without high winds,Wet/Damp,None,None,1,Yes,E01003239,2005
12171,200501PL60297,539420.0,171570.0,0.003982,51.425939,1,3,2,1,22/03/2005,3,13:05,7,E09000023,5,0,Single carriageway,30,Giveway or uncontrolled,6,0,None within 50 metres,No physical crossing within 50 meters,Daylight: Street light present,Fine without high winds,Dry,None,None,1,Yes,E01003239,2005
12172,200501PL60298,535320.0,177250.0,-0.052782,51.477976,1,3,3,1,22/03/2005,3,09:42,8,E09000028,3,2,Single carriageway,30,Giveway or uncontrolled,4,2227,None within 50 metres,No physical crossing within 50 meters,Daylight: Street light present,Fine without high winds,Wet/Damp,None,None,1,Yes,E01004003,2005
12173,200501PL60299,539690.0,172500.0,0.00823,51.43423,1,3,1,1,23/03/2005,4,09:10,7,E09000023,6,0,Single carriageway,30,None,-1,0,None within 50 metres,No physical crossing within 50 meters,Daylight: Street light present,Fine without high winds,Dry,None,None,1,Yes,E01003346,2005
12174,200501PL60300,539650.0,175990.0,0.009031,51.465602,1,3,1,1,23/03/2005,4,19:21,7,E09000023,4,212,Single carriageway,30,Giveway or uncontrolled,6,0,None within 50 metres,non-junction pedestrian crossing,Daylight: Street light present,Fine without high winds,Dry,None,None,1,Yes,E01003202,2005
12175,200501PL60301,535130.0,173020.0,-0.057132,51.440008,1,3,2,1,24/03/2005,5,13:30,7,E09000023,3,205,Single carriageway,30,Giveway or uncontrolled,6,0,None within 50 metres,No physical crossing within 50 meters,Daylight: Street light present,Fine without high winds,Dry,None,None,1,Yes,E01003255,2005
12176,200501PL60303,536910.0,173290.0,-0.031432,51.442008,1,3,1,1,30/03/2005,4,12:50,7,E09000023,3,205,Single carriageway,30,Giveway or uncontrolled,6,0,None within 50 metres,No physical crossing within 50 meters,Daylight: Street light present,Fine without high winds,Wet/Damp,None,None,1,Yes,E01003321,2005
12177,200501PL60305,540700.0,172220.0,0.022639,51.431464,1,3,2,2,08/02/2005,3,20:00,7,E09000023,4,226,Single carriageway,30,Giveway or uncontrolled,6,0,None within 50 metres,No physical crossing within 50 meters,Darkness: Street lights present and lit,Fine without high winds,Dry,None,None,1,Yes,E01003265,2005
12178,200501PL60306,536820.0,177880.0,-0.030952,51.483277,1,3,2,1,25/02/2005,6,16:15,7,E09000023,3,200,Single carriageway,30,Giveway or uncontrolled,6,0,None within 50 metres,non-junction pedestrian crossing,Daylight: Street light present,Fine without high winds,Dry,None,None,1,Yes,E01003252,2005
12179,200501PL60307,536410.0,173060.0,-0.038711,51.440061,1,3,2,1,25/03/2005,6,00:15,7,E09000023,6,0,Single carriageway,30,Giveway or uncontrolled,6,0,None within 50 metres,No physical crossing within 50 meters,Darkness: Street lights present and lit,Fine without high winds,Dry,None,None,1,Yes,E01003314,2005
12180,200501PL60308,535820.0,171440.0,-0.047815,51.425645,1,3,1,2,27/03/2005,1,00:56,7,E09000023,3,212,Single carriageway,30,None,-1,0,None within 50 metres,No physical crossing within 50 meters,Darkness: Street lights present and lit,Fine without high winds,Dry,None,None,1,Yes,E01003327,2005
12181,200501PL60309,537530.0,173320.0,-0.022505,51.442127,1,3,2,1,27/03/2005,1,11:29,7,E09000023,5,0,Single carriageway,30,None,-1,0,None within 50 metres,No physical crossing within 50 meters,Daylight: Street light present,Fine without high winds,Dry,None,None,1,Yes,E01003318,2005
12182,200501PL60310,536040.0,171870.0,-0.044488,51.429456,1,3,2,1,28/03/2005,2,08:42,7,E09000023,6,0,Single carriageway,30,Giveway or uncontrolled,6,0,None within 50 metres,No physical crossing within 50 meters,Daylight: Street light present,Fine without high winds,Dry,None,None,1,Yes,E01003333,2005
12183,200501PL60311,536920.0,173300.0,-0.031285,51.442095,1,3,2,1,29/03/2005,3,15:36,7,E09000023,3,205,Single carriageway,30,Giveway or uncontrolled,6,0,None within 50 metres,No physical crossing within 50 meters,Daylight: Street light present,Fine without high winds,Dry,None,None,1,Yes,E01003321,2005
12184,200501PL60312,536500.0,175890.0,-0.036326,51.465471,1,3,1,1,29/03/2005,3,19:30,7,E09000023,4,218,Single carriageway,30,None,-1,0,None within 50 metres,Zebra crossing,Darkness: Street lights present and lit,Raining without high winds,Wet/Damp,None,None,1,Yes,E01003212,2005
12185,200501PL60313,535830.0,171440.0,-0.047672,51.425642,1,3,2,1,29/03/2005,3,13:29,7,E09000023,3,212,Single carriageway,30,None,-1,0,None within 50 metres,No physical crossing within 50 meters,Daylight: Street light present,Fine without high winds,Dry,None,None,1,Yes,E01003327,2005
12186,200501PL60314,536880.0,177020.0,-0.030421,51.475534,1,3,1,1,09/04/2005,7,18:30,7,E09000023,3,2,Single carriageway,30,Giveway or uncontrolled,6,0,None within 50 metres,Central refuge,Daylight: Street light present,Fine without high winds,Dry,None,None,1,Yes,E01003215,2005
12187,200501PL60315,536370.0,178310.0,-0.037262,51.48725,1,3,2,1,30/03/2005,4,12:40,7,E09000023,3,200,Single carriageway,30,None,-1,0,None within 50 metres,No physical crossing within 50 meters,Daylight: Street light present,Fine without high winds,Dry,None,None,1,Yes,E01003248,2005
12188,200501PL60316,535040.0,171890.0,-0.058856,51.429875,1,3,2,1,04/04/2005,2,17:55,7,E09000023,3,2216,Single carriageway,30,Giveway or uncontrolled,6,0,None within 50 metres,No physical crossing within 50 meters,Daylight: Street light present,Fine without high winds,Dry,None,None,1,Yes,E01003334,2005
12189,200501PL60317,535800.0,173170.0,-0.04744,51.441196,1,3,2,1,07/04/2005,5,07:35,7,E09000023,3,205,Single carriageway,30,Giveway or uncontrolled,3,205,None within 50 metres,No physical crossing within 50 meters,Daylight: Street light present,Fine without high winds,Dry,None,None,1,Yes,E01003315,2005
12190,200501PL60318,536010.0,171440.0,-0.045084,51.425599,1,3,2,1,30/03/2005,4,13:20,7,E09000023,3,212,Single carriageway,30,None,-1,0,None within 50 metres,No physical crossing within 50 meters,Daylight: Street light present,Fine without high winds,Dry,None,None,1,Yes,E01003326,2005
12191,200501PL60319,540920.0,172230.0,0.025806,51.4315,1,3,2,1,12/04/2005,3,15:51,7,E09000023,4,226,Single carriageway,30,Giveway or uncontrolled,6,0,None within 50 metres,No physical crossing within 50 meters,Daylight: Street light present,Fine without high winds,Dry,None,None,1,Yes,E01003264,2005
12192,200501PL60320,536750.0,173320.0,-0.033722,51.442316,1,3,1,1,13/04/2005,4,12:10,7,E09000023,3,205,Single carriageway,30,None,-1,0,None within 50 metres,No physical crossing within 50 meters,Daylight: Street light present,Fine without high winds,Dry,None,None,1,No,E01003321,2005
12193,200501PL60321,537340.0,176910.0,-0.023844,51.474434,1,3,2,2,22/03/2005,3,23:30,7,E09000023,3,2,Single carriageway,30,Automatic traffic signal,3,2209,None within 50 metres,Pedestrian phase at traffic signal junction,Darkness: Street lights present and lit,Fine without high winds,Dry,None,None,1,No,E01003207,2005
12194,200501PL60322,538460.0,173660.0,-0.008999,51.444956,1,2,2,1,17/03/2005,5,09:00,7,E09000023,3,205,Single carriageway,30,Giveway or uncontrolled,6,0,None within 50 metres,non-junction pedestrian crossing,Daylight: Street light present,Fine without high winds,Dry,None,None,1,No,E01003224,2005
12195,200501PL60323,537600.0,171560.0,-0.022182,51.426294,1,3,1,1,02/04/2005,7,16:03,7,E09000023,3,2218,Single carriageway,30,Giveway or uncontrolled,6,0,None within 50 metres,No physical crossing within 50 meters,Daylight: Street light present,Fine without high winds,Dry,None,None,1,Yes,E01003192,2005
12196,200501PL60324,538950.0,173350.0,-0.002075,51.44205,1,3,3,1,02/04/2005,7,15:05,7,E09000023,5,0,Single carriageway,30,Automatic traffic signal,5,0,None within 50 metres,Pedestrian phase at traffic signal junction,Daylight: Street light present,Fine without high winds,Dry,None,None,1,Yes,E01003224,2005
12197,200501PL60326,538610.0,172010.0,-0.007488,51.430092,1,3,2,1,13/04/2005,4,09:20,7,E09000023,5,0,Single carriageway,30,None,-1,0,None within 50 metres,No physical crossing within 50 meters,Daylight: Street light present,Raining without high winds,Wet/Damp,None,None,1,Yes,E01003348,2005
12198,200501PL60327,538080.0,172270.0,-0.015006,51.432558,1,2,2,1,19/04/2005,3,14:25,7,E09000023,6,0,Single carriageway,30,None,-1,0,None within 50 metres,No physical crossing within 50 meters,Daylight: Street light present,Fine without high winds,Dry,None,None,1,Yes,E01003352,2005
12199,200501PL60328,535400.0,171500.0,-0.05383,51.426284,1,3,2,1,16/04/2005,7,08:35,7,E09000023,6,0,Single carriageway,30,Giveway or uncontrolled,3,212,None within 50 metres,No physical crossing within 50 meters,Daylight: Street light present,Fine without high winds,Dry,None,None,1,Yes,E01003328,2005
12200,200501PL60329,538030.0,174470.0,-0.014867,51.45234,1,3,1,1,04/04/2005,2,18:00,7,E09000023,6,0,Single carriageway,30,None,-1,0,None within 50 metres,No physical crossing within 50 meters,Daylight: Street light present,Fine without high winds,Dry,None,None,1,Yes,E01003291,2005
12201,200501PL60330,536610.0,177030.0,-0.034303,51.475689,1,3,3,3,05/04/2005,3,12:45,7,E09000023,3,2,One way street,30,Giveway or uncontrolled,4,207,None within 50 metres,No physical crossing within 50 meters,Daylight: Street light present,Fine without high winds,Dry,None,None,1,Yes,E01003215,2005
12202,200501PL60331,537840.0,173980.0,-0.017791,51.447983,1,3,1,1,12/04/2005,3,13:10,7,E09000023,3,21,Single carriageway,30,None,-1,0,None within 50 metres,No physical crossing within 50 meters,Daylight: Street light present,Fine without high winds,Dry,None,None,1,No,E01003324,2005
12203,200501PL60332,539710.0,175620.0,0.009748,51.462262,1,3,2,1,04/04/2005,2,17:00,7,E09000023,4,212,Single carriageway,30,None,-1,0,None within 50 metres,No physical crossing within 50 meters,Daylight: Street light present,Fine without high winds,Dry,None,None,1,Yes,E01001657,2005
12204,200501PL60334,537770.0,171700.0,-0.019684,51.427511,1,3,1,1,05/04/2005,3,15:00,7,E09000023,6,0,Single carriageway,30,Giveway or uncontrolled,6,0,None within 50 metres,No physical crossing within 50 meters,Daylight: Street light present,Fine without high winds,Dry,None,None,1,Yes,E01003189,2005
12205,200501PL60336,537780.0,173870.0,-0.018696,51.447009,1,3,1,1,06/04/2005,4,14:57,7,E09000023,3,21,Single carriageway,30,None,-1,0,None within 50 metres,No physical crossing within 50 meters,Daylight: Street light present,Fine without high winds,Dry,None,None,1,Yes,E01003318,2005
12206,200501PL60337,536240.0,173960.0,-0.040809,51.44819,1,3,1,1,07/04/2005,5,09:15,7,E09000023,4,218,Single carriageway,30,None,-1,0,None within 50 metres,No physical crossing within 50 meters,Daylight: Street light present,Fine without high winds,Dry,None,None,1,Yes,E01003226,2005
12207,200501PL60338,540610.0,171780.0,0.021171,51.427533,1,2,1,1,08/04/2005,6,23:59,7,E09000023,3,2212,Single carriageway,30,Giveway or uncontrolled,6,0,None within 50 metres,No physical crossing within 50 meters,Darkness: Street lights present and lit,Other,Wet/Damp,None,None,1,Yes,E01003265,2005
12208,200501PL60339,537660.0,175970.0,-0.019605,51.465909,1,3,1,2,10/04/2005,1,03:45,7,E09000023,3,20,Single carriageway,30,None,-1,0,None within 50 metres,No physical crossing within 50 meters,Darkness: Street lights present and lit,Fine without high winds,Dry,None,None,1,Yes,E01003278,2005
12209,200501PL60340,535240.0,171590.0,-0.056095,51.427131,1,3,2,1,11/04/2005,2,16:30,7,E09000023,3,2216,Roundabout,30,Giveway or uncontrolled,3,212,None within 50 metres,Zebra crossing,Daylight: Street light present,Fine without high winds,Dry,None,None,1,Yes,E01003334,2005
12210,200501PL60341,535450.0,171490.0,-0.053115,51.426183,1,3,1,1,11/04/2005,2,07:41,7,E09000023,3,212,Single carriageway,30,None,-1,0,None within 50 metres,non-junction pedestrian crossing,Daylight: Street light present,Fine without high winds,Dry,None,None,1,Yes,E01003328,2005
12211,200501PL60342,538630.0,175450.0,-0.005854,51.461,1,3,2,1,13/04/2005,4,11:27,7,E09000023,3,20,Single carriageway,30,Giveway or uncontrolled,6,0,None within 50 metres,non-junction pedestrian crossing,Daylight: Street light present,Raining without high winds,Wet/Damp,None,None,1,Yes,E01003288,2005
12212,200501PL60343,537910.0,172270.0,-0.01745,51.432599,1,3,2,1,15/03/2005,3,13:05,7,E09000023,3,21,Single carriageway,30,None,-1,0,None within 50 metres,No physical crossing within 50 meters,Daylight: Street light present,Fine without high winds,Dry,None,None,1,No,E01003352,2005
12213,200501PL60345,535930.0,171440.0,-0.046234,51.425618,1,3,2,1,17/03/2005,5,16:00,7,E09000023,3,212,Single carriageway,30,Giveway or uncontrolled,6,0,None within 50 metres,non-junction pedestrian crossing,Daylight: Street light present,Fine without high winds,Dry,None,None,1,Yes,E01003327,2005
12214,200501PL60346,536790.0,175710.0,-0.032223,51.463784,1,3,2,1,08/04/2005,6,16:00,7,E09000023,5,0,Single carriageway,30,Giveway or uncontrolled,6,0,None within 50 metres,No physical crossing within 50 meters,Daylight: Street light present,Fine without high winds,Dry,None,None,1,Yes,E01003213,2005
12215,200501PL60347,535230.0,171590.0,-0.056239,51.427134,1,3,2,1,14/04/2005,5,10:00,7,E09000023,3,2216,Single carriageway,30,None,-1,0,None within 50 metres,Zebra crossing,Daylight: Street light present,Fine without high winds,Dry,None,None,1,Yes,E01003334,2005
12216,200501PL60349,535570.0,173030.0,-0.050801,51.439993,1,3,2,1,15/04/2005,6,18:59,7,E09000023,3,205,Single carriageway,30,Giveway or uncontrolled,6,0,None within 50 metres,No physical crossing within 50 meters,Daylight: Street light present,Raining without high winds,Wet/Damp,None,None,1,Yes,E01003310,2005
12217,200501PL60351,540100.0,173840.0,0.014654,51.446171,1,3,2,1,15/04/2005,6,05:20,7,E09000023,5,0,Single carriageway,30,Automatic traffic signal,3,205,None within 50 metres,Pedestrian phase at traffic signal junction,Darkness: Street lights present and lit,Fine without high winds,Dry,None,None,1,Yes,E01003268,2005
12218,200501PL60352,536570.0,176910.0,-0.034925,51.47462,1,3,1,1,22/03/2005,3,17:20,7,E09000023,3,20,Single carriageway,30,Automatic traffic signal,3,20,None within 50 metres,Pedestrian phase at traffic signal junction,Daylight: Street light present,Fine without high winds,Dry,None,None,1,No,E01003215,2005
12219,200501PL60353,537040.0,176350.0,-0.028378,51.469475,1,3,2,1,24/03/2005,5,17:15,7,E09000023,5,0,Single carriageway,30,Automatic traffic signal,3,20,None within 50 metres,Pedestrian phase at traffic signal junction,Daylight: Street light present,Fine without high winds,Dry,None,None,1,No,E01003210,2005
12220,200501PL60354,538570.0,171600.0,-0.008223,51.426417,1,3,2,1,24/03/2005,5,13:15,7,E09000023,3,21,Single carriageway,30,None,-1,0,None within 50 metres,No physical crossing within 50 meters,Daylight: Street light present,Fine without high winds,Dry,None,None,1,No,E01003241,2005
12221,200501PL60355,535860.0,171440.0,-0.04724,51.425635,1,3,1,1,27/03/2005,1,01:30,7,E09000023,3,212,Single carriageway,30,Giveway or uncontrolled,6,0,None within 50 metres,No physical crossing within 50 meters,Darkness: Street lights present and lit,Fine without high winds,Dry,None,None,1,No,E01003327,2005
12222,200501PL60356,537030.0,177130.0,-0.02822,51.476486,1,3,1,2,16/04/2005,7,15:45,7,E09000023,6,0,Single carriageway,30,None,-1,0,None within 50 metres,No physical crossing within 50 meters,Daylight: Street light present,Fine without high winds,Dry,None,None,1,Yes,E01003304,2005
12223,200501PL60357,540720.0,172680.0,0.02311,51.435593,1,3,2,1,16/04/2005,7,18:53,7,E09000023,5,0,Single carriageway,30,Giveway or uncontrolled,6,0,None within 50 metres,No physical crossing within 50 meters,Daylight: Street light present,Fine without high winds,Dry,None,None,1,Yes,E01003263,2005
12224,200501PL60358,535870.0,172470.0,-0.046702,51.434889,1,3,2,1,24/03/2005,5,19:00,7,E09000023,6,0,Single carriageway,30,Giveway or uncontrolled,6,0,None within 50 metres,No physical crossing within 50 meters,Darkness: Street lights present and lit,Fine without high winds,Dry,Roadworks,None,1,No,E01003309,2005
12225,200501PL60359,538790.0,172580.0,-0.004677,51.43517,1,3,1,1,17/04/2005,1,10:13,7,E09000023,6,0,Single carriageway,30,Giveway or uncontrolled,6,0,None within 50 metres,No physical crossing within 50 meters,Daylight: Street light present,Fine without high winds,Dry,None,None,1,Yes,E01003350,2005
12226,200501PL60360,539850.0,174980.0,0.01151,51.456477,1,3,2,1,19/04/2005,3,07:00,7,E09000023,3,20,Single carriageway,30,Automatic traffic signal,3,2212,None within 50 metres,Pedestrian phase at traffic signal junction,Daylight: Street light present,Raining without high winds,Wet/Damp,Auto traffic singal out,None,1,Yes,E01003286,2005
12227,200501PL60361,536580.0,176580.0,-0.034908,51.471653,1,2,1,1,17/04/2005,1,00:05,7,E09000023,6,0,Single carriageway,30,None,-1,0,None within 50 metres,No physical crossing within 50 meters,Darkness: Street lights present and lit,Fine without high winds,Dry,None,None,1,Yes,E01003209,2005
12228,200501PL60362,538930.0,173680.0,-0.002233,51.445021,1,2,2,5,17/04/2005,1,21:28,7,E09000023,5,0,Single carriageway,30,Automatic traffic signal,3,205,None within 50 metres,No physical crossing within 50 meters,Darkness: Street lights present and lit,Raining without high winds,Wet/Damp,None,None,1,Yes,E01003224,2005
12229,200501PL60363,536120.0,173510.0,-0.042708,51.444175,1,3,2,1,17/04/2005,1,12:28,7,E09000023,4,218,Single carriageway,30,Giveway or uncontrolled,6,0,None within 50 metres,Zebra crossing,Daylight: Street light present,Fine without high winds,Dry,None,None,1,Yes,E01003229,2005
12230,200501PL60364,537750.0,175500.0,-0.018494,51.461664,1,3,2,2,20/04/2005,4,08:37,7,E09000023,6,0,Single carriageway,30,Giveway or uncontrolled,6,0,None within 50 metres,No physical crossing within 50 meters,Daylight: Street light present,Fine without high winds,Dry,None,None,1,Yes,E01003279,2005
12231,200501PL60365,537590.0,176010.0,-0.020597,51.466286,1,3,2,1,21/04/2005,5,18:40,7,E09000023,3,20,Single carriageway,30,Giveway or uncontrolled,6,0,None within 50 metres,non-junction pedestrian crossing,Daylight: Street light present,Fine without high winds,Dry,None,None,1,Yes,E01003278,2005
12232,200501PL60366,539360.0,173370.0,0.003828,51.442129,1,3,2,1,10/03/2005,5,09:30,7,E09000023,5,0,Single carriageway,30,Giveway or uncontrolled,6,0,None within 50 metres,No physical crossing within 50 meters,Daylight: Street light present,Raining without high winds,Wet/Damp,None,None,1,No,E01003220,2005
12233,200501PL60368,539030.0,173860.0,-0.000724,51.446614,1,3,2,1,21/04/2005,5,08:26,7,E09000023,5,0,Single carriageway,30,None,-1,0,None within 50 metres,No physical crossing within 50 meters,Daylight: Street light present,Fine without high winds,Dry,None,None,1,Yes,E01003294,2005
12234,200501PL60369,537880.0,174080.0,-0.017177,51.448872,1,3,2,1,22/04/2005,6,15:40,7,E09000023,3,21,Single carriageway,30,Giveway or uncontrolled,6,0,None within 50 metres,Zebra crossing,Daylight: Street light present,Fine without high winds,Dry,None,None,1,Yes,E01003325,2005
12235,200501PL60370,538540.0,173330.0,-0.007978,51.441971,1,3,2,1,22/04/2005,6,16:43,7,E09000023,5,0,Single carriageway,30,None,-1,0,None within 50 metres,No physical crossing within 50 meters,Daylight: Street light present,Fine without high winds,Dry,None,None,1,Yes,E01003217,2005
12236,200501PL60371,538120.0,175060.0,-0.013343,51.45762,1,3,2,1,30/04/2005,7,18:30,7,E09000023,5,0,Single carriageway,30,Automatic traffic signal,3,21,None within 50 metres,Pedestrian phase at traffic signal junction,Daylight: Street light present,Fine without high winds,Dry,None,None,1,Yes,E01003289,2005
12237,200501PL60372,536380.0,174510.0,-0.038584,51.453099,1,3,2,1,17/03/2005,5,08:50,7,E09000023,4,218,Single carriageway,30,Giveway or uncontrolled,6,0,None within 50 metres,No physical crossing within 50 meters,Daylight: Street light present,Fine without high winds,Dry,None,None,1,No,E01003232,2005
12238,200501PL60373,537040.0,176980.0,-0.028134,51.475136,1,3,2,1,26/04/2005,3,17:42,7,E09000023,3,2,Single carriageway,30,Giveway or uncontrolled,6,0,None within 50 metres,non-junction pedestrian crossing,Daylight: Street light present,Fine without high winds,Dry,None,None,1,Yes,E01003207,2005
12239,200501PL60374,539780.0,172450.0,0.009504,51.433759,1,3,2,1,24/04/2005,1,18:50,7,E09000023,5,0,Single carriageway,30,Automatic traffic signal,5,0,None within 50 metres,Pedestrian phase at traffic signal junction,Daylight: Street light present,Fine without high winds,Dry,None,None,1,Yes,E01003346,2005
12240,200501PL60375,536720.0,176730.0,-0.032836,51.472967,1,3,2,1,02/04/2005,7,08:00,7,E09000023,3,20,Single carriageway,30,Automatic traffic signal,3,20,None within 50 metres,Pedestrian phase at traffic signal junction,Daylight: Street light present,Fine without high winds,Dry,None,None,1,No,E01003209,2005
12241,200501PL60377,536670.0,176800.0,-0.033528,51.473608,1,3,2,1,24/04/2005,1,13:25,7,E09000023,3,20,Single carriageway,30,None,-1,0,None within 50 metres,No physical crossing within 50 meters,Daylight: Street light present,Fine without high winds,Dry,None,None,1,Yes,E01003215,2005
12242,200501PL60378,536140.0,178490.0,-0.040504,51.488923,1,3,2,1,23/04/2005,7,14:38,7,E09000023,3,200,Single carriageway,30,Giveway or uncontrolled,6,0,None within 50 metres,non-junction pedestrian crossing,Daylight: Street light present,Fine without high winds,Dry,None,None,1,Yes,E01003247,2005
12243,200501PL60379,537710.0,173540.0,-0.019831,51.44406,1,3,1,1,25/04/2005,2,16:06,7,E09000023,3,21,Single carriageway,30,None,-1,0,None within 50 metres,No physical crossing within 50 meters,Daylight: Street light present,Fine without high winds,Wet/Damp,None,None,1,Yes,E01003319,2005
12244,200501PL60380,535940.0,176850.0,-0.044013,51.474233,1,3,2,1,25/04/2005,2,12:44,7,E09000023,3,2,Single carriageway,30,Giveway or uncontrolled,6,0,None within 50 metres,No physical crossing within 50 meters,Daylight: Street light present,Fine without high winds,Wet/Damp,None,None,1,Yes,E01003340,2005
12245,200501PL60381,535570.0,171470.0,-0.051398,51.425974,1,3,1,1,26/04/2005,3,09:27,7,E09000023,3,212,Single carriageway,30,Giveway or uncontrolled,6,0,None within 50 metres,non-junction pedestrian crossing,Daylight: Street light present,Fine without high winds,Wet/Damp,None,None,1,Yes,E01003327,2005
12246,200501PL60382,537610.0,174910.0,-0.020737,51.456396,1,3,1,1,26/04/2005,3,13:41,7,E09000023,4,236,Single carriageway,30,Giveway or uncontrolled,6,0,None within 50 metres,non-junction pedestrian crossing,Daylight: Street light present,Raining without high winds,Wet/Damp,Roadworks,None,1,Yes,E01003274,2005
12247,200501PL60383,536540.0,171870.0,-0.0373,51.429336,1,3,2,1,27/04/2005,4,07:35,7,E09000023,3,2218,Single carriageway,30,Automatic traffic signal,3,212,None within 50 metres,Pedestrian phase at traffic signal junction,Daylight: Street light present,Fine without high winds,Dry,None,None,1,Yes,E01003190,2005
12248,200501PL60385,536480.0,174740.0,-0.037057,51.455142,1,3,2,1,05/04/2005,3,18:10,7,E09000023,4,218,Single carriageway,30,None,-1,0,None within 50 metres,No physical crossing within 50 meters,Daylight: Street light present,Fine without high winds,Dry,None,None,1,No,E01003231,2005
12249,200501PL60387,534400.0,171480.0,-0.068212,51.426342,1,3,1,1,18/04/2005,2,15:46,7,E09000023,3,212,Single carriageway,30,None,-1,0,None within 50 metres,No physical crossing within 50 meters,Daylight: Street light present,Fine without high winds,Dry,None,None,1,No,E01003332,2005
12250,200501PL60388,536580.0,172860.0,-0.036343,51.438223,1,3,2,1,25/04/2005,2,20:00,7,E09000023,6,0,Single carriageway,30,Giveway or uncontrolled,6,0,None within 50 metres,No physical crossing within 50 meters,Darkness: Street lights present and lit,Raining without high winds,Wet/Damp,Roadworks,None,1,No,E01003314,2005
12251,200501PL60390,537920.0,175820.0,-0.015923,51.464498,1,3,2,1,27/04/2005,4,15:30,7,E09000023,3,20,Single carriageway,30,None,-1,0,None within 50 metres,No physical crossing within 50 meters,Daylight: Street light present,Fine without high winds,Dry,None,None,1,No,E01003296,2005
12252,200501PL60391,536600.0,176880.0,-0.034504,51.474344,1,3,2,2,29/04/2005,6,11:00,7,E09000023,3,20,Single carriageway,30,None,-1,0,None within 50 metres,No physical crossing within 50 meters,Daylight: Street light present,Fine without high winds,Dry,None,None,1,No,E01003215,2005
12253,200501PL60392,537800.0,172800.0,-0.018825,51.437389,1,3,1,1,03/05/2005,3,06:35,7,E09000023,3,21,Single carriageway,30,Giveway or uncontrolled,6,0,None within 50 metres,No physical crossing within 50 meters,Daylight: Street light present,Raining without high winds,Wet/Damp,Ol or diesel,None,1,Yes,E01003221,2005
12254,200501PL60393,536320.0,172150.0,-0.040355,51.431905,1,2,1,1,29/04/2005,6,22:30,7,E09000023,4,227,Single carriageway,30,Giveway or uncontrolled,6,0,None within 50 metres,No physical crossing within 50 meters,Darkness: Street lights present and lit,Fine without high winds,Dry,None,None,1,Yes,E01003312,2005
12255,200501PL60394,536990.0,176990.0,-0.02885,51.475238,1,2,2,2,29/04/2005,6,06:40,7,E09000023,3,2,Single carriageway,30,Giveway or uncontrolled,4,218,None within 50 metres,No physical crossing within 50 meters,Daylight: Street light present,Fine without high winds,Dry,None,None,1,Yes,E01003215,2005
12256,200501PL60395,538900.0,174700.0,-0.002264,51.454194,1,3,1,1,29/04/2005,6,08:15,7,E09000023,6,0,Single carriageway,30,Giveway or uncontrolled,6,0,None within 50 metres,No physical crossing within 50 meters,Daylight: Street light present,Fine without high winds,Dry,None,None,1,Yes,E01003284,2005
12257,200501PL60396,537700.0,173660.0,-0.019929,51.445141,1,3,1,1,30/04/2005,7,15:35,7,E09000023,3,205,One way street,30,Automatic traffic signal,3,21,None within 50 metres,Pedestrian phase at traffic signal junction,Daylight: Street light present,Fine without high winds,Dry,None,None,1,Yes,E01003318,2005
12258,200501PL60397,535430.0,177060.0,-0.051272,51.476242,1,3,2,4,30/04/2005,7,22:22,7,E09000023,3,2,One way street,30,Giveway or uncontrolled,6,0,None within 50 metres,No physical crossing within 50 meters,Darkness: Street lights present and lit,Fine without high winds,Dry,None,None,1,Yes,E01003338,2005
12259,200501PL60398,535080.0,174150.0,-0.05742,51.450175,1,3,2,1,30/04/2005,7,16:08,8,E09000028,4,238,Single carriageway,30,Automatic traffic signal,5,0,None within 50 metres,Pedestrian phase at traffic signal junction,Daylight: Street light present,Fine without high winds,Dry,None,None,1,Yes,E01003260,2005
12260,200501PL60399,537690.0,175950.0,-0.019182,51.465722,1,3,1,2,10/04/2005,1,23:59,7,E09000023,3,20,Single carriageway,30,None,-1,0,None within 50 metres,No physical crossing within 50 meters,Darkness: Street lights present and lit,Fine without high winds,Dry,None,None,1,Yes,E01003278,2005
12261,200501PL60400,535850.0,178570.0,-0.044647,51.489711,1,3,1,1,03/05/2005,3,09:38,7,E09000023,6,0,Single carriageway,20,Giveway or uncontrolled,4,207,None within 50 metres,No physical crossing within 50 meters,Daylight: Street light present,Fine without high winds,Dry,None,None,1,Yes,E01003247,2005
12262,200501PL60402,538690.0,173670.0,-0.005688,51.44499,1,3,2,1,04/05/2005,4,15:35,7,E09000023,3,205,Single carriageway,30,Giveway or uncontrolled,6,0,None within 50 metres,No physical crossing within 50 meters,Daylight: Street light present,Fine without high winds,Dry,None,None,1,Yes,E01003224,2005
12263,200501PL60403,536770.0,177050.0,-0.031992,51.47583,1,2,1,1,04/05/2005,4,13:13,7,E09000023,3,2,Single carriageway,30,Automatic traffic signal,6,0,None within 50 metres,Pedestrian phase at traffic signal junction,Daylight: Street light present,Fine without high winds,Wet/Damp,None,None,1,Yes,E01003303,2005
12264,200501PL60404,535440.0,176840.0,-0.051212,51.474263,1,3,2,1,05/05/2005,5,08:00,7,E09000023,3,202,One way street,30,Giveway or uncontrolled,3,2,None within 50 metres,No physical crossing within 50 meters,Daylight: Street light present,Fine without high winds,Dry,None,None,1,Yes,E01003338,2005
12265,200501PL60405,536550.0,171840.0,-0.037168,51.429064,1,3,2,1,06/05/2005,6,13:00,7,E09000023,3,2218,Single carriageway,30,Automatic traffic signal,3,212,None within 50 metres,Pedestrian phase at traffic signal junction,Daylight: Street light present,Fine without high winds,Dry,None,None,1,Yes,E01003190,2005
12266,200501PL60406,534860.0,173060.0,-0.060999,51.440432,1,3,1,1,09/04/2005,7,19:30,7,E09000023,3,205,Single carriageway,30,None,-1,0,None within 50 metres,No physical crossing within 50 meters,Darkness: Street lights present and lit,Fine without high winds,Dry,None,None,1,Yes,E01003257,2005
12267,200501PL60407,540340.0,172890.0,0.017729,51.437574,1,3,2,1,10/05/2005,3,22:10,7,E09000023,3,2212,Single carriageway,30,Giveway or uncontrolled,6,0,None within 50 metres,No physical crossing within 50 meters,Darkness: Street lights present and lit,Fine without high winds,Dry,None,None,1,Yes,E01003263,2005
12268,200501PL60408,535030.0,172260.0,-0.058859,51.433202,1,3,2,1,10/05/2005,3,16:00,7,E09000023,3,2216,Single carriageway,30,Giveway or uncontrolled,6,0,None within 50 metres,No physical crossing within 50 meters,Daylight: Street light present,Raining without high winds,Wet/Damp,None,None,1,Yes,E01003259,2005
12269,200501PL60409,536890.0,175960.0,-0.030687,51.466006,1,3,4,2,13/05/2005,6,08:10,7,E09000023,5,0,Single carriageway,30,Giveway or uncontrolled,5,0,None within 50 metres,No physical crossing within 50 meters,Daylight: Street light present,Fine without high winds,Dry,None,None,1,Yes,E01003213,2005
12270,200501PL60410,534640.0,173100.0,-0.064147,51.440844,1,3,2,1,11/05/2005,4,13:15,7,E09000023,3,205,Single carriageway,30,Automatic traffic signal,5,0,None within 50 metres,Pedestrian phase at traffic signal junction,Daylight: Street light present,Fine without high winds,Dry,None,None,1,Yes,E01003945,2005
12271,200501PL60412,537710.0,174930.0,-0.019291,51.456551,1,3,2,2,12/05/2005,5,15:06,7,E09000023,4,236,Single carriageway,30,None,-1,0,None within 50 metres,No physical crossing within 50 meters,Daylight: Street light present,Fine without high winds,Dry,Roadworks,None,1,Yes,E01003279,2005
12272,200501PL60413,538230.0,175300.0,-0.011667,51.45975,1,3,1,1,12/05/2005,5,11:40,7,E09000023,3,21,Single carriageway,30,None,-1,0,None within 50 metres,non-junction pedestrian crossing,Daylight: Street light present,Fine without high winds,Dry,None,None,1,Yes,E01003289,2005
12273,200501PL60415,538000.0,173160.0,-0.015809,51.440575,1,3,2,1,02/05/2005,2,12:30,7,E09000023,6,0,Single carriageway,30,Giveway or uncontrolled,6,0,None within 50 metres,No physical crossing within 50 meters,Daylight: Street light present,Fine without high winds,Dry,None,None,1,No,E01003221,2005
12274,200501PL60416,538220.0,175800.0,-0.011615,51.464245,1,3,2,1,03/05/2005,3,18:55,7,E09000023,3,2211,Roundabout,30,Giveway or uncontrolled,3,20,None within 50 metres,Zebra crossing,Daylight: Street light present,Fine without high winds,Dry,None,None,1,No,E01003296,2005
12275,200501PL60417,536740.0,171740.0,-0.034475,51.42812,1,3,2,1,05/05/2005,5,09:00,7,E09000023,3,2218,Single carriageway,30,Automatic traffic signal,3,2218,None within 50 metres,No physical crossing within 50 meters,Daylight: Street light present,Fine without high winds,Dry,None,None,1,No,E01003190,2005
12276,200501PL60418,535440.0,176840.0,-0.051212,51.474263,1,3,2,1,04/05/2005,4,06:44,7,E09000023,3,202,One way street,30,Giveway or uncontrolled,3,2,None within 50 metres,No physical crossing within 50 meters,Daylight: Street light present,Fine without high winds,Dry,None,None,1,Yes,E01003338,2005
12277,200501PL60419,535520.0,177120.0,-0.049954,51.47676,1,3,1,1,06/05/2005,6,15:36,7,E09000023,3,2,Single carriageway,30,None,-1,0,None within 50 metres,No physical crossing within 50 meters,Daylight: Street light present,Fine without high winds,Dry,None,None,1,Yes,E01003338,2005
12278,200501PL60421,541420.0,172050.0,0.032922,51.429758,1,3,1,1,10/05/2005,3,16:20,7,E09000023,6,0,Single carriageway,30,Giveway or uncontrolled,6,0,None within 50 metres,No physical crossing within 50 meters,Daylight: Street light present,Fine without high winds,Dry,None,None,1,Yes,E01003266,2005
12279,200501PL60422,536040.0,178030.0,-0.04212,51.484813,1,3,2,1,12/05/2005,5,12:45,7,E09000023,4,207,Single carriageway,30,Giveway or uncontrolled,4,207,None within 50 metres,No physical crossing within 50 meters,Daylight: Street light present,Fine without high winds,Dry,None,None,1,Yes,E01003246,2005
12280,200501PL60423,541150.0,172240.0,0.029116,51.431532,1,3,2,1,13/05/2005,6,16:00,7,E09000023,4,226,Single carriageway,30,None,-1,0,None within 50 metres,No physical crossing within 50 meters,Daylight: Street light present,Fine without high winds,Dry,None,None,1,Yes,E01003265,2005
12281,200501PL60424,536060.0,178550.0,-0.041632,51.489481,1,3,2,1,13/05/2005,6,07:00,7,E09000023,3,200,Single carriageway,30,Giveway or uncontrolled,6,0,None within 50 metres,No physical crossing within 50 meters,Daylight: Street light present,Fine without high winds,Dry,None,Other object in carriageway,1,Yes,E01003247,2005
12282,200501PL60426,539300.0,170710.0,0.00192,51.418241,1,2,1,1,14/05/2005,7,23:59,7,E09000023,3,21,Single carriageway,30,None,-1,0,None within 50 metres,No physical crossing within 50 meters,Darkness: Street lights present and lit,Fine without high winds,Dry,None,None,1,Yes,E01000672,2005
12283,200501PL60427,537200.0,172070.0,-0.027735,51.430974,1,3,1,1,15/05/2005,1,21:10,7,E09000023,6,0,Single carriageway,30,Giveway or uncontrolled,6,0,None within 50 metres,No physical crossing within 50 meters,Darkness: Street lights present and lit,Fine without high winds,Dry,None,None,1,Yes,E01003197,2005
12284,200501PL60428,537540.0,171770.0,-0.022963,51.428196,1,3,3,1,18/02/2005,6,12:32,7,E09000023,6,0,Single carriageway,30,Giveway or uncontrolled,6,0,None within 50 metres,No physical crossing within 50 meters,Daylight: Street light present,Fine without high winds,Dry,None,None,1,Yes,E01003189,2005
12285,200501PL60429,537560.0,174910.0,-0.021456,51.456408,1,2,2,1,25/04/2005,2,09:20,7,E09000023,4,236,Single carriageway,30,Giveway or uncontrolled,6,0,None within 50 metres,No physical crossing within 50 meters,Daylight: Street light present,Raining without high winds,Wet/Damp,Roadworks,None,1,Yes,E01003274,2005
12286,200501PL60430,537540.0,173610.0,-0.022249,51.444731,1,3,2,1,02/05/2005,2,19:45,7,E09000023,3,205,Single carriageway,30,Automatic traffic signal,5,0,None within 50 metres,Pedestrian phase at traffic signal junction,Darkness: Street lights present and lit,Fine without high winds,Dry,None,None,1,Yes,E01003318,2005
12287,200501PL60431,538220.0,171820.0,-0.013168,51.42848,1,2,1,1,06/05/2005,6,19:48,7,E09000023,3,21,Single carriageway,30,Automatic traffic signal,5,0,None within 50 metres,Pedestrian phase at traffic signal junction,Daylight: Street light present,Fine without high winds,Dry,None,None,1,Yes,E01003241,2005
12288,200501PL60432,539800.0,172390.0,0.009768,51.433215,1,3,2,1,07/05/2005,7,21:42,7,E09000023,5,0,Single carriageway,30,Giveway or uncontrolled,6,0,None within 50 metres,No physical crossing within 50 meters,Darkness: Street lights present and lit,Fine without high winds,Dry,None,None,1,Yes,E01003346,2005
12289,200501PL60433,537860.0,173610.0,-0.017647,51.444653,1,3,2,1,08/05/2005,1,17:31,7,E09000023,3,21,One way street,30,None,-1,0,None within 50 metres,No physical crossing within 50 meters,Daylight: Street light present,Fine without high winds,Dry,None,None,1,Yes,E01003319,2005
12290,200501PL60435,536510.0,172010.0,-0.037677,51.430601,1,3,2,1,08/05/2005,1,18:00,7,E09000023,3,212,Single carriageway,30,Automatic traffic signal,4,227,None within 50 metres,Pedestrian phase at traffic signal junction,Daylight: Street light present,Fine without high winds,Dry,None,None,1,No,E01003193,2005
12291,200501PL60436,539390.0,173710.0,0.004393,51.445177,1,3,2,1,10/05/2005,3,18:30,7,E09000023,3,205,Single carriageway,30,Automatic traffic signal,5,0,None within 50 metres,Pedestrian phase at traffic signal junction,Daylight: Street light present,Fine without high winds,Dry,None,None,1,No,E01003220,2005
12292,200501PL60439,539650.0,175980.0,0.009027,51.465512,1,3,1,1,16/04/2005,7,18:00,7,E09000023,4,212,Single carriageway,30,None,-1,0,None within 50 metres,No physical crossing within 50 meters,Daylight: Street light present,Fine without high winds,Dry,None,None,1,No,E01003202,2005
12293,200501PL60440,534770.0,173060.0,-0.062293,51.440454,1,3,1,1,11/05/2005,4,23:29,7,E09000023,3,205,Single carriageway,30,None,-1,0,None within 50 metres,non-junction pedestrian crossing,Darkness: Street lights present and lit,Fine without high winds,Dry,None,None,1,Yes,E01003257,2005
12294,200501PL60441,537310.0,173530.0,-0.025587,51.444068,1,3,2,1,18/05/2005,4,19:25,7,E09000023,3,205,Single carriageway,30,Giveway or uncontrolled,5,0,None within 50 metres,No physical crossing within 50 meters,Daylight: Street light present,Fine without high winds,Dry,None,None,1,No,E01003318,2005
12295,200501PL60442,540410.0,174780.0,0.019485,51.454541,1,3,2,1,11/05/2005,4,16:05,6,E09000011,3,20,Single carriageway,30,Giveway or uncontrolled,6,0,None within 50 metres,No physical crossing within 50 meters,Daylight: Street light present,Fine without high winds,Dry,None,None,1,No,E01001658,2005
12296,200501PL60443,539390.0,173710.0,0.004393,51.445177,1,3,3,2,08/05/2005,1,22:00,7,E09000023,3,205,Single carriageway,30,None,-1,0,None within 50 metres,No physical crossing within 50 meters,Darkness: Street lights present and lit,Fine without high winds,Wet/Damp,None,None,1,Yes,E01003220,2005
12297,200501PL60444,535000.0,171960.0,-0.059405,51.430514,1,3,2,1,09/05/2005,2,08:25,7,E09000023,3,2216,Single carriageway,30,Giveway or uncontrolled,6,0,None within 50 metres,No physical crossing within 50 meters,Daylight: Street light present,Fine without high winds,Dry,None,None,1,No,E01003331,2005
12298,200501PL60445,541290.0,172240.0,0.031129,51.431497,1,3,2,1,13/05/2005,6,15:30,7,E09000023,4,226,Single carriageway,30,Automatic traffic signal,5,0,None within 50 metres,Pedestrian phase at traffic signal junction,Daylight: Street light present,Fine without high winds,Dry,None,None,1,No,E01003265,2005
12299,200501PL60447,537720.0,175120.0,-0.019073,51.458256,1,3,1,1,28/03/2005,2,19:45,7,E09000023,6,0,Single carriageway,30,Giveway or uncontrolled,6,0,None within 50 metres,No physical crossing within 50 meters,Darkness: Street lights present and lit,Fine without high winds,Dry,None,None,1,Yes,E01003279,2005
12300,200501PL60449,536460.0,176250.0,-0.036762,51.468716,1,2,2,1,18/05/2005,4,09:05,7,E09000023,6,0,Single carriageway,30,Giveway or uncontrolled,6,0,None within 50 metres,No physical crossing within 50 meters,Daylight: Street light present,Fine without high winds,Dry,None,None,1,Yes,E01003212,2005
12301,200501PL60450,535370.0,173040.0,-0.053673,51.440131,1,3,2,1,09/05/2005,2,16:39,7,E09000023,3,205,Single carriageway,30,Giveway or uncontrolled,3,205,None within 50 metres,No physical crossing within 50 meters,Daylight: Street light present,Fine without high winds,Wet/Damp,None,None,1,Yes,E01003255,2005
12302,200501PL60451,539390.0,173710.0,0.004393,51.445177,1,2,2,1,19/05/2005,5,22:21,7,E09000023,3,205,Single carriageway,30,Automatic traffic signal,5,0,None within 50 metres,Pedestrian phase at traffic signal junction,Darkness: Street lights present and lit,Fine without high winds,Dry,None,None,1,Yes,E01003220,2005
12303,200501PL60453,539310.0,170700.0,0.002059,51.418148,1,2,2,1,18/05/2005,4,08:06,7,E09000023,3,21,Single carriageway,30,Giveway or uncontrolled,6,0,None within 50 metres,No physical crossing within 50 meters,Daylight: Street light present,Fine without high winds,Dry,None,None,1,Yes,E01000672,2005
12304,200501PL60454,538380.0,175590.0,-0.009395,51.462319,1,3,2,1,06/05/2005,6,22:05,7,E09000023,3,20,Single carriageway,30,Giveway or uncontrolled,3,20,None within 50 metres,No physical crossing within 50 meters,Darkness: Street lights present and lit,Fine without high winds,Dry,None,None,1,No,E01003289,2005
12305,200501PL60455,539620.0,175100.0,0.008249,51.457612,1,3,2,1,13/05/2005,6,15:05,7,E09000023,3,20,Single carriageway,30,None,-1,0,None within 50 metres,No physical crossing within 50 meters,Daylight: Street light present,Fine without high winds,Dry,None,None,1,No,E01003283,2005
12306,200501PL60457,536160.0,176920.0,-0.040821,51.474809,1,3,2,3,15/05/2005,1,12:15,7,E09000023,6,0,Single carriageway,30,Automatic traffic signal,3,2,None within 50 metres,Pedestrian phase at traffic signal junction,Daylight: Street light present,Fine without high winds,Dry,None,None,1,No,E01003299,2005
12307,200501PL60459,535300.0,173810.0,-0.054385,51.447067,1,3,2,1,08/05/2005,1,12:35,7,E09000023,5,0,Single carriageway,30,None,-1,0,None within 50 metres,No physical crossing within 50 meters,Daylight: Street light present,Fine without high winds,Dry,None,None,1,Yes,E01003260,2005
12308,200501PL60461,537990.0,175810.0,-0.01492,51.464391,1,3,1,1,16/05/2005,2,15:41,7,E09000023,3,20,Single carriageway,30,Automatic traffic signal,3,20,None within 50 metres,Pedestrian phase at traffic signal junction,Daylight: Street light present,Raining without high winds,Wet/Damp,None,None,1,Yes,E01003296,2005
12309,200501PL60462,539450.0,173150.0,0.005035,51.44013,1,3,2,1,19/05/2005,5,17:30,7,E09000023,5,0,Single carriageway,30,Giveway or uncontrolled,6,0,None within 50 metres,No physical crossing within 50 meters,Daylight: Street light present,Raining without high winds,Wet/Damp,None,None,1,Yes,E01003222,2005
12310,200501PL60463,537170.0,171620.0,-0.02834,51.426937,1,3,1,1,18/05/2005,4,18:20,7,E09000023,3,2218,Dual carriageway,30,None,-1,0,None within 50 metres,Zebra crossing,Daylight: Street light present,Fine without high winds,Dry,None,None,1,Yes,E01003191,2005
12311,200501PL60464,538170.0,175260.0,-0.012545,51.459405,1,3,1,1,23/05/2005,2,10:13,7,E09000023,3,21,Single carriageway,30,Automatic traffic signal,3,21,None within 50 metres,Pedestrian phase at traffic signal junction,Daylight: Street light present,Fine without high winds,Dry,None,None,1,Yes,E01003289,2005
12312,200501PL60465,536810.0,176650.0,-0.031572,51.472226,1,3,1,1,23/05/2005,2,07:57,7,E09000023,3,20,Single carriageway,30,Automatic traffic signal,4,218,None within 50 metres,Pedestrian phase at traffic signal junction,Daylight: Street light present,Fine without high winds,Dry,None,None,1,Yes,E01003209,2005
12313,200501PL60466,536730.0,176720.0,-0.032696,51.472874,1,3,2,1,19/05/2005,5,16:58,7,E09000023,3,20,Single carriageway,30,Automatic traffic signal,3,20,None within 50 metres,Pedestrian phase at traffic signal junction,Daylight: Street light present,Raining without high winds,Wet/Damp,None,None,1,Yes,E01003209,2005
12314,200501PL60467,539880.0,174970.0,0.011937,51.456379,1,3,1,2,23/05/2005,2,08:30,6,E09000011,3,20,Single carriageway,30,Giveway or uncontrolled,6,0,None within 50 metres,No physical crossing within 50 meters,Daylight: Street light present,Fine without high winds,Dry,None,None,1,Yes,E01003286,2005
12315,200501PL60468,537580.0,176380.0,-0.020597,51.469613,1,3,2,1,17/05/2005,3,16:45,7,E09000023,3,2210,Single carriageway,30,None,-1,0,None within 50 metres,No physical crossing within 50 meters,Daylight: Street light present,Fine without high winds,Dry,None,None,1,Yes,E01003208,2005
12316,200501PL60469,540070.0,171740.0,0.013393,51.427307,1,3,1,1,27/04/2005,4,11:30,7,E09000023,5,0,Single carriageway,30,Giveway or uncontrolled,6,0,None within 50 metres,Zebra crossing,Daylight: Street light present,Raining without high winds,Wet/Damp,None,None,1,Yes,E01003237,2005
12317,200501PL60470,535830.0,173710.0,-0.046801,51.446042,1,3,1,1,22/05/2005,1,14:40,7,E09000023,6,0,Single carriageway,30,None,-1,0,None within 50 metres,No physical crossing within 50 meters,Daylight: Street light present,Fine without high winds,Dry,None,None,1,Yes,E01003228,2005
12318,200501PL60472,535990.0,174080.0,-0.044358,51.449328,1,3,2,1,12/03/2005,7,12:04,7,E09000023,4,238,Single carriageway,30,None,-1,0,None within 50 metres,Pedestrian phase at traffic signal junction,Daylight: Street light present,Fine without high winds,Dry,Roadworks,None,1,Yes,E01003226,2005
12319,200501PL60474,539130.0,175080.0,0.001192,51.457552,1,3,2,1,20/05/2005,6,08:30,7,E09000023,6,0,Single carriageway,30,Giveway or uncontrolled,6,0,None within 50 metres,No physical crossing within 50 meters,Daylight: Street light present,Fine without high winds,Dry,None,None,1,No,E01003284,2005
12320,200501PL60475,536370.0,175850.0,-0.038211,51.465143,1,2,2,1,13/05/2005,6,22:51,7,E09000023,5,0,Single carriageway,30,Giveway or uncontrolled,4,2142,None within 50 metres,No physical crossing within 50 meters,Darkness: Street lights present and lit,Fine without high winds,Dry,None,None,1,Yes,E01003345,2005
12321,200501PL60476,537960.0,175940.0,-0.015301,51.465567,1,3,3,4,27/05/2005,6,18:30,7,E09000023,3,2210,Single carriageway,30,Giveway or uncontrolled,6,0,None within 50 metres,No physical crossing within 50 meters,Daylight: Street light present,Fine without high winds,Dry,None,None,1,No,E01003296,2005
12322,200501PL60477,540070.0,171880.0,0.013448,51.428565,1,2,2,1,19/05/2005,5,20:50,7,E09000023,5,0,Single carriageway,30,Giveway or uncontrolled,5,0,None within 50 metres,Central refuge,Daylight: Street light present,Fine without high winds,Dry,None,None,1,Yes,E01003237,2005
12323,200501PL60478,535940.0,176850.0,-0.044013,51.474233,1,3,1,1,23/05/2005,2,17:09,7,E09000023,3,2,Single carriageway,30,Giveway or uncontrolled,6,0,None within 50 metres,No physical crossing within 50 meters,Daylight: Street light present,Fine without high winds,Dry,None,None,1,Yes,E01003340,2005
12324,200501PL60479,536430.0,177340.0,-0.036773,51.478518,1,3,2,1,26/05/2005,5,13:15,7,E09000023,4,207,Single carriageway,30,None,-1,0,None within 50 metres,No physical crossing within 50 meters,Daylight: Street light present,Fine without high winds,Dry,None,None,1,No,E01003300,2005
12325,200501PL60480,539840.0,172230.0,0.01028,51.431767,1,3,3,1,23/05/2005,2,13:05,7,E09000023,5,0,Single carriageway,30,None,-1,0,None within 50 metres,No physical crossing within 50 meters,Daylight: Street light present,Fine without high winds,Dry,None,None,1,Yes,E01003351,2005
12326,200501PL60481,538450.0,175570.0,-0.008396,51.462122,1,3,2,1,20/05/2005,6,09:38,7,E09000023,6,0,Single carriageway,30,Giveway or uncontrolled,3,20,None within 50 metres,Pedestrian phase at traffic signal junction,Daylight: Street light present,Raining without high winds,Wet/Damp,None,None,1,Yes,E01003289,2005
12327,200501PL60483,536120.0,172490.0,-0.0431,51.435009,1,3,2,1,20/05/2005,6,21:26,7,E09000023,6,0,Roundabout,30,Giveway or uncontrolled,4,227,None within 50 metres,No physical crossing within 50 meters,Darkness: Street lights present and lit,Fine without high winds,Dry,None,None,1,Yes,E01003312,2005
12328,200501PL60484,535900.0,172010.0,-0.046447,51.430748,1,3,2,1,24/05/2005,3,09:05,7,E09000023,6,0,Single carriageway,30,Giveway or uncontrolled,6,0,None within 50 metres,No physical crossing within 50 meters,Daylight: Street light present,Fine without high winds,Dry,None,None,1,Yes,E01003313,2005
12329,200501PL60485,537330.0,174920.0,-0.024761,51.456554,1,3,1,1,28/05/2005,7,11:50,7,E09000023,5,0,Single carriageway,30,None,-1,0,None within 50 metres,Pedestrian phase at traffic signal junction,Daylight: Street light present,Fine without high winds,Dry,None,None,1,Yes,E01003274,2005
12330,200501PL60487,538310.0,175450.0,-0.010457,51.461078,1,3,1,1,18/05/2005,4,15:55,7,E09000023,3,21,Single carriageway,30,Giveway or uncontrolled,3,21,None within 50 metres,No physical crossing within 50 meters,Daylight: Street light present,Fine without high winds,Dry,None,None,1,Yes,E01003289,2005
12331,200501PL60488,537710.0,173720.0,-0.019761,51.445678,1,3,2,1,24/05/2005,3,18:34,7,E09000023,3,21,Single carriageway,30,None,-1,0,None within 50 metres,No physical crossing within 50 meters,Daylight: Street light present,Fine without high winds,Dry,None,None,1,Yes,E01003318,2005
12332,200501PL60489,536770.0,177040.0,-0.031996,51.47574,1,3,2,1,24/05/2005,3,06:00,7,E09000023,3,2,Single carriageway,30,Giveway or uncontrolled,6,0,None within 50 metres,No physical crossing within 50 meters,Daylight: Street light present,Fine without high winds,Dry,None,None,1,Yes,E01003215,2005
12333,200501PL60491,535910.0,178600.0,-0.043772,51.489966,1,3,2,1,24/05/2005,3,13:25,7,E09000023,5,0,Single carriageway,30,Giveway or uncontrolled,6,0,None within 50 metres,No physical crossing within 50 meters,Daylight: Street light present,Fine without high winds,Dry,None,None,1,Yes,E01003247,2005
12334,200501PL60492,538580.0,174180.0,-0.00707,51.4496,1,3,2,1,22/05/2005,1,11:31,7,E09000023,6,0,Single carriageway,30,Giveway or uncontrolled,6,0,None within 50 metres,No physical crossing within 50 meters,Daylight: Street light present,Fine without high winds,Dry,None,None,1,Yes,E01003323,2005
12335,200501PL60493,539160.0,170870.0,-2.9e-05,51.419713,1,3,2,1,23/05/2005,2,15:25,7,E09000023,3,21,Single carriageway,30,Giveway or uncontrolled,6,0,None within 50 metres,No physical crossing within 50 meters,Daylight: Street light present,Fine without high winds,Dry,None,None,1,Yes,E01003235,2005
12336,200501PL60494,536350.0,173270.0,-0.039493,51.441963,1,2,2,1,26/05/2005,5,21:26,7,E09000023,3,205,Single carriageway,30,Giveway or uncontrolled,6,0,None within 50 metres,No physical crossing within 50 meters,Daylight: Street light present,Fine without high winds,Dry,None,None,1,Yes,E01003316,2005
12337,200501PL60495,537500.0,173600.0,-0.022828,51.444651,1,3,2,1,01/06/2005,4,16:45,7,E09000023,3,205,Single carriageway,30,Automatic traffic signal,5,0,None within 50 metres,Pedestrian phase at traffic signal junction,Daylight: Street light present,Raining without high winds,Wet/Damp,None,None,1,Yes,E01003318,2005
12338,200501PL60496,538030.0,174910.0,-0.014696,51.456294,1,3,3,1,30/05/2005,2,18:00,7,E09000023,3,21,Single carriageway,30,Automatic traffic signal,4,236,None within 50 metres,Pedestrian phase at traffic signal junction,Daylight: Street light present,Fine without high winds,Dry,None,None,1,No,E01003289,2005
12339,200501PL60497,538170.0,173680.0,-0.013162,51.445207,1,3,2,1,25/04/2005,2,23:59,7,E09000023,3,205,Single carriageway,30,Giveway or uncontrolled,6,0,None within 50 metres,No physical crossing within 50 meters,Darkness: Street lights present and lit,Fine without high winds,Dry,None,None,1,No,E01003319,2005
12340,200501PL60498,539760.0,172440.0,0.009213,51.433674,1,2,1,2,23/05/2005,2,15:40,7,E09000023,5,0,Single carriageway,30,Automatic traffic signal,5,0,None within 50 metres,Pedestrian phase at traffic signal junction,Daylight: Street light present,Fine without high winds,Dry,None,None,1,Yes,E01003346,2005
12341,200501PL60500,537840.0,171540.0,-0.01874,51.426056,1,2,2,1,04/06/2005,7,21:30,7,E09000023,3,2218,Single carriageway,30,Automatic traffic signal,3,2218,None within 50 metres,Pedestrian phase at traffic signal junction,Darkness: Street lights present and lit,Fine without high winds,Dry,None,None,1,No,E01003192,2005
12342,200501PL60501,538970.0,173350.0,-0.001787,51.442045,1,3,1,1,03/06/2005,6,12:50,7,E09000023,5,0,Single carriageway,30,Automatic traffic signal,5,0,None within 50 metres,Pedestrian phase at traffic signal junction,Daylight: Street light present,Fine without high winds,Dry,None,None,1,No,E01003222,2005
12343,200501PL60502,540740.0,172220.0,0.023214,51.431454,1,3,1,2,25/05/2005,4,18:45,7,E09000023,4,226,Single carriageway,30,None,-1,0,None within 50 metres,No physical crossing within 50 meters,Daylight: Street light present,Fine without high winds,Dry,None,None,1,Yes,E01003264,2005
12344,200501PL60503,538640.0,175960.0,-0.00551,51.46558,1,3,2,1,01/06/2005,4,18:25,7,E09000023,6,0,Single carriageway,30,None,-1,0,None within 50 metres,No physical crossing within 50 meters,Daylight: Street light present,Raining without high winds,Wet/Damp,None,None,1,Yes,E01003206,2005
12345,200501PL60505,537690.0,173050.0,-0.02031,51.439662,1,3,2,3,02/06/2005,5,14:00,7,E09000023,3,21,Single carriageway,30,Giveway or uncontrolled,5,0,None within 50 metres,No physical crossing within 50 meters,Daylight: Street light present,Fine without high winds,Dry,None,None,1,Yes,E01003318,2005
12346,200501PL60506,537890.0,174340.0,-0.016932,51.451206,1,2,1,1,04/06/2005,7,17:11,7,E09000023,3,21,Single carriageway,30,None,-1,0,None within 50 metres,No physical crossing within 50 meters,Daylight: Street light present,Fine without high winds,Dry,None,None,1,Yes,E01003322,2005
12347,200501PL60507,535360.0,172920.0,-0.053863,51.439055,1,3,1,1,20/04/2005,4,15:47,7,E09000023,3,205,Single carriageway,30,Automatic traffic signal,3,205,None within 50 metres,Pedestrian phase at traffic signal junction,Daylight: Street light present,Fine without high winds,Dry,None,None,1,Yes,E01003255,2005
12348,200501PL60508,540100.0,172440.0,0.014101,51.43359,1,2,1,2,03/06/2005,6,18:01,7,E09000023,6,0,Single carriageway,30,Giveway or uncontrolled,6,0,None within 50 metres,No physical crossing within 50 meters,Daylight: Street light present,Raining without high winds,Wet/Damp,None,None,1,Yes,E01003349,2005
12349,200501PL60509,539550.0,173920.0,0.006777,51.447025,1,3,2,1,21/05/2005,7,23:10,7,E09000023,6,0,Single carriageway,30,Giveway or uncontrolled,6,0,None within 50 metres,No physical crossing within 50 meters,Darkness: Street lights present and lit,Fine without high winds,Dry,None,None,1,Yes,E01003281,2005
12350,200501PL60510,536140.0,178490.0,-0.040504,51.488923,1,2,2,1,03/06/2005,6,14:15,7,E09000023,3,200,Single carriageway,30,Giveway or uncontrolled,6,0,None within 50 metres,No physical crossing within 50 meters,Daylight: Street light present,Fine without high winds,Dry,None,None,1,Yes,E01003247,2005
12351,200501PL60512,538350.0,171710.0,-0.011343,51.42746,1,3,2,1,08/06/2005,4,15:20,7,E09000023,3,21,Single carriageway,30,Giveway or uncontrolled,3,2015,None within 50 metres,No physical crossing within 50 meters,Daylight: Street light present,Fine without high winds,Dry,None,None,1,Yes,E01003241,2005
12352,200501PL60513,539010.0,171060.0,-0.00211,51.421457,1,2,2,1,07/06/2005,3,16:00,7,E09000023,3,21,Dual carriageway,30,Giveway or uncontrolled,6,0,None within 50 metres,Zebra crossing,Daylight: Street light present,Fine without high winds,Dry,None,None,1,Yes,E01003235,2005
12353,200501PL60514,538100.0,175000.0,-0.013654,51.457086,1,3,2,2,11/06/2005,7,12:30,7,E09000023,3,21,Single carriageway,30,Giveway or uncontrolled,6,0,None within 50 metres,No physical crossing within 50 meters,Daylight: Street light present,Fine without high winds,Dry,None,None,1,Yes,E01003289,2005
12354,200501PL60515,538650.0,174310.0,-0.006013,51.450751,1,3,3,2,13/06/2005,2,18:00,7,E09000023,5,0,Single carriageway,30,Giveway or uncontrolled,6,0,None within 50 metres,Zebra crossing,Daylight: Street light present,Fine without high winds,Dry,None,None,1,Yes,E01003292,2005
12355,200501PL60516,535250.0,171570.0,-0.055959,51.426949,1,3,2,2,13/06/2005,2,18:55,7,E09000023,3,2216,Roundabout,30,Giveway or uncontrolled,3,212,None within 50 metres,No physical crossing within 50 meters,Daylight: Street light present,Fine without high winds,Dry,None,None,1,Yes,E01003334,2005
12356,200501PL60517,536920.0,176520.0,-0.030039,51.471031,1,2,2,3,04/06/2005,7,14:05,7,E09000023,3,20,Single carriageway,30,Giveway or uncontrolled,6,0,None within 50 metres,No physical crossing within 50 meters,Daylight: Street light present,Fine without high winds,Dry,None,None,1,Yes,E01003210,2005
12357,200501PL60518,537800.0,172790.0,-0.018829,51.437299,1,3,3,1,03/06/2005,6,11:45,7,E09000023,3,21,Single carriageway,30,Giveway or uncontrolled,6,0,None within 50 metres,No physical crossing within 50 meters,Daylight: Street light present,Fine without high winds,Dry,None,None,1,Yes,E01003221,2005
12358,200501PL60519,538380.0,176180.0,-0.009165,51.467621,1,3,2,1,08/06/2005,4,08:50,7,E09000023,6,0,Single carriageway,30,Giveway or uncontrolled,6,0,None within 50 metres,No physical crossing within 50 meters,Daylight: Street light present,Fine without high winds,Dry,None,None,1,Yes,E01003204,2005
12359,200501PL60521,535950.0,176850.0,-0.043869,51.47423,1,3,1,1,07/06/2005,3,17:20,7,E09000023,3,2,Single carriageway,30,None,-1,0,None within 50 metres,non-junction pedestrian crossing,Daylight: Street light present,Fine without high winds,Dry,None,None,1,Yes,E01003340,2005
12360,200501PL60523,537740.0,174920.0,-0.018863,51.456454,1,3,1,1,04/06/2005,7,10:45,7,E09000023,4,236,Single carriageway,30,None,-1,0,None within 50 metres,No physical crossing within 50 meters,Daylight: Street light present,Fine without high winds,Dry,None,None,1,Yes,E01003289,2005
12361,200501PL60525,537940.0,174670.0,-0.016084,51.454159,1,3,2,1,05/06/2005,1,14:07,7,E09000023,3,21,Single carriageway,30,None,-1,0,None within 50 metres,No physical crossing within 50 meters,Daylight: Street light present,Fine without high winds,Dry,None,None,1,Yes,E01003291,2005
12362,200501PL60526,539310.0,172350.0,0.002708,51.432976,1,2,1,1,09/06/2005,5,19:15,7,E09000023,6,0,Single carriageway,30,Giveway or uncontrolled,6,0,None within 50 metres,No physical crossing within 50 meters,Darkness: Street lights present and lit,Fine without high winds,Dry,None,None,1,Yes,E01003346,2005
12363,200501PL60528,537640.0,175980.0,-0.019889,51.466004,1,3,2,1,10/06/2005,6,17:11,7,E09000023,3,20,Single carriageway,30,Giveway or uncontrolled,6,0,None within 50 metres,No physical crossing within 50 meters,Daylight: Street light present,Fine without high winds,Dry,None,None,1,Yes,E01003278,2005
12364,200501PL60529,538820.0,171460.0,-0.004684,51.425098,1,3,2,1,10/06/2005,6,10:57,7,E09000023,3,21,Single carriageway,30,None,-1,0,None within 50 metres,No physical crossing within 50 meters,Daylight: Street light present,Fine without high winds,Dry,None,None,1,Yes,E01003243,2005
12365,200501PL60530,536290.0,176960.0,-0.038934,51.475137,1,3,2,1,19/06/2005,1,14:55,7,E09000023,3,2,Single carriageway,30,Giveway or uncontrolled,6,0,None within 50 metres,No physical crossing within 50 meters,Daylight: Street light present,Fine without high winds,Dry,None,None,1,Yes,E01003215,2005
12366,200501PL60531,536830.0,172970.0,-0.032706,51.439151,1,3,1,1,03/06/2005,6,15:22,7,E09000023,3,212,Single carriageway,30,None,-1,0,None within 50 metres,Zebra crossing,Daylight: Street light present,Fine without high winds,Dry,None,None,1,Yes,E01003321,2005
12367,200501PL60532,536710.0,171810.0,-0.034879,51.428756,1,3,2,3,18/06/2005,7,16:00,7,E09000023,3,2218,Single carriageway,30,None,-1,0,None within 50 metres,No physical crossing within 50 meters,Daylight: Street light present,Fine without high winds,Dry,None,None,1,No,E01003190,2005
12368,200501PL60533,538170.0,175170.0,-0.01258,51.458596,1,3,1,1,19/06/2005,1,14:50,7,E09000023,3,21,Single carriageway,30,None,-1,0,None within 50 metres,No physical crossing within 50 meters,Daylight: Street light present,Fine without high winds,Dry,None,None,1,Yes,E01003289,2005
12369,200501PL60534,538270.0,173120.0,-0.011943,51.44015,1,3,2,1,18/06/2005,7,14:40,7,E09000023,6,0,Single carriageway,30,Giveway or uncontrolled,6,0,None within 50 metres,No physical crossing within 50 meters,Daylight: Street light present,Fine without high winds,Dry,None,None,1,Yes,E01003216,2005
12370,200501PL60535,539860.0,174720.0,0.011551,51.454138,1,3,2,1,21/06/2005,3,07:55,7,E09000023,3,2212,Single carriageway,30,Giveway or uncontrolled,6,0,None within 50 metres,No physical crossing within 50 meters,Daylight: Street light present,Fine without high winds,Dry,None,None,1,Yes,E01003285,2005
12371,200501PL60536,540180.0,174840.0,0.016201,51.455137,1,3,2,1,10/06/2005,6,08:25,6,E09000011,3,20,Single carriageway,30,Giveway or uncontrolled,6,0,None within 50 metres,No physical crossing within 50 meters,Daylight: Street light present,Fine without high winds,Dry,None,None,1,Yes,E01003286,2005
12372,200501PL60537,537910.0,174490.0,-0.016585,51.452549,1,2,2,3,09/06/2005,5,13:37,7,E09000023,3,21,Single carriageway,30,Giveway or uncontrolled,6,0,None within 50 metres,No physical crossing within 50 meters,Daylight: Street light present,Fine without high winds,Dry,None,None,1,Yes,E01003291,2005
12373,200501PL60538,537980.0,174810.0,-0.015454,51.455407,1,3,2,1,25/05/2005,4,20:10,7,E09000023,3,21,Single carriageway,30,Giveway or uncontrolled,6,0,None within 50 metres,No physical crossing within 50 meters,Darkness: Street lights present and lit,Fine without high winds,Dry,None,None,1,Yes,E01003289,2005
12374,200501PL60539,539030.0,176210.0,0.000198,51.467731,1,2,2,1,11/06/2005,7,18:50,7,E09000023,6,0,Single carriageway,30,Giveway or uncontrolled,6,0,None within 50 metres,No physical crossing within 50 meters,Daylight: Street light present,Fine without high winds,Dry,None,None,1,Yes,E01003206,2005
12375,200501PL60540,537740.0,173800.0,-0.019299,51.44639,1,3,2,1,20/06/2005,2,15:03,7,E09000023,3,21,Single carriageway,30,None,-1,0,None within 50 metres,Pedestrian phase at traffic signal junction,Daylight: Street light present,Fine without high winds,Dry,None,None,1,Yes,E01003318,2005
12376,200501PL60541,537950.0,174750.0,-0.015909,51.454875,1,2,1,1,15/06/2005,4,15:15,7,E09000023,3,21,Single carriageway,30,None,-1,0,None within 50 metres,Zebra crossing,Daylight: Street light present,Fine without high winds,Dry,None,None,1,Yes,E01003289,2005
12377,200501PL60542,540910.0,172230.0,0.025662,51.431502,1,3,2,1,13/06/2005,2,14:15,7,E09000023,4,226,Single carriageway,30,Giveway or uncontrolled,6,0,None within 50 metres,No physical crossing within 50 meters,Daylight: Street light present,Fine without high winds,Dry,None,None,1,Yes,E01003264,2005
12378,200501PL60543,536620.0,175380.0,-0.034796,51.460859,1,3,2,1,17/06/2005,6,21:29,7,E09000023,4,218,Single carriageway,30,Giveway or uncontrolled,6,0,None within 50 metres,No physical crossing within 50 meters,Daylight: Street light present,Fine without high winds,Dry,None,None,1,Yes,E01003272,2005
12379,200501PL60544,536580.0,176910.0,-0.034781,51.474618,1,3,2,1,17/06/2005,6,06:10,7,E09000023,3,20,One way street,30,Automatic traffic signal,3,20,None within 50 metres,No physical crossing within 50 meters,Daylight: Street light present,Fine without high winds,Dry,None,None,1,No,E01003215,2005
12380,200501PL60545,536120.0,173290.0,-0.042792,51.442198,1,3,1,1,19/06/2005,1,04:30,7,E09000023,3,205,Single carriageway,30,Automatic traffic signal,4,218,None within 50 metres,Pedestrian phase at traffic signal junction,Darkness: Street lights present and lit,Fine without high winds,Dry,None,None,1,No,E01003316,2005
12381,200501PL60548,539630.0,175330.0,0.008483,51.459676,1,3,1,1,26/06/2005,1,18:00,7,E09000023,6,0,Single carriageway,30,Giveway or uncontrolled,6,0,None within 50 metres,No physical crossing within 50 meters,Daylight: Street light present,Fine without high winds,Dry,None,None,1,Yes,E01003202,2005
12382,200501PL60549,537280.0,176940.0,-0.024696,51.474718,1,3,2,1,14/06/2005,3,09:50,7,E09000023,3,2,Single carriageway,30,Automatic traffic signal,3,2210,None within 50 metres,Pedestrian phase at traffic signal junction,Daylight: Street light present,Fine without high winds,Dry,None,None,1,Yes,E01003306,2005
12383,200501PL60550,537750.0,173800.0,-0.019155,51.446387,1,3,2,1,24/06/2005,6,16:58,7,E09000023,3,21,Single carriageway,30,None,-1,0,None within 50 metres,Pedestrian phase at traffic signal junction,Daylight: Street light present,Raining without high winds,Wet/Damp,None,None,1,Yes,E01003318,2005
12384,200501PL60551,536760.0,173290.0,-0.033589,51.442044,1,3,2,1,24/06/2005,6,07:37,7,E09000023,6,0,Single carriageway,30,Giveway or uncontrolled,3,205,None within 50 metres,Zebra crossing,Daylight: Street light present,Fine without high winds,Dry,None,None,1,Yes,E01003308,2005
12385,200501PL60552,536690.0,176960.0,-0.033178,51.475041,1,3,2,3,22/06/2005,4,07:52,7,E09000023,3,20,One way street,30,Automatic traffic signal,3,20,None within 50 metres,Pedestrian phase at traffic signal junction,Daylight: Street light present,Fine without high winds,Dry,None,None,1,Yes,E01003215,2005
12386,200501PL60553,538410.0,175610.0,-0.008956,51.462492,1,3,1,1,22/06/2005,4,15:30,7,E09000023,4,220,Single carriageway,30,Giveway or uncontrolled,3,20,None within 50 metres,Pedestrian phase at traffic signal junction,Daylight: Street light present,Fine without high winds,Dry,None,None,1,Yes,E01003199,2005
12387,200501PL60554,535880.0,171730.0,-0.046842,51.428236,1,3,2,1,17/06/2005,6,20:10,7,E09000023,6,0,Single carriageway,30,Giveway or uncontrolled,6,0,None within 50 metres,No physical crossing within 50 meters,Darkness: Street lights present and lit,Fine without high winds,Dry,None,None,1,Yes,E01003335,2005
12388,200501PL60556,537160.0,173420.0,-0.027787,51.443115,1,3,2,1,20/06/2005,2,17:25,7,E09000023,3,205,Single carriageway,30,Automatic traffic signal,6,0,None within 50 metres,Pedestrian phase at traffic signal junction,Daylight: Street light present,Fine without high winds,Dry,None,None,1,Yes,E01003317,2005
12389,200501PL60557,539120.0,171480.0,-0.000364,51.425204,1,2,2,2,18/06/2005,7,15:49,7,E09000023,5,0,Single carriageway,30,Giveway or uncontrolled,6,0,None within 50 metres,No physical crossing within 50 meters,Daylight: Street light present,Fine without high winds,Dry,None,None,1,Yes,E01003240,2005
12390,200501PL60558,537310.0,176190.0,-0.024556,51.467971,1,3,2,1,21/06/2005,3,07:30,7,E09000023,3,20,Single carriageway,30,Giveway or uncontrolled,6,0,None within 50 metres,No physical crossing within 50 meters,Daylight: Street light present,Fine without high winds,Dry,None,None,1,Yes,E01003211,2005
12391,200501PL60559,535660.0,177030.0,-0.047973,51.475918,1,3,2,1,23/06/2005,5,15:40,7,E09000023,3,2,Single carriageway,30,Giveway or uncontrolled,6,0,None within 50 metres,No physical crossing within 50 meters,Daylight: Street light present,Fine without high winds,Dry,None,None,1,Yes,E01003299,2005
12392,200501PL60560,537060.0,176370.0,-0.028083,51.469649,1,3,2,1,21/06/2005,3,15:15,7,E09000023,5,0,Single carriageway,30,Automatic traffic signal,3,20,None within 50 metres,Pedestrian phase at traffic signal junction,Daylight: Street light present,Fine without high winds,Dry,None,None,1,No,E01003210,2005
12393,200501PL60563,538100.0,175000.0,-0.013654,51.457086,1,2,2,1,18/06/2005,7,14:10,7,E09000023,3,21,Single carriageway,30,None,-1,0,None within 50 metres,No physical crossing within 50 meters,Daylight: Street light present,Fine without high winds,Dry,None,None,1,Yes,E01003289,2005
12394,200501PL60566,538370.0,175560.0,-0.009551,51.462052,1,3,1,1,23/06/2005,5,19:10,7,E09000023,3,21,Single carriageway,30,None,-1,0,None within 50 metres,Pedestrian phase at traffic signal junction,Daylight: Street light present,Fine without high winds,Dry,None,None,1,No,E01003289,2005
12395,200501PL60567,535640.0,177050.0,-0.048254,51.476102,1,3,2,2,27/06/2005,2,23:49,7,E09000023,3,2,Single carriageway,30,Giveway or uncontrolled,6,0,None within 50 metres,No physical crossing within 50 meters,Darkness: Street lights present and lit,Fine without high winds,Dry,None,None,1,Yes,E01003299,2005
12396,200501PL60568,539750.0,171400.0,0.008659,51.424331,1,3,1,1,18/06/2005,7,14:12,7,E09000023,5,0,Single carriageway,30,Giveway or uncontrolled,6,0,None within 50 metres,No physical crossing within 50 meters,Daylight: Street light present,Fine without high winds,Dry,None,None,1,Yes,E01003242,2005
12397,200501PL60569,535940.0,178510.0,-0.043375,51.48915,1,3,2,1,22/05/2005,1,21:19,7,E09000023,6,0,Single carriageway,30,None,-1,0,None within 50 metres,No physical crossing within 50 meters,Darkness: Street lighting unknown,Fine without high winds,Dry,None,None,1,Yes,E01003247,2005
12398,200501PL60570,534880.0,174360.0,-0.060216,51.45211,1,3,2,1,26/06/2005,1,11:48,8,E09000028,4,238,Single carriageway,30,None,-1,0,None within 50 metres,No physical crossing within 50 meters,Daylight: Street light present,Fine without high winds,Dry,None,None,1,Yes,E01004018,2005
12399,200501PL60571,537900.0,174430.0,-0.016753,51.452012,1,3,2,1,19/06/2005,1,17:48,7,E09000023,3,21,Single carriageway,30,Giveway or uncontrolled,6,0,None within 50 metres,No physical crossing within 50 meters,Daylight: Street light present,Fine without high winds,Dry,None,None,1,Yes,E01003322,2005
12400,200501PL60572,539770.0,172450.0,0.00936,51.433761,1,3,2,3,24/06/2005,6,19:30,7,E09000023,5,0,Single carriageway,30,Automatic traffic signal,5,0,None within 50 metres,Pedestrian phase at traffic signal junction,Daylight: Street light present,Raining without high winds,Wet/Damp,None,None,1,No,E01003346,2005
12401,200501PL60573,537160.0,177440.0,-0.026229,51.479241,1,3,1,1,27/06/2005,2,13:02,7,E09000023,3,2209,Single carriageway,30,None,-1,0,None within 50 metres,No physical crossing within 50 meters,Daylight: Street light present,Fine without high winds,Dry,None,None,1,Yes,E01003253,2005
12402,200501PL60574,537390.0,171650.0,-0.025166,51.427154,1,3,2,1,21/06/2005,3,16:50,7,E09000023,3,2218,Single carriageway,30,Giveway or uncontrolled,3,2218,None within 50 metres,No physical crossing within 50 meters,Daylight: Street light present,Fine without high winds,Dry,None,None,1,Yes,E01003192,2005
12403,200501PL60575,538190.0,171390.0,-0.013767,51.424623,1,3,2,1,22/06/2005,4,08:05,7,E09000023,3,2015,Single carriageway,30,None,-1,0,None within 50 metres,No physical crossing within 50 meters,Daylight: Street light present,Fine without high winds,Dry,None,None,1,Yes,E01003241,2005
12404,200501PL60576,536820.0,176650.0,-0.031428,51.472224,1,2,2,3,23/06/2005,5,13:37,7,E09000023,3,20,Single carriageway,30,Automatic traffic signal,4,218,None within 50 metres,Pedestrian phase at traffic signal junction,Daylight: Street light present,Fine without high winds,Dry,None,None,1,Yes,E01003209,2005
12405,200501PL60577,538870.0,171370.0,-0.004001,51.424277,1,3,1,1,23/06/2005,5,18:15,7,E09000023,3,21,Single carriageway,30,Automatic traffic signal,3,21,None within 50 metres,Pedestrian phase at traffic signal junction,Daylight: Street light present,Fine without high winds,Dry,None,None,1,Yes,E01003243,2005
12406,200501PL60578,540610.0,171800.0,0.021179,51.427712,1,3,2,1,01/07/2005,6,08:20,7,E09000023,3,2212,Single carriageway,30,Giveway or uncontrolled,6,0,None within 50 metres,No physical crossing within 50 meters,Daylight: Street light present,Raining without high winds,Wet/Damp,None,None,1,No,E01003236,2005
12407,200501PL60579,536940.0,171700.0,-0.031615,51.427712,1,3,2,1,04/06/2005,7,17:30,7,E09000023,3,2218,Single carriageway,30,Giveway or uncontrolled,6,0,None within 50 metres,No physical crossing within 50 meters,Daylight: Street light present,Fine without high winds,Dry,None,None,1,No,E01003190,2005
12408,200501PL60580,537380.0,176900.0,-0.023273,51.474335,1,3,2,1,27/06/2005,2,07:30,7,E09000023,3,2,Single carriageway,30,None,-1,0,None within 50 metres,No physical crossing within 50 meters,Daylight: Street light present,Fine without high winds,Dry,None,None,1,No,E01003207,2005
12409,200501PL60581,539780.0,174860.0,0.010455,51.455415,1,3,4,1,28/06/2005,3,12:00,7,E09000023,6,0,Single carriageway,30,Giveway or uncontrolled,6,0,None within 50 metres,No physical crossing within 50 meters,Daylight: Street light present,Fine without high winds,Dry,None,None,1,Yes,E01003286,2005
12410,200501PL60583,538950.0,173340.0,-0.002079,51.441961,1,3,2,2,03/07/2005,1,23:59,7,E09000023,5,0,Single carriageway,30,Automatic traffic signal,5,0,None within 50 metres,Pedestrian phase at traffic signal junction,Darkness: Street lights present and lit,Fine without high winds,Dry,None,None,1,Yes,E01003224,2005
12411,200501PL60584,535510.0,171490.0,-0.052252,51.426168,1,3,2,1,23/06/2005,5,16:19,7,E09000023,3,212,Single carriageway,30,None,-1,0,None within 50 metres,No physical crossing within 50 meters,Daylight: Street light present,Fine without high winds,Dry,None,None,1,No,E01003327,2005
12412,200501PL60585,537890.0,174410.0,-0.016904,51.451835,1,3,2,1,22/06/2005,4,16:05,7,E09000023,3,21,Single carriageway,30,Giveway or uncontrolled,6,0,None within 50 metres,No physical crossing within 50 meters,Daylight: Street light present,Fine without high winds,Dry,None,None,1,No,E01003322,2005
12413,200501PL60587,536610.0,171760.0,-0.036336,51.428331,1,3,2,1,02/07/2005,7,11:45,7,E09000023,3,2218,Single carriageway,30,Giveway or uncontrolled,6,0,None within 50 metres,No physical crossing within 50 meters,Daylight: Street light present,Fine without high winds,Dry,None,None,1,No,E01003190,2005
12414,200501PL60588,538150.0,175290.0,-0.012821,51.459679,1,3,1,1,30/06/2005,5,14:25,7,E09000023,3,21,Single carriageway,30,None,-1,0,None within 50 metres,Pedestrian phase at traffic signal junction,Daylight: Street light present,Raining without high winds,Wet/Damp,None,None,1,No,E01003289,2005
12415,200501PL60589,537830.0,171540.0,-0.018884,51.426058,1,3,2,2,18/06/2005,7,16:07,7,E09000023,3,2218,Dual carriageway,30,Giveway or uncontrolled,3,2218,None within 50 metres,No physical crossing within 50 meters,Daylight: Street light present,Fine without high winds,Dry,None,None,1,Yes,E01003192,2005
12416,200501PL60590,538980.0,172220.0,-0.002086,51.431889,1,3,2,1,03/07/2005,1,17:18,7,E09000023,6,0,Single carriageway,30,Giveway or uncontrolled,6,0,None within 50 metres,No physical crossing within 50 meters,Daylight: Street light present,Fine without high winds,Dry,None,None,1,Yes,E01003350,2005
12417,200501PL60591,535940.0,176850.0,-0.044013,51.474233,1,3,1,2,01/07/2005,6,18:27,7,E09000023,3,2,Single carriageway,30,None,-1,0,None within 50 metres,No physical crossing within 50 meters,Daylight: Street light present,Raining without high winds,Wet/Damp,None,None,1,Yes,E01003340,2005
12418,200501PL60592,534910.0,171680.0,-0.060805,51.428019,1,2,2,2,25/06/2005,7,00:28,7,E09000023,3,212,Single carriageway,30,Giveway or uncontrolled,6,0,None within 50 metres,No physical crossing within 50 meters,Darkness: Street lights present and lit,Fine without high winds,Dry,None,None,1,Yes,E01003331,2005
12419,200501PL60593,540550.0,172120.0,0.020443,51.430603,1,3,1,1,24/06/2005,6,16:09,7,E09000023,5,0,Single carriageway,30,None,-1,0,None within 50 metres,No physical crossing within 50 meters,Daylight: Street light present,Fine without high winds,Dry,None,None,1,Yes,E01003236,2005
12420,200501PL60595,538840.0,174180.0,-0.003331,51.449536,1,2,1,2,01/07/2005,6,18:49,7,E09000023,5,0,Single carriageway,30,Giveway or uncontrolled,6,0,None within 50 metres,No physical crossing within 50 meters,Daylight: Street light present,Fine without high winds,Wet/Damp,None,None,1,Yes,E01003294,2005
12421,200501PL60597,536520.0,175680.0,-0.036119,51.463579,1,2,2,1,09/06/2005,5,22:30,7,E09000023,6,0,Single carriageway,30,Giveway or uncontrolled,4,218,None within 50 metres,No physical crossing within 50 meters,Darkness: Street lights present and lit,Fine without high winds,Dry,None,None,1,Yes,E01003214,2005
12422,200501PL60598,539850.0,174890.0,0.011474,51.455668,1,3,2,1,31/05/2005,3,16:21,7,E09000023,3,2212,Single carriageway,30,None,-1,0,None within 50 metres,No physical crossing within 50 meters,Daylight: Street light present,Fine without high winds,Dry,None,None,1,Yes,E01003286,2005
12423,200501PL60600,536870.0,173270.0,-0.032015,51.441838,1,2,2,3,04/07/2005,2,17:15,7,E09000023,3,205,Single carriageway,30,None,-1,0,None within 50 metres,No physical crossing within 50 meters,Daylight: Street light present,Fine without high winds,Dry,None,None,1,Yes,E01003321,2005
12424,200501PL60601,536700.0,173300.0,-0.034448,51.442148,1,2,2,1,05/07/2005,3,16:53,7,E09000023,3,205,Single carriageway,30,Giveway or uncontrolled,6,0,None within 50 metres,No physical crossing within 50 meters,Daylight: Street light present,Raining without high winds,Wet/Damp,None,None,1,Yes,E01003308,2005
12425,200501PL60603,535900.0,176850.0,-0.044589,51.474242,1,2,1,1,26/06/2005,1,22:42,7,E09000023,3,2,Single carriageway,30,None,-1,0,None within 50 metres,No physical crossing within 50 meters,Darkness: Street lights present and lit,Fine without high winds,Dry,None,None,1,Yes,E01003340,2005
12426,200501PL60605,536060.0,175210.0,-0.042917,51.459466,1,3,2,1,07/07/2005,5,14:19,7,E09000023,6,0,Single carriageway,30,Giveway or uncontrolled,6,0,None within 50 metres,No physical crossing within 50 meters,Daylight: Street light present,Raining without high winds,Wet/Damp,None,None,1,Yes,E01003336,2005
12427,200501PL60606,536640.0,176830.0,-0.033948,51.473885,1,3,2,1,06/07/2005,4,08:50,7,E09000023,3,20,Single carriageway,30,Giveway or uncontrolled,6,0,None within 50 metres,No physical crossing within 50 meters,Daylight: Street light present,Fine without high winds,Dry,None,None,1,No,E01003215,2005
12428,200501PL60608,536350.0,175930.0,-0.038468,51.465867,1,3,2,1,21/06/2005,3,23:25,7,E09000023,4,2142,Single carriageway,30,Giveway or uncontrolled,6,0,None within 50 metres,No physical crossing within 50 meters,Darkness: Street lights present and lit,Fine without high winds,Dry,None,None,1,Yes,E01003345,2005
12429,200501PL60609,537180.0,177270.0,-0.026007,51.477708,1,3,1,1,05/06/2005,1,10:29,7,E09000023,6,0,Single carriageway,30,None,-1,0,None within 50 metres,Zebra crossing,Daylight: Street light present,Fine without high winds,Dry,None,None,1,Yes,E01003304,2005
12430,200501PL60611,540220.0,174840.0,0.016776,51.455127,1,3,2,1,06/07/2005,4,22:25,6,E09000011,3,20,Single carriageway,30,Giveway or uncontrolled,6,0,None within 50 metres,No physical crossing within 50 meters,Darkness: Street lights present and lit,Fine without high winds,Dry,None,None,1,Yes,E01003286,2005
12431,200501PL60613,536670.0,178000.0,-0.033064,51.484391,1,3,2,2,22/06/2005,4,18:45,7,E09000023,3,200,Single carriageway,30,None,-1,0,None within 50 metres,non-junction pedestrian crossing,Daylight: Street light present,Fine without high winds,Dry,None,None,1,Yes,E01003246,2005
12432,200501PL60614,535820.0,176850.0,-0.04574,51.474262,1,3,1,1,10/07/2005,1,08:15,7,E09000023,3,2,Single carriageway,30,Automatic traffic signal,3,202,None within 50 metres,Pedestrian phase at traffic signal junction,Daylight: Street light present,Fine without high winds,Dry,None,None,1,Yes,E01003299,2005
12433,200501PL60615,538120.0,175060.0,-0.013343,51.45762,1,3,2,1,21/06/2005,3,17:20,7,E09000023,3,21,Single carriageway,30,Automatic traffic signal,5,0,None within 50 metres,Pedestrian phase at traffic signal junction,Daylight: Street light present,Fine without high winds,Dry,None,None,1,Yes,E01003289,2005
12434,200501PL60616,536280.0,176960.0,-0.039078,51.47514,1,3,2,1,10/07/2005,1,16:51,7,E09000023,3,2,Single carriageway,30,Giveway or uncontrolled,6,0,None within 50 metres,No physical crossing within 50 meters,Daylight: Street light present,Fine without high winds,Dry,None,None,1,Yes,E01003303,2005
12435,200501PL60617,538070.0,172050.0,-0.015235,51.430583,1,3,3,1,06/07/2005,4,03:47,7,E09000023,3,21,Single carriageway,30,None,-1,0,None within 50 metres,No physical crossing within 50 meters,Darkness: Street lights present and lit,Fine without high winds,Dry,None,None,1,Yes,E01003348,2005
12436,200501PL60618,535900.0,174890.0,-0.045342,51.456629,1,3,2,1,13/06/2005,2,17:50,7,E09000023,6,0,Single carriageway,30,Giveway or uncontrolled,6,0,None within 50 metres,No physical crossing within 50 meters,Daylight: Street light present,Fine without high winds,Dry,None,None,1,No,E01004016,2005
12437,200501PL60619,535070.0,174150.0,-0.057563,51.450177,1,3,1,1,08/07/2005,6,18:00,8,E09000028,5,0,Single carriageway,30,Giveway or uncontrolled,4,238,None within 50 metres,No physical crossing within 50 meters,Daylight: Street light present,Fine without high winds,Dry,None,None,1,Yes,E01003260,2005
12438,200501PL60620,537930.0,176650.0,-0.015456,51.471954,1,3,1,2,12/07/2005,3,16:45,6,E09000011,3,2211,Single carriageway,30,None,-1,0,None within 50 metres,No physical crossing within 50 meters,Daylight: Street light present,Fine without high winds,Dry,None,None,1,Yes,E01001644,2005
12439,200501PL60621,537910.0,175960.0,-0.016013,51.465759,1,3,2,1,12/07/2005,3,15:49,7,E09000023,3,2210,One way street,30,Giveway or uncontrolled,6,0,None within 50 metres,No physical crossing within 50 meters,Daylight: Street light present,Fine without high winds,Dry,None,None,1,Yes,E01003296,2005
12440,200501PL60623,536820.0,177520.0,-0.031091,51.480042,1,3,1,1,13/07/2005,4,01:30,7,E09000023,6,0,Single carriageway,30,Giveway or uncontrolled,6,0,None within 50 metres,No physical crossing within 50 meters,Darkness: Street lights present and lit,Fine without high winds,Dry,None,None,1,Yes,E01003303,2005
12441,200501PL60624,537310.0,176910.0,-0.024276,51.474441,1,3,2,1,10/07/2005,1,10:15,7,E09000023,3,2,Single carriageway,30,Automatic traffic signal,3,2210,None within 50 metres,Pedestrian phase at traffic signal junction,Daylight: Street light present,Fine without high winds,Dry,None,None,1,Yes,E01003207,2005
12442,200501PL60625,537270.0,176210.0,-0.025123,51.468161,1,3,2,1,08/07/2005,6,06:40,7,E09000023,3,20,Single carriageway,30,Giveway or uncontrolled,6,0,None within 50 metres,No physical crossing within 50 meters,Darkness: Street lights present and lit,Fine without high winds,Wet/Damp,None,None,1,Yes,E01003211,2005
12443,200501PL60626,535170.0,177330.0,-0.05491,51.478731,1,3,2,1,06/06/2005,2,08:10,8,E09000028,3,2,Dual carriageway,30,Automatic traffic signal,5,0,None within 50 metres,Pedestrian phase at traffic signal junction,Daylight: Street light present,Fine without high winds,Dry,None,None,1,Yes,E01004003,2005
12444,200501PL60627,538590.0,174720.0,-0.006715,51.45445,1,3,2,1,16/07/2005,7,20:30,7,E09000023,6,0,Single carriageway,30,None,-1,0,None within 50 metres,No physical crossing within 50 meters,Darkness: Street lights present but unlit,Fine without high winds,Dry,None,None,1,Yes,E01003290,2005
12445,200501PL60629,537690.0,173430.0,-0.020162,51.443077,1,2,3,1,07/07/2005,5,06:55,7,E09000023,6,0,Single carriageway,30,Giveway or uncontrolled,3,21,None within 50 metres,No physical crossing within 50 meters,Daylight: Street light present,Raining without high winds,Wet/Damp,Ol or diesel,None,1,Yes,E01003221,2005
12446,200501PL60630,537670.0,174950.0,-0.019858,51.456741,1,3,2,1,15/07/2005,6,15:10,7,E09000023,6,0,Single carriageway,30,None,-1,0,None within 50 metres,No physical crossing within 50 meters,Daylight: Street light present,Fine without high winds,Dry,None,None,1,No,E01003279,2005
12447,200501PL60632,535760.0,176900.0,-0.046584,51.474725,1,3,2,1,14/07/2005,5,18:30,7,E09000023,3,2,One way street,30,Automatic traffic signal,3,2,None within 50 metres,Pedestrian phase at traffic signal junction,Daylight: Street light present,Fine without high winds,Dry,None,None,1,No,E01003338,2005
12448,200501PL60633,538210.0,176130.0,-0.01163,51.467213,1,3,2,1,19/07/2005,3,09:20,7,E09000023,3,2211,Single carriageway,30,None,-1,0,None within 50 metres,No physical crossing within 50 meters,Daylight: Street light present,Fine without high winds,Dry,None,None,1,No,E01003201,2005
12449,200501PL60634,536160.0,172870.0,-0.042379,51.438414,1,3,2,1,13/07/2005,4,14:20,7,E09000023,6,0,Single carriageway,30,Giveway or uncontrolled,6,0,None within 50 metres,No physical crossing within 50 meters,Daylight: Street light present,Fine without high winds,Dry,None,None,1,No,E01003307,2005
12450,200501PL60635,535950.0,177100.0,-0.043773,51.476477,1,3,1,1,14/07/2005,5,19:05,7,E09000023,6,0,Single carriageway,30,Giveway or uncontrolled,6,0,None within 50 metres,No physical crossing within 50 meters,Daylight: Street light present,Fine without high winds,Dry,None,None,1,Yes,E01003299,2005
12451,200501PL60636,540080.0,171930.0,0.013612,51.429012,1,3,2,1,16/07/2005,7,18:12,7,E09000023,5,0,Single carriageway,30,None,-1,0,None within 50 metres,No physical crossing within 50 meters,Daylight: Street light present,Fine without high winds,Dry,None,None,1,Yes,E01003237,2005
12452,200501PL60637,538260.0,171500.0,-0.012718,51.425594,1,3,2,1,15/07/2005,6,11:20,7,E09000023,3,2015,Single carriageway,30,Giveway or uncontrolled,6,0,None within 50 metres,No physical crossing within 50 meters,Daylight: Street light present,Fine without high winds,Dry,None,None,1,Yes,E01003241,2005
12453,200501PL60638,538030.0,173710.0,-0.015164,51.44551,1,3,3,1,09/07/2005,7,15:30,7,E09000023,3,205,Single carriageway,30,None,-1,0,None within 50 metres,No physical crossing within 50 meters,Daylight: Street light present,Fine without high winds,Dry,None,None,1,Yes,E01003319,2005
12454,200501PL60639,540490.0,171840.0,0.01947,51.428102,1,3,1,1,12/07/2005,3,19:55,7,E09000023,6,0,Single carriageway,30,None,-1,0,None within 50 metres,No physical crossing within 50 meters,Daylight: Street light present,Fine without high winds,Dry,None,None,1,Yes,E01003236,2005
12455,200501PL60640,536370.0,174210.0,-0.038843,51.450405,1,3,1,1,06/07/2005,4,15:30,7,E09000023,6,0,Single carriageway,30,None,-1,0,None within 50 metres,No physical crossing within 50 meters,Daylight: Street light present,Fine without high winds,Dry,None,None,1,Yes,E01003227,2005
12456,200501PL60641,536740.0,177040.0,-0.032428,51.475748,1,3,3,1,28/05/2005,7,15:00,7,E09000023,3,2,Single carriageway,30,None,-1,0,None within 50 metres,No physical crossing within 50 meters,Daylight: Street light present,Fine without high winds,Dry,None,None,1,No,E01003215,2005
12457,200501PL60642,537410.0,176670.0,-0.02293,51.472261,1,3,1,1,23/07/2005,7,08:00,7,E09000023,3,2210,Single carriageway,30,None,-1,0,None within 50 metres,No physical crossing within 50 meters,Daylight: Street light present,Fine without high winds,Dry,None,None,1,Yes,E01003208,2005
12458,200501PL60643,535530.0,173010.0,-0.051384,51.439823,1,3,1,1,22/07/2005,6,21:00,7,E09000023,3,205,Single carriageway,30,Automatic traffic signal,3,205,None within 50 metres,Pedestrian phase at traffic signal junction,Daylight: Street light present,Fine without high winds,Dry,None,None,1,Yes,E01003310,2005
12459,200501PL60644,537970.0,175810.0,-0.015208,51.464396,1,3,2,1,19/07/2005,3,07:33,7,E09000023,3,20,Single carriageway,30,Giveway or uncontrolled,6,0,None within 50 metres,non-junction pedestrian crossing,Daylight: Street light present,Fine without high winds,Dry,None,None,1,Yes,E01003296,2005
12460,200501PL60645,538780.0,175280.0,-0.003763,51.459436,1,2,1,1,22/07/2005,6,10:48,7,E09000023,3,20,Single carriageway,30,Giveway or uncontrolled,6,0,None within 50 metres,No physical crossing within 50 meters,Daylight: Street light present,Fine without high winds,Dry,None,None,1,Yes,E01003288,2005
12461,200501PL60646,535190.0,171650.0,-0.056791,51.427682,1,3,1,1,18/07/2005,2,18:45,7,E09000023,3,2216,Dual carriageway,30,None,-1,0,None within 50 metres,No physical crossing within 50 meters,Daylight: Street light present,Fine without high winds,Dry,None,None,1,Yes,E01003334,2005
12462,200501PL60647,538290.0,175680.0,-0.010655,51.46315,1,3,1,1,21/07/2005,5,15:25,7,E09000023,3,21,Single carriageway,30,None,-1,0,None within 50 metres,Zebra crossing,Daylight: Street light present,Fine without high winds,Dry,None,None,1,Yes,E01003296,2005
12463,200501PL60648,540070.0,171850.0,0.013436,51.428295,1,3,2,1,16/07/2005,7,22:47,7,E09000023,5,0,Roundabout,30,Giveway or uncontrolled,5,0,None within 50 metres,No physical crossing within 50 meters,Darkness: Street lights present and lit,Fine without high winds,Dry,None,None,1,Yes,E01003237,2005
12464,200501PL60649,537760.0,173820.0,-0.019004,51.446564,1,3,3,1,24/07/2005,1,16:27,7,E09000023,3,21,Single carriageway,30,Giveway or uncontrolled,6,0,None within 50 metres,No physical crossing within 50 meters,Daylight: Street light present,Fine without high winds,Wet/Damp,None,None,1,Yes,E01003318,2005
12465,200501PL60650,536570.0,178930.0,-0.034144,51.492773,1,2,1,1,12/07/2005,3,07:08,7,E09000023,6,0,Single carriageway,30,None,-1,0,None within 50 metres,No physical crossing within 50 meters,Daylight: Street light present,Fine without high winds,Dry,None,None,1,Yes,E01004058,2005
12466,200501PL60652,537700.0,173550.0,-0.019971,51.444153,1,3,2,1,22/07/2005,6,09:10,7,E09000023,3,21,One way street,30,None,-1,0,None within 50 metres,No physical crossing within 50 meters,Daylight: Street light present,Fine without high winds,Dry,None,None,1,No,E01003318,2005
12467,200501PL60654,540120.0,171390.0,0.013973,51.424149,1,3,2,2,13/07/2005,4,08:55,19,E09000006,6,0,Single carriageway,30,Giveway or uncontrolled,6,0,None within 50 metres,No physical crossing within 50 meters,Daylight: Street light present,Fine without high winds,Dry,None,None,1,No,E01000816,2005
12468,200501PL60655,536500.0,176980.0,-0.035905,51.475266,1,3,2,1,11/07/2005,2,06:50,7,E09000023,3,20,Single carriageway,30,None,-1,0,None within 50 metres,No physical crossing within 50 meters,Daylight: Street light present,Fine without high winds,Dry,None,None,1,Yes,E01003215,2005
12469,200501PL60656,538550.0,173670.0,-0.007701,51.445024,1,2,1,1,15/07/2005,6,01:20,7,E09000023,3,205,Single carriageway,30,None,-1,0,None within 50 metres,No physical crossing within 50 meters,Darkness: Street lights present and lit,Fine without high winds,Dry,None,None,1,Yes,E01003224,2005
12470,200501PL60657,537510.0,173600.0,-0.022684,51.444648,1,3,1,1,11/07/2005,2,14:50,7,E09000023,3,205,Single carriageway,30,Automatic traffic signal,5,0,None within 50 metres,No physical crossing within 50 meters,Daylight: Street light present,Fine without high winds,Dry,None,None,1,Yes,E01003318,2005
12471,200501PL60658,538950.0,174870.0,-0.001478,51.455709,1,3,1,2,14/07/2005,5,16:50,7,E09000023,6,0,Single carriageway,30,Giveway or uncontrolled,6,0,None within 50 metres,No physical crossing within 50 meters,Daylight: Street light present,Fine without high winds,Dry,None,None,1,Yes,E01003284,2005
12472,200501PL60659,536430.0,173960.0,-0.038077,51.448144,1,3,3,1,15/07/2005,6,13:49,7,E09000023,6,0,Single carriageway,30,Giveway or uncontrolled,6,0,None within 50 metres,No physical crossing within 50 meters,Daylight: Street light present,Fine without high winds,Dry,None,None,1,Yes,E01003227,2005
12473,200501PL60661,536210.0,173280.0,-0.041502,51.442086,1,3,1,1,26/07/2005,3,10:44,7,E09000023,3,205,Single carriageway,30,Giveway or uncontrolled,6,0,None within 50 metres,No physical crossing within 50 meters,Daylight: Street light present,Fine without high winds,Dry,None,None,1,Yes,E01003316,2005
12474,200501PL60662,537700.0,173670.0,-0.019925,51.445231,1,3,1,2,29/07/2005,6,12:50,7,E09000023,3,205,Single carriageway,30,Automatic traffic signal,3,21,None within 50 metres,Pedestrian phase at traffic signal junction,Daylight: Street light present,Fine without high winds,Dry,None,None,1,Yes,E01003318,2005
12475,200501PL60663,536670.0,176960.0,-0.033466,51.475046,1,3,1,1,02/08/2005,3,10:55,7,E09000023,3,20,Single carriageway,30,None,-1,0,None within 50 metres,Pedestrian phase at traffic signal junction,Daylight: Street light present,Fine without high winds,Dry,None,None,1,No,E01003215,2005
12476,200501PL60664,539090.0,173910.0,0.000157,51.447048,1,3,2,2,10/07/2005,1,12:50,7,E09000023,5,0,Single carriageway,30,Automatic traffic signal,5,0,None within 50 metres,Pedestrian phase at traffic signal junction,Daylight: Street light present,Fine without high winds,Dry,None,None,1,No,E01003295,2005
12477,200501PL60665,535050.0,173060.0,-0.058267,51.440387,1,2,1,1,02/06/2005,5,19:30,7,E09000023,3,205,Single carriageway,30,None,-1,0,None within 50 metres,No physical crossing within 50 meters,Daylight: Street light present,Fine without high winds,Dry,None,None,1,No,E01003255,2005
12478,200501PL60666,539290.0,175210.0,0.003545,51.458681,1,3,2,1,27/07/2005,4,17:45,7,E09000023,3,20,Single carriageway,30,Giveway or uncontrolled,6,0,None within 50 metres,No physical crossing within 50 meters,Daylight: Street light present,Raining without high winds,Wet/Damp,None,None,1,Yes,E01003203,2005
12479,200501PL60667,535370.0,177220.0,-0.052074,51.477694,1,3,1,2,26/07/2005,3,18:25,7,E09000023,3,2,Single carriageway,30,None,-1,0,None within 50 metres,Pedestrian phase at traffic signal junction,Daylight: Street light present,Fine without high winds,Dry,None,None,1,Yes,E01003338,2005
12480,200501PL60668,536090.0,177840.0,-0.041474,51.483093,1,3,2,1,30/07/2005,7,16:45,7,E09000023,4,207,Single carriageway,30,Giveway or uncontrolled,6,0,None within 50 metres,No physical crossing within 50 meters,Daylight: Street light present,Fine without high winds,Wet/Damp,None,None,1,Yes,E01003246,2005
12481,200501PL60669,540050.0,174530.0,0.014208,51.452383,1,2,1,1,31/07/2005,1,02:40,7,E09000023,6,0,One way street,30,None,-1,0,None within 50 metres,No physical crossing within 50 meters,Darkness: Street lights present and lit,Fine without high winds,Dry,None,None,1,Yes,E01003285,2005
12482,200501PL60671,537000.0,175500.0,-0.029283,51.461846,1,3,1,1,15/07/2005,6,21:05,7,E09000023,6,0,Single carriageway,30,Giveway or uncontrolled,6,0,None within 50 metres,No physical crossing within 50 meters,Daylight: Street light present,Fine without high winds,Dry,None,None,1,Yes,E01003277,2005
12483,200501PL60673,538770.0,175290.0,-0.003903,51.459528,1,3,1,1,06/07/2005,4,12:55,7,E09000023,3,20,Single carriageway,30,Giveway or uncontrolled,6,0,None within 50 metres,No physical crossing within 50 meters,Daylight: Street light present,Fine without high winds,Dry,None,None,1,Yes,E01003288,2005
12484,200501PL60674,537890.0,172350.0,-0.017706,51.433323,1,3,1,1,24/07/2005,1,21:50,7,E09000023,3,21,Single carriageway,30,None,-1,0,None within 50 metres,Pedestrian phase at traffic signal junction,Darkness: Street lights present and lit,Fine without high winds,Dry,None,None,1,Yes,E01003223,2005
12485,200501PL60675,538140.0,176540.0,-0.012477,51.470915,1,3,1,1,25/07/2005,2,11:38,7,E09000023,6,0,Single carriageway,30,None,-1,0,None within 50 metres,No physical crossing within 50 meters,Daylight: Street light present,Fine without high winds,Dry,None,None,1,Yes,E01003205,2005
12486,200501PL60677,538820.0,175230.0,-0.003207,51.458976,1,3,2,1,03/08/2005,4,07:30,7,E09000023,3,20,Single carriageway,30,Giveway or uncontrolled,6,0,None within 50 metres,non-junction pedestrian crossing,Daylight: Street light present,Fine without high winds,Dry,None,None,1,Yes,E01003282,2005
12487,200501PL60678,536140.0,176910.0,-0.041112,51.474724,1,2,2,1,01/08/2005,2,20:05,7,E09000023,3,2,Single carriageway,30,Giveway or uncontrolled,6,0,None within 50 metres,non-junction pedestrian crossing,Daylight: Street light present,Fine without high winds,Dry,None,None,1,Yes,E01003299,2005
12488,200501PL60680,536730.0,172620.0,-0.034279,51.43603,1,2,1,1,10/08/2005,4,22:10,7,E09000023,3,212,Single carriageway,30,Giveway or uncontrolled,6,0,None within 50 metres,No physical crossing within 50 meters,Darkness: Street lights present and lit,Fine without high winds,Dry,None,None,1,Yes,E01003311,2005
12489,200501PL60682,537980.0,173720.0,-0.015879,51.445612,1,3,2,1,27/07/2005,4,18:00,7,E09000023,3,205,Single carriageway,30,Giveway or uncontrolled,6,0,None within 50 metres,No physical crossing within 50 meters,Daylight: Street light present,Fine without high winds,Dry,None,None,1,Yes,E01003319,2005
12490,200501PL60683,537130.0,173410.0,-0.028222,51.443033,1,2,1,1,07/08/2005,1,19:15,7,E09000023,3,205,Single carriageway,30,None,-1,0,None within 50 metres,Zebra crossing,Daylight: Street light present,Fine without high winds,Dry,None,None,1,No,E01003321,2005
12491,200501PL60684,534470.0,171400.0,-0.067237,51.425607,1,3,2,1,07/08/2005,1,20:07,7,E09000023,6,0,Single carriageway,30,None,-1,0,None within 50 metres,No physical crossing within 50 meters,Daylight: Street light present,Fine without high winds,Dry,None,None,1,No,E01003332,2005
12492,200501PL60685,538880.0,171370.0,-0.003857,51.424275,1,3,2,1,02/08/2005,3,18:40,7,E09000023,3,21,Single carriageway,30,Automatic traffic signal,5,0,None within 50 metres,Pedestrian phase at traffic signal junction,Daylight: Street light present,Fine without high winds,Dry,None,None,1,Yes,E01003243,2005
12493,200501PL60686,535890.0,172360.0,-0.046456,51.433896,1,3,2,1,01/08/2005,2,22:20,7,E09000023,6,0,Single carriageway,30,Giveway or uncontrolled,6,0,None within 50 metres,No physical crossing within 50 meters,Darkness: Street lights present and lit,Fine without high winds,Dry,None,None,1,Yes,E01003313,2005
12494,200501PL60687,536640.0,173310.0,-0.035307,51.442252,1,3,1,1,03/08/2005,4,12:20,7,E09000023,3,205,Single carriageway,30,Giveway or uncontrolled,6,0,None within 50 metres,Zebra crossing,Daylight: Street light present,Fine without high winds,Dry,None,None,1,Yes,E01003308,2005
12495,200501PL60688,536000.0,175370.0,-0.043719,51.460919,1,2,1,1,12/07/2005,3,17:35,7,E09000023,6,0,Single carriageway,30,Giveway or uncontrolled,6,0,None within 50 metres,No physical crossing within 50 meters,Daylight: Street light present,Fine without high winds,Dry,None,None,1,Yes,E01003336,2005
12496,200501PL60689,540350.0,172110.0,0.017564,51.430563,1,3,1,1,06/08/2005,7,18:50,7,E09000023,5,0,Single carriageway,30,None,-1,0,None within 50 metres,No physical crossing within 50 meters,Daylight: Street light present,Fine without high winds,Dry,None,None,1,Yes,E01003236,2005
12497,200501PL60690,536730.0,177040.0,-0.032572,51.47575,1,3,1,1,28/07/2005,5,15:28,7,E09000023,3,2,Single carriageway,30,Giveway or uncontrolled,3,2,None within 50 metres,non-junction pedestrian crossing,Daylight: Street light present,Fine without high winds,Dry,None,None,1,Yes,E01003215,2005
12498,200501PL60691,539340.0,173370.0,0.00354,51.442134,1,3,1,1,22/07/2005,6,17:30,7,E09000023,5,0,Single carriageway,30,Giveway or uncontrolled,6,0,None within 50 metres,No physical crossing within 50 meters,Daylight: Street light present,Fine without high winds,Dry,None,None,1,Yes,E01003220,2005
12499,200501PL60693,536450.0,174670.0,-0.037515,51.45452,1,3,1,1,08/08/2005,2,18:20,7,E09000023,4,218,Single carriageway,30,None,-1,0,None within 50 metres,No physical crossing within 50 meters,Daylight: Street light present,Fine without high winds,Dry,None,None,1,No,E01003231,2005
12500,200501PL60694,538230.0,175780.0,-0.011479,51.464063,1,3,2,2,13/08/2005,7,15:35,7,E09000023,3,20,Single carriageway,30,Giveway or uncontrolled,3,21,None within 50 metres,non-junction pedestrian crossing,Daylight: Street light present,Raining without high winds,Wet/Damp,None,None,1,Yes,E01003296,2005
12501,200501PL60695,536710.0,174570.0,-0.033814,51.453558,1,3,1,1,14/08/2005,1,16:29,7,E09000023,5,0,Roundabout,30,Giveway or uncontrolled,5,0,None within 50 metres,No physical crossing within 50 meters,Daylight: Street light present,Fine without high winds,Dry,None,None,1,Yes,E01003233,2005
12502,200501PL60696,535280.0,172640.0,-0.05512,51.436558,1,3,1,1,22/06/2005,4,13:00,7,E09000023,3,2216,Single carriageway,30,None,-1,0,None within 50 metres,No physical crossing within 50 meters,Daylight: Street light present,Fine without high winds,Dry,None,None,1,Yes,E01003256,2005
12503,200501PL60697,539890.0,174520.0,0.011903,51.452333,1,3,2,1,05/08/2005,6,07:15,7,E09000023,6,0,Single carriageway,30,Giveway or uncontrolled,3,2212,None within 50 metres,No physical crossing within 50 meters,Daylight: Street light present,Fine without high winds,Dry,None,None,1,Yes,E01003285,2005
12504,200501PL60698,537130.0,177620.0,-0.026591,51.480865,1,3,1,1,21/07/2005,5,18:12,7,E09000023,3,2209,Single carriageway,30,Giveway or uncontrolled,6,0,None within 50 metres,Zebra crossing,Daylight: Street light present,Fine without high winds,Dry,None,None,1,Yes,E01003253,2005
12505,200501PL60699,537410.0,176140.0,-0.023136,51.467498,1,3,2,1,07/08/2005,1,22:00,7,E09000023,3,20,Single carriageway,30,Giveway or uncontrolled,6,0,None within 50 metres,No physical crossing within 50 meters,Daylight: Street light present,Fine without high winds,Dry,None,None,1,Yes,E01003211,2005
12506,200501PL60700,537380.0,172800.0,-0.024864,51.437491,1,3,2,2,12/08/2005,6,17:20,7,E09000023,6,0,Single carriageway,30,None,-1,0,None within 50 metres,No physical crossing within 50 meters,Daylight: Street light present,Fine without high winds,Dry,None,None,1,Yes,E01003194,2005
12507,200501PL60701,535870.0,171720.0,-0.046989,51.428149,1,2,2,2,12/08/2005,6,15:25,7,E09000023,6,0,Single carriageway,30,Giveway or uncontrolled,6,0,None within 50 metres,No physical crossing within 50 meters,Daylight: Street light present,Fine without high winds,Dry,None,None,1,Yes,E01003335,2005
12508,200501PL60702,538040.0,174920.0,-0.014548,51.456381,1,3,2,1,12/08/2005,6,16:40,7,E09000023,3,21,Single carriageway,30,Automatic traffic signal,4,236,None within 50 metres,Pedestrian phase at traffic signal junction,Daylight: Street light present,Fine without high winds,Dry,None,None,1,Yes,E01003289,2005
12509,200501PL60703,536990.0,176990.0,-0.02885,51.475238,1,3,3,1,13/08/2005,7,13:00,7,E09000023,4,218,Single carriageway,30,Giveway or uncontrolled,3,2,None within 50 metres,No physical crossing within 50 meters,Daylight: Street light present,Fine without high winds,Dry,None,None,1,Yes,E01003215,2005
12510,200501PL60704,537420.0,172660.0,-0.024343,51.436223,1,2,2,1,16/08/2005,3,16:08,7,E09000023,6,0,Single carriageway,30,Giveway or uncontrolled,6,0,None within 50 metres,No physical crossing within 50 meters,Daylight: Street light present,Fine without high winds,Dry,None,None,1,No,E01003194,2005
12511,200501PL60705,537530.0,173230.0,-0.02254,51.441318,1,3,3,1,12/08/2005,6,10:30,7,E09000023,5,0,Single carriageway,30,Giveway or uncontrolled,6,0,None within 50 metres,No physical crossing within 50 meters,Daylight: Street light present,Fine without high winds,Dry,None,None,1,No,E01003318,2005
12512,200501PL60706,535250.0,171560.0,-0.055963,51.426859,1,3,2,1,11/08/2005,5,17:10,7,E09000023,3,212,Single carriageway,30,Giveway or uncontrolled,3,212,None within 50 metres,No physical crossing within 50 meters,Daylight: Street light present,Fine without high winds,Dry,None,None,1,No,E01003334,2005
12513,200501PL60707,536900.0,177300.0,-0.030025,51.478045,1,3,2,1,29/07/2005,6,07:41,7,E09000023,6,0,Single carriageway,30,None,-1,0,None within 50 metres,No physical crossing within 50 meters,Daylight: Street light present,Fine without high winds,Dry,None,None,1,Yes,E01003304,2005
12514,200501PL60708,538940.0,171230.0,-0.00305,51.423002,1,2,2,2,12/08/2005,6,13:00,7,E09000023,3,21,Single carriageway,30,Automatic traffic signal,6,0,None within 50 metres,Pedestrian phase at traffic signal junction,Daylight: Street light present,Fine without high winds,Dry,None,None,1,Yes,E01003243,2005
12515,200501PL60709,535960.0,176160.0,-0.043991,51.468027,1,2,1,3,12/08/2005,6,09:44,7,E09000023,6,0,Single carriageway,30,Giveway or uncontrolled,6,0,None within 50 metres,No physical crossing within 50 meters,Daylight: Street light present,Fine without high winds,Dry,None,None,1,Yes,E01003342,2005
12516,200501PL60710,536710.0,174570.0,-0.033814,51.453558,1,3,1,1,12/08/2005,6,22:28,7,E09000023,5,0,Single carriageway,30,Giveway or uncontrolled,5,0,None within 50 metres,No physical crossing within 50 meters,Darkness: Street lights present and lit,Fine without high winds,Wet/Damp,None,None,1,Yes,E01003233,2005
12517,200501PL60711,538420.0,174730.0,-0.009156,51.454581,1,2,2,1,19/08/2005,6,20:05,7,E09000023,5,0,Single carriageway,30,None,-1,0,None within 50 metres,No physical crossing within 50 meters,Darkness: Street lights present and lit,Raining without high winds,Wet/Damp,None,None,1,Yes,E01003290,2005
12518,200501PL60712,535430.0,177080.0,-0.051264,51.476422,1,3,1,1,11/08/2005,5,14:45,7,E09000023,3,2,One way street,30,None,-1,0,None within 50 metres,No physical crossing within 50 meters,Daylight: Street light present,Fine without high winds,Dry,None,None,1,Yes,E01003338,2005
12519,200501PL60713,533980.0,171550.0,-0.074224,51.427071,1,3,2,1,27/07/2005,4,20:00,8,E09000028,5,0,Single carriageway,30,Giveway or uncontrolled,6,0,None within 50 metres,No physical crossing within 50 meters,Darkness: Street lights present and lit,Fine without high winds,Dry,None,None,1,Yes,E01003948,2005
12520,200501PL60714,538040.0,174920.0,-0.014548,51.456381,1,2,2,1,07/08/2005,1,14:47,7,E09000023,3,21,Single carriageway,30,Automatic traffic signal,4,236,None within 50 metres,Pedestrian phase at traffic signal junction,Daylight: Street light present,Fine without high winds,Dry,None,None,1,Yes,E01003289,2005
12521,200501PL60715,536740.0,177050.0,-0.032424,51.475838,1,3,2,1,07/08/2005,1,10:15,7,E09000023,3,2,Single carriageway,30,None,-1,0,None within 50 metres,No physical crossing within 50 meters,Daylight: Street light present,Fine without high winds,Dry,None,None,1,No,E01003303,2005
12522,200501PL60716,538040.0,174920.0,-0.014548,51.456381,1,3,2,1,17/08/2005,4,14:00,7,E09000023,3,21,Single carriageway,30,Automatic traffic signal,4,236,None within 50 metres,Pedestrian phase at traffic signal junction,Daylight: Street light present,Fine without high winds,Dry,None,None,1,No,E01003289,2005
12523,200501PL60717,535720.0,171450.0,-0.049249,51.425759,1,3,2,1,21/08/2005,1,01:05,7,E09000023,3,212,Single carriageway,30,Giveway or uncontrolled,6,0,None within 50 metres,non-junction pedestrian crossing,Darkness: Street lights present and lit,Fine without high winds,Dry,None,None,1,No,E01003327,2005
12524,200501PL60718,538000.0,173150.0,-0.015813,51.440485,1,3,2,1,17/08/2005,4,17:10,7,E09000023,6,0,Single carriageway,30,Giveway or uncontrolled,6,0,None within 50 metres,No physical crossing within 50 meters,Daylight: Street light present,Fine without high winds,Dry,None,None,1,No,E01003221,2005
12525,200501PL60719,535700.0,172950.0,-0.048962,51.439243,1,3,1,1,20/08/2005,7,11:39,7,E09000023,6,0,Single carriageway,30,None,-1,0,None within 50 metres,No physical crossing within 50 meters,Daylight: Street light present,Fine without high winds,Dry,None,None,1,Yes,E01003315,2005
12526,200501PL60720,538020.0,174880.0,-0.014851,51.456027,1,3,1,1,21/07/2005,5,15:00,7,E09000023,3,21,Single carriageway,30,None,-1,0,None within 50 metres,Zebra crossing,Daylight: Street light present,Fine without high winds,Dry,None,None,1,Yes,E01003289,2005
12527,200501PL60721,537880.0,174280.0,-0.017099,51.450669,1,3,2,1,10/08/2005,4,16:39,7,E09000023,3,21,Single carriageway,30,Giveway or uncontrolled,6,0,None within 50 metres,No physical crossing within 50 meters,Daylight: Street light present,Fine without high winds,Dry,None,None,1,Yes,E01003322,2005
12528,200501PL60722,539040.0,174290.0,-0.000411,51.450475,1,3,2,1,18/08/2005,5,18:00,7,E09000023,5,0,Single carriageway,30,Giveway or uncontrolled,6,0,None within 50 metres,No physical crossing within 50 meters,Daylight: Street light present,Fine without high winds,Dry,None,None,1,Yes,E01003295,2005
12529,200501PL60723,536390.0,174500.0,-0.038444,51.453007,1,2,1,1,02/08/2005,3,17:12,7,E09000023,6,0,Single carriageway,30,Giveway or uncontrolled,4,218,None within 50 metres,No physical crossing within 50 meters,Daylight: Street light present,Fine without high winds,Dry,None,None,1,Yes,E01003232,2005
12530,200501PL60724,538240.0,175310.0,-0.011519,51.459837,1,3,1,1,08/08/2005,2,19:10,7,E09000023,3,21,Single carriageway,30,None,-1,0,None within 50 metres,No physical crossing within 50 meters,Daylight: Street light present,Fine without high winds,Dry,None,None,1,Yes,E01003289,2005
12531,200501PL60725,536650.0,175030.0,-0.0345,51.457707,1,3,1,1,26/06/2005,1,16:38,7,E09000023,6,0,Single carriageway,30,Giveway or uncontrolled,4,218,None within 50 metres,No physical crossing within 50 meters,Daylight: Street light present,Fine without high winds,Dry,None,None,1,Yes,E01003276,2005
12532,200501PL60726,540940.0,172080.0,0.026034,51.430147,1,2,1,1,16/08/2005,3,18:35,7,E09000023,6,0,Single carriageway,30,None,-1,0,None within 50 metres,No physical crossing within 50 meters,Daylight: Street light present,Fine without high winds,Dry,None,None,1,Yes,E01003265,2005
12533,200501PL60728,536120.0,173480.0,-0.042719,51.443905,1,2,1,2,19/08/2005,6,14:57,7,E09000023,4,218,Single carriageway,30,None,-1,0,None within 50 metres,Zebra crossing,Daylight: Street light present,Raining without high winds,Wet/Damp,None,None,1,Yes,E01003229,2005
12534,200501PL60729,537400.0,176910.0,-0.022981,51.47442,1,3,2,1,19/08/2005,6,18:15,7,E09000023,3,2,Single carriageway,30,None,-1,0,None within 50 metres,No physical crossing within 50 meters,Daylight: Street light present,Raining without high winds,Wet/Damp,None,None,1,Yes,E01003207,2005
12535,200501PL60730,538350.0,171920.0,-0.011261,51.429347,1,3,2,1,22/08/2005,2,17:58,7,E09000023,5,0,Dual carriageway,30,Giveway or uncontrolled,6,0,None within 50 metres,No physical crossing within 50 meters,Daylight: Street light present,Raining without high winds,Wet/Damp,None,None,1,Yes,E01003348,2005
12536,200501PL60731,540610.0,171800.0,0.021179,51.427712,1,3,2,5,24/08/2005,4,14:20,7,E09000023,3,2212,Single carriageway,30,Giveway or uncontrolled,6,0,None within 50 metres,No physical crossing within 50 meters,Daylight: Street light present,Raining without high winds,Wet/Damp,None,None,1,Yes,E01003236,2005
12537,200501PL60732,536610.0,177680.0,-0.034051,51.48153,1,2,2,1,12/08/2005,6,15:14,7,E09000023,6,0,Single carriageway,30,None,-1,0,None within 50 metres,No physical crossing within 50 meters,Daylight: Street light present,Fine without high winds,Dry,None,None,1,Yes,E01003246,2005
12538,200501PL60733,536940.0,174440.0,-0.030556,51.452335,1,3,2,1,01/08/2005,2,11:05,7,E09000023,5,0,Single carriageway,30,Giveway or uncontrolled,6,0,None within 50 metres,No physical crossing within 50 meters,Daylight: Street light present,Fine without high winds,Dry,None,None,1,Yes,E01003225,2005
12539,200501PL60734,535330.0,176780.0,-0.052818,51.47375,1,3,2,3,12/08/2005,6,14:21,7,E09000023,4,2227,Single carriageway,30,None,-1,0,None within 50 metres,No physical crossing within 50 meters,Daylight: Street light present,Fine without high winds,Dry,None,None,1,Yes,E01004004,2005
12540,200501PL60735,536530.0,175630.0,-0.035994,51.463128,1,3,2,1,15/08/2005,2,12:25,7,E09000023,4,218,Single carriageway,30,None,-1,0,None within 50 metres,No physical crossing within 50 meters,Daylight: Street light present,Fine without high winds,Dry,None,None,1,Yes,E01003214,2005
12541,200501PL60736,537550.0,176030.0,-0.021165,51.466475,1,3,2,1,05/08/2005,6,16:33,7,E09000023,3,20,Single carriageway,30,Giveway or uncontrolled,6,0,None within 50 metres,No physical crossing within 50 meters,Daylight: Street light present,Fine without high winds,Dry,None,None,1,Yes,E01003278,2005
12542,200501PL60738,539470.0,173070.0,0.005291,51.439407,1,3,1,1,20/08/2005,7,15:50,7,E09000023,5,0,Single carriageway,30,Giveway or uncontrolled,6,0,None within 50 metres,No physical crossing within 50 meters,Daylight: Street light present,Fine without high winds,Dry,None,None,1,Yes,E01003222,2005
12543,200501PL60739,537890.0,172320.0,-0.017718,51.433053,1,2,1,1,10/08/2005,4,10:22,7,E09000023,3,21,Single carriageway,30,Automatic traffic signal,3,21,None within 50 metres,Pedestrian phase at traffic signal junction,Daylight: Street light present,Fine without high winds,Dry,None,None,1,Yes,E01003352,2005
12544,200501PL60740,535960.0,170150.0,-0.046297,51.414019,1,3,3,1,22/08/2005,2,17:30,19,E09000006,5,0,Single carriageway,30,Giveway or uncontrolled,5,0,None within 50 metres,No physical crossing within 50 meters,Daylight: Street light present,Raining without high winds,Wet/Damp,None,None,1,No,E01000797,2005
12545,200501PL60741,538160.0,175710.0,-0.012513,51.463451,1,3,2,1,25/08/2005,5,12:10,7,E09000023,3,21,Single carriageway,30,None,-1,0,None within 50 metres,No physical crossing within 50 meters,Daylight: Street light present,Fine without high winds,Dry,None,None,1,No,E01003296,2005
12546,200501PL60742,539380.0,173600.0,0.004206,51.444191,1,3,3,1,30/08/2005,3,16:58,7,E09000023,5,0,Single carriageway,30,None,-1,0,None within 50 metres,No physical crossing within 50 meters,Daylight: Street light present,Fine without high winds,Dry,None,None,1,Yes,E01003220,2005
12547,200501PL60743,536830.0,177880.0,-0.030808,51.483274,1,3,2,1,01/09/2005,5,13:05,7,E09000023,3,200,Single carriageway,30,Giveway or uncontrolled,6,0,None within 50 metres,non-junction pedestrian crossing,Daylight: Street light present,Fine without high winds,Dry,None,None,1,Yes,E01003251,2005
12548,200501PL60744,539360.0,173350.0,0.00382,51.44195,1,3,5,3,19/08/2005,6,18:40,7,E09000023,5,0,Single carriageway,30,Giveway or uncontrolled,6,0,None within 50 metres,No physical crossing within 50 meters,Daylight: Street light present,Fine without high winds,Wet/Damp,None,None,1,Yes,E01003220,2005
12549,200501PL60746,538280.0,175380.0,-0.010916,51.460456,1,3,1,1,02/05/2005,2,10:46,7,E09000023,3,21,Single carriageway,30,Giveway or uncontrolled,6,0,None within 50 metres,No physical crossing within 50 meters,Daylight: Street light present,Fine without high winds,Dry,None,None,1,Yes,E01003289,2005
12550,200501PL60747,536150.0,173830.0,-0.042153,51.447043,1,3,2,1,23/08/2005,3,17:00,7,E09000023,6,0,Single carriageway,30,Giveway or uncontrolled,4,218,None within 50 metres,No physical crossing within 50 meters,Daylight: Street light present,Fine without high winds,Dry,None,None,1,Yes,E01003228,2005
12551,200501PL60748,536930.0,176520.0,-0.029895,51.471029,1,2,2,4,29/08/2005,2,17:50,7,E09000023,3,20,Single carriageway,30,Giveway or uncontrolled,6,0,None within 50 metres,No physical crossing within 50 meters,Daylight: Street light present,Fine without high winds,Dry,None,None,1,Yes,E01003210,2005
12552,200501PL60749,536780.0,176800.0,-0.031945,51.473581,1,3,1,1,26/08/2005,6,17:05,7,E09000023,3,20,One way street,30,None,-1,0,None within 50 metres,No physical crossing within 50 meters,Daylight: Street light present,Fine without high winds,Dry,None,None,1,Yes,E01003215,2005
12553,200501PL60750,536290.0,175480.0,-0.039505,51.461837,1,3,2,1,27/08/2005,7,14:13,7,E09000023,6,0,Single carriageway,30,Giveway or uncontrolled,6,0,None within 50 metres,No physical crossing within 50 meters,Daylight: Street light present,Fine without high winds,Dry,None,None,1,Yes,E01003345,2005
12554,200501PL60751,537760.0,175900.0,-0.018194,51.465256,1,3,2,1,02/09/2005,6,16:18,7,E09000023,6,0,Single carriageway,30,Giveway or uncontrolled,3,20,None within 50 metres,No physical crossing within 50 meters,Daylight: Street light present,Fine without high winds,Dry,None,None,1,Yes,E01003278,2005
12555,200501PL60752,537050.0,175600.0,-0.028525,51.462732,1,3,2,1,30/08/2005,3,19:25,7,E09000023,6,0,Single carriageway,30,Giveway or uncontrolled,6,0,None within 50 metres,No physical crossing within 50 meters,Daylight: Street light present,Fine without high winds,Dry,None,None,1,Yes,E01003277,2005
12556,200501PL60753,536740.0,177940.0,-0.03208,51.483835,1,3,2,1,22/08/2005,2,17:50,7,E09000023,3,200,Single carriageway,30,Giveway or uncontrolled,4,206,None within 50 metres,No physical crossing within 50 meters,Daylight: Street light present,Raining without high winds,Wet/Damp,None,None,1,Yes,E01003252,2005
12557,200501PL60754,536280.0,176960.0,-0.039078,51.47514,1,3,1,1,23/08/2005,3,23:20,7,E09000023,3,2,Single carriageway,30,Giveway or uncontrolled,6,0,None within 50 metres,non-junction pedestrian crossing,Darkness: Street lights present and lit,Fine without high winds,Dry,None,None,1,Yes,E01003303,2005
12558,200501PL60755,538440.0,175570.0,-0.00854,51.462125,1,3,1,1,29/08/2005,2,13:00,7,E09000023,3,20,Single carriageway,30,Giveway or uncontrolled,6,0,None within 50 metres,No physical crossing within 50 meters,Daylight: Street light present,Fine without high winds,Dry,None,None,1,Yes,E01003289,2005
12559,200501PL60756,537720.0,173750.0,-0.019606,51.445945,1,3,2,1,09/09/2005,6,16:43,7,E09000023,3,21,Single carriageway,30,Automatic traffic signal,3,21,None within 50 metres,Pedestrian phase at traffic signal junction,Daylight: Street light present,Fine without high winds,Dry,None,None,1,Yes,E01003318,2005
12560,200501PL60757,537690.0,173050.0,-0.02031,51.439662,1,3,2,1,21/03/2005,2,17:42,7,E09000023,3,21,Single carriageway,30,Giveway or uncontrolled,3,21,None within 50 metres,No physical crossing within 50 meters,Daylight: Street light present,Fine without high winds,Dry,None,None,1,Yes,E01003318,2005
12561,200501PL60758,536350.0,178330.0,-0.037543,51.487434,1,3,2,2,27/08/2005,7,11:00,7,E09000023,3,200,Single carriageway,30,Giveway or uncontrolled,6,0,None within 50 metres,non-junction pedestrian crossing,Daylight: Street light present,Fine without high winds,Dry,None,None,1,Yes,E01003248,2005
12562,200501PL60760,535460.0,172950.0,-0.052413,51.439301,1,3,1,1,24/08/2005,4,23:29,7,E09000023,4,227,Single carriageway,30,None,-1,0,None within 50 metres,No physical crossing within 50 meters,Darkness: Street lights present and lit,Fine without high winds,Dry,None,None,1,Yes,E01003310,2005
12563,200501PL60761,537820.0,171540.0,-0.019027,51.426061,1,3,2,4,26/08/2005,6,21:50,7,E09000023,3,2218,Dual carriageway,30,Automatic traffic signal,3,2218,None within 50 metres,Pedestrian phase at traffic signal junction,Darkness: Street lights present and lit,Fine without high winds,Dry,None,None,1,Yes,E01003192,2005
12564,200501PL60762,537590.0,176010.0,-0.020597,51.466286,1,3,2,1,06/09/2005,3,05:30,7,E09000023,3,20,Single carriageway,30,Giveway or uncontrolled,6,0,None within 50 metres,No physical crossing within 50 meters,Daylight: Street light present,Raining without high winds,Wet/Damp,None,None,1,Yes,E01003278,2005
12565,200501PL60763,537210.0,174920.0,-0.026487,51.456583,1,3,4,1,08/08/2005,2,06:40,7,E09000023,5,0,Single carriageway,30,Giveway or uncontrolled,6,0,None within 50 metres,No physical crossing within 50 meters,Daylight: Street light present,Fine without high winds,Dry,None,None,1,Yes,E01003274,2005
12566,200501PL60764,537870.0,175830.0,-0.016639,51.4646,1,3,3,1,05/09/2005,2,13:00,7,E09000023,3,20,Single carriageway,30,Giveway or uncontrolled,6,0,None within 50 metres,No physical crossing within 50 meters,Daylight: Street light present,Fine without high winds,Dry,None,None,1,Yes,E01003296,2005
12567,200501PL60765,537360.0,173550.0,-0.024861,51.444235,1,3,2,1,02/09/2005,6,20:18,7,E09000023,3,205,Single carriageway,30,None,-1,0,None within 50 metres,No physical crossing within 50 meters,Darkness: Street lights present and lit,Fine without high winds,Dry,None,None,1,No,E01003318,2005
12568,200501PL60766,537940.0,176760.0,-0.015269,51.47294,1,3,2,1,04/09/2005,1,09:15,6,E09000011,3,2211,Single carriageway,30,Automatic traffic signal,3,2,None within 50 metres,Pedestrian phase at traffic signal junction,Daylight: Street light present,Fine without high winds,Dry,None,None,1,Yes,E01001644,2005
12569,200501PL60767,536030.0,175540.0,-0.043222,51.462439,1,3,2,1,30/08/2005,3,17:00,7,E09000023,6,0,Single carriageway,30,None,-1,0,None within 50 metres,No physical crossing within 50 meters,Daylight: Street light present,Fine without high winds,Dry,None,None,1,No,E01003342,2005
12570,200501PL60768,535700.0,173110.0,-0.048901,51.440681,1,3,2,1,30/08/2005,3,17:05,7,E09000023,3,205,Single carriageway,30,Giveway or uncontrolled,6,0,None within 50 metres,No physical crossing within 50 meters,Daylight: Street light present,Fine without high winds,Dry,None,None,1,No,E01003315,2005
12571,200501PL60769,541030.0,172480.0,0.027487,51.433719,1,3,1,1,02/09/2005,6,18:50,7,E09000023,5,0,Single carriageway,30,None,-1,0,None within 50 metres,No physical crossing within 50 meters,Daylight: Street light present,Fine without high winds,Dry,None,None,1,No,E01003264,2005
12572,200501PL60770,535360.0,172950.0,-0.053851,51.439324,1,3,3,1,06/09/2005,3,15:15,7,E09000023,3,205,Single carriageway,30,Giveway or uncontrolled,3,205,None within 50 metres,Pedestrian phase at traffic signal junction,Daylight: Street light present,Fine without high winds,Dry,None,None,1,Yes,E01003255,2005
12573,200501PL60771,539490.0,172640.0,0.00541,51.435538,1,3,1,1,25/08/2005,5,22:02,7,E09000023,6,0,Single carriageway,30,None,-1,0,None within 50 metres,No physical crossing within 50 meters,Darkness: Street lights present and lit,Fine without high winds,Dry,None,None,1,Yes,E01003346,2005
12574,200501PL60772,539360.0,176230.0,0.004954,51.46783,1,3,5,1,30/08/2005,3,14:56,7,E09000023,6,0,Single carriageway,30,None,-1,0,None within 50 metres,No physical crossing within 50 meters,Daylight: Street light present,Fine without high winds,Dry,None,None,1,Yes,E01003200,2005
12575,200501PL60773,539610.0,176140.0,0.008515,51.46696,1,3,3,1,07/09/2005,4,13:08,7,E09000023,4,212,Single carriageway,30,None,-1,0,None within 50 metres,No physical crossing within 50 meters,Daylight: Street light present,Fine without high winds,Dry,None,None,1,Yes,E01003200,2005
12576,200501PL60774,540090.0,173840.0,0.014511,51.446173,1,3,2,1,10/09/2005,7,17:14,7,E09000023,3,2212,Single carriageway,30,Automatic traffic signal,3,205,None within 50 metres,Pedestrian phase at traffic signal junction,Daylight: Street light present,Raining without high winds,Wet/Damp,None,None,1,Yes,E01003280,2005
12577,200501PL60775,539510.0,172870.0,0.005788,51.437599,1,3,1,1,12/09/2005,2,04:27,7,E09000023,5,0,Single carriageway,30,Giveway or uncontrolled,5,0,None within 50 metres,No physical crossing within 50 meters,Darkness: Street lights present and lit,Raining without high winds,Wet/Damp,None,None,1,Yes,E01003222,2005
12578,200501PL60776,540610.0,171780.0,0.021171,51.427533,1,3,2,1,07/09/2005,4,07:20,7,E09000023,3,2212,Single carriageway,30,Giveway or uncontrolled,6,0,None within 50 metres,No physical crossing within 50 meters,Daylight: Street light present,Fine without high winds,Dry,None,None,1,Yes,E01003265,2005
12579,200501PL60777,535430.0,176840.0,-0.051356,51.474265,1,3,2,1,19/08/2005,6,13:15,7,E09000023,3,202,Single carriageway,30,Giveway or uncontrolled,3,2,None within 50 metres,No physical crossing within 50 meters,Daylight: Street light present,Raining without high winds,Wet/Damp,None,None,1,Yes,E01003338,2005
12580,200501PL60780,536580.0,178110.0,-0.034317,51.485402,1,3,1,1,07/09/2005,4,16:50,7,E09000023,3,200,Single carriageway,30,Giveway or uncontrolled,6,0,None within 50 metres,No physical crossing within 50 meters,Daylight: Street light present,Fine without high winds,Dry,None,None,1,Yes,E01003248,2005
12581,200501PL60781,538200.0,175240.0,-0.012122,51.459218,1,3,2,1,28/08/2005,1,14:40,7,E09000023,3,21,Single carriageway,30,Giveway or uncontrolled,3,21,None within 50 metres,No physical crossing within 50 meters,Daylight: Street light present,Fine without high winds,Dry,None,None,1,No,E01003289,2005
12582,200501PL60782,536630.0,173520.0,-0.03537,51.444142,1,3,2,1,24/06/2005,6,19:25,7,E09000023,6,0,Single carriageway,30,None,-1,0,None within 50 metres,No physical crossing within 50 meters,Daylight: Street light present,Raining without high winds,Wet/Damp,None,None,1,Yes,E01003230,2005
12583,200501PL60783,538430.0,172740.0,-0.00979,51.436696,1,3,2,1,07/09/2005,4,11:55,7,E09000023,6,0,Single carriageway,30,Giveway or uncontrolled,6,0,None within 50 metres,No physical crossing within 50 meters,Daylight: Street light present,Fine without high winds,Dry,None,None,1,No,E01003223,2005
12584,200501PL60784,536530.0,171790.0,-0.037475,51.42862,1,3,2,1,20/08/2005,7,18:00,7,E09000023,3,212,Single carriageway,30,Automatic traffic signal,3,2218,None within 50 metres,Pedestrian phase at traffic signal junction,Daylight: Street light present,Fine without high winds,Dry,None,None,1,No,E01003193,2005
12585,200501PL60785,535970.0,173770.0,-0.044765,51.446547,1,3,2,1,13/09/2005,3,16:15,7,E09000023,6,0,Single carriageway,30,Giveway or uncontrolled,6,0,None within 50 metres,No physical crossing within 50 meters,Daylight: Street light present,Fine without high winds,Dry,None,None,1,Yes,E01003228,2005
12586,200501PL60786,536110.0,173700.0,-0.042779,51.445885,1,3,2,3,12/09/2005,2,15:26,7,E09000023,4,218,Single carriageway,30,Giveway or uncontrolled,6,0,None within 50 metres,No physical crossing within 50 meters,Daylight: Street light present,Fine without high winds,Dry,None,None,1,Yes,E01003229,2005
12587,200501PL60787,538020.0,174880.0,-0.014851,51.456027,1,2,1,1,14/09/2005,4,13:00,7,E09000023,3,21,Single carriageway,30,None,-1,0,None within 50 metres,No physical crossing within 50 meters,Daylight: Street light present,Fine without high winds,Dry,None,None,1,Yes,E01003289,2005
12588,200501PL60788,538120.0,175060.0,-0.013343,51.45762,1,3,2,1,06/09/2005,3,10:55,7,E09000023,3,21,Single carriageway,30,Automatic traffic signal,3,21,None within 50 metres,Pedestrian phase at traffic signal junction,Daylight: Street light present,Raining without high winds,Wet/Damp,None,None,1,Yes,E01003289,2005
12589,200501PL60789,538090.0,174990.0,-0.013801,51.456998,1,3,2,1,17/08/2005,4,14:50,7,E09000023,3,21,Single carriageway,30,Giveway or uncontrolled,6,0,None within 50 metres,No physical crossing within 50 meters,Daylight: Street light present,Fine without high winds,Dry,None,None,1,Yes,E01003289,2005
12590,200501PL60790,537900.0,174430.0,-0.016753,51.452012,1,2,1,1,26/08/2005,6,14:10,7,E09000023,3,21,Single carriageway,30,None,-1,0,None within 50 metres,non-junction pedestrian crossing,Daylight: Street light present,Fine without high winds,Dry,None,None,1,Yes,E01003322,2005
12591,200501PL60791,537060.0,176370.0,-0.028083,51.469649,1,3,2,1,03/09/2005,7,17:25,7,E09000023,3,20,Single carriageway,30,Automatic traffic signal,5,0,None within 50 metres,Pedestrian phase at traffic signal junction,Daylight: Street light present,Fine without high winds,Dry,None,None,1,Yes,E01003210,2005
12592,200501PL60792,538760.0,175300.0,-0.004043,51.45962,1,2,2,1,12/09/2005,2,09:34,7,E09000023,3,20,Single carriageway,30,Giveway or uncontrolled,6,0,None within 50 metres,No physical crossing within 50 meters,Daylight: Street light present,Fine without high winds,Dry,None,None,1,Yes,E01003288,2005
12593,200501PL60793,540040.0,173810.0,0.01378,51.445916,1,3,1,1,02/09/2005,6,15:15,7,E09000023,3,205,Single carriageway,30,Automatic traffic signal,3,205,None within 50 metres,Pedestrian phase at traffic signal junction,Daylight: Street light present,Fine without high winds,Dry,None,None,1,Yes,E01003268,2005
12594,200501PL60794,537170.0,176950.0,-0.026275,51.474835,1,3,2,1,14/09/2005,4,06:35,7,E09000023,3,2,Single carriageway,30,Automatic traffic signal,3,2209,None within 50 metres,Pedestrian phase at traffic signal junction,Daylight: Street light present,Fine without high winds,Dry,None,None,1,Yes,E01003207,2005
12595,200501PL60795,535360.0,173040.0,-0.053817,51.440133,1,3,2,1,06/09/2005,3,20:38,7,E09000023,3,205,Single carriageway,30,Giveway or uncontrolled,3,205,None within 50 metres,No physical crossing within 50 meters,Darkness: Street lights present and lit,Fine without high winds,Dry,None,None,1,Yes,E01003255,2005
12596,200501PL60796,538920.0,171390.0,-0.003274,51.424445,1,3,2,1,15/09/2005,5,07:14,7,E09000023,5,0,Single carriageway,30,Giveway or uncontrolled,3,21,None within 50 metres,No physical crossing within 50 meters,Daylight: Street light present,Raining without high winds,Wet/Damp,None,None,1,Yes,E01003243,2005
12597,200501PL60797,537040.0,176980.0,-0.028134,51.475136,1,3,2,1,14/09/2005,4,19:45,7,E09000023,3,2,Single carriageway,30,Giveway or uncontrolled,6,0,None within 50 metres,non-junction pedestrian crossing,Daylight: Street light present,Fine without high winds,Dry,None,None,1,Yes,E01003207,2005
12598,200501PL60798,536780.0,174680.0,-0.032765,51.45453,1,3,2,1,17/09/2005,7,16:18,7,E09000023,5,0,Single carriageway,30,Giveway or uncontrolled,6,0,None within 50 metres,No physical crossing within 50 meters,Daylight: Street light present,Fine without high winds,Dry,None,None,1,Yes,E01003233,2005
12599,200501PL60799,537970.0,172160.0,-0.01663,51.431596,1,3,2,1,08/09/2005,5,08:53,7,E09000023,6,0,Single carriageway,30,Giveway or uncontrolled,3,21,None within 50 metres,No physical crossing within 50 meters,Daylight: Street light present,Fine without high winds,Dry,None,None,1,Yes,E01003352,2005
12600,200501PL60800,535530.0,176920.0,-0.049886,51.47496,1,3,2,1,31/08/2005,4,14:20,7,E09000023,6,0,One way street,30,Giveway or uncontrolled,3,202,None within 50 metres,No physical crossing within 50 meters,Daylight: Street light present,Fine without high winds,Dry,None,None,1,Yes,E01003338,2005
12601,200501PL60801,537950.0,174760.0,-0.015905,51.454965,1,3,1,1,08/09/2005,5,15:15,7,E09000023,3,21,Single carriageway,30,None,-1,0,None within 50 metres,Zebra crossing,Daylight: Street light present,Fine without high winds,Dry,None,None,1,Yes,E01003289,2005
12602,200501PL60802,536190.0,176920.0,-0.040389,51.474802,1,3,1,1,09/09/2005,6,14:15,7,E09000023,3,2,Single carriageway,30,None,-1,0,None within 50 metres,No physical crossing within 50 meters,Daylight: Street light present,Fine without high winds,Dry,None,None,1,Yes,E01003215,2005
12603,200501PL60803,536090.0,177840.0,-0.041474,51.483093,1,3,2,1,18/09/2005,1,07:55,7,E09000023,4,207,Single carriageway,30,Giveway or uncontrolled,6,0,None within 50 metres,No physical crossing within 50 meters,Daylight: Street light present,Fine without high winds,Dry,None,None,1,Yes,E01003246,2005
12604,200501PL60804,536320.0,178350.0,-0.037967,51.487621,1,3,3,2,17/09/2005,7,06:14,7,E09000023,3,200,Single carriageway,30,Automatic traffic signal,6,0,None within 50 metres,Pedestrian phase at traffic signal junction,Darkness: Street lights present and lit,Fine without high winds,Dry,None,None,1,Yes,E01003248,2005
12605,200501PL60806,539900.0,173510.0,0.011648,51.443254,1,3,1,1,20/09/2005,3,16:10,7,E09000023,6,0,Single carriageway,30,None,-1,0,None within 50 metres,No physical crossing within 50 meters,Daylight: Street light present,Fine without high winds,Dry,None,None,1,Yes,E01003268,2005
12606,200501PL60807,538380.0,176500.0,-0.009039,51.470497,1,3,1,1,19/09/2005,2,15:30,7,E09000023,6,0,Single carriageway,30,None,-1,0,None within 50 metres,No physical crossing within 50 meters,Daylight: Street light present,Fine without high winds,Dry,None,None,1,No,E01003204,2005
12607,200501PL60808,537420.0,171990.0,-0.024603,51.430202,1,3,3,1,12/09/2005,2,09:54,7,E09000023,6,0,Single carriageway,30,Giveway or uncontrolled,6,0,None within 50 metres,No physical crossing within 50 meters,Daylight: Street light present,Fine without high winds,Dry,None,None,1,Yes,E01003197,2005
12608,200501PL60809,539920.0,172070.0,0.011367,51.430309,1,3,1,1,14/09/2005,4,17:40,7,E09000023,5,0,Single carriageway,30,Giveway or uncontrolled,6,0,None within 50 metres,No physical crossing within 50 meters,Daylight: Street light present,Fine without high winds,Dry,None,None,1,Yes,E01003238,2005
12609,200501PL60810,535100.0,173020.0,-0.057563,51.440016,1,2,2,1,16/09/2005,6,19:42,7,E09000023,6,0,Single carriageway,30,Giveway or uncontrolled,3,205,None within 50 metres,No physical crossing within 50 meters,Darkness: Street lights present and lit,Fine without high winds,Dry,None,None,1,Yes,E01003255,2005
12610,200501PL60811,540560.0,173100.0,0.020976,51.439407,1,3,2,1,22/09/2005,5,16:39,7,E09000023,5,0,Single carriageway,30,Giveway or uncontrolled,6,0,None within 50 metres,No physical crossing within 50 meters,Daylight: Street light present,Fine without high winds,Dry,None,None,1,Yes,E01003270,2005
12611,200501PL60812,537370.0,172050.0,-0.025298,51.430753,1,2,1,1,01/09/2005,5,14:26,7,E09000023,6,0,Single carriageway,30,Giveway or uncontrolled,6,0,None within 50 metres,No physical crossing within 50 meters,Daylight: Street light present,Fine without high winds,Dry,None,None,1,Yes,E01003196,2005
12612,200501PL60813,538950.0,176650.0,-0.000779,51.471705,1,3,1,1,09/09/2005,6,22:01,7,E09000023,3,2,Single carriageway,30,Giveway or uncontrolled,6,0,None within 50 metres,No physical crossing within 50 meters,Darkness: Street lights present and lit,Fine without high winds,Dry,None,None,1,Yes,E01003200,2005
12613,200501PL60815,536580.0,176920.0,-0.034777,51.474708,1,3,2,1,03/09/2005,7,17:00,7,E09000023,3,20,One way street,30,Automatic traffic signal,3,20,None within 50 metres,Pedestrian phase at traffic signal junction,Daylight: Street light present,Fine without high winds,Dry,None,None,1,No,E01003215,2005
12614,200501PL60816,536890.0,176560.0,-0.030455,51.471398,1,3,2,1,12/09/2005,2,21:00,7,E09000023,3,20,Single carriageway,30,Giveway or uncontrolled,6,0,None within 50 metres,No physical crossing within 50 meters,Darkness: Street lights present and lit,Fine without high winds,Dry,None,None,1,No,E01003210,2005
12615,200501PL60817,536190.0,171510.0,-0.04247,51.426185,1,3,1,2,22/09/2005,5,15:35,7,E09000023,3,212,Single carriageway,30,Giveway or uncontrolled,6,0,None within 50 metres,No physical crossing within 50 meters,Daylight: Street light present,Fine without high winds,Dry,None,None,1,Yes,E01003326,2005
12616,200501PL60818,537870.0,172480.0,-0.017943,51.434496,1,3,1,1,24/09/2005,7,18:29,7,E09000023,3,21,Single carriageway,30,None,-1,0,None within 50 metres,No physical crossing within 50 meters,Daylight: Street light present,Fine without high winds,Dry,None,None,1,No,E01003223,2005
12617,200501PL60819,540610.0,171800.0,0.021179,51.427712,1,3,2,1,27/09/2005,3,09:25,7,E09000023,3,2212,Single carriageway,30,Giveway or uncontrolled,6,0,None within 50 metres,No physical crossing within 50 meters,Daylight: Street light present,Fine without high winds,Wet/Damp,None,None,1,No,E01003236,2005
12618,200501PL60821,538120.0,175090.0,-0.013331,51.457889,1,3,2,1,23/09/2005,6,14:53,7,E09000023,3,21,Dual carriageway,30,None,-1,0,None within 50 metres,Pedestrian phase at traffic signal junction,Daylight: Street light present,Raining without high winds,Wet/Damp,None,None,1,No,E01003289,2005
12619,200501PL60822,538510.0,172560.0,-0.00871,51.435059,1,3,3,1,24/09/2005,7,10:10,7,E09000023,6,0,Single carriageway,30,Giveway or uncontrolled,6,0,None within 50 metres,No physical crossing within 50 meters,Daylight: Street light present,Fine without high winds,Dry,None,None,1,Yes,E01003219,2005
12620,200501PL60823,539170.0,171510.0,0.000365,51.425462,1,3,1,1,24/09/2005,7,13:25,7,E09000023,5,0,Single carriageway,30,None,-1,0,None within 50 metres,No physical crossing within 50 meters,Daylight: Street light present,Fine without high winds,Dry,None,None,1,No,E01003240,2005
12621,200501PL60824,537720.0,173540.0,-0.019688,51.444058,1,3,3,1,22/09/2005,5,09:30,7,E09000023,3,21,Single carriageway,30,None,-1,0,None within 50 metres,Pedestrian phase at traffic signal junction,Daylight: Street light present,Fine without high winds,Dry,None,None,1,Yes,E01003319,2005
12622,200501PL60825,538380.0,173670.0,-0.010146,51.445065,1,3,3,1,23/09/2005,6,15:25,7,E09000023,3,205,Single carriageway,30,None,-1,0,None within 50 metres,No physical crossing within 50 meters,Daylight: Street light present,Raining without high winds,Wet/Damp,None,None,1,Yes,E01003320,2005
12623,200501PL60826,539950.0,172030.0,0.011782,51.429943,1,2,3,1,21/09/2005,4,18:18,7,E09000023,5,0,Single carriageway,30,None,-1,0,None within 50 metres,No physical crossing within 50 meters,Daylight: Street light present,Fine without high winds,Dry,None,None,1,Yes,E01003238,2005
12624,200501PL60827,535280.0,172600.0,-0.055135,51.436198,1,3,2,1,01/09/2005,5,19:15,7,E09000023,3,2216,Single carriageway,30,Giveway or uncontrolled,6,0,None within 50 metres,No physical crossing within 50 meters,Daylight: Street light present,Fine without high winds,Dry,None,None,1,No,E01003256,2005
12625,200501PL60828,536370.0,174470.0,-0.038743,51.452742,1,3,1,1,27/09/2005,3,15:44,7,E09000023,4,218,Single carriageway,30,Giveway or uncontrolled,6,0,None within 50 metres,No physical crossing within 50 meters,Daylight: Street light present,Fine without high winds,Dry,None,None,1,Yes,E01003232,2005
12626,200501PL60830,536230.0,176940.0,-0.039806,51.474972,1,2,1,1,15/07/2005,6,00:56,7,E09000023,3,2,Single carriageway,30,None,-1,0,None within 50 metres,No physical crossing within 50 meters,Darkness: Street lights present and lit,Fine without high winds,Dry,None,None,1,Yes,E01003303,2005
12627,200501PL60831,537390.0,171650.0,-0.025166,51.427154,1,3,2,1,27/09/2005,3,08:30,7,E09000023,3,2218,Single carriageway,30,Giveway or uncontrolled,3,2218,None within 50 metres,No physical crossing within 50 meters,Daylight: Street light present,Fine without high winds,Wet/Damp,None,None,1,Yes,E01003192,2005
12628,200501PL60833,539770.0,172460.0,0.009364,51.433851,1,3,1,1,23/09/2005,6,11:10,7,E09000023,5,0,Single carriageway,30,Automatic traffic signal,5,0,None within 50 metres,Pedestrian phase at traffic signal junction,Daylight: Street light present,Fine without high winds,Dry,None,None,1,Yes,E01003351,2005
12629,200501PL60834,537890.0,174330.0,-0.016935,51.451116,1,2,1,1,02/10/2005,1,14:52,7,E09000023,3,21,Single carriageway,30,Giveway or uncontrolled,6,0,None within 50 metres,non-junction pedestrian crossing,Daylight: Street light present,Fine without high winds,Dry,None,None,1,Yes,E01003322,2005
12630,200501PL60836,536090.0,177850.0,-0.04147,51.483183,1,3,2,1,24/09/2005,7,04:59,7,E09000023,4,207,Single carriageway,30,Giveway or uncontrolled,6,0,None within 50 metres,No physical crossing within 50 meters,Darkness: Street lights present and lit,Fine without high winds,Dry,None,None,1,Yes,E01003246,2005
12631,200501PL60837,538170.0,173680.0,-0.013162,51.445207,1,3,2,1,22/09/2005,5,19:35,7,E09000023,3,205,Single carriageway,30,Giveway or uncontrolled,6,0,None within 50 metres,non-junction pedestrian crossing,Darkness: Street lights present and lit,Fine without high winds,Dry,None,None,1,No,E01003319,2005
12632,200501PL60839,539170.0,175190.0,0.001811,51.458531,1,3,2,1,23/09/2005,6,16:50,7,E09000023,3,20,Single carriageway,30,Giveway or uncontrolled,6,0,None within 50 metres,non-junction pedestrian crossing,Daylight: Street light present,Fine without high winds,Dry,None,None,1,Yes,E01003282,2005
12633,200501PL60840,536410.0,174490.0,-0.03816,51.452912,1,3,2,1,23/09/2005,6,18:30,7,E09000023,6,0,Single carriageway,30,None,-1,0,None within 50 metres,No physical crossing within 50 meters,Daylight: Street light present,Fine without high winds,Dry,None,None,1,Yes,E01003232,2005
12634,200501PL60841,535950.0,176850.0,-0.043869,51.47423,1,3,2,1,26/09/2005,2,06:26,7,E09000023,3,2,Single carriageway,30,None,-1,0,None within 50 metres,No physical crossing within 50 meters,Darkness: Street lights present and lit,Fine without high winds,Dry,None,None,1,Yes,E01003340,2005
12635,200501PL60843,535730.0,173280.0,-0.048404,51.442202,1,3,2,1,29/09/2005,5,08:15,7,E09000023,6,0,Single carriageway,30,None,-1,0,None within 50 metres,No physical crossing within 50 meters,Daylight: Street light present,Fine without high winds,Dry,None,None,1,No,E01003315,2005
12636,200501PL60844,535360.0,172920.0,-0.053863,51.439055,1,3,2,1,27/09/2005,3,10:38,7,E09000023,3,205,Single carriageway,30,Automatic traffic signal,3,205,None within 50 metres,Pedestrian phase at traffic signal junction,Daylight: Street light present,Fine without high winds,Dry,None,None,1,Yes,E01003255,2005
12637,200501PL60845,538450.0,175560.0,-0.0084,51.462032,1,3,1,1,17/09/2005,7,14:00,7,E09000023,6,0,Single carriageway,30,Giveway or uncontrolled,3,20,None within 50 metres,non-junction pedestrian crossing,Daylight: Street light present,Fine without high winds,Dry,None,None,1,No,E01003289,2005
12638,200501PL60846,534970.0,171890.0,-0.059863,51.429892,1,3,2,1,12/08/2005,6,08:45,7,E09000023,6,0,Single carriageway,30,None,-1,0,None within 50 metres,No physical crossing within 50 meters,Daylight: Street light present,Fine without high winds,Dry,None,None,1,Yes,E01003331,2005
12639,200501PL60847,537300.0,173520.0,-0.025735,51.44398,1,3,1,1,29/09/2005,5,12:59,7,E09000023,3,205,Single carriageway,30,None,-1,0,None within 50 metres,No physical crossing within 50 meters,Daylight: Street light present,Fine without high winds,Dry,None,None,1,Yes,E01003318,2005
12640,200501PL60848,539810.0,172340.0,0.009892,51.432763,1,3,2,1,29/09/2005,5,21:20,7,E09000023,5,0,Single carriageway,30,None,-1,0,None within 50 metres,No physical crossing within 50 meters,Darkness: Street lights present and lit,Fine without high winds,Dry,None,None,1,Yes,E01003351,2005
12641,200501PL60849,536940.0,173060.0,-0.03109,51.439933,1,3,2,1,26/09/2005,2,16:15,7,E09000023,3,212,Single carriageway,30,None,-1,0,None within 50 metres,Zebra crossing,Daylight: Street light present,Fine without high winds,Dry,None,None,1,No,E01003194,2005
12642,200501PL60850,536750.0,177930.0,-0.03194,51.483743,1,3,1,1,29/09/2005,5,14:54,7,E09000023,3,200,Single carriageway,30,Automatic traffic signal,4,206,None within 50 metres,Pedestrian phase at traffic signal junction,Daylight: Street light present,Fine without high winds,Dry,None,None,1,Yes,E01003252,2005
12643,200501PL60851,536980.0,174270.0,-0.030047,51.450797,1,3,1,1,05/10/2005,4,14:28,7,E09000023,5,0,Single carriageway,30,None,-1,0,None within 50 metres,No physical crossing within 50 meters,Daylight: Street light present,Fine without high winds,Dry,None,None,1,Yes,E01003233,2005
12644,200501PL60852,537580.0,173610.0,-0.021674,51.444721,1,3,1,1,06/10/2005,5,14:15,7,E09000023,3,205,Single carriageway,30,None,-1,0,None within 50 metres,non-junction pedestrian crossing,Daylight: Street light present,Fine without high winds,Dry,None,None,1,Yes,E01003318,2005
12645,200501PL60853,536980.0,174240.0,-0.030058,51.450528,1,3,1,1,28/09/2005,4,08:52,7,E09000023,5,0,Single carriageway,30,Giveway or uncontrolled,6,0,None within 50 metres,No physical crossing within 50 meters,Daylight: Street light present,Fine without high winds,Dry,None,None,1,Yes,E01003233,2005
12646,200501PL60854,539020.0,171060.0,-0.001966,51.421455,1,3,2,1,03/10/2005,2,21:04,7,E09000023,3,21,Single carriageway,30,Giveway or uncontrolled,6,0,None within 50 metres,No physical crossing within 50 meters,Darkness: Street lights present and lit,Fine without high winds,Dry,None,None,1,Yes,E01003235,2005
12647,200501PL60855,534770.0,172420.0,-0.062536,51.434702,1,3,2,1,04/10/2005,3,18:43,7,E09000023,5,0,Single carriageway,30,Giveway or uncontrolled,6,0,None within 50 metres,No physical crossing within 50 meters,Darkness: Street lights present and lit,Fine without high winds,Dry,None,None,1,Yes,E01003259,2005
12648,200501PL60856,539180.0,170850.0,0.00025,51.419528,1,3,2,1,01/10/2005,7,16:55,7,E09000023,3,21,Single carriageway,30,None,-1,0,None within 50 metres,No physical crossing within 50 meters,Daylight: Street light present,Raining without high winds,Wet/Damp,None,None,1,Yes,E01003235,2005
12649,200501PL60858,538540.0,175520.0,-0.007121,51.461651,1,3,2,1,08/10/2005,7,19:10,7,E09000023,3,20,Single carriageway,30,None,-1,0,None within 50 metres,No physical crossing within 50 meters,Darkness: Street lights present and lit,Raining without high winds,Wet/Damp,None,None,1,Yes,E01003289,2005
12650,200501PL60859,537780.0,172880.0,-0.019082,51.438112,1,3,2,1,30/09/2005,6,06:30,7,E09000023,3,21,Single carriageway,30,Giveway or uncontrolled,3,21,None within 50 metres,No physical crossing within 50 meters,Daylight: Street light present,Fine without high winds,Dry,None,None,1,No,E01003221,2005
12651,200501PL60860,537160.0,173360.0,-0.02781,51.442576,1,3,3,1,03/10/2005,2,15:30,7,E09000023,6,0,Single carriageway,30,Automatic traffic signal,3,212,None within 50 metres,Pedestrian phase at traffic signal junction,Daylight: Street light present,Fine without high winds,Dry,None,None,1,No,E01003321,2005
12652,200501PL60861,539930.0,174330.0,0.012403,51.450616,1,3,1,1,03/10/2005,2,10:25,7,E09000023,3,2212,Single carriageway,30,Giveway or uncontrolled,6,0,None within 50 metres,No physical crossing within 50 meters,Daylight: Street light present,Fine without high winds,Dry,None,None,1,No,E01003285,2005
12653,200501PL60862,537140.0,177680.0,-0.026424,51.481402,1,3,2,1,05/10/2005,4,06:30,7,E09000023,3,200,Single carriageway,30,Automatic traffic signal,3,2209,None within 50 metres,Pedestrian phase at traffic signal junction,Darkness: Street lights present and lit,Fine without high winds,Dry,None,None,1,No,E01003253,2005
12654,200501PL60863,538490.0,173110.0,-0.008783,51.440006,1,3,2,1,07/10/2005,6,12:38,7,E09000023,6,0,Single carriageway,30,Giveway or uncontrolled,6,0,None within 50 metres,No physical crossing within 50 meters,Daylight: Street light present,Fine without high winds,Dry,None,None,1,No,E01003217,2005
12655,200501PL60864,536910.0,171500.0,-0.032124,51.425922,1,3,2,1,05/10/2005,4,17:50,7,E09000023,6,0,Single carriageway,30,None,-1,0,None within 50 metres,No physical crossing within 50 meters,Daylight: Street light present,Fine without high winds,Dry,None,None,1,No,E01003190,2005
12656,200501PL60865,537280.0,173500.0,-0.02603,51.443805,1,3,2,1,05/10/2005,4,18:15,7,E09000023,3,205,Single carriageway,30,Giveway or uncontrolled,5,0,None within 50 metres,No physical crossing within 50 meters,Darkness: Street lights present and lit,Fine without high winds,Dry,None,None,1,Yes,E01003318,2005
12657,200501PL60867,537360.0,177620.0,-0.023281,51.48081,1,3,1,1,16/09/2005,6,13:30,7,E09000023,3,200,Single carriageway,30,Automatic traffic signal,3,2209,None within 50 metres,Pedestrian phase at traffic signal junction,Daylight: Street light present,Fine without high winds,Dry,None,None,1,Yes,E01001639,2005
12658,200501PL60868,533560.0,170700.0,-0.080581,51.419531,1,3,1,1,11/10/2005,3,12:15,20,E09000008,6,0,One way street,30,Giveway or uncontrolled,3,214,None within 50 metres,No physical crossing within 50 meters,Daylight: Street light present,Fine without high winds,Dry,None,None,1,No,E01001164,2005
12659,200501PL60869,536370.0,177000.0,-0.037768,51.475477,1,3,2,1,02/10/2005,1,18:27,7,E09000023,3,2,Single carriageway,30,None,-1,0,None within 50 metres,No physical crossing within 50 meters,Daylight: Street light present,Fine without high winds,Dry,None,None,1,Yes,E01003303,2005
12660,200501PL60872,537580.0,172280.0,-0.02219,51.432769,1,3,2,1,22/09/2005,5,21:10,7,E09000023,6,0,Single carriageway,30,Giveway or uncontrolled,6,0,None within 50 metres,No physical crossing within 50 meters,Darkness: Street lights present and lit,Fine without high winds,Dry,None,None,1,Yes,E01003196,2005
12661,200501PL60873,533960.0,171420.0,-0.07456,51.425907,1,3,2,1,30/09/2005,6,12:48,8,E09000028,3,212,Roundabout,30,Giveway or uncontrolled,3,212,None within 50 metres,No physical crossing within 50 meters,Daylight: Street light present,Raining without high winds,Wet/Damp,None,None,1,No,E01003948,2005
12662,200501PL60876,538480.0,174640.0,-0.008329,51.453758,1,2,2,1,22/09/2005,5,08:14,7,E09000023,5,0,Single carriageway,30,Giveway or uncontrolled,6,0,None within 50 metres,Zebra crossing,Daylight: Street light present,Fine without high winds,Dry,None,None,1,Yes,E01003292,2005
12663,200501PL60877,537080.0,177700.0,-0.027279,51.481596,1,3,2,1,08/10/2005,7,13:08,7,E09000023,3,200,Single carriageway,30,None,-1,0,None within 50 metres,No physical crossing within 50 meters,Daylight: Street light present,Fine without high winds,Dry,None,None,1,Yes,E01003253,2005
12664,200501PL60878,537690.0,173060.0,-0.020306,51.439752,1,3,2,1,29/09/2005,5,17:21,7,E09000023,3,21,Single carriageway,30,Automatic traffic signal,5,0,None within 50 metres,Pedestrian phase at traffic signal junction,Daylight: Street light present,Fine without high winds,Dry,None,None,1,Yes,E01003318,2005
12665,200501PL60880,536290.0,171590.0,-0.041002,51.42688,1,3,2,1,11/10/2005,3,18:06,7,E09000023,3,212,Single carriageway,30,Giveway or uncontrolled,6,0,None within 50 metres,No physical crossing within 50 meters,Daylight: Street light present,Fine without high winds,Dry,None,None,1,Yes,E01003333,2005
12666,200501PL60881,539120.0,174680.0,0.000891,51.45396,1,3,2,1,08/10/2005,7,00:45,7,E09000023,6,0,Single carriageway,30,Giveway or uncontrolled,6,0,None within 50 metres,No physical crossing within 50 meters,Darkness: Street lights present and lit,Fine without high winds,Dry,None,None,1,Yes,E01003287,2005
12667,200501PL60882,537040.0,176980.0,-0.028134,51.475136,1,3,1,1,13/10/2005,5,18:30,7,E09000023,3,2,Single carriageway,30,Giveway or uncontrolled,6,0,None within 50 metres,non-junction pedestrian crossing,Darkness: Street lights present and lit,Fine without high winds,Wet/Damp,None,None,1,Yes,E01003207,2005
12668,200501PL60883,537870.0,173680.0,-0.017476,51.44528,1,3,1,1,12/10/2005,4,21:34,7,E09000023,3,21,Single carriageway,30,None,-1,0,None within 50 metres,No physical crossing within 50 meters,Darkness: Street lights present and lit,Raining without high winds,Wet/Damp,None,None,1,Yes,E01003319,2005
12669,200501PL60884,541290.0,172230.0,0.031125,51.431408,1,3,2,1,12/10/2005,4,08:35,7,E09000023,5,0,Single carriageway,30,Giveway or uncontrolled,4,226,None within 50 metres,No physical crossing within 50 meters,Daylight: Street light present,Fine without high winds,Dry,None,None,1,No,E01003265,2005
12670,200501PL60885,540110.0,173840.0,0.014798,51.446168,1,3,2,1,25/09/2005,1,18:15,7,E09000023,3,205,Dual carriageway,30,Automatic traffic signal,5,0,None within 50 metres,Pedestrian phase at traffic signal junction,Daylight: Street light present,Fine without high winds,Dry,None,None,1,No,E01003269,2005
12671,200501PL60886,539800.0,172380.0,0.009764,51.433125,1,3,2,1,16/10/2005,1,08:20,7,E09000023,5,0,Single carriageway,30,Giveway or uncontrolled,6,0,None within 50 metres,No physical crossing within 50 meters,Daylight: Street light present,Fog or mist,Dry,None,None,1,Yes,E01003351,2005
12672,200501PL60887,536650.0,175350.0,-0.034376,51.460582,1,3,2,1,15/10/2005,7,11:51,7,E09000023,4,218,Single carriageway,30,Giveway or uncontrolled,5,0,None within 50 metres,Zebra crossing,Daylight: Street light present,Fine without high winds,Dry,None,None,1,Yes,E01003272,2005
12673,200501PL60888,534980.0,172000.0,-0.059677,51.430878,1,3,2,1,03/08/2005,4,08:40,7,E09000023,3,2216,Single carriageway,30,Giveway or uncontrolled,6,0,None within 50 metres,No physical crossing within 50 meters,Daylight: Street light present,Fine without high winds,Dry,None,None,1,Yes,E01003259,2005
12674,200501PL60889,535910.0,172250.0,-0.046211,51.432902,1,3,2,1,07/10/2005,6,19:30,7,E09000023,6,0,Single carriageway,30,Giveway or uncontrolled,6,0,None within 50 metres,No physical crossing within 50 meters,Daylight: Street light present,Fine without high winds,Dry,None,None,1,Yes,E01003313,2005
12675,200501PL60890,536760.0,173290.0,-0.033589,51.442044,1,3,2,1,11/10/2005,3,20:12,7,E09000023,3,205,Single carriageway,30,Giveway or uncontrolled,6,0,None within 50 metres,No physical crossing within 50 meters,Darkness: Street lights present and lit,Fine without high winds,Dry,None,None,1,Yes,E01003308,2005
12676,200501PL60891,534310.0,171460.0,-0.069514,51.426184,1,2,1,5,23/09/2005,6,16:07,7,E09000023,3,212,Single carriageway,30,Giveway or uncontrolled,6,0,None within 50 metres,No physical crossing within 50 meters,Daylight: Street light present,Fine without high winds,Dry,None,None,1,Yes,E01003332,2005
12677,200501PL60892,539130.0,175700.0,0.001436,51.463124,1,3,2,1,12/10/2005,4,23:08,7,E09000023,4,220,Single carriageway,30,Giveway or uncontrolled,6,0,None within 50 metres,No physical crossing within 50 meters,Darkness: Street lights present and lit,Raining without high winds,Wet/Damp,None,None,1,Yes,E01003199,2005
12678,200501PL60893,538170.0,173680.0,-0.013162,51.445207,1,2,2,1,09/10/2005,1,20:00,7,E09000023,3,205,Single carriageway,30,Giveway or uncontrolled,6,0,None within 50 metres,non-junction pedestrian crossing,Darkness: Street lights present and lit,Fine without high winds,Dry,None,None,1,Yes,E01003319,2005
12679,200501PL60894,535740.0,176940.0,-0.046857,51.47509,1,3,2,1,09/10/2005,1,21:00,7,E09000023,3,2,Single carriageway,30,Giveway or uncontrolled,3,202,None within 50 metres,Zebra crossing,Darkness: Street lights present and lit,Fine without high winds,Dry,None,None,1,Yes,E01003338,2005
12680,200501PL60897,537170.0,177370.0,-0.026112,51.478609,1,3,1,1,13/10/2005,5,15:58,7,E09000023,3,2209,Single carriageway,30,None,-1,0,None within 50 metres,Zebra crossing,Daylight: Street light present,Fine without high winds,Dry,None,None,1,Yes,E01003304,2005
12681,200501PL60898,536740.0,173290.0,-0.033877,51.442049,1,3,2,1,18/10/2005,3,15:45,7,E09000023,3,205,Single carriageway,30,Giveway or uncontrolled,6,0,None within 50 metres,Zebra crossing,Daylight: Street light present,Fine without high winds,Dry,None,None,1,Yes,E01003308,2005
12682,200501PL60899,537830.0,173960.0,-0.017942,51.447805,1,3,2,1,17/10/2005,2,14:55,7,E09000023,3,21,Single carriageway,30,Giveway or uncontrolled,6,0,None within 50 metres,non-junction pedestrian crossing,Daylight: Street light present,Fine without high winds,Dry,None,None,1,Yes,E01003324,2005
12683,200501PL60900,540090.0,176880.0,0.015714,51.473491,1,3,2,1,12/10/2005,4,07:00,6,E09000011,3,2,Single carriageway,30,Automatic traffic signal,4,212,None within 50 metres,Pedestrian phase at traffic signal junction,Daylight: Street light present,Fine without high winds,Dry,None,None,1,No,E01003200,2005
12684,200501PL60901,539110.0,171860.0,-0.000359,51.428622,1,2,1,1,20/10/2005,5,15:18,7,E09000023,6,0,Single carriageway,30,None,-1,0,None within 50 metres,No physical crossing within 50 meters,Daylight: Street light present,Fine without high winds,Dry,None,None,1,No,E01003239,2005
12685,200501PL60902,536510.0,175700.0,-0.036255,51.463761,1,3,2,1,24/10/2005,2,13:53,7,E09000023,4,218,Single carriageway,30,Giveway or uncontrolled,6,0,None within 50 metres,No physical crossing within 50 meters,Daylight: Street light present,Fine without high winds,Wet/Damp,None,None,1,No,E01003214,2005
12686,200501PL60903,537670.0,174920.0,-0.01987,51.456471,1,3,2,1,24/10/2005,2,11:02,7,E09000023,4,236,Single carriageway,30,Giveway or uncontrolled,6,0,None within 50 metres,non-junction pedestrian crossing,Daylight: Street light present,Raining without high winds,Wet/Damp,None,None,1,No,E01003274,2005
12687,200501PL60904,537200.0,176240.0,-0.026119,51.468447,1,3,2,2,22/09/2005,5,09:00,7,E09000023,3,20,Single carriageway,30,None,-1,0,None within 50 metres,No physical crossing within 50 meters,Daylight: Street light present,Fine without high winds,Dry,None,None,1,Yes,E01003211,2005
12688,200501PL60905,537300.0,176650.0,-0.024521,51.472107,1,3,2,1,14/09/2005,4,14:45,7,E09000023,5,0,Single carriageway,30,Giveway or uncontrolled,6,0,None within 50 metres,No physical crossing within 50 meters,Daylight: Street light present,Fine without high winds,Dry,None,None,1,Yes,E01003208,2005
12689,200501PL60906,536850.0,177030.0,-0.030849,51.475631,1,3,2,1,10/10/2005,2,18:50,7,E09000023,6,0,Single carriageway,30,Giveway or uncontrolled,3,2,None within 50 metres,No physical crossing within 50 meters,Darkness: Street lights present and lit,Fine without high winds,Dry,None,None,1,Yes,E01003303,2005
12690,200501PL60907,535590.0,177960.0,-0.048624,51.484292,1,2,2,1,18/10/2005,3,22:20,7,E09000023,6,0,Single carriageway,30,Giveway or uncontrolled,6,0,None within 50 metres,No physical crossing within 50 meters,Darkness: Street lights present and lit,Raining without high winds,Wet/Damp,None,None,1,Yes,E01003297,2005
12691,200501PL60910,538330.0,173170.0,-0.01106,51.440584,1,3,2,1,21/10/2005,6,08:25,7,E09000023,6,0,Single carriageway,30,None,-1,0,None within 50 metres,No physical crossing within 50 meters,Daylight: Street light present,Raining without high winds,Wet/Damp,None,None,1,Yes,E01003216,2005
12692,200501PL60911,540610.0,172350.0,0.021397,51.432655,1,3,1,1,19/10/2005,4,18:47,7,E09000023,6,0,Single carriageway,30,Giveway or uncontrolled,3,2212,None within 50 metres,No physical crossing within 50 meters,Darkness: Street lights present and lit,Raining without high winds,Wet/Damp,None,None,1,Yes,E01003263,2005
12693,200501PL60912,538250.0,175980.0,-0.011113,51.465856,1,3,2,3,27/10/2005,5,22:05,7,E09000023,3,2211,Single carriageway,30,Giveway or uncontrolled,6,0,None within 50 metres,Zebra crossing,Darkness: Street lights present and lit,Fine without high winds,Dry,None,None,1,Yes,E01003296,2005
12694,200501PL60913,536150.0,176900.0,-0.040972,51.474632,1,3,1,1,25/10/2005,3,09:14,7,E09000023,3,2,Single carriageway,30,Automatic traffic signal,6,0,None within 50 metres,Pedestrian phase at traffic signal junction,Daylight: Street light present,Raining without high winds,Wet/Damp,None,None,1,Yes,E01003340,2005
12695,200501PL60915,537530.0,173550.0,-0.022416,51.444194,1,3,2,1,29/09/2005,5,16:35,7,E09000023,5,0,Single carriageway,30,None,-1,0,None within 50 metres,No physical crossing within 50 meters,Daylight: Street light present,Fine without high winds,Dry,None,None,1,No,E01003318,2005
12696,200501PL60916,539390.0,173710.0,0.004393,51.445177,1,3,2,2,20/10/2005,5,15:40,7,E09000023,3,205,Single carriageway,30,Automatic traffic signal,5,0,None within 50 metres,Pedestrian phase at traffic signal junction,Daylight: Street light present,Fine without high winds,Dry,None,None,1,Yes,E01003220,2005
12697,200501PL60917,539930.0,171390.0,0.011242,51.424196,1,3,1,1,25/10/2005,3,22:37,7,E09000023,5,0,Single carriageway,30,Giveway or uncontrolled,6,0,None within 50 metres,No physical crossing within 50 meters,Darkness: Street lights present and lit,Fine without high winds,Dry,None,None,1,Yes,E01003237,2005
12698,200501PL60918,538200.0,175240.0,-0.012122,51.459218,1,3,1,1,11/10/2005,3,21:05,7,E09000023,3,21,Single carriageway,30,Giveway or uncontrolled,3,21,None within 50 metres,No physical crossing within 50 meters,Darkness: Street lights present and lit,Fine without high winds,Dry,None,None,1,Yes,E01003289,2005
12699,200501PL60919,537950.0,176620.0,-0.01518,51.47168,1,3,2,1,25/10/2005,3,11:30,6,E09000011,6,0,Single carriageway,30,Giveway or uncontrolled,3,2211,None within 50 metres,No physical crossing within 50 meters,Daylight: Street light present,Fine without high winds,Dry,None,None,1,Yes,E01001644,2005
12700,200501PL60920,539500.0,174120.0,0.006136,51.448835,1,3,2,1,28/10/2005,6,09:30,7,E09000023,6,0,Single carriageway,30,Giveway or uncontrolled,6,0,None within 50 metres,No physical crossing within 50 meters,Daylight: Street light present,Raining without high winds,Wet/Damp,None,None,1,Yes,E01003281,2005
12701,200501PL60921,537040.0,176980.0,-0.028134,51.475136,1,2,2,1,20/10/2005,5,12:17,7,E09000023,3,2,Single carriageway,30,Giveway or uncontrolled,6,0,None within 50 metres,No physical crossing within 50 meters,Daylight: Street light present,Fine without high winds,Dry,None,None,1,Yes,E01003207,2005
12702,200501PL60922,540310.0,172970.0,0.01733,51.438301,1,3,1,1,11/10/2005,3,19:05,7,E09000023,6,0,Single carriageway,30,Giveway or uncontrolled,3,2212,None within 50 metres,No physical crossing within 50 meters,Darkness: Street lights present and lit,Fine without high winds,Dry,None,None,1,Yes,E01003263,2005
12703,200501PL60923,540470.0,170910.0,0.018814,51.419749,1,3,2,1,29/10/2005,7,19:00,19,E09000006,3,2212,Single carriageway,30,Giveway or uncontrolled,6,0,None within 50 metres,No physical crossing within 50 meters,Darkness: Street lights present and lit,Fine without high winds,Dry,None,None,1,No,E01000819,2005
12704,200501PL60924,538210.0,175780.0,-0.011767,51.464068,1,3,2,3,30/10/2005,1,18:10,7,E09000023,3,2211,Roundabout,30,Giveway or uncontrolled,3,20,None within 50 metres,non-junction pedestrian crossing,Darkness: Street lights present and lit,Fine without high winds,Dry,None,None,1,No,E01003296,2005
12705,200501PL60925,536300.0,176970.0,-0.038787,51.475225,1,3,2,2,22/10/2005,7,19:00,7,E09000023,3,2,Single carriageway,30,None,-1,0,None within 50 metres,Zebra crossing,Darkness: Street lights present and lit,Fine without high winds,Dry,None,None,1,No,E01003303,2005
12706,200501PL60927,538250.0,174790.0,-0.011578,51.455162,1,3,1,1,01/11/2005,3,22:35,7,E09000023,6,0,Single carriageway,30,None,-1,0,None within 50 metres,No physical crossing within 50 meters,Darkness: Street lights present and lit,Fine without high winds,Dry,None,None,1,No,E01003291,2005
12707,200501PL60928,536120.0,173490.0,-0.042716,51.443995,1,3,2,1,02/11/2005,4,08:05,7,E09000023,4,218,Single carriageway,30,None,-1,0,None within 50 metres,Zebra crossing,Daylight: Street light present,Fine without high winds,Dry,None,None,1,No,E01003229,2005
12708,200501PL60930,536290.0,171820.0,-0.040913,51.428947,1,3,2,1,01/11/2005,3,15:20,7,E09000023,6,0,Single carriageway,30,Giveway or uncontrolled,6,0,None within 50 metres,No physical crossing within 50 meters,Daylight: Street light present,Fine without high winds,Dry,None,None,1,No,E01003333,2005
12709,200501PL60931,536240.0,174510.0,-0.040597,51.453133,1,3,3,2,23/08/2005,3,14:30,7,E09000023,6,0,Single carriageway,30,Giveway or uncontrolled,6,0,None within 50 metres,No physical crossing within 50 meters,Daylight: Street light present,Fine without high winds,Dry,None,None,1,Yes,E01003232,2005
12710,200501PL60932,536890.0,175950.0,-0.030691,51.465916,1,3,2,1,31/10/2005,2,17:18,7,E09000023,5,0,Roundabout,30,Giveway or uncontrolled,5,0,None within 50 metres,No physical crossing within 50 meters,Darkness: Street lights present and lit,Other,Wet/Damp,None,None,1,Yes,E01003213,2005
12711,200501PL60933,536200.0,178440.0,-0.039659,51.488459,1,3,2,1,26/10/2005,4,15:00,7,E09000023,3,200,Single carriageway,30,None,-1,0,None within 50 metres,No physical crossing within 50 meters,Daylight: Street light present,Fine without high winds,Dry,None,None,1,No,E01003247,2005
12712,200501PL60934,537640.0,173610.0,-0.020811,51.444706,1,3,1,1,24/10/2005,2,09:50,7,E09000023,3,205,Single carriageway,30,None,-1,0,None within 50 metres,non-junction pedestrian crossing,Daylight: Street light present,Raining without high winds,Wet/Damp,None,None,1,Yes,E01003318,2005
12713,200501PL60935,537110.0,173410.0,-0.02851,51.443038,1,3,2,1,04/10/2005,3,15:11,7,E09000023,3,205,Single carriageway,30,Automatic traffic signal,6,0,None within 50 metres,No physical crossing within 50 meters,Daylight: Street light present,Fine without high winds,Dry,None,None,1,Yes,E01003321,2005
12714,200501PL60936,538160.0,173690.0,-0.013302,51.445299,1,3,1,1,31/10/2005,2,17:05,7,E09000023,3,205,Single carriageway,30,Automatic traffic signal,6,0,None within 50 metres,Pedestrian phase at traffic signal junction,Daylight: Street light present,Fine without high winds,Dry,None,None,1,Yes,E01003319,2005
12715,200501PL60937,537790.0,175880.0,-0.01777,51.465069,1,3,2,1,25/10/2005,3,17:13,7,E09000023,3,20,Single carriageway,30,Giveway or uncontrolled,6,0,None within 50 metres,No physical crossing within 50 meters,Darkness: Street lights present and lit,Fine without high winds,Dry,None,None,1,Yes,E01003278,2005
12716,200501PL60938,538270.0,174340.0,-0.011466,51.451113,1,3,4,1,27/10/2005,5,22:28,7,E09000023,6,0,Single carriageway,30,None,-1,0,None within 50 metres,No physical crossing within 50 meters,Darkness: Street lights present and lit,Fine without high winds,Dry,None,None,1,Yes,E01003293,2005
12717,200501PL60940,539950.0,174220.0,0.012647,51.449622,1,2,1,1,16/10/2005,1,14:15,7,E09000023,3,2212,Single carriageway,30,None,-1,0,None within 50 metres,No physical crossing within 50 meters,Daylight: Street light present,Fine without high winds,Dry,None,None,1,Yes,E01003285,2005
12718,200501PL60943,539700.0,175000.0,0.00936,51.456693,1,3,2,1,07/11/2005,2,20:38,7,E09000023,3,20,Single carriageway,30,None,-1,0,None within 50 metres,No physical crossing within 50 meters,Darkness: Street lights present and lit,Fine without high winds,Wet/Damp,None,None,1,No,E01003283,2005
12719,200501PL60945,537490.0,176070.0,-0.022012,51.466849,1,3,1,2,07/11/2005,2,11:12,7,E09000023,3,20,Single carriageway,30,None,-1,0,None within 50 metres,No physical crossing within 50 meters,Daylight: Street light present,Fine without high winds,Dry,None,None,1,Yes,E01003277,2005
12720,200501PL60946,538320.0,175550.0,-0.010274,51.461974,1,3,1,1,30/10/2005,1,12:44,7,E09000023,3,21,Single carriageway,30,None,-1,0,None within 50 metres,No physical crossing within 50 meters,Daylight: Street light present,Fine without high winds,Dry,None,None,1,Yes,E01003289,2005
12721,200501PL60947,538600.0,174410.0,-0.006693,51.451662,1,3,3,2,04/11/2005,6,12:28,7,E09000023,5,0,Single carriageway,30,None,-1,0,None within 50 metres,No physical crossing within 50 meters,Daylight: Street light present,Fine without high winds,Dry,None,None,1,Yes,E01003292,2005
12722,200501PL60949,537630.0,170870.0,-0.022019,51.420086,1,3,2,1,28/10/2005,6,21:00,19,E09000006,3,2015,Single carriageway,30,Giveway or uncontrolled,6,0,None within 50 metres,No physical crossing within 50 meters,Darkness: Street lights present and lit,Fine without high winds,Dry,None,None,1,No,E01000718,2005
12723,200501PL60950,537530.0,173300.0,-0.022513,51.441947,1,3,2,1,03/11/2005,5,09:15,7,E09000023,5,0,Single carriageway,30,None,-1,0,None within 50 metres,No physical crossing within 50 meters,Daylight: Street light present,Fine without high winds,Dry,None,None,1,No,E01003318,2005
12724,200501PL60952,536980.0,174310.0,-0.030031,51.451157,1,3,2,1,13/10/2005,5,16:15,7,E09000023,5,0,Single carriageway,30,Stop Sign,6,0,None within 50 metres,No physical crossing within 50 meters,Daylight: Street light present,Fine without high winds,Dry,None,None,1,No,E01003225,2005
12725,200501PL60953,537780.0,174330.0,-0.018517,51.451143,1,3,2,1,10/11/2005,5,07:45,7,E09000023,6,0,Single carriageway,30,None,-1,0,None within 50 metres,No physical crossing within 50 meters,Daylight: Street light present,Fine without high winds,Dry,None,None,1,No,E01003322,2005
12726,200501PL60954,535070.0,174150.0,-0.057563,51.450177,1,3,2,1,19/10/2005,4,09:50,8,E09000028,4,238,Single carriageway,30,Automatic traffic signal,5,0,None within 50 metres,Pedestrian phase at traffic signal junction,Daylight: Street light present,Fine without high winds,Dry,None,None,1,No,E01003260,2005
12727,200501PL60956,536250.0,172590.0,-0.041192,51.435876,1,3,2,1,05/11/2005,7,09:45,7,E09000023,6,0,Single carriageway,30,Giveway or uncontrolled,6,0,None within 50 metres,Zebra crossing,Daylight: Street light present,Fine without high winds,Dry,None,None,1,Yes,E01003311,2005
12728,200501PL60957,539700.0,175010.0,0.009364,51.456783,1,3,1,1,06/11/2005,1,20:45,7,E09000023,3,20,Single carriageway,30,None,-1,0,None within 50 metres,No physical crossing within 50 meters,Darkness: Street lights present and lit,Fine without high winds,Dry,None,None,1,No,E01003283,2005
12729,200501PL60958,539100.0,175690.0,0.001001,51.463041,1,3,1,1,11/11/2005,6,08:39,7,E09000023,4,220,Single carriageway,30,None,-1,0,None within 50 metres,No physical crossing within 50 meters,Daylight: Street light present,Fine without high winds,Dry,None,None,1,Yes,E01003199,2005
12730,200501PL60960,538740.0,175320.0,-0.004322,51.459805,1,3,2,1,04/11/2005,6,08:07,7,E09000023,3,20,Single carriageway,30,Giveway or uncontrolled,6,0,None within 50 metres,No physical crossing within 50 meters,Daylight: Street light present,Fine without high winds,Dry,None,None,1,Yes,E01003288,2005
12731,200501PL60961,534940.0,171980.0,-0.06026,51.430708,1,2,1,1,03/11/2005,5,16:51,7,E09000023,6,0,Single carriageway,30,None,-1,0,None within 50 metres,No physical crossing within 50 meters,Daylight: Street light present,Raining without high winds,Wet/Damp,None,None,1,Yes,E01003259,2005
12732,200501PL60962,539640.0,176360.0,0.009034,51.468929,1,3,1,1,09/11/2005,4,15:56,7,E09000023,5,0,Single carriageway,30,None,-1,0,None within 50 metres,No physical crossing within 50 meters,Daylight: Street light present,Fine without high winds,Dry,None,None,1,No,E01003200,2005
12733,200501PL60963,538190.0,175810.0,-0.012043,51.464342,1,3,2,1,27/10/2005,5,06:30,7,E09000023,3,20,Roundabout,30,Giveway or uncontrolled,3,21,None within 50 metres,No physical crossing within 50 meters,Darkness: Street lights present and lit,Fine without high winds,Dry,None,None,1,No,E01003296,2005
12734,200501PL60964,535780.0,176870.0,-0.046308,51.474451,1,3,2,1,03/11/2005,5,20:45,7,E09000023,3,2,Single carriageway,30,Automatic traffic signal,3,2,None within 50 metres,Pedestrian phase at traffic signal junction,Darkness: Street lights present and lit,Fine without high winds,Dry,None,None,1,No,E01003338,2005
12735,200501PL60965,540600.0,172130.0,0.021166,51.43068,1,3,1,1,07/11/2005,2,17:45,7,E09000023,3,2212,Single carriageway,30,Automatic traffic signal,5,0,None within 50 metres,Pedestrian phase at traffic signal junction,Darkness: Street lights present and lit,Fine without high winds,Dry,None,None,1,No,E01003236,2005
12736,200501PL60967,536520.0,175680.0,-0.036119,51.463579,1,3,1,1,02/11/2005,4,18:35,7,E09000023,6,0,Single carriageway,30,Giveway or uncontrolled,4,218,None within 50 metres,No physical crossing within 50 meters,Darkness: Street lights present and lit,Raining with high winds,Wet/Damp,None,None,1,Yes,E01003214,2005
12737,200501PL60968,538390.0,173340.0,-0.010131,51.442098,1,3,2,1,11/11/2005,6,08:00,7,E09000023,5,0,Single carriageway,30,Giveway or uncontrolled,5,0,None within 50 metres,No physical crossing within 50 meters,Daylight: Street light present,Fine without high winds,Dry,None,None,1,Yes,E01003216,2005
12738,200501PL60969,537390.0,173560.0,-0.024425,51.444318,1,3,3,1,26/10/2005,4,19:50,7,E09000023,3,205,Single carriageway,30,None,-1,0,None within 50 metres,No physical crossing within 50 meters,Darkness: Street lights present and lit,Fine without high winds,Dry,None,None,1,Yes,E01003318,2005
12739,200501PL60970,538390.0,171670.0,-0.010783,51.42709,1,3,3,1,08/11/2005,3,18:34,7,E09000023,3,21,Single carriageway,30,Automatic traffic signal,3,2015,None within 50 metres,Pedestrian phase at traffic signal junction,Darkness: Street lights present and lit,Fine without high winds,Dry,None,None,1,Yes,E01003241,2005
12740,200501PL60972,537430.0,171630.0,-0.024599,51.426964,1,3,2,1,08/11/2005,3,20:05,7,E09000023,3,2218,Single carriageway,30,Giveway or uncontrolled,3,2218,None within 50 metres,No physical crossing within 50 meters,Darkness: Street lights present and lit,Raining without high winds,Wet/Damp,None,None,1,Yes,E01003192,2005
12741,200501PL60973,535730.0,173280.0,-0.048404,51.442202,1,3,2,1,10/11/2005,5,14:30,7,E09000023,6,0,Single carriageway,30,None,-1,0,None within 50 metres,No physical crossing within 50 meters,Daylight: Street light present,Fine without high winds,Dry,None,None,1,No,E01003315,2005
12742,200501PL60974,537070.0,171650.0,-0.029766,51.427231,1,2,3,2,17/11/2005,5,07:46,7,E09000023,3,2218,Dual carriageway,30,None,-1,0,None within 50 metres,No physical crossing within 50 meters,Daylight: Street light present,Fine without high winds,Wet/Damp,None,None,1,Yes,E01003190,2005
12743,200501PL60975,539750.0,171400.0,0.008659,51.424331,1,3,2,1,21/11/2005,2,16:00,7,E09000023,5,0,Single carriageway,30,Giveway or uncontrolled,6,0,None within 50 metres,No physical crossing within 50 meters,Daylight: Street light present,Fine without high winds,Dry,None,None,1,No,E01003242,2005
12744,200501PL60976,539250.0,175190.0,0.002962,51.458511,1,3,2,2,08/11/2005,3,18:40,7,E09000023,3,20,Single carriageway,30,Giveway or uncontrolled,6,0,None within 50 metres,No physical crossing within 50 meters,Darkness: Street lights present and lit,Fine without high winds,Dry,None,None,1,Yes,E01003282,2005
12745,200501PL60977,538040.0,174910.0,-0.014552,51.456291,1,2,1,1,21/11/2005,2,10:40,7,E09000023,3,21,Single carriageway,30,Automatic traffic signal,4,236,None within 50 metres,Pedestrian phase at traffic signal junction,Daylight: Street light present,Fine without high winds,Wet/Damp,None,None,1,Yes,E01003289,2005
12746,200501PL60978,537230.0,176940.0,-0.025416,51.47473,1,3,2,1,16/11/2005,4,12:07,7,E09000023,3,2,Single carriageway,30,None,-1,0,None within 50 metres,No physical crossing within 50 meters,Daylight: Street light present,Raining without high winds,Wet/Damp,None,None,1,Yes,E01003207,2005
12747,200501PL60979,535780.0,176870.0,-0.046308,51.474451,1,3,2,1,15/11/2005,3,15:50,7,E09000023,3,2,Single carriageway,30,None,-1,0,None within 50 metres,No physical crossing within 50 meters,Darkness: Street lights present and lit,Fine without high winds,Dry,None,None,1,Yes,E01003338,2005
12748,200501PL60980,536490.0,175860.0,-0.036481,51.465204,1,3,1,1,18/11/2005,6,12:00,7,E09000023,4,218,Single carriageway,30,None,-1,0,None within 50 metres,No physical crossing within 50 meters,Daylight: Street light present,Fine without high winds,Dry,None,None,1,Yes,E01003212,2005
12749,200501PL60981,538970.0,173100.0,-0.001885,51.439799,1,3,1,1,25/11/2005,6,19:37,7,E09000023,5,0,Single carriageway,30,Giveway or uncontrolled,6,0,None within 50 metres,No physical crossing within 50 meters,Darkness: Street lights present and lit,Fine without high winds,Dry,None,None,1,Yes,E01003218,2005
12750,200501PL60982,536530.0,175640.0,-0.03599,51.463217,1,3,2,1,23/11/2005,4,08:16,7,E09000023,4,218,Single carriageway,30,Giveway or uncontrolled,6,0,None within 50 metres,No physical crossing within 50 meters,Daylight: Street light present,Fog or mist,Wet/Damp,None,None,1,No,E01003214,2005
12751,200501PL60983,536710.0,177050.0,-0.032856,51.475845,1,3,2,1,14/11/2005,2,14:05,7,E09000023,3,2,Single carriageway,30,Giveway or uncontrolled,3,2,None within 50 metres,Zebra crossing,Daylight: Street light present,Fine without high winds,Dry,None,None,1,Yes,E01003303,2005
12752,200501PL60984,537900.0,174490.0,-0.016729,51.452551,1,3,2,1,24/10/2005,2,05:58,7,E09000023,3,21,Single carriageway,30,Giveway or uncontrolled,6,0,None within 50 metres,non-junction pedestrian crossing,Darkness: Street lights present and lit,Raining without high winds,Wet/Damp,None,None,1,Yes,E01003291,2005
12753,200501PL60985,537870.0,175840.0,-0.016635,51.46469,1,3,2,1,03/11/2005,5,08:40,7,E09000023,3,20,Single carriageway,30,Giveway or uncontrolled,6,0,None within 50 metres,No physical crossing within 50 meters,Daylight: Street light present,Raining without high winds,Wet/Damp,None,None,1,Yes,E01003296,2005
12754,200501PL60986,538640.0,171570.0,-0.007229,51.426131,1,2,1,1,16/11/2005,4,22:23,7,E09000023,3,21,Single carriageway,30,Giveway or uncontrolled,6,0,None within 50 metres,Central refuge,Darkness: Street lights present and lit,Fine without high winds,Dry,None,None,1,Yes,E01003241,2005
12755,200501PL60987,537280.0,171990.0,-0.026616,51.430236,1,3,2,2,09/11/2005,4,15:40,7,E09000023,6,0,Single carriageway,30,Giveway or uncontrolled,6,0,None within 50 metres,No physical crossing within 50 meters,Daylight: Street light present,Fine without high winds,Dry,None,None,1,Yes,E01003197,2005
12756,200501PL60988,540100.0,173840.0,0.014654,51.446171,1,3,2,1,16/11/2005,4,14:50,7,E09000023,3,205,Single carriageway,30,Automatic traffic signal,3,205,None within 50 metres,Pedestrian phase at traffic signal junction,Daylight: Street light present,Fine without high winds,Dry,None,None,1,Yes,E01003268,2005
12757,200501PL60989,536820.0,177870.0,-0.030955,51.483187,1,3,1,1,08/11/2005,3,21:03,7,E09000023,3,200,Single carriageway,30,Giveway or uncontrolled,6,0,None within 50 metres,No physical crossing within 50 meters,Darkness: Street lights present and lit,Raining without high winds,Wet/Damp,None,None,1,Yes,E01003251,2005
12758,200501PL60990,539620.0,175860.0,0.008548,51.464441,1,3,2,1,08/11/2005,3,20:29,7,E09000023,4,220,Single carriageway,30,None,-1,0,None within 50 metres,No physical crossing within 50 meters,Darkness: Street lights present and lit,Fine without high winds,Dry,None,None,1,Yes,E01003202,2005
12759,200501PL60991,537040.0,176980.0,-0.028134,51.475136,1,3,2,1,12/11/2005,7,13:22,7,E09000023,3,2,Single carriageway,30,Giveway or uncontrolled,6,0,None within 50 metres,No physical crossing within 50 meters,Daylight: Street light present,Fine without high winds,Dry,None,None,1,Yes,E01003207,2005
12760,200501PL60992,539940.0,174240.0,0.012512,51.449805,1,3,1,1,24/11/2005,5,17:58,7,E09000023,3,2212,Single carriageway,30,Giveway or uncontrolled,6,0,None within 50 metres,No physical crossing within 50 meters,Darkness: Street lights present and lit,Fine without high winds,Wet/Damp,None,None,1,Yes,E01003285,2005
12761,200501PL60993,533950.0,171420.0,-0.074704,51.42591,1,3,2,1,15/10/2005,7,16:31,8,E09000028,3,212,Roundabout,30,Giveway or uncontrolled,6,0,None within 50 metres,No physical crossing within 50 meters,Daylight: Street light present,Fine without high winds,Dry,None,None,1,Yes,E01003948,2005
12762,200501PL60994,538150.0,175130.0,-0.012884,51.458242,1,3,1,1,22/11/2005,3,16:05,7,E09000023,3,21,Single carriageway,30,Giveway or uncontrolled,6,0,None within 50 metres,No physical crossing within 50 meters,Daylight: Street light present,Fine without high winds,Dry,None,None,1,No,E01003289,2005
12763,200501PL60995,535250.0,173550.0,-0.055204,51.444743,1,3,1,1,24/11/2005,5,01:19,7,E09000023,5,0,Single carriageway,30,Giveway or uncontrolled,6,0,None within 50 metres,No physical crossing within 50 meters,Darkness: Street lights present and lit,Fine without high winds,Dry,None,None,1,Yes,E01003254,2005
12764,200501PL60996,536680.0,175440.0,-0.03391,51.461384,1,3,3,1,18/11/2005,6,12:01,7,E09000023,5,0,Single carriageway,30,None,-1,0,None within 50 metres,No physical crossing within 50 meters,Daylight: Street light present,Fine without high winds,Dry,None,None,1,Yes,E01003214,2005
12765,200501PL60997,535550.0,172620.0,-0.051245,51.436313,1,3,1,2,17/10/2005,2,10:11,7,E09000023,4,227,Single carriageway,30,None,-1,0,None within 50 metres,No physical crossing within 50 meters,Daylight: Street light present,Fine without high winds,Wet/Damp,None,None,1,Yes,E01003309,2005
12766,200501PL60998,537370.0,177600.0,-0.023144,51.480627,1,3,3,2,20/11/2005,1,02:09,7,E09000023,3,200,Dual carriageway,30,Automatic traffic signal,3,2209,None within 50 metres,No physical crossing within 50 meters,Darkness: Street lights present and lit,Fog or mist,Wet/Damp,None,None,1,Yes,E01003253,2005
12767,200501PL61000,534730.0,172640.0,-0.063028,51.436689,1,3,1,1,26/11/2005,7,08:08,7,E09000023,5,0,Single carriageway,30,Giveway or uncontrolled,6,0,None within 50 metres,No physical crossing within 50 meters,Daylight: Street light present,Fine without high winds,Wet/Damp,None,None,1,Yes,E01003257,2005
12768,200501PL61001,537220.0,173440.0,-0.026917,51.443281,1,3,2,2,24/11/2005,5,10:00,7,E09000023,3,205,Single carriageway,30,Giveway or uncontrolled,3,205,None within 50 metres,No physical crossing within 50 meters,Daylight: Street light present,Raining without high winds,Wet/Damp,None,None,1,Yes,E01003317,2005
12769,200501PL61002,536440.0,178250.0,-0.036278,51.486694,1,2,2,1,29/10/2005,7,16:43,7,E09000023,3,200,Single carriageway,30,Giveway or uncontrolled,3,200,None within 50 metres,No physical crossing within 50 meters,Daylight: Street light present,Fine without high winds,Dry,None,None,1,Yes,E01003248,2005
12770,200501PL61003,536530.0,174840.0,-0.036299,51.456028,1,3,2,3,29/11/2005,3,08:05,7,E09000023,4,218,Single carriageway,30,Giveway or uncontrolled,6,0,None within 50 metres,Zebra crossing,Daylight: Street light present,Fine without high winds,Dry,None,None,1,Yes,E01003231,2005
12771,200501PL61004,535000.0,173070.0,-0.058982,51.440489,1,2,2,1,03/11/2005,5,19:50,7,E09000023,3,205,Single carriageway,30,Giveway or uncontrolled,5,0,None within 50 metres,No physical crossing within 50 meters,Daylight: Street light present,Fine without high winds,Dry,None,None,1,Yes,E01003254,2005
12772,200501PL61005,536280.0,176960.0,-0.039078,51.47514,1,3,2,1,08/11/2005,3,13:59,7,E09000023,3,2,Single carriageway,30,Giveway or uncontrolled,6,0,None within 50 metres,non-junction pedestrian crossing,Daylight: Street light present,Fine without high winds,Dry,None,None,1,Yes,E01003303,2005
12773,200501PL61006,537920.0,173130.0,-0.016971,51.440325,1,2,1,1,29/11/2005,3,18:21,7,E09000023,6,0,Single carriageway,30,None,-1,0,None within 50 metres,No physical crossing within 50 meters,Darkness: Street lights present and lit,Fine without high winds,Dry,None,None,1,Yes,E01003221,2005
12774,200501PL61007,538690.0,175400.0,-0.00501,51.460536,1,2,2,1,11/11/2005,6,08:15,7,E09000023,3,20,Single carriageway,30,None,-1,0,None within 50 metres,No physical crossing within 50 meters,Daylight: Street light present,Fine without high winds,Dry,None,None,1,Yes,E01003288,2005
12775,200501PL61008,536450.0,177010.0,-0.036613,51.475548,1,3,1,1,02/12/2005,6,00:30,7,E09000023,3,2,Single carriageway,30,None,-1,0,None within 50 metres,No physical crossing within 50 meters,Darkness: Street lights present and lit,Other,Wet/Damp,None,None,1,Yes,E01003215,2005
12776,200501PL61009,539850.0,174980.0,0.01151,51.456477,1,3,2,1,25/11/2005,6,16:45,7,E09000023,3,2212,Single carriageway,30,Automatic traffic signal,3,20,None within 50 metres,Pedestrian phase at traffic signal junction,Darkness: Street lights present and lit,Fine without high winds,Dry,None,None,1,No,E01003286,2005
12777,200501PL61011,540390.0,173410.0,0.018654,51.442235,1,3,3,2,28/11/2005,2,12:20,7,E09000023,5,0,Single carriageway,30,Giveway or uncontrolled,6,0,None within 50 metres,No physical crossing within 50 meters,Daylight: Street light present,Other,Dry,None,None,1,Yes,E01003269,2005
12778,200501PL61012,538070.0,174960.0,-0.014101,51.456733,1,3,1,1,23/11/2005,4,08:25,7,E09000023,3,21,Single carriageway,30,None,-1,0,None within 50 metres,No physical crossing within 50 meters,Daylight: Street light present,Fine without high winds,Dry,None,None,1,Yes,E01003289,2005
12779,200501PL61013,540610.0,172220.0,0.021346,51.431487,1,3,2,1,02/12/2005,6,11:00,7,E09000023,4,226,Single carriageway,30,Giveway or uncontrolled,3,2212,None within 50 metres,No physical crossing within 50 meters,Daylight: Street light present,Other,Wet/Damp,None,None,1,Yes,E01003263,2005
12780,200501PL61014,537110.0,177680.0,-0.026855,51.481409,1,3,2,1,29/11/2005,3,10:26,7,E09000023,3,200,Single carriageway,30,Giveway or uncontrolled,3,2209,None within 50 metres,non-junction pedestrian crossing,Daylight: Street light present,Fine without high winds,Dry,None,None,1,Yes,E01003253,2005
12781,200501PL61015,537940.0,174760.0,-0.016049,51.454968,1,3,1,1,30/11/2005,4,13:44,7,E09000023,3,21,Single carriageway,30,None,-1,0,None within 50 metres,Pedestrian phase at traffic signal junction,Daylight: Street light present,Fine without high winds,Dry,None,None,1,No,E01003289,2005
12782,200501PL61016,539750.0,171400.0,0.008659,51.424331,1,2,2,2,29/11/2005,3,06:13,7,E09000023,5,0,Single carriageway,30,Giveway or uncontrolled,6,0,None within 50 metres,No physical crossing within 50 meters,Darkness: Street lights present and lit,Fine without high winds,Wet/Damp,None,None,1,Yes,E01003242,2005
12783,200501PL61019,536300.0,178120.0,-0.038343,51.485559,1,3,2,1,03/12/2005,7,12:24,7,E09000023,6,0,Single carriageway,30,None,-1,0,None within 50 metres,No physical crossing within 50 meters,Daylight: Street light present,Fine without high winds,Wet/Damp,None,None,1,Yes,E01003248,2005
12784,200501PL61021,537860.0,172600.0,-0.01804,51.435577,1,3,2,1,29/10/2005,7,15:15,7,E09000023,3,21,Single carriageway,30,None,-1,0,None within 50 metres,No physical crossing within 50 meters,Daylight: Street light present,Fine without high winds,Dry,None,None,1,Yes,E01003221,2005
12785,200501PL61022,537250.0,176930.0,-0.025132,51.474636,1,3,2,1,09/12/2005,6,09:50,7,E09000023,3,2,Single carriageway,30,None,-1,0,None within 50 metres,No physical crossing within 50 meters,Daylight: Street light present,Fog or mist,Wet/Damp,None,None,1,No,E01003207,2005
12786,200501PL61024,538970.0,173110.0,-0.001881,51.439889,1,2,1,1,11/08/2005,5,16:34,7,E09000023,5,0,Single carriageway,30,Giveway or uncontrolled,6,0,None within 50 metres,No physical crossing within 50 meters,Daylight: Street light present,Fine without high winds,Dry,None,None,1,Yes,E01003222,2005
12787,200501PL61025,538460.0,173670.0,-0.008996,51.445046,1,3,1,1,06/12/2005,3,17:05,7,E09000023,3,205,Single carriageway,30,Giveway or uncontrolled,6,0,None within 50 metres,non-junction pedestrian crossing,Darkness: Street lights present and lit,Raining without high winds,Wet/Damp,None,None,1,Yes,E01003320,2005
12788,200501PL61026,537950.0,174750.0,-0.015909,51.454875,1,2,1,1,08/12/2005,5,07:45,7,E09000023,3,21,Single carriageway,30,None,-1,0,None within 50 metres,Zebra crossing,Daylight: Street light present,Fine without high winds,Dry,None,None,1,No,E01003289,2005
12789,200501PL61027,537040.0,176990.0,-0.02813,51.475226,1,3,2,1,05/12/2005,2,12:00,7,E09000023,3,2,Single carriageway,30,Giveway or uncontrolled,6,0,None within 50 metres,No physical crossing within 50 meters,Daylight: Street light present,Fine without high winds,Dry,None,None,1,Yes,E01003304,2005
12790,200501PL61028,537560.0,176020.0,-0.021025,51.466383,1,3,1,1,29/10/2005,7,00:36,7,E09000023,3,20,Single carriageway,30,Giveway or uncontrolled,6,0,None within 50 metres,No physical crossing within 50 meters,Darkness: Street lights present and lit,Raining without high winds,Wet/Damp,None,None,1,Yes,E01003278,2005
12791,200501PL61029,536690.0,175160.0,-0.033874,51.458865,1,3,2,1,06/12/2005,3,06:10,7,E09000023,4,218,Single carriageway,30,Automatic traffic signal,4,236,None within 50 metres,Pedestrian phase at traffic signal junction,Darkness: Street lights present and lit,Fine without high winds,Dry,None,None,1,No,E01003276,2005
12792,200501PL61031,536500.0,175890.0,-0.036326,51.465471,1,3,2,1,01/12/2005,5,23:05,7,E09000023,4,2142,Roundabout,30,Giveway or uncontrolled,4,218,None within 50 metres,No physical crossing within 50 meters,Darkness: Street lights present and lit,Raining without high winds,Wet/Damp,None,None,1,Yes,E01003212,2005
12793,200501PL61032,535320.0,176180.0,-0.053191,51.46836,1,3,2,1,04/12/2005,1,12:50,8,E09000028,3,2214,Single carriageway,30,Giveway or uncontrolled,6,0,None within 50 metres,No physical crossing within 50 meters,Daylight: Street light present,Fine without high winds,Dry,None,None,1,No,E01004000,2005
12794,200501PL61033,535130.0,173020.0,-0.057132,51.440008,1,3,2,1,12/11/2005,7,19:30,7,E09000023,3,205,Single carriageway,30,Giveway or uncontrolled,6,0,None within 50 metres,No physical crossing within 50 meters,Darkness: Street lights present and lit,Fine without high winds,Dry,None,None,1,No,E01003255,2005
12795,200501PL61035,537310.0,176910.0,-0.024276,51.474441,1,3,1,1,30/11/2005,4,21:18,7,E09000023,3,2,Single carriageway,30,Automatic traffic signal,3,2210,None within 50 metres,Pedestrian phase at traffic signal junction,Darkness: Street lights present and lit,Raining without high winds,Wet/Damp,None,None,1,Yes,E01003207,2005
12796,200501PL61036,541710.0,172530.0,0.037283,51.433999,1,3,2,1,24/11/2005,5,09:24,19,E09000006,4,226,Single carriageway,30,Giveway or uncontrolled,6,0,None within 50 metres,No physical crossing within 50 meters,Daylight: Street light present,Raining without high winds,Wet/Damp,None,None,1,Yes,E01000779,2005
12797,200501PL61037,536920.0,173300.0,-0.031285,51.442095,1,3,2,1,08/12/2005,5,17:04,7,E09000023,3,205,Single carriageway,30,Giveway or uncontrolled,6,0,None within 50 metres,No physical crossing within 50 meters,Darkness: Street lights present and lit,Fine without high winds,Dry,None,None,1,Yes,E01003321,2005
12798,200501PL61038,536550.0,171850.0,-0.037164,51.429154,1,3,2,1,10/12/2005,7,23:00,7,E09000023,3,212,Single carriageway,30,Automatic traffic signal,3,2218,None within 50 metres,No physical crossing within 50 meters,Darkness: Street lights present and lit,Raining without high winds,Wet/Damp,None,None,1,No,E01003190,2005
12799,200501PL61039,537620.0,173870.0,-0.020997,51.447048,1,3,2,1,01/12/2005,5,10:15,7,E09000023,6,0,Single carriageway,30,Giveway or uncontrolled,6,0,None within 50 metres,No physical crossing within 50 meters,Daylight: Street light present,Fine without high winds,Dry,None,None,1,Yes,E01003324,2005
12800,200501PL61040,536380.0,171670.0,-0.039677,51.427577,1,3,2,1,09/12/2005,6,18:56,7,E09000023,3,212,Single carriageway,30,Giveway or uncontrolled,6,0,None within 50 metres,No physical crossing within 50 meters,Darkness: Street lights present and lit,Fine without high winds,Wet/Damp,None,None,1,Yes,E01003333,2005
12801,200501PL61041,537720.0,173750.0,-0.019606,51.445945,1,3,2,2,06/12/2005,3,14:29,7,E09000023,3,21,One way street,30,Automatic traffic signal,3,21,None within 50 metres,Pedestrian phase at traffic signal junction,Daylight: Street light present,Fine without high winds,Dry,None,None,1,Yes,E01003318,2005
12802,200501PL61042,538540.0,175520.0,-0.007121,51.461651,1,3,2,1,14/11/2005,2,22:44,7,E09000023,3,20,Single carriageway,30,None,-1,0,None within 50 metres,No physical crossing within 50 meters,Darkness: Street lights present and lit,Fine without high winds,Dry,None,None,1,Yes,E01003289,2005
12803,200501PL61043,538170.0,171360.0,-0.014067,51.424358,1,3,2,1,25/11/2005,6,21:05,7,E09000023,3,2015,Single carriageway,30,Giveway or uncontrolled,6,0,None within 50 metres,No physical crossing within 50 meters,Darkness: Street lights present and lit,Fine without high winds,Dry,None,None,1,Yes,E01003241,2005
12804,200501PL61045,536260.0,172970.0,-0.040902,51.439289,1,3,2,3,01/12/2005,5,16:50,7,E09000023,6,0,Single carriageway,30,Giveway or uncontrolled,6,0,None within 50 metres,No physical crossing within 50 meters,Darkness: Street lights present and lit,Raining without high winds,Wet/Damp,None,None,1,Yes,E01003314,2005
12805,200501PL61046,539370.0,175200.0,0.004692,51.458572,1,3,2,1,07/12/2005,4,16:40,7,E09000023,3,20,Single carriageway,30,Giveway or uncontrolled,6,0,None within 50 metres,non-junction pedestrian crossing,Darkness: Street lights present and lit,Fine without high winds,Dry,None,None,1,Yes,E01003283,2005
12806,200501PL61047,539510.0,172860.0,0.005784,51.43751,1,3,1,2,12/12/2005,2,15:00,7,E09000023,5,0,Roundabout,30,Giveway or uncontrolled,5,0,None within 50 metres,No physical crossing within 50 meters,Daylight: Street light present,Fine without high winds,Dry,None,None,1,Yes,E01003222,2005
12807,200501PL61048,537370.0,177600.0,-0.023144,51.480627,1,3,1,1,08/12/2005,5,01:00,7,E09000023,3,200,Single carriageway,30,Automatic traffic signal,3,2209,None within 50 metres,Pedestrian phase at traffic signal junction,Darkness: Street lights present and lit,Raining without high winds,Wet/Damp,None,None,1,Yes,E01003253,2005
12808,200501PL61049,534000.0,171450.0,-0.073974,51.426168,1,3,1,1,01/12/2005,5,21:31,8,E09000028,3,212,Roundabout,30,Giveway or uncontrolled,5,0,None within 50 metres,No physical crossing within 50 meters,Darkness: Street lights present and lit,Raining without high winds,Wet/Damp,None,None,1,Yes,E01003948,2005
12809,200501PL61050,539790.0,172390.0,0.009624,51.433217,1,3,2,1,19/12/2005,2,16:45,7,E09000023,5,0,Single carriageway,30,Automatic traffic signal,6,0,None within 50 metres,Pedestrian phase at traffic signal junction,Darkness: Street lights present and lit,Fine without high winds,Dry,None,None,1,No,E01003346,2005
12810,200501PL61052,537580.0,176010.0,-0.020741,51.466288,1,3,3,1,22/10/2005,7,00:32,7,E09000023,3,20,Single carriageway,30,Giveway or uncontrolled,6,0,None within 50 metres,No physical crossing within 50 meters,Darkness: Street lights present and lit,Fine without high winds,Dry,None,None,1,Yes,E01003278,2005
12811,200501PL61053,537820.0,173950.0,-0.01809,51.447718,1,3,2,1,13/12/2005,3,21:14,7,E09000023,3,21,Single carriageway,30,Giveway or uncontrolled,6,0,None within 50 metres,non-junction pedestrian crossing,Darkness: Street lights present and lit,Fine without high winds,Dry,None,None,1,Yes,E01003324,2005
12812,200501PL61054,537140.0,171630.0,-0.028767,51.427035,1,3,2,1,19/12/2005,2,21:00,7,E09000023,3,2218,Single carriageway,30,Giveway or uncontrolled,6,0,None within 50 metres,No physical crossing within 50 meters,Darkness: Street lights present and lit,Fine without high winds,Dry,None,None,1,Yes,E01003191,2005
12813,200501PL61055,536920.0,176530.0,-0.030035,51.471121,1,3,2,1,29/12/2005,5,11:15,7,E09000023,3,20,Single carriageway,30,Automatic traffic signal,6,0,None within 50 metres,No physical crossing within 50 meters,Daylight: Street light present,Fine without high winds,Dry,None,None,1,Yes,E01003210,2005
12814,200501PL61056,538290.0,175680.0,-0.010655,51.46315,1,3,1,1,03/12/2005,7,12:25,7,E09000023,3,21,Single carriageway,30,None,-1,0,None within 50 metres,No physical crossing within 50 meters,Daylight: Street light present,Fine without high winds,Dry,None,None,1,Yes,E01003296,2005
12815,200501PL61057,537980.0,173720.0,-0.015879,51.445612,1,3,2,2,16/12/2005,6,06:30,7,E09000023,3,205,Single carriageway,30,Giveway or uncontrolled,6,0,None within 50 metres,No physical crossing within 50 meters,Darkness: Street lights present and lit,Fine without high winds,Dry,None,None,1,Yes,E01003319,2005
12816,200501PL61058,536130.0,176890.0,-0.041264,51.474547,1,3,2,1,13/12/2005,3,18:15,7,E09000023,3,2,Single carriageway,30,Giveway or uncontrolled,6,0,None within 50 metres,non-junction pedestrian crossing,Darkness: Street lights present and lit,Fine without high winds,Dry,None,None,1,Yes,E01003340,2005
12817,200501PL61059,537000.0,177600.0,-0.028469,51.480717,1,3,1,2,12/12/2005,2,08:36,7,E09000023,6,0,Single carriageway,40,None,-1,0,None within 50 metres,No physical crossing within 50 meters,Daylight: Street light present,Fine without high winds,Wet/Damp,None,None,1,Yes,E01003253,2005
12818,200501PL61060,538190.0,175780.0,-0.012055,51.464073,1,3,2,1,16/12/2005,6,05:35,7,E09000023,3,21,Roundabout,30,Giveway or uncontrolled,3,20,None within 50 metres,No physical crossing within 50 meters,Darkness: Street lights present and lit,Fine without high winds,Wet/Damp,None,None,1,Yes,E01003296,2005
12819,200501PL61061,539070.0,171850.0,-0.000938,51.428542,1,3,1,1,14/12/2005,4,08:25,7,E09000023,6,0,Single carriageway,30,Giveway or uncontrolled,6,0,None within 50 metres,No physical crossing within 50 meters,Daylight: Street light present,Fine without high winds,Dry,None,None,1,Yes,E01003240,2005
12820,200501PL61062,537700.0,173690.0,-0.019917,51.445411,1,3,2,1,10/12/2005,7,10:57,7,E09000023,3,21,Single carriageway,30,Giveway or uncontrolled,6,0,None within 50 metres,Pedestrian phase at traffic signal junction,Daylight: Street light present,Fine without high winds,Dry,None,None,1,Yes,E01003318,2005
12821,200501PL61063,540070.0,171850.0,0.013436,51.428295,1,3,1,1,09/12/2005,6,19:30,7,E09000023,5,0,Roundabout,30,Giveway or uncontrolled,5,0,None within 50 metres,No physical crossing within 50 meters,Darkness: Street lights present and lit,Fine without high winds,Dry,None,None,1,Yes,E01003237,2005
12822,200501PL61066,537290.0,176200.0,-0.024839,51.468066,1,3,2,1,17/12/2005,7,18:10,7,E09000023,3,20,Single carriageway,30,Automatic traffic signal,6,0,None within 50 metres,Pedestrian phase at traffic signal junction,Darkness: Street lights present and lit,Fine without high winds,Dry,None,None,1,Yes,E01003211,2005
12823,200501PL61067,538220.0,171810.0,-0.013172,51.42839,1,2,2,2,13/12/2005,3,21:55,7,E09000023,3,21,Single carriageway,30,Automatic traffic signal,3,2218,None within 50 metres,Pedestrian phase at traffic signal junction,Darkness: Street lights present and lit,Fine without high winds,Dry,None,Involvement with previous accident,1,Yes,E01003241,2005
12824,200501PL61070,539850.0,174820.0,0.011446,51.455039,1,3,3,1,30/12/2005,6,14:00,7,E09000023,3,2212,Single carriageway,30,None,-1,0,None within 50 metres,No physical crossing within 50 meters,Daylight: Street light present,Raining without high winds,Wet/Damp,None,None,1,No,E01003286,2005
12825,200501PL61071,536880.0,171720.0,-0.03247,51.427906,1,3,1,1,27/12/2005,3,19:20,7,E09000023,3,2218,Single carriageway,30,None,-1,0,None within 50 metres,No physical crossing within 50 meters,Darkness: Street lights present and lit,Unknown,Wet/Damp,None,None,1,Yes,E01003190,2005
12826,200501PL61073,536500.0,174770.0,-0.036758,51.455406,1,3,1,1,27/12/2005,3,18:00,7,E09000023,4,218,Single carriageway,30,Giveway or uncontrolled,6,0,None within 50 metres,No physical crossing within 50 meters,Darkness: Street lights present and lit,Unknown,Wet/Damp,None,None,1,Yes,E01003231,2005
12827,200501PL61075,537270.0,173490.0,-0.026178,51.443718,1,3,2,2,28/12/2005,4,08:40,7,E09000023,3,205,Single carriageway,30,Giveway or uncontrolled,5,0,None within 50 metres,No physical crossing within 50 meters,Daylight: Street light present,Fine without high winds,Wet/Damp,None,None,1,Yes,E01003318,2005
12828,200501PL61076,538220.0,171820.0,-0.013168,51.42848,1,3,2,1,19/12/2005,2,18:10,7,E09000023,3,2218,Dual carriageway,30,Automatic traffic signal,3,21,None within 50 metres,Pedestrian phase at traffic signal junction,Darkness: Street lights present and lit,Fine without high winds,Wet/Damp,None,Other object in carriageway,1,Yes,E01003241,2005
12829,200501PL61077,540060.0,171850.0,0.013293,51.428298,1,3,2,1,29/12/2005,5,14:15,7,E09000023,5,0,Roundabout,30,Giveway or uncontrolled,5,0,None within 50 metres,No physical crossing within 50 meters,Daylight: Street light present,Fine without high winds,Dry,None,None,1,Yes,E01003238,2005
12830,200501PL61078,539510.0,172860.0,0.005784,51.43751,1,3,2,1,27/12/2005,3,19:57,7,E09000023,5,0,Single carriageway,30,Giveway or uncontrolled,5,0,None within 50 metres,No physical crossing within 50 meters,Darkness: Street lights present and lit,Fine without high winds,Dry,None,None,1,Yes,E01003222,2005
12831,200501PL61079,537400.0,177600.0,-0.022713,51.48062,1,3,2,1,20/12/2005,3,12:38,7,E09000023,3,200,Single carriageway,30,Automatic traffic signal,3,2209,None within 50 metres,Pedestrian phase at traffic signal junction,Daylight: Street light present,Fine without high winds,Dry,None,None,1,Yes,E01001639,2005
12832,200501PL61080,536550.0,175920.0,-0.035595,51.465729,1,3,1,1,23/12/2005,6,14:49,7,E09000023,4,218,Single carriageway,30,Giveway or uncontrolled,4,218,None within 50 metres,No physical crossing within 50 meters,Daylight: Street light present,Fine without high winds,Dry,None,None,1,Yes,E01003213,2005
12833,200501PL61081,536060.0,177740.0,-0.041944,51.482202,1,3,1,1,29/12/2005,5,18:01,7,E09000023,4,207,Single carriageway,30,Giveway or uncontrolled,6,0,None within 50 metres,No physical crossing within 50 meters,Daylight: Street light present,Fine without high winds,Dry,None,None,1,Yes,E01003298,2005
12834,200501PL61082,538140.0,171330.0,-0.014509,51.424096,1,3,2,1,25/12/2005,1,02:38,7,E09000023,3,2015,Single carriageway,30,None,-1,0,None within 50 metres,No physical crossing within 50 meters,Darkness: Street lights present and lit,Fine without high winds,Dry,None,None,1,Yes,E01003241,2005
12835,200501PL61083,540600.0,173010.0,0.021515,51.438588,1,3,1,1,30/12/2005,6,15:46,7,E09000023,5,0,Single carriageway,30,Giveway or uncontrolled,6,0,None within 50 metres,No physical crossing within 50 meters,Daylight: Street light present,Raining without high winds,Wet/Damp,None,None,1,Yes,E01003271,2005
12836,200501PL61086,537910.0,174500.0,-0.016582,51.452639,1,2,1,1,16/12/2005,6,12:00,7,E09000023,3,21,Single carriageway,30,Giveway or uncontrolled,6,0,None within 50 metres,non-junction pedestrian crossing,Daylight: Street light present,Fine without high winds,Dry,None,None,1,No,E01003291,2005
12837,200501PL61087,536830.0,176630.0,-0.031291,51.472042,1,3,2,1,19/12/2005,2,17:10,7,E09000023,3,20,Single carriageway,30,None,-1,0,None within 50 metres,No physical crossing within 50 meters,Darkness: Street lights present and lit,Fine without high winds,Dry,None,None,1,No,E01003210,2005
12838,200501PL61088,535470.0,172770.0,-0.052338,51.437681,1,3,3,1,21/12/2005,4,20:30,7,E09000023,4,227,Single carriageway,30,Giveway or uncontrolled,6,0,None within 50 metres,No physical crossing within 50 meters,Darkness: Street lights present and lit,Fine without high winds,Dry,None,None,1,No,E01003310,2005
12839,200501PL61090,537730.0,175920.0,-0.018618,51.465443,1,3,2,1,20/12/2005,3,17:32,7,E09000023,3,20,Single carriageway,30,None,-1,0,None within 50 metres,non-junction pedestrian crossing,Daylight: Street light present,Fine without high winds,Wet/Damp,None,None,1,Yes,E01003278,2005
12840,200501PL61091,535490.0,172520.0,-0.052146,51.435429,1,3,1,1,12/12/2005,2,08:20,7,E09000023,6,0,Single carriageway,30,Giveway or uncontrolled,6,0,None within 50 metres,No physical crossing within 50 meters,Daylight: Street light present,Fine without high winds,Dry,None,None,1,Yes,E01003309,2005
12841,200501PL61092,538940.0,173680.0,-0.002089,51.445018,1,3,2,1,21/12/2005,4,22:30,7,E09000023,3,205,Single carriageway,30,Automatic traffic signal,5,0,None within 50 metres,No physical crossing within 50 meters,Darkness: Street lights present and lit,Fine without high winds,Dry,None,None,1,Yes,E01003220,2005
12842,200501PL61093,537670.0,173500.0,-0.020422,51.443711,1,3,1,1,22/12/2005,5,16:55,7,E09000023,3,21,Single carriageway,30,None,-1,0,None within 50 metres,No physical crossing within 50 meters,Darkness: Street lights present and lit,Fine without high winds,Dry,None,None,1,Yes,E01003318,2005
12843,200501PL61094,538040.0,174920.0,-0.014548,51.456381,1,3,1,1,07/11/2005,2,19:45,7,E09000023,3,21,Single carriageway,30,Automatic traffic signal,4,236,None within 50 metres,Pedestrian phase at traffic signal junction,Darkness: Street lights present and lit,Fine without high winds,Dry,None,None,1,Yes,E01003289,2005
12844,200501PL61103,540610.0,171800.0,0.021179,51.427712,1,3,1,2,31/12/2005,7,10:15,7,E09000023,3,2212,Single carriageway,30,Giveway or uncontrolled,6,0,None within 50 metres,No physical crossing within 50 meters,Daylight: Street light present,Fine without high winds,Wet/Damp,None,None,1,Yes,E01003236,2005
12845,200501PL61105,535290.0,173710.0,-0.054567,51.446171,1,3,1,1,18/12/2005,1,04:50,7,E09000023,5,0,Single carriageway,30,None,-1,0,None within 50 metres,No physical crossing within 50 meters,Darkness: Street lights present and lit,Fine without high winds,Wet/Damp,None,None,1,Yes,E01003260,2005
12846,200501PL61108,540600.0,172350.0,0.021253,51.432657,1,3,1,1,20/12/2005,3,09:25,7,E09000023,3,2212,Single carriageway,30,Giveway or uncontrolled,6,0,None within 50 metres,No physical crossing within 50 meters,Daylight: Street light present,Raining without high winds,Wet/Damp,None,None,1,Yes,E01003263,2005
12847,200501PL61111,536800.0,171740.0,-0.033612,51.428105,1,3,2,2,18/12/2005,1,15:15,7,E09000023,3,2218,Unknown,30,None,-1,0,None within 50 metres,No physical crossing within 50 meters,Daylight: Street light present,Fine without high winds,Dry,None,None,1,Yes,E01003190,2005
12848,200501PL61120,537170.0,173420.0,-0.027643,51.443113,1,3,3,1,22/12/2005,5,01:20,7,E09000023,3,205,Single carriageway,30,Automatic traffic signal,6,0,None within 50 metres,No physical crossing within 50 meters,Darkness: Street lights present and lit,Raining without high winds,Wet/Damp,None,None,1,Yes,E01003317,2005
12849,200501PL61124,538870.0,171390.0,-0.003993,51.424457,1,3,2,1,22/12/2005,5,10:50,7,E09000023,3,21,Single carriageway,30,None,-1,0,None within 50 metres,Pedestrian phase at traffic signal junction,Daylight: Street light present,Fine without high winds,Dry,None,None,1,No,E01003243,2005
12850,200501PL61125,539390.0,173700.0,0.004389,51.445088,1,3,2,1,16/12/2005,6,19:50,7,E09000023,5,0,Single carriageway,30,Automatic traffic signal,3,205,None within 50 metres,Pedestrian phase at traffic signal junction,Darkness: Street lights present and lit,Fine without high winds,Dry,None,None,1,No,E01003220,2005
12851,200501PL69030,536030.0,174070.0,-0.043787,51.449229,1,2,1,1,22/12/2005,5,15:51,7,E09000023,4,238,Single carriageway,30,Giveway or uncontrolled,6,0,None within 50 metres,No physical crossing within 50 meters,Daylight: Street light present,Fine without high winds,Dry,None,None,1,Yes,E01003226,2005
12852,200501PL69053,538830.0,175220.0,-0.003067,51.458884,1,3,2,1,22/12/2005,5,14:30,7,E09000023,3,20,Single carriageway,30,Giveway or uncontrolled,6,0,None within 50 metres,non-junction pedestrian crossing,Daylight: Street light present,Fine without high winds,Dry,None,None,1,Yes,E01003282,2005
12853,200501PL69065,537330.0,176910.0,-0.023988,51.474437,1,3,2,1,22/12/2005,5,13:00,7,E09000023,3,2,Dual carriageway,30,Automatic traffic signal,3,2210,None within 50 metres,Pedestrian phase at traffic signal junction,Daylight: Street light present,Fine without high winds,Dry,None,None,1,Yes,E01003207,2005
12854,200501PL69083,536820.0,176640.0,-0.031432,51.472134,1,3,2,1,18/03/2005,6,23:30,7,E09000023,4,218,Single carriageway,30,Automatic traffic signal,3,20,None within 50 metres,Pedestrian phase at traffic signal junction,Darkness: Street lights present and lit,Fine without high winds,Dry,None,None,1,No,E01003210,2005
12855,200501PL69090,533950.0,171420.0,-0.074704,51.42591,1,3,2,1,23/11/2005,4,18:30,8,E09000028,3,212,Roundabout,30,Giveway or uncontrolled,6,0,None within 50 metres,No physical crossing within 50 meters,Darkness: Street lights present and lit,Fine without high winds,Dry,None,None,1,Yes,E01003948,2005
12856,200501PL69092,537490.0,173590.0,-0.022976,51.444563,1,3,1,1,28/12/2005,4,15:30,7,E09000023,3,205,Single carriageway,30,Automatic traffic signal,6,0,None within 50 metres,Pedestrian phase at traffic signal junction,Daylight: Street light present,Fine without high winds,Dry,None,None,1,Yes,E01003318,2005
12857,200501PL69110,537930.0,172240.0,-0.017174,51.432325,1,3,2,2,28/12/2005,4,12:35,7,E09000023,3,21,Single carriageway,30,Giveway or uncontrolled,6,0,None within 50 metres,No physical crossing within 50 meters,Daylight: Street light present,Fine without high winds,Wet/Damp,None,None,1,Yes,E01003352,2005
12858,200501PL69137,538640.0,173670.0,-0.006407,51.445002,1,3,2,2,23/06/2005,5,09:00,7,E09000023,3,205,Single carriageway,30,None,-1,0,None within 50 metres,No physical crossing within 50 meters,Daylight: Street light present,Fine without high winds,Dry,None,None,1,Yes,E01003224,2005
12859,200501PY20007,537120.0,169810.0,-0.029758,51.410684,1,3,1,1,01/01/2005,7,00:19,19,E09000006,3,2015,Single carriageway,30,None,-1,0,None within 50 metres,No physical crossing within 50 meters,Darkness: Street lights present and lit,Fine without high winds,Wet/Damp,None,None,1,Yes,E01000714,2005
12860,200501PY20008,538270.0,165970.0,-0.014728,51.375897,1,3,1,1,01/01/2005,7,03:16,19,E09000006,3,214,Single carriageway,30,Automatic traffic signal,3,232,None within 50 metres,Pedestrian phase at traffic signal junction,Darkness: Street lights present and lit,Fine without high winds,Wet/Damp,None,None,1,Yes,E01000835,2005
12861,200501PY20009,543110.0,168750.0,0.055885,51.39968,1,3,1,1,02/01/2005,1,21:06,19,E09000006,6,0,Single carriageway,30,None,-1,0,None within 50 metres,Central refuge,Darkness: Street lights present and lit,Fine without high winds,Wet/Damp,None,None,1,Yes,E01000649,2005
12862,200501PY20011,541780.0,159480.0,0.033086,51.316712,1,3,1,1,03/01/2005,2,18:00,19,E09000006,5,0,Single carriageway,30,None,-1,0,None within 50 metres,No physical crossing within 50 meters,Darkness: Street lights present and lit,Raining without high winds,Frost/Ice,None,None,1,No,E01000658,2005
12863,200501PY20012,542400.0,162940.0,0.043359,51.347649,1,3,2,3,04/01/2005,3,08:15,19,E09000006,5,0,Single carriageway,30,None,-1,0,None within 50 metres,No physical crossing within 50 meters,Daylight: Street light present,Fine without high winds,Wet/Damp,None,None,1,Yes,E01000747,2005
12864,200501PY20013,542410.0,165940.0,0.044703,51.374605,1,3,4,2,04/01/2005,3,12:20,19,E09000006,6,0,Dual carriageway,30,Giveway or uncontrolled,3,21,None within 50 metres,No physical crossing within 50 meters,Daylight: Street light present,Fine without high winds,Dry,None,None,1,Yes,E01000665,2005
12865,200501PY20014,537570.0,169440.0,-0.023435,51.40725,1,3,2,2,04/01/2005,3,06:10,19,E09000006,3,222,Single carriageway,30,Giveway or uncontrolled,6,0,None within 50 metres,No physical crossing within 50 meters,Darkness: Street lights present and lit,Fine without high winds,Dry,None,None,1,No,E01000770,2005
12866,200501PY20015,541050.0,168180.0,0.026065,51.395073,1,3,2,1,05/01/2005,4,18:57,19,E09000006,3,21,Single carriageway,30,Automatic traffic signal,4,265,None within 50 metres,Pedestrian phase at traffic signal junction,Darkness: Street lights present and lit,Raining without high winds,Wet/Damp,None,None,1,Yes,E01000671,2005
12867,200501PY20016,547920.0,166130.0,0.123891,51.374905,1,3,1,2,05/01/2005,4,15:17,19,E09000006,5,0,Single carriageway,30,None,-1,0,None within 50 metres,No physical crossing within 50 meters,Daylight: Street light present,Fine without high winds,Wet/Damp,None,None,1,Yes,E01000789,2005
12868,200501PY20017,547290.0,168880.0,0.115986,51.399779,1,3,2,1,05/01/2005,4,07:50,19,E09000006,5,0,Single carriageway,30,Giveway or uncontrolled,6,0,None within 50 metres,No physical crossing within 50 meters,Darkness: Street lights present and lit,Fine without high winds,Dry,None,None,1,Yes,E01000719,2005
12869,200501PY20018,540330.0,169370.0,0.016193,51.405945,1,3,1,2,05/01/2005,4,17:30,19,E09000006,3,222,Single carriageway,30,Giveway or uncontrolled,6,0,None within 50 metres,No physical crossing within 50 meters,Daylight: Street light present,Fine without high winds,Dry,None,None,1,No,E01000676,2005
12870,200501PY20019,537230.0,166080.0,-0.029619,51.377138,1,3,2,1,05/01/2005,4,09:00,20,E09000008,3,232,Single carriageway,30,Giveway or uncontrolled,5,0,None within 50 metres,No physical crossing within 50 meters,Daylight: Street light present,Fine without high winds,Dry,None,None,1,No,E01001135,2005
12871,200501PY20021,542320.0,170290.0,0.045154,51.413717,1,3,2,1,02/01/2005,1,17:17,19,E09000006,5,0,Roundabout,30,Giveway or uncontrolled,5,0,None within 50 metres,Central refuge,Daylight: Street light present,Fine without high winds,Dry,None,None,1,Yes,E01000645,2005
12872,200501PY20022,538400.0,165670.0,-0.012978,51.37317,1,3,2,2,02/01/2005,1,20:30,19,E09000006,5,0,Single carriageway,30,Giveway or uncontrolled,6,0,None within 50 metres,No physical crossing within 50 meters,Darkness: Street lights present and lit,Other,Frost/Ice,None,None,1,Yes,E01000841,2005
12873,200501PY20023,546900.0,164130.0,0.10842,51.357198,1,3,2,1,02/01/2005,1,19:07,19,E09000006,6,0,Single carriageway,30,Giveway or uncontrolled,6,0,None within 50 metres,No physical crossing within 50 meters,Darkeness: No street lighting,Fine without high winds,Wet/Damp,None,None,2,Yes,E01000685,2005
12874,200501PY20024,545350.0,167360.0,0.087495,51.38662,1,3,1,1,07/01/2005,6,20:26,19,E09000006,3,208,Single carriageway,30,None,-1,0,None within 50 metres,No physical crossing within 50 meters,Darkness: Street lights present and lit,Fine with high winds,Dry,None,None,1,No,E01000810,2005
12875,200501PY20026,537570.0,169750.0,-0.023315,51.410036,1,3,2,1,10/01/2005,2,18:00,19,E09000006,6,0,Single carriageway,30,Giveway or uncontrolled,6,0,None within 50 metres,No physical crossing within 50 meters,Darkness: Street lights present and lit,Fine without high winds,Dry,None,None,1,No,E01000714,2005
12876,200501PY20027,539540.0,167710.0,0.00419,51.391223,1,3,2,2,12/01/2005,4,11:56,19,E09000006,6,0,Single carriageway,30,None,-1,0,None within 50 metres,No physical crossing within 50 meters,Daylight: Street light present,Fine without high winds,Dry,None,None,1,Yes,E01000827,2005
12877,200501PY20028,538270.0,165940.0,-0.01474,51.375628,1,3,1,1,12/01/2005,4,12:17,19,E09000006,3,214,Single carriageway,30,Automatic traffic signal,3,232,None within 50 metres,Pedestrian phase at traffic signal junction,Daylight: Street light present,Fine without high winds,Dry,None,None,1,Yes,E01000841,2005
12878,200501PY20029,542470.0,171000.0,0.047594,51.420059,1,3,2,1,12/01/2005,4,08:37,19,E09000006,5,0,Single carriageway,30,Giveway or uncontrolled,6,0,None within 50 metres,No physical crossing within 50 meters,Daylight: Street light present,Fine without high winds,Dry,None,None,1,Yes,E01000694,2005
12879,200501PY20030,545250.0,165370.0,0.085246,51.368764,1,3,1,1,13/01/2005,5,16:00,19,E09000006,5,0,Single carriageway,30,Giveway or uncontrolled,6,0,None within 50 metres,No physical crossing within 50 meters,Daylight: Street light present,Fine without high winds,Dry,None,None,1,Yes,E01000758,2005
12880,200501PY20035,539010.0,168140.0,-0.003254,51.395217,1,3,2,1,12/01/2005,4,20:30,19,E09000006,4,251,Single carriageway,30,Giveway or uncontrolled,6,0,None within 50 metres,No physical crossing within 50 meters,Daylight: Street light present,Fine without high winds,Dry,None,None,1,No,E01000826,2005
12881,200501PY20037,536260.0,169930.0,-0.042071,51.41197,1,2,2,1,05/01/2005,4,13:17,19,E09000006,6,0,Single carriageway,30,None,-1,0,None within 50 metres,No physical crossing within 50 meters,Daylight: Street light present,Fine without high winds,Wet/Damp,None,None,1,Yes,E01000797,2005
12882,200501PY20038,537920.0,166760.0,-0.019447,51.383082,1,3,3,2,13/01/2005,5,15:30,19,E09000006,3,214,Single carriageway,30,Giveway or uncontrolled,6,0,None within 50 metres,No physical crossing within 50 meters,Daylight: Street light present,Fine without high winds,Dry,None,None,1,No,E01000837,2005
12883,200501PY20039,534530.0,169880.0,-0.066951,51.411933,1,2,1,1,19/01/2005,4,17:40,19,E09000006,3,214,Single carriageway,30,None,-1,0,None within 50 metres,Zebra crossing,Darkness: Street lights present and lit,Fine without high winds,Wet/Damp,None,None,1,Yes,E01000743,2005
12884,200501PY20040,541670.0,163650.0,0.033166,51.354212,1,3,1,1,20/01/2005,5,03:45,19,E09000006,3,233,Single carriageway,30,Giveway or uncontrolled,4,265,None within 50 metres,No physical crossing within 50 meters,Darkness: Street lights present and lit,Fine without high winds,Wet/Damp,None,None,2,Yes,E01000666,2005
12885,200501PY20043,543510.0,169600.0,0.061975,51.407217,1,3,2,1,17/01/2005,2,16:50,19,E09000006,3,222,Single carriageway,30,Giveway or uncontrolled,6,0,None within 50 metres,No physical crossing within 50 meters,Darkness: Street lights present and lit,Fine without high winds,Dry,None,None,1,Yes,E01000697,2005
12886,200501PY20044,535530.0,170990.0,-0.052156,51.42167,1,3,3,1,10/01/2005,2,13:35,19,E09000006,3,213,Single carriageway,30,None,-1,0,None within 50 metres,No physical crossing within 50 meters,Daylight: Street light present,Fine without high winds,Wet/Damp,None,None,1,Yes,E01000803,2005
12887,200501PY20045,540260.0,169340.0,0.015175,51.405693,1,3,1,1,14/01/2005,6,11:22,19,E09000006,3,222,One way street,30,Giveway or uncontrolled,3,222,None within 50 metres,Pedestrian phase at traffic signal junction,Daylight: Street light present,Fine without high winds,Dry,None,None,1,No,E01000676,2005
12888,200501PY20046,541970.0,170140.0,0.040064,51.412457,1,3,2,1,17/01/2005,2,17:35,19,E09000006,5,0,Single carriageway,30,None,-1,0,None within 50 metres,No physical crossing within 50 meters,Darkness: Street lights present and lit,Raining without high winds,Wet/Damp,None,None,1,Yes,E01000653,2005
12889,200501PY20048,545650.0,165710.0,0.091127,51.371717,1,3,1,1,17/01/2005,2,07:25,19,E09000006,3,232,Single carriageway,30,Giveway or uncontrolled,5,0,None within 50 metres,No physical crossing within 50 meters,Daylight: Street light present,Fine without high winds,Dry,None,None,1,Yes,E01000790,2005
12890,200501PY20049,539430.0,167360.0,0.002472,51.388105,1,3,2,1,18/01/2005,3,20:20,19,E09000006,5,0,Single carriageway,30,Automatic traffic signal,4,251,None within 50 metres,Pedestrian phase at traffic signal junction,Darkness: Street lights present and lit,Fine without high winds,Dry,None,None,1,Yes,E01000827,2005
12891,200501PY20050,541650.0,167620.0,0.03446,51.389892,1,3,3,1,19/01/2005,4,10:31,19,E09000006,3,21,Single carriageway,30,Giveway or uncontrolled,6,0,None within 50 metres,No physical crossing within 50 meters,Daylight: Street light present,Fine without high winds,Dry,None,None,2,Yes,E01000668,2005
12892,200501PY20051,535430.0,170320.0,-0.053849,51.415673,1,3,1,1,19/01/2005,4,18:30,19,E09000006,3,234,Dual carriageway,30,None,-1,0,None within 50 metres,No physical crossing within 50 meters,Darkness: Street lights present and lit,Fine without high winds,Dry,None,None,1,Yes,E01000799,2005
12893,200501PY20052,535720.0,168970.0,-0.050198,51.403472,1,3,2,1,19/01/2005,4,21:23,19,E09000006,6,0,Single carriageway,30,None,-1,0,None within 50 metres,No physical crossing within 50 meters,Darkness: Street lights present and lit,Fine without high winds,Dry,None,None,1,Yes,E01000706,2005
12894,200501PY20053,541350.0,167940.0,0.030279,51.392842,1,3,1,1,21/01/2005,6,23:24,19,E09000006,3,21,Single carriageway,30,None,-1,0,None within 50 metres,No physical crossing within 50 meters,Darkness: Street lights present and lit,Fine without high winds,Dry,None,None,1,Yes,E01000671,2005
12895,200501PY20055,538130.0,169350.0,-0.015424,51.406305,1,3,2,1,24/01/2005,2,08:49,19,E09000006,3,222,Single carriageway,30,Giveway or uncontrolled,6,0,None within 50 metres,No physical crossing within 50 meters,Daylight: Street light present,Fine without high winds,Dry,None,None,1,Yes,E01000715,2005
12896,200501PY20057,538570.0,165870.0,-0.010459,51.374925,1,3,3,1,19/01/2005,4,07:45,19,E09000006,3,232,Single carriageway,30,Giveway or uncontrolled,6,0,None within 50 metres,No physical crossing within 50 meters,Daylight: Street light present,Fine without high winds,Dry,None,None,1,No,E01000841,2005
12897,200501PY20058,546200.0,166160.0,0.099208,51.375619,1,3,2,1,20/01/2005,5,16:55,19,E09000006,3,223,Single carriageway,30,Giveway or uncontrolled,6,0,None within 50 metres,No physical crossing within 50 meters,Darkness: Street lights present and lit,Fine without high winds,Dry,None,None,1,Yes,E01000790,2005
12898,200501PY20059,541080.0,168150.0,0.026484,51.394796,1,3,2,1,20/01/2005,5,08:30,19,E09000006,3,21,Dual carriageway,30,None,-1,0,None within 50 metres,No physical crossing within 50 meters,Daylight: Street light present,Fine without high winds,Wet/Damp,None,None,1,No,E01000671,2005
12899,200501PY20060,546830.0,167040.0,0.108617,51.383364,1,3,1,1,21/01/2005,6,15:55,19,E09000006,5,0,Single carriageway,30,Giveway or uncontrolled,6,0,None within 50 metres,No physical crossing within 50 meters,Daylight: Street light present,Fine without high winds,Dry,None,None,1,Yes,E01000727,2005
12900,200501PY20061,547110.0,170290.0,0.113984,51.412495,1,3,2,1,24/01/2005,2,13:40,18,E09000004,3,20,Roundabout,50,Giveway or uncontrolled,3,224,None within 50 metres,Footbridge or subway,Daylight: Street light present,Fine without high winds,Wet/Damp,None,None,2,Yes,E01000735,2005
12901,200501PY20062,539240.0,164470.0,-0.001387,51.362181,1,3,2,1,24/01/2005,2,20:15,19,E09000006,6,0,Single carriageway,30,None,-1,0,None within 50 metres,No physical crossing within 50 meters,Darkness: Street lights present and lit,Fine without high winds,Dry,None,None,2,No,E01000759,2005
12902,200501PY20065,539830.0,163320.0,0.006629,51.351702,1,3,2,1,24/01/2005,2,20:20,19,E09000006,6,0,Single carriageway,30,None,-1,0,None within 50 metres,No physical crossing within 50 meters,Darkness: Street lights present and lit,Snowing without high winds,Wet/Damp,None,None,2,Yes,E01000759,2005
12903,200501PY20066,542040.0,164890.0,0.038971,51.365262,1,3,2,1,26/01/2005,4,23:00,19,E09000006,3,233,Single carriageway,30,Giveway or uncontrolled,6,0,None within 50 metres,No physical crossing within 50 meters,Darkness: Street lights present and lit,Snowing without high winds,Wet/Damp,None,None,1,Yes,E01000666,2005
12904,200501PY20068,546960.0,165280.0,0.109756,51.367516,1,3,2,1,26/01/2005,4,19:02,19,E09000006,3,224,Dual carriageway,40,Giveway or uncontrolled,6,0,None within 50 metres,No physical crossing within 50 meters,Darkness: Street lights present and lit,Fine without high winds,Dry,None,None,1,Yes,E01000786,2005
12905,200501PY20069,537620.0,170850.0,-0.02217,51.419909,1,3,2,1,26/01/2005,4,18:58,19,E09000006,3,2015,Single carriageway,30,None,-1,0,None within 50 metres,No physical crossing within 50 meters,Darkness: Street lights present and lit,Fine without high winds,Dry,None,None,1,Yes,E01000718,2005
12906,200501PY20070,539730.0,170150.0,0.007879,51.413103,1,3,1,1,27/01/2005,5,20:30,19,E09000006,3,21,Single carriageway,30,Giveway or uncontrolled,6,0,None within 50 metres,No physical crossing within 50 meters,Darkness: Street lights present and lit,Raining without high winds,Wet/Damp,None,None,1,Yes,E01000674,2005
12907,200501PY20071,542980.0,171560.0,0.05515,51.424963,1,3,2,1,23/01/2005,1,19:05,19,E09000006,6,0,Single carriageway,30,None,-1,0,None within 50 metres,No physical crossing within 50 meters,Darkness: Street lights present and lit,Fine without high winds,Dry,None,None,1,Yes,E01000784,2005
12908,200501PY20072,535170.0,169280.0,-0.057982,51.406389,1,3,1,1,27/01/2005,5,17:50,19,E09000006,3,214,Single carriageway,30,Giveway or uncontrolled,6,0,None within 50 metres,No physical crossing within 50 meters,Daylight: Street light present,Fine without high winds,Dry,None,None,1,Yes,E01000699,2005
12909,200501PY20073,534090.0,170380.0,-0.073085,51.416531,1,3,3,1,28/01/2005,6,17:10,19,E09000006,6,0,Single carriageway,30,Giveway or uncontrolled,3,214,None within 50 metres,No physical crossing within 50 meters,Darkness: Street lights present and lit,Raining without high winds,Wet/Damp,None,None,1,Yes,E01000740,2005
12910,200501PY20074,544080.0,165840.0,0.06864,51.373285,1,3,2,1,28/01/2005,6,23:04,19,E09000006,3,232,Single carriageway,30,Giveway or uncontrolled,6,0,None within 50 metres,No physical crossing within 50 meters,Darkness: Street lights present and lit,Other,Wet/Damp,None,None,1,Yes,E01000753,2005
12911,200501PY20075,538760.0,169430.0,-0.006341,51.406871,1,2,2,1,29/01/2005,7,21:45,19,E09000006,3,222,Single carriageway,30,Giveway or uncontrolled,6,0,None within 50 metres,No physical crossing within 50 meters,Darkness: Street lights present and lit,Fine without high winds,Dry,None,None,1,Yes,E01000716,2005
12912,200501PY20076,546350.0,168100.0,0.102161,51.393013,1,3,2,1,31/01/2005,2,10:10,19,E09000006,6,0,Single carriageway,30,None,-1,0,None within 50 metres,No physical crossing within 50 meters,Daylight: Street light present,Fine without high winds,Dry,None,None,1,Yes,E01000733,2005
12913,200501PY20078,540360.0,169600.0,0.016715,51.408005,1,3,2,2,21/01/2005,6,07:30,19,E09000006,3,21,Dual carriageway,30,Automatic traffic signal,3,21,None within 50 metres,Pedestrian phase at traffic signal junction,Daylight: Street light present,Fine without high winds,Dry,None,None,1,Yes,E01000675,2005
12914,200501PY20079,547090.0,168850.0,0.1131,51.399561,1,3,2,2,29/01/2005,7,17:30,19,E09000006,3,224,Single carriageway,30,Giveway or uncontrolled,6,0,None within 50 metres,No physical crossing within 50 meters,Darkness: Street lights present and lit,Raining without high winds,Wet/Damp,None,None,1,Yes,E01000738,2005
12915,200501PY20080,536800.0,168280.0,-0.034946,51.397012,1,3,3,2,30/01/2005,1,16:09,19,E09000006,5,0,Single carriageway,30,Giveway or uncontrolled,6,0,None within 50 metres,No physical crossing within 50 meters,Daylight: Street light present,Fine without high winds,Dry,None,None,1,Yes,E01000774,2005
12916,200501PY20082,546350.0,166470.0,0.10149,51.378366,1,3,1,1,01/02/2005,3,17:55,19,E09000006,3,223,Single carriageway,30,None,-1,0,None within 50 metres,Zebra crossing,Darkness: Street lights present and lit,Raining without high winds,Wet/Damp,None,None,1,Yes,E01000790,2005
12917,200501PY20084,539960.0,171330.0,0.01165,51.42365,1,3,2,1,02/02/2005,4,08:00,19,E09000006,6,0,Single carriageway,30,Giveway or uncontrolled,6,0,None within 50 metres,No physical crossing within 50 meters,Daylight: Street light present,Fine without high winds,Dry,None,None,1,Yes,E01000817,2005
12918,200501PY20085,540440.0,168590.0,0.017465,51.398909,1,3,1,1,31/01/2005,2,19:10,19,E09000006,4,228,Dual carriageway,30,None,-1,0,None within 50 metres,Central refuge,Darkness: Street lights present and lit,Fine without high winds,Dry,None,None,1,Yes,E01000670,2005
12919,200501PY20086,537970.0,168520.0,-0.018046,51.398886,1,3,2,1,01/02/2005,3,09:15,19,E09000006,4,230,Roundabout,30,Giveway or uncontrolled,5,0,None within 50 metres,No physical crossing within 50 meters,Daylight: Street light present,Fine without high winds,Wet/Damp,None,None,1,Yes,E01000775,2005
12920,200501PY20087,542030.0,165110.0,0.038915,51.367242,1,3,1,1,02/02/2005,4,15:25,19,E09000006,3,233,Single carriageway,30,None,-1,0,None within 50 metres,No physical crossing within 50 meters,Daylight: Street light present,Fine without high winds,Dry,None,None,1,Yes,E01000666,2005
12921,200501PY20088,542000.0,172730.0,0.041532,51.435723,1,2,2,1,03/02/2005,5,15:40,19,E09000006,6,0,Single carriageway,30,Giveway or uncontrolled,6,0,None within 50 metres,No physical crossing within 50 meters,Daylight: Street light present,Fine without high winds,Dry,None,None,1,Yes,E01000779,2005
12922,200501PY20089,543230.0,167660.0,0.057169,51.389855,1,3,1,1,05/02/2005,7,12:04,19,E09000006,5,0,Single carriageway,30,None,-1,0,None within 50 metres,No physical crossing within 50 meters,Daylight: Street light present,Fine without high winds,Dry,None,None,1,Yes,E01000662,2005
12923,200501PY20090,548880.0,163050.0,0.136385,51.346978,1,3,2,1,04/02/2005,6,18:40,19,E09000006,3,224,Roundabout,30,Giveway or uncontrolled,6,0,None within 50 metres,No physical crossing within 50 meters,Darkness: Street lights present and lit,Fine without high winds,Dry,None,None,2,Yes,E01000680,2005
12924,200501PY20091,535460.0,170360.0,-0.053403,51.416025,1,3,2,1,05/02/2005,7,19:12,19,E09000006,6,0,Single carriageway,30,None,-1,0,None within 50 metres,No physical crossing within 50 meters,Darkness: Street lights present and lit,Fine without high winds,Dry,None,None,1,Yes,E01000806,2005
12925,200501PY20092,542100.0,168400.0,0.041236,51.396788,1,2,2,1,06/02/2005,1,12:00,19,E09000006,6,0,Single carriageway,30,Giveway or uncontrolled,6,0,None within 50 metres,No physical crossing within 50 meters,Daylight: Street light present,Fine without high winds,Dry,None,None,1,Yes,E01000651,2005
12926,200501PY20093,539600.0,166520.0,0.004584,51.380514,1,3,1,1,06/02/2005,1,15:45,19,E09000006,4,251,Single carriageway,30,Giveway or uncontrolled,6,0,None within 50 metres,No physical crossing within 50 meters,Daylight: Street light present,Fine without high winds,Dry,None,None,1,Yes,E01000766,2005
12927,200501PY20094,548090.0,164050.0,0.125466,51.35617,1,3,2,1,07/02/2005,2,07:32,19,E09000006,6,0,Single carriageway,30,Giveway or uncontrolled,3,224,None within 50 metres,No physical crossing within 50 meters,Daylight: Street light present,Fine without high winds,Wet/Damp,None,None,2,Yes,E01000680,2005
12928,200501PY20095,544430.0,167390.0,0.074295,51.387125,1,3,2,1,07/02/2005,2,18:15,19,E09000006,5,0,Single carriageway,30,Giveway or uncontrolled,6,0,None within 50 metres,No physical crossing within 50 meters,Darkness: Street lights present and lit,Fine without high winds,Dry,None,None,1,Yes,E01000813,2005
12929,200501PY20096,547290.0,167140.0,0.115264,51.384144,1,3,2,1,09/02/2005,4,08:40,19,E09000006,5,0,Single carriageway,30,Giveway or uncontrolled,6,0,None within 50 metres,No physical crossing within 50 meters,Daylight: Street light present,Fine without high winds,Dry,None,None,1,Yes,E01000726,2005
12930,200501PY20097,537460.0,169980.0,-0.024807,51.412129,1,3,1,1,21/01/2005,6,13:12,19,E09000006,3,2015,Single carriageway,30,None,-1,0,None within 50 metres,No physical crossing within 50 meters,Daylight: Street light present,Fine without high winds,Dry,None,None,1,No,E01000712,2005
12931,200501PY20098,545540.0,167080.0,0.090109,51.384056,1,3,2,1,27/01/2005,5,11:30,19,E09000006,3,208,Single carriageway,30,Giveway or uncontrolled,5,0,None within 50 metres,No physical crossing within 50 meters,Daylight: Street light present,Raining without high winds,Wet/Damp,None,None,1,No,E01000808,2005
12932,200501PY20100,542530.0,169650.0,0.047914,51.407913,1,3,1,1,07/02/2005,2,08:15,19,E09000006,5,0,Single carriageway,30,None,-1,0,None within 50 metres,No physical crossing within 50 meters,Daylight: Street light present,Fine without high winds,Dry,None,None,1,Yes,E01000645,2005
12933,200501PY20101,543870.0,164840.0,0.06522,51.364353,1,3,3,1,09/02/2005,4,17:43,19,E09000006,6,0,Single carriageway,30,None,-1,0,None within 50 metres,No physical crossing within 50 meters,Darkness: Street lights present and lit,Fine without high winds,Dry,None,None,1,Yes,E01000750,2005
12934,200501PY20103,541050.0,168190.0,0.026069,51.395163,1,3,2,1,09/02/2005,4,19:40,19,E09000006,3,21,Single carriageway,30,Automatic traffic signal,4,265,None within 50 metres,No physical crossing within 50 meters,Darkness: Street lights present and lit,Fine without high winds,Dry,None,None,1,Yes,E01000671,2005
12935,200501PY20104,548590.0,167390.0,0.134037,51.386052,1,3,2,1,09/02/2005,4,14:26,19,E09000006,4,258,Single carriageway,30,None,-1,0,None within 50 metres,No physical crossing within 50 meters,Daylight: Street light present,Fine without high winds,Dry,None,None,2,Yes,E01000720,2005
12936,200501PY20105,534690.0,169210.0,-0.064906,51.405874,1,3,1,1,10/02/2005,5,17:35,19,E09000006,3,213,Single carriageway,30,Giveway or uncontrolled,6,0,None within 50 metres,No physical crossing within 50 meters,Darkness: Street lights present and lit,Fine without high winds,Wet/Damp,None,None,1,Yes,E01000705,2005
12937,200501PY20106,540870.0,164870.0,0.022168,51.365374,1,3,2,1,11/02/2005,6,17:50,19,E09000006,6,0,Single carriageway,30,Giveway or uncontrolled,6,0,None within 50 metres,No physical crossing within 50 meters,Darkeness: No street lighting,Raining without high winds,Wet/Damp,None,None,2,Yes,E01000759,2005
12938,200501PY20107,538080.0,169680.0,-0.016014,51.409283,1,3,3,2,11/02/2005,6,19:40,19,E09000006,6,0,Single carriageway,30,Giveway or uncontrolled,6,0,None within 50 metres,No physical crossing within 50 meters,Darkness: Street lights present and lit,Raining without high winds,Wet/Damp,None,None,1,Yes,E01000715,2005
12939,200501PY20108,540960.0,168110.0,0.024744,51.394467,1,3,1,1,12/02/2005,7,12:52,19,E09000006,4,265,Single carriageway,30,None,-1,0,None within 50 metres,No physical crossing within 50 meters,Daylight: Street light present,Fine without high winds,Dry,None,None,1,Yes,E01000671,2005
12940,200501PY20109,535640.0,170170.0,-0.050888,51.414275,1,3,2,1,14/02/2005,2,11:10,19,E09000006,3,213,Single carriageway,30,Giveway or uncontrolled,6,0,None within 50 metres,No physical crossing within 50 meters,Daylight: Street light present,Fine without high winds,Dry,None,None,1,Yes,E01000805,2005
12941,200501PY20110,535170.0,169290.0,-0.057978,51.406479,1,3,2,1,13/02/2005,1,02:20,19,E09000006,3,214,Single carriageway,30,Giveway or uncontrolled,6,0,None within 50 metres,No physical crossing within 50 meters,Darkness: Street lights present and lit,Fine without high winds,Wet/Damp,None,None,1,Yes,E01000699,2005
12942,200501PY20111,543180.0,165150.0,0.05544,51.367313,1,3,2,1,30/01/2005,1,16:10,19,E09000006,3,232,Single carriageway,30,Giveway or uncontrolled,6,0,None within 50 metres,No physical crossing within 50 meters,Daylight: Street light present,Fine without high winds,Dry,None,None,1,Yes,E01000756,2005
12943,200501PY20112,546250.0,164360.0,0.099186,51.359432,1,3,2,1,09/02/2005,4,16:42,19,E09000006,6,0,Single carriageway,30,Giveway or uncontrolled,6,0,None within 50 metres,No physical crossing within 50 meters,Darkness: Street lights present and lit,Fine without high winds,Dry,None,None,1,Yes,E01000686,2005
12944,200501PY20115,540540.0,170310.0,0.019582,51.41434,1,3,2,1,15/02/2005,3,23:30,19,E09000006,5,0,Single carriageway,30,Giveway or uncontrolled,6,0,None within 50 metres,No physical crossing within 50 meters,Darkness: Street lights present and lit,Fine without high winds,Dry,None,None,1,No,E01000820,2005
12945,200501PY20116,544740.0,167600.0,0.078832,51.388933,1,3,2,1,17/02/2005,5,16:45,19,E09000006,5,0,Single carriageway,30,None,-1,0,None within 50 metres,No physical crossing within 50 meters,Daylight: Street light present,Fine without high winds,Dry,None,None,1,No,E01000810,2005
12946,200501PY20118,540390.0,168490.0,0.016707,51.398023,1,3,2,1,23/01/2005,1,11:30,19,E09000006,6,0,Single carriageway,30,None,-1,0,None within 50 metres,No physical crossing within 50 meters,Daylight: Street light present,Fine without high winds,Dry,None,None,1,No,E01000670,2005
12947,200501PY20119,542860.0,158330.0,0.048113,51.306108,1,3,2,1,04/02/2005,6,12:57,19,E09000006,3,233,Single carriageway,30,None,-1,0,None within 50 metres,No physical crossing within 50 meters,Daylight: Street light present,Fine without high winds,Dry,Roadworks,None,1,Yes,E01000748,2005
12948,200501PY20120,534160.0,170290.0,-0.072113,51.415705,1,3,1,1,06/02/2005,1,18:16,19,E09000006,3,214,Single carriageway,30,None,-1,0,None within 50 metres,No physical crossing within 50 meters,Darkness: Street lights present and lit,Fine without high winds,Dry,None,None,1,Yes,E01000740,2005
12949,200501PY20122,546130.0,165870.0,0.098084,51.373031,1,3,1,1,18/02/2005,6,06:20,19,E09000006,3,232,Single carriageway,30,None,-1,0,None within 50 metres,Zebra crossing,Darkness: Street lights present and lit,Fine without high winds,Wet/Damp,None,None,1,Yes,E01000788,2005
12950,200501PY20123,543590.0,165020.0,0.061274,51.366041,1,3,1,1,16/02/2005,4,20:49,19,E09000006,6,0,Single carriageway,30,Giveway or uncontrolled,6,0,None within 50 metres,No physical crossing within 50 meters,Darkness: Street lights present and lit,Fine without high winds,Dry,None,None,1,Yes,E01000751,2005
12951,200501PY20124,543020.0,168990.0,0.054689,51.401859,1,3,2,2,23/02/2005,4,06:19,19,E09000006,3,222,Single carriageway,30,None,-1,0,None within 50 metres,No physical crossing within 50 meters,Daylight: Street light present,Snowing without high winds,Wet/Damp,None,None,1,Yes,E01000649,2005
12952,200501PY20125,542990.0,169590.0,0.054499,51.407258,1,3,2,1,21/02/2005,2,14:50,19,E09000006,5,0,Single carriageway,30,Giveway or uncontrolled,6,0,None within 50 metres,No physical crossing within 50 meters,Daylight: Street light present,Fine without high winds,Dry,None,None,1,No,E01000645,2005
12953,200501PY20127,544500.0,167640.0,0.075402,51.389353,1,3,1,1,03/02/2005,5,08:38,19,E09000006,6,0,Single carriageway,30,None,-1,0,None within 50 metres,No physical crossing within 50 meters,Daylight: Street light present,Fine without high winds,Dry,None,None,1,Yes,E01000807,2005
12954,200501PY20129,547000.0,167090.0,0.111079,51.38377,1,3,2,1,15/02/2005,3,16:28,19,E09000006,6,0,One way street,30,None,-1,0,None within 50 metres,No physical crossing within 50 meters,Daylight: Street light present,Fine without high winds,Dry,None,None,1,Yes,E01000725,2005
12955,200501PY20130,533920.0,170140.0,-0.075618,51.414414,1,3,2,2,19/02/2005,7,22:17,19,E09000006,5,0,Single carriageway,30,Giveway or uncontrolled,6,0,None within 50 metres,No physical crossing within 50 meters,Darkness: Street lights present and lit,Fine without high winds,Dry,None,None,1,Yes,E01000741,2005
12956,200501PY20131,536880.0,169280.0,-0.033412,51.405979,1,3,2,1,20/02/2005,1,17:50,19,E09000006,3,222,Single carriageway,30,Giveway or uncontrolled,6,0,None within 50 metres,No physical crossing within 50 meters,Darkness: Street lights present and lit,Fine without high winds,Dry,None,None,1,No,E01000703,2005
12957,200501PY20132,546440.0,168900.0,0.103783,51.400179,1,3,1,1,23/02/2005,4,23:04,19,E09000006,6,0,Single carriageway,30,None,-1,0,None within 50 metres,Central refuge,Darkness: Street lights present and lit,Fine without high winds,Dry,None,None,1,Yes,E01000739,2005
12958,200501PY20133,547210.0,168100.0,0.114513,51.392791,1,3,3,1,24/02/2005,5,09:13,19,E09000006,5,0,Single carriageway,30,Giveway or uncontrolled,6,0,None within 50 metres,No physical crossing within 50 meters,Daylight: Street light present,Snowing without high winds,Wet/Damp,None,None,1,Yes,E01000719,2005
12959,200501PY20134,541130.0,169850.0,0.027878,51.41006,1,3,2,1,15/02/2005,3,11:30,19,E09000006,5,0,Roundabout,30,Giveway or uncontrolled,5,0,None within 50 metres,Central refuge,Daylight: Street light present,Fine without high winds,Wet/Damp,None,None,1,Yes,E01000646,2005
12960,200501PY20136,545010.0,165890.0,0.082012,51.373498,1,3,2,1,25/02/2005,6,09:00,19,E09000006,6,0,Single carriageway,30,Giveway or uncontrolled,6,0,None within 50 metres,No physical crossing within 50 meters,Daylight: Street light present,Fine without high winds,Dry,None,None,1,No,E01000754,2005
12961,200501PY20137,533670.0,170680.0,-0.079008,51.419326,1,3,2,2,09/02/2005,4,05:33,20,E09000008,3,212,Single carriageway,30,Giveway or uncontrolled,6,0,None within 50 metres,Zebra crossing,Darkness: Street lights present and lit,Fine without high winds,Dry,None,None,1,Yes,E01001164,2005
12962,200501PY20138,547020.0,168270.0,0.111854,51.394368,1,3,2,1,26/02/2005,7,12:34,19,E09000006,3,224,Dual carriageway,30,None,-1,0,None within 50 metres,No physical crossing within 50 meters,Daylight: Street light present,Fine without high winds,Dry,None,None,1,Yes,E01000719,2005
12963,200501PY20139,540020.0,166520.0,0.010615,51.380411,1,3,3,1,27/02/2005,1,11:40,19,E09000006,6,0,Single carriageway,30,Giveway or uncontrolled,6,0,None within 50 metres,No physical crossing within 50 meters,Daylight: Street light present,Fine without high winds,Dry,None,None,1,Yes,E01000767,2005
12964,200501PY20140,539590.0,170420.0,0.005973,51.415563,1,3,2,1,27/02/2005,1,18:00,19,E09000006,3,21,Single carriageway,30,Giveway or uncontrolled,5,0,None within 50 metres,No physical crossing within 50 meters,Darkness: Street lights present and lit,Fine without high winds,Dry,None,None,1,No,E01000672,2005
12965,200501PY20141,535400.0,168930.0,-0.054811,51.403189,1,3,1,1,01/03/2005,3,08:30,19,E09000006,3,214,Single carriageway,30,None,-1,0,None within 50 metres,Pedestrian phase at traffic signal junction,Daylight: Street light present,Raining without high winds,Wet/Damp,None,None,1,Yes,E01000704,2005
12966,200501PY20142,545590.0,165740.0,0.090278,51.372002,1,3,1,1,01/03/2005,3,11:55,19,E09000006,3,232,Single carriageway,30,Giveway or uncontrolled,6,0,None within 50 metres,non-junction pedestrian crossing,Daylight: Street light present,Fine without high winds,Dry,None,None,1,Yes,E01000790,2005
12967,200501PY20143,546620.0,169690.0,0.106695,51.407231,1,3,2,1,25/02/2005,6,07:20,19,E09000006,6,0,Single carriageway,30,Giveway or uncontrolled,6,0,None within 50 metres,No physical crossing within 50 meters,Daylight: Street light present,Snowing without high winds,Frost/Ice,None,None,1,No,E01000729,2005
12968,200501PY20144,540480.0,167820.0,0.017735,51.39198,1,3,2,1,02/03/2005,4,21:05,19,E09000006,4,265,Single carriageway,30,Giveway or uncontrolled,4,2212,None within 50 metres,No physical crossing within 50 meters,Darkness: Street lights present and lit,Fine without high winds,Frost/Ice,None,None,1,Yes,E01000762,2005
12969,200501PY20145,547080.0,169250.0,0.113122,51.403158,1,3,2,1,03/03/2005,5,21:55,19,E09000006,3,224,Single carriageway,30,None,-1,0,None within 50 metres,No physical crossing within 50 meters,Darkness: Street lights present and lit,Fine without high winds,Dry,None,None,1,Yes,E01000738,2005
12970,200501PY20146,543820.0,169980.0,0.066583,51.410553,1,2,2,1,30/01/2005,1,13:20,19,E09000006,4,263,Single carriageway,30,None,-1,0,None within 50 metres,No physical crossing within 50 meters,Daylight: Street light present,Fine without high winds,Dry,None,None,1,Yes,E01000696,2005
12971,200501PY20147,535610.0,170500.0,-0.051193,51.417248,1,3,2,1,02/02/2005,4,15:30,19,E09000006,3,213,Single carriageway,30,Giveway or uncontrolled,6,0,None within 50 metres,No physical crossing within 50 meters,Daylight: Street light present,Fine without high winds,Dry,None,None,1,Yes,E01000805,2005
12972,200501PY20148,541550.0,163370.0,0.031333,51.351725,1,3,2,1,11/02/2005,6,06:40,19,E09000006,3,233,Single carriageway,30,None,-1,0,None within 50 metres,No physical crossing within 50 meters,Darkeness: No street lighting,Raining without high winds,Wet/Damp,None,None,2,Yes,E01000666,2005
12973,200501PY20149,547090.0,168700.0,0.113038,51.398213,1,3,2,2,17/02/2005,5,19:23,19,E09000006,3,224,Single carriageway,30,Giveway or uncontrolled,6,0,None within 50 metres,No physical crossing within 50 meters,Darkness: Street lights present and lit,Raining without high winds,Wet/Damp,None,None,1,Yes,E01000730,2005
12974,200501PY20150,544760.0,169800.0,0.080016,51.408697,1,3,2,2,22/02/2005,3,11:20,19,E09000006,3,208,Single carriageway,30,Giveway or uncontrolled,4,264,None within 50 metres,No physical crossing within 50 meters,Daylight: Street light present,Fine without high winds,Wet/Damp,None,None,1,Yes,E01000693,2005
12975,200501PY20151,540440.0,165930.0,0.016413,51.375005,1,3,2,2,24/02/2005,5,08:59,19,E09000006,6,0,Single carriageway,30,Giveway or uncontrolled,6,0,None within 50 metres,No physical crossing within 50 meters,Daylight: Street light present,Fine without high winds,Wet/Damp,None,None,1,Yes,E01000765,2005
12976,200501PY20152,535470.0,168810.0,-0.053851,51.402094,1,3,2,1,25/02/2005,6,06:00,19,E09000006,3,214,Single carriageway,30,None,-1,0,None within 50 metres,No physical crossing within 50 meters,Darkness: Street lights present and lit,Snowing without high winds,Snow,None,None,1,Yes,E01000704,2005
12977,200501PY20153,533690.0,170730.0,-0.078702,51.41977,1,3,2,1,26/02/2005,7,02:00,19,E09000006,3,214,Roundabout,30,Automatic traffic signal,3,214,None within 50 metres,Pedestrian phase at traffic signal junction,Darkness: Street lights present and lit,Fine without high winds,Dry,None,None,1,No,E01003062,2005
12978,200501PY20154,546200.0,166160.0,0.099208,51.375619,1,3,2,1,27/02/2005,1,18:59,19,E09000006,3,223,Roundabout,30,Giveway or uncontrolled,6,0,None within 50 metres,No physical crossing within 50 meters,Darkness: Street lights present and lit,Fine without high winds,Wet/Damp,None,None,1,Yes,E01000790,2005
12979,200501PY20155,535190.0,169980.0,-0.057428,51.412675,1,3,2,1,27/02/2005,1,16:30,19,E09000006,6,0,Single carriageway,30,Giveway or uncontrolled,6,0,None within 50 metres,No physical crossing within 50 meters,Daylight: Street light present,Fine without high winds,Dry,None,None,1,Yes,E01000798,2005
12980,200501PY20157,541790.0,167350.0,0.036363,51.387431,1,2,2,1,28/02/2005,2,09:05,19,E09000006,3,21,Single carriageway,30,None,-1,0,None within 50 metres,No physical crossing within 50 meters,Daylight: Street light present,Fine without high winds,Dry,None,None,2,Yes,E01000661,2005
12981,200501PY20158,538520.0,170050.0,-0.009547,51.412501,1,3,1,1,28/02/2005,2,07:58,19,E09000006,6,0,Single carriageway,30,None,-1,0,None within 50 metres,No physical crossing within 50 meters,Daylight: Street light present,Fine without high winds,Frost/Ice,None,None,1,Yes,E01000713,2005
12982,200501PY20159,537970.0,166190.0,-0.01895,51.377947,1,3,1,1,01/02/2005,3,20:40,19,E09000006,6,0,Single carriageway,30,None,-1,0,None within 50 metres,No physical crossing within 50 meters,Darkness: Street lights present and lit,Fine without high winds,Wet/Damp,None,None,1,Yes,E01000835,2005
12983,200501PY20161,541050.0,168180.0,0.026065,51.395073,1,3,2,1,24/02/2005,5,20:11,19,E09000006,3,21,Dual carriageway,30,Automatic traffic signal,4,265,None within 50 metres,No physical crossing within 50 meters,Darkness: Street lights present and lit,Raining without high winds,Wet/Damp,None,None,1,Yes,E01000671,2005
12984,200501PY20162,534580.0,169820.0,-0.066255,51.411382,1,3,3,1,27/02/2005,1,19:50,19,E09000006,3,214,Single carriageway,30,Automatic traffic signal,6,0,None within 50 metres,No physical crossing within 50 meters,Darkness: Street lights present and lit,Fine without high winds,Dry,None,None,1,Yes,E01000743,2005
12985,200501PY20163,542230.0,166460.0,0.042326,51.379323,1,3,2,1,28/02/2005,2,14:55,19,E09000006,3,21,Single carriageway,30,Giveway or uncontrolled,3,233,None within 50 metres,No physical crossing within 50 meters,Daylight: Street light present,Fine without high winds,Dry,None,None,2,No,E01000661,2005
12986,200501PY20164,540400.0,168730.0,0.016945,51.400177,1,3,2,1,02/03/2005,4,09:40,19,E09000006,5,0,Single carriageway,30,Giveway or uncontrolled,6,0,None within 50 metres,Pedestrian phase at traffic signal junction,Daylight: Street light present,Raining without high winds,Wet/Damp,None,None,1,Yes,E01000675,2005
12987,200501PY20165,543090.0,171650.0,0.056767,51.425744,1,3,2,1,02/03/2005,4,08:20,19,E09000006,3,208,Single carriageway,30,Giveway or uncontrolled,6,0,None within 50 metres,No physical crossing within 50 meters,Daylight: Street light present,Raining without high winds,Wet/Damp,None,None,1,Yes,E01000784,2005
12988,200501PY20166,539250.0,166860.0,-0.000308,51.383656,1,3,2,1,02/03/2005,4,23:45,19,E09000006,6,0,Single carriageway,30,None,-1,0,None within 50 metres,No physical crossing within 50 meters,Darkness: Street lights present and lit,Snowing without high winds,Wet/Damp,None,None,1,Yes,E01000834,2005
12989,200501PY20167,535090.0,171040.0,-0.058461,51.422224,1,3,2,1,02/03/2005,4,10:56,19,E09000006,5,0,Single carriageway,30,None,-1,0,None within 50 metres,No physical crossing within 50 meters,Daylight: Street light present,Fine without high winds,Wet/Damp,None,None,1,Yes,E01000745,2005
12990,200501PY20168,539730.0,170150.0,0.007879,51.413103,1,3,2,1,10/03/2005,5,17:15,19,E09000006,3,21,Single carriageway,30,Giveway or uncontrolled,6,0,None within 50 metres,No physical crossing within 50 meters,Daylight: Street light present,Fine without high winds,Dry,None,None,1,Yes,E01000674,2005
12991,200501PY20169,545960.0,165250.0,0.095389,51.367504,1,3,2,1,02/03/2005,4,08:45,19,E09000006,3,223,Single carriageway,30,Giveway or uncontrolled,6,0,None within 50 metres,No physical crossing within 50 meters,Daylight: Street light present,Snowing without high winds,Wet/Damp,None,None,1,Yes,E01000790,2005
12992,200501PY20170,546140.0,167940.0,0.099079,51.391629,1,3,3,1,03/03/2005,5,11:08,19,E09000006,6,0,Single carriageway,30,None,-1,0,None within 50 metres,No physical crossing within 50 meters,Daylight: Street light present,Fine without high winds,Wet/Damp,None,None,1,Yes,E01000733,2005
12993,200501PY20171,544870.0,166740.0,0.080349,51.381172,1,3,1,1,03/03/2005,5,11:05,19,E09000006,5,0,Single carriageway,30,Giveway or uncontrolled,5,0,None within 50 metres,No physical crossing within 50 meters,Daylight: Street light present,Fine without high winds,Dry,None,None,1,Yes,E01000813,2005
12994,200501PY20172,542500.0,165620.0,0.045867,51.371707,1,3,2,2,03/03/2005,5,09:01,19,E09000006,3,21,Single carriageway,30,Giveway or uncontrolled,6,0,None within 50 metres,No physical crossing within 50 meters,Daylight: Street light present,Fine without high winds,Dry,None,None,1,Yes,E01000667,2005
12995,200501PY20173,540170.0,167700.0,0.013235,51.390978,1,3,2,2,03/03/2005,5,14:00,19,E09000006,6,0,Single carriageway,30,Giveway or uncontrolled,6,0,None within 50 metres,No physical crossing within 50 meters,Daylight: Street light present,Fine without high winds,Dry,None,None,1,Yes,E01000762,2005
12996,200501PY20174,536680.0,168950.0,-0.036412,51.403062,1,3,2,1,03/03/2005,5,09:25,19,E09000006,3,222,Single carriageway,30,Giveway or uncontrolled,6,0,None within 50 metres,No physical crossing within 50 meters,Daylight: Street light present,Fine without high winds,Wet/Damp,None,None,1,Yes,E01000707,2005
12997,200501PY20175,540510.0,166200.0,0.017525,51.377414,1,3,2,1,03/03/2005,5,18:50,19,E09000006,4,265,Single carriageway,30,Giveway or uncontrolled,4,251,None within 50 metres,No physical crossing within 50 meters,Darkness: Street lights present and lit,Fine without high winds,Wet/Damp,None,None,1,No,E01000765,2005
12998,200501PY20177,537520.0,166110.0,-0.025443,51.377337,1,3,2,1,04/03/2005,6,11:55,19,E09000006,3,232,Single carriageway,30,Giveway or uncontrolled,6,0,None within 50 metres,No physical crossing within 50 meters,Daylight: Street light present,Raining without high winds,Wet/Damp,None,None,1,No,E01000837,2005
12999,200501PY20178,546090.0,165910.0,0.097526,51.373401,1,3,2,1,04/03/2005,6,21:00,19,E09000006,3,223,Roundabout,30,Giveway or uncontrolled,3,232,None within 50 metres,Zebra crossing,Darkness: Street lights present and lit,Fine without high winds,Dry,None,None,1,No,E01000790,2005
13000,200501PY20179,540010.0,169500.0,0.011646,51.407193,1,3,2,1,03/03/2005,5,10:15,19,E09000006,3,222,Single carriageway,30,Giveway or uncontrolled,3,21,None within 50 metres,No physical crossing within 50 meters,Daylight: Street light present,Fine without high winds,Dry,None,None,1,No,E01000676,2005
13001,200501PY20180,541340.0,159240.0,0.026681,51.314664,1,3,1,1,05/03/2005,7,09:30,19,E09000006,6,0,Single carriageway,30,None,-1,0,None within 50 metres,No physical crossing within 50 meters,Daylight: Street light present,Fine without high winds,Wet/Damp,None,None,1,Yes,E01000656,2005
13002,200501PY20182,540460.0,167620.0,0.017368,51.390187,1,3,2,1,07/03/2005,2,17:26,19,E09000006,4,265,Single carriageway,30,None,-1,0,None within 50 metres,No physical crossing within 50 meters,Darkness: Street lights present and lit,Fine without high winds,Dry,None,None,1,Yes,E01000762,2005
13003,200501PY20183,546760.0,169880.0,0.108785,51.408902,1,3,1,1,06/03/2005,1,10:43,19,E09000006,6,0,Single carriageway,30,Giveway or uncontrolled,6,0,None within 50 metres,No physical crossing within 50 meters,Daylight: Street light present,Fine without high winds,Dry,None,None,1,Yes,E01000735,2005
13004,200501PY20184,536740.0,170140.0,-0.035092,51.413741,1,3,2,1,07/03/2005,2,08:20,19,E09000006,6,0,Single carriageway,30,Giveway or uncontrolled,6,0,None within 50 metres,No physical crossing within 50 meters,Daylight: Street light present,Fine without high winds,Dry,None,None,1,Yes,E01000709,2005
13005,200501PY20185,541770.0,169270.0,0.036842,51.404689,1,3,2,1,07/03/2005,2,10:10,19,E09000006,3,222,Roundabout,30,Giveway or uncontrolled,5,0,None within 50 metres,No physical crossing within 50 meters,Daylight: Street light present,Fine without high winds,Dry,None,None,1,Yes,E01000648,2005
13006,200501PY20186,545510.0,164380.0,0.088573,51.359802,1,3,2,1,04/03/2005,6,07:08,19,E09000006,3,223,Single carriageway,30,Giveway or uncontrolled,3,223,None within 50 metres,No physical crossing within 50 meters,Daylight: Street light present,Fine without high winds,Wet/Damp,None,None,1,Yes,E01000686,2005
13007,200501PY20187,543770.0,164660.0,0.063712,51.36276,1,3,2,2,08/03/2005,3,16:04,19,E09000006,6,0,Single carriageway,30,Giveway or uncontrolled,6,0,None within 50 metres,No physical crossing within 50 meters,Daylight: Street light present,Raining without high winds,Wet/Damp,None,None,1,Yes,E01000751,2005
13008,200501PY20188,539430.0,169390.0,0.003269,51.406347,1,3,1,1,08/02/2005,3,07:25,19,E09000006,3,222,Single carriageway,30,None,-1,0,None within 50 metres,Zebra crossing,Daylight: Street light present,Fine without high winds,Dry,None,None,1,Yes,E01000677,2005
13009,200501PY20189,545180.0,170610.0,0.086382,51.415868,1,3,4,1,09/03/2005,4,16:49,19,E09000006,3,222,Single carriageway,30,None,-1,0,None within 50 metres,No physical crossing within 50 meters,Daylight: Street light present,Fine without high winds,Dry,None,None,1,Yes,E01000693,2005
13010,200501PY20190,542340.0,170490.0,0.045521,51.415509,1,3,3,2,09/03/2005,4,08:22,19,E09000006,5,0,Single carriageway,30,None,-1,0,None within 50 metres,No physical crossing within 50 meters,Daylight: Street light present,Fine without high winds,Dry,None,None,1,Yes,E01000818,2005
13011,200501PY20192,535450.0,169950.0,-0.053703,51.412343,1,3,2,1,10/03/2005,5,16:39,19,E09000006,3,213,Single carriageway,30,Giveway or uncontrolled,6,0,None within 50 metres,No physical crossing within 50 meters,Daylight: Street light present,Fine without high winds,Dry,None,None,1,Yes,E01000798,2005
13012,200501PY20193,540360.0,169380.0,0.016628,51.406028,1,3,1,3,10/03/2005,5,16:00,19,E09000006,3,222,Single carriageway,30,None,-1,0,None within 50 metres,No physical crossing within 50 meters,Daylight: Street light present,Fine without high winds,Dry,None,None,1,Yes,E01000676,2005
13013,200501PY20194,544820.0,167770.0,0.08005,51.39044,1,3,1,1,11/03/2005,6,07:30,19,E09000006,5,0,Single carriageway,30,Giveway or uncontrolled,5,0,None within 50 metres,No physical crossing within 50 meters,Daylight: Street light present,Fine without high winds,Wet/Damp,None,None,1,Yes,E01000810,2005
13014,200501PY20195,545780.0,165750.0,0.09301,51.372043,1,3,1,1,11/03/2005,6,00:45,19,E09000006,3,232,Single carriageway,30,Giveway or uncontrolled,6,0,None within 50 metres,No physical crossing within 50 meters,Darkness: Street lights present and lit,Fine without high winds,Dry,None,None,1,Yes,E01000790,2005
13015,200501PY20197,539210.0,169130.0,6e-06,51.404064,1,3,1,1,11/03/2005,6,22:10,19,E09000006,5,0,Single carriageway,30,None,-1,0,None within 50 metres,No physical crossing within 50 meters,Darkness: Street lights present and lit,Raining without high winds,Wet/Damp,None,None,1,Yes,E01000828,2005
13016,200501PY20198,547090.0,166400.0,0.112086,51.377546,1,2,2,1,12/03/2005,7,13:30,19,E09000006,6,0,Single carriageway,30,None,-1,0,None within 50 metres,No physical crossing within 50 meters,Daylight: Street light present,Fine without high winds,Dry,None,None,1,Yes,E01000791,2005
13017,200501PY20199,540050.0,166160.0,0.010904,51.377169,1,3,1,1,12/03/2005,7,09:45,19,E09000006,5,0,Single carriageway,30,None,-1,0,None within 50 metres,No physical crossing within 50 meters,Daylight: Street light present,Fine without high winds,Dry,None,None,1,No,E01000765,2005
13018,200501PY20200,538940.0,169510.0,-0.003723,51.407545,1,3,2,2,13/03/2005,1,15:05,19,E09000006,6,0,Single carriageway,30,Giveway or uncontrolled,3,222,None within 50 metres,No physical crossing within 50 meters,Daylight: Street light present,Fine without high winds,Dry,None,None,1,Yes,E01000713,2005
13019,200501PY20201,540360.0,169580.0,0.016707,51.407825,1,3,2,2,13/03/2005,1,18:01,19,E09000006,3,21,Single carriageway,30,Automatic traffic signal,3,2212,None within 50 metres,Pedestrian phase at traffic signal junction,Darkness: Street lights present and lit,Fine without high winds,Dry,None,None,1,Yes,E01000675,2005
13020,200501PY20202,545490.0,168020.0,0.089776,51.392515,1,3,3,1,15/03/2005,3,19:20,19,E09000006,3,208,Single carriageway,30,Giveway or uncontrolled,6,0,None within 50 metres,No physical crossing within 50 meters,Darkness: Street lights present and lit,Fine without high winds,Dry,None,None,1,No,E01000815,2005
13021,200501PY20203,546150.0,166910.0,0.098799,51.382372,1,3,1,1,15/03/2005,3,18:35,19,E09000006,3,208,Single carriageway,30,None,-1,0,None within 50 metres,No physical crossing within 50 meters,Daylight: Street light present,Fine without high winds,Dry,None,None,1,Yes,E01000727,2005
13022,200501PY20204,542050.0,165760.0,0.039462,51.373078,1,3,2,1,16/03/2005,4,15:20,19,E09000006,6,0,Single carriageway,30,Giveway or uncontrolled,3,233,None within 50 metres,No physical crossing within 50 meters,Daylight: Street light present,Fine without high winds,Dry,None,None,1,Yes,E01000665,2005
13023,200501PY20205,540310.0,168930.0,0.015732,51.401996,1,3,1,1,17/03/2005,5,17:24,19,E09000006,5,0,Single carriageway,30,Giveway or uncontrolled,6,0,None within 50 metres,No physical crossing within 50 meters,Daylight: Street light present,Fine without high winds,Dry,None,None,1,Yes,E01000675,2005
13024,200501PY20206,542030.0,165100.0,0.038911,51.367152,1,3,2,1,17/03/2005,5,07:30,19,E09000006,3,233,Single carriageway,30,Automatic traffic signal,3,232,None within 50 metres,Pedestrian phase at traffic signal junction,Daylight: Street light present,Raining without high winds,Wet/Damp,None,None,1,Yes,E01000666,2005
13025,200501PY20208,545610.0,168080.0,0.091524,51.393024,1,3,2,1,19/03/2005,7,22:32,19,E09000006,6,0,Single carriageway,30,None,-1,0,None within 50 metres,No physical crossing within 50 meters,Darkness: Street lights present and lit,Fine without high winds,Dry,None,None,1,Yes,E01000732,2005
13026,200501PY20209,538940.0,167130.0,-0.004654,51.386158,1,3,2,1,19/03/2005,7,13:30,19,E09000006,6,0,Single carriageway,30,Giveway or uncontrolled,6,0,None within 50 metres,No physical crossing within 50 meters,Daylight: Street light present,Fine without high winds,Dry,None,None,1,No,E01000833,2005
13027,200501PY20210,547570.0,169420.0,0.120232,51.404558,1,3,1,2,07/03/2005,2,19:00,19,E09000006,5,0,Single carriageway,30,None,-1,0,None within 50 metres,No physical crossing within 50 meters,Darkness: Street lights present and lit,Raining without high winds,Wet/Damp,None,None,2,Yes,E01000728,2005
13028,200501PY20211,541620.0,169830.0,0.034911,51.409759,1,3,2,1,09/03/2005,4,16:24,19,E09000006,5,0,Single carriageway,30,Giveway or uncontrolled,6,0,None within 50 metres,No physical crossing within 50 meters,Daylight: Street light present,Fine without high winds,Dry,None,None,1,Yes,E01000653,2005
13029,200501PY20213,548100.0,164020.0,0.125597,51.355898,1,3,1,1,14/03/2005,2,15:08,19,E09000006,3,224,Single carriageway,30,None,-1,0,None within 50 metres,No physical crossing within 50 meters,Daylight: Street light present,Fine without high winds,Dry,None,None,2,Yes,E01000680,2005
13030,200501PY20214,542980.0,167720.0,0.053603,51.390457,1,3,2,2,14/03/2005,2,21:31,19,E09000006,5,0,Roundabout,30,Giveway or uncontrolled,6,0,None within 50 metres,No physical crossing within 50 meters,Darkness: Street lights present and lit,Fine without high winds,Dry,None,None,1,Yes,E01000662,2005
13031,200501PY20215,534980.0,170840.0,-0.060119,51.420453,1,3,2,1,18/03/2005,6,14:00,19,E09000006,5,0,Single carriageway,30,Giveway or uncontrolled,6,0,None within 50 metres,No physical crossing within 50 meters,Daylight: Street light present,Fine without high winds,Dry,None,None,1,Yes,E01000745,2005
13032,200501PY20216,543090.0,171640.0,0.056763,51.425654,1,2,2,1,19/03/2005,7,10:15,19,E09000006,3,208,Single carriageway,30,Giveway or uncontrolled,6,0,None within 50 metres,No physical crossing within 50 meters,Daylight: Street light present,Fine without high winds,Dry,None,None,1,Yes,E01000784,2005
13033,200501PY20217,543320.0,169350.0,0.059144,51.405018,1,3,2,1,21/03/2005,2,17:03,19,E09000006,3,222,Single carriageway,30,None,-1,0,None within 50 metres,non-junction pedestrian crossing,Daylight: Street light present,Fine without high winds,Dry,None,None,1,Yes,E01000697,2005
13034,200501PY20218,540920.0,170150.0,0.02498,51.412808,1,3,2,1,21/03/2005,2,08:20,19,E09000006,5,0,Single carriageway,30,Giveway or uncontrolled,6,0,None within 50 metres,No physical crossing within 50 meters,Daylight: Street light present,Fine without high winds,Dry,None,None,1,Yes,E01000820,2005
13035,200501PY20219,535820.0,170290.0,-0.048256,51.41531,1,3,2,2,21/03/2005,2,07:50,19,E09000006,3,213,Single carriageway,30,Automatic traffic signal,5,0,None within 50 metres,Pedestrian phase at traffic signal junction,Daylight: Street light present,Fine without high winds,Dry,None,None,1,Yes,E01000805,2005
13036,200501PY20220,544690.0,167000.0,0.07787,51.383554,1,3,2,1,21/03/2005,2,17:28,19,E09000006,5,0,Single carriageway,30,Giveway or uncontrolled,6,0,None within 50 metres,No physical crossing within 50 meters,Daylight: Street light present,Fine without high winds,Dry,None,None,1,Yes,E01000813,2005
13037,200501PY20221,537580.0,167350.0,-0.024101,51.388466,1,3,2,1,22/03/2005,3,11:59,19,E09000006,6,0,Single carriageway,30,None,-1,0,None within 50 metres,No physical crossing within 50 meters,Daylight: Street light present,Raining without high winds,Wet/Damp,None,None,1,Yes,E01000775,2005
13038,200501PY20223,535530.0,168750.0,-0.053012,51.40154,1,3,2,1,25/02/2005,6,05:30,19,E09000006,3,214,Single carriageway,30,None,-1,0,None within 50 metres,No physical crossing within 50 meters,Darkness: Street lights present and lit,Snowing without high winds,Snow,None,None,1,Yes,E01000704,2005
13039,200501PY20224,545420.0,167170.0,0.088422,51.384895,1,3,2,2,25/03/2005,6,23:15,19,E09000006,3,208,Single carriageway,30,Giveway or uncontrolled,3,208,None within 50 metres,No physical crossing within 50 meters,Darkness: Street lights present and lit,Fine without high winds,Wet/Damp,None,None,1,Yes,E01000808,2005
13040,200501PY20225,535270.0,170150.0,-0.056213,51.414183,1,2,1,1,25/03/2005,6,18:00,19,E09000006,6,0,Single carriageway,30,None,-1,0,None within 50 metres,No physical crossing within 50 meters,Daylight: Street light present,Fine without high winds,Dry,None,None,1,Yes,E01000806,2005
13041,200501PY20227,535420.0,170320.0,-0.053993,51.415675,1,2,2,1,04/03/2005,6,16:52,19,E09000006,3,234,Single carriageway,30,Giveway or uncontrolled,6,0,None within 50 metres,No physical crossing within 50 meters,Daylight: Street light present,Fine without high winds,Dry,None,None,1,Yes,E01000799,2005
13042,200501PY20228,533990.0,170550.0,-0.074458,51.418082,1,3,1,1,11/03/2005,6,18:20,19,E09000006,3,214,Single carriageway,30,Giveway or uncontrolled,6,0,None within 50 metres,non-junction pedestrian crossing,Darkness: Street lights present and lit,Fine without high winds,Dry,None,None,1,Yes,E01000746,2005
13043,200501PY20230,541500.0,165080.0,0.031295,51.367104,1,3,2,3,24/03/2005,5,07:45,19,E09000006,3,232,Single carriageway,30,Giveway or uncontrolled,6,0,None within 50 metres,No physical crossing within 50 meters,Daylight: Street light present,Fine without high winds,Dry,None,None,2,Yes,E01000765,2005
13044,200501PY20231,545320.0,168970.0,0.087723,51.401095,1,3,2,1,25/03/2005,6,06:05,19,E09000006,5,0,Single carriageway,30,None,-1,0,None within 50 metres,No physical crossing within 50 meters,Daylight: Street light present,Fine without high winds,Wet/Damp,None,None,2,Yes,E01000698,2005
13045,200501PY20232,537280.0,166080.0,-0.028901,51.377126,1,3,2,1,26/03/2005,7,21:36,20,E09000008,3,232,Single carriageway,30,Automatic traffic signal,5,0,None within 50 metres,Pedestrian phase at traffic signal junction,Darkness: Street lights present and lit,Fine without high winds,Dry,None,None,1,Yes,E01001135,2005
13046,200501PY20233,539460.0,166880.0,0.002715,51.383784,1,3,2,1,28/03/2005,2,12:15,19,E09000006,4,251,Single carriageway,30,None,-1,0,None within 50 metres,No physical crossing within 50 meters,Daylight: Street light present,Fine without high winds,Dry,None,None,1,Yes,E01000834,2005
13047,200501PY20235,537120.0,169340.0,-0.02994,51.40646,1,3,2,1,28/03/2005,2,22:35,19,E09000006,3,222,Single carriageway,30,Giveway or uncontrolled,6,0,None within 50 metres,No physical crossing within 50 meters,Darkness: Street lights present and lit,Fine without high winds,Dry,None,None,1,No,E01000714,2005
13048,200501PY20236,535560.0,170700.0,-0.051836,51.419057,1,3,2,1,31/03/2005,5,14:23,19,E09000006,3,213,Single carriageway,30,Giveway or uncontrolled,6,0,None within 50 metres,No physical crossing within 50 meters,Daylight: Street light present,Fine without high winds,Dry,None,None,1,Yes,E01000802,2005
13049,200501PY20239,540430.0,168600.0,0.017325,51.399001,1,3,2,1,09/03/2005,4,14:20,19,E09000006,4,228,Single carriageway,30,Automatic traffic signal,4,2212,None within 50 metres,Pedestrian phase at traffic signal junction,Daylight: Street light present,Fine without high winds,Dry,None,None,1,No,E01000670,2005
13050,200501PY20240,541430.0,159970.0,0.028261,51.321202,1,3,1,1,11/03/2005,6,08:00,19,E09000006,3,233,Single carriageway,30,None,-1,0,None within 50 metres,No physical crossing within 50 meters,Daylight: Street light present,Fine without high winds,Wet/Damp,None,None,1,Yes,E01000658,2005
13051,200501PY20241,543990.0,163390.0,0.066356,51.351292,1,3,1,1,19/03/2005,7,08:40,19,E09000006,5,0,Single carriageway,30,None,-1,0,None within 50 metres,No physical crossing within 50 meters,Daylight: Street light present,Fine without high winds,Wet/Damp,Roadworks,None,2,Yes,E01000749,2005
13052,200501PY20244,541820.0,159050.0,0.033489,51.312838,1,3,3,2,18/03/2005,6,13:00,19,E09000006,3,233,Single carriageway,30,None,-1,0,None within 50 metres,No physical crossing within 50 meters,Daylight: Street light present,Fine without high winds,Dry,None,None,1,Yes,E01000657,2005
13053,200501PY20245,535450.0,169950.0,-0.053703,51.412343,1,3,2,1,12/05/2005,5,11:54,19,E09000006,3,213,Single carriageway,30,Giveway or uncontrolled,6,0,None within 50 metres,No physical crossing within 50 meters,Daylight: Street light present,Fine without high winds,Dry,None,None,1,Yes,E01000798,2005
13054,200501PY20246,539630.0,170950.0,0.006757,51.420316,1,3,2,1,14/03/2005,2,13:40,19,E09000006,6,0,Single carriageway,30,Giveway or uncontrolled,6,0,None within 50 metres,No physical crossing within 50 meters,Daylight: Street light present,Fine without high winds,Dry,None,None,1,Yes,E01000821,2005
13055,200501PY20247,542040.0,165680.0,0.039287,51.372361,1,3,1,1,15/03/2005,3,10:22,19,E09000006,3,233,Single carriageway,30,None,-1,0,None within 50 metres,No physical crossing within 50 meters,Daylight: Street light present,Fine without high winds,Wet/Damp,None,None,1,Yes,E01000666,2005
13056,200501PY20248,537950.0,168590.0,-0.018306,51.399519,1,3,2,1,21/03/2005,2,17:40,19,E09000006,4,230,Single carriageway,30,None,-1,0,None within 50 metres,No physical crossing within 50 meters,Daylight: Street light present,Fine without high winds,Dry,None,None,1,No,E01000770,2005
13057,200501PY20249,545720.0,167830.0,0.093001,51.390749,1,3,2,2,30/03/2005,4,10:36,19,E09000006,5,0,Single carriageway,30,Giveway or uncontrolled,6,0,None within 50 metres,No physical crossing within 50 meters,Daylight: Street light present,Raining without high winds,Wet/Damp,None,None,1,Yes,E01000732,2005
13058,200501PY20250,546200.0,166160.0,0.099208,51.375619,1,3,2,1,31/03/2005,5,20:45,19,E09000006,3,223,Roundabout,30,Giveway or uncontrolled,6,0,None within 50 metres,non-junction pedestrian crossing,Darkness: Street lights present and lit,Fine without high winds,Dry,None,None,1,Yes,E01000790,2005
13059,200501PY20252,535450.0,169940.0,-0.053707,51.412253,1,3,2,1,23/03/2005,4,15:02,19,E09000006,3,213,Single carriageway,30,Giveway or uncontrolled,6,0,None within 50 metres,No physical crossing within 50 meters,Daylight: Street light present,Fine without high winds,Dry,None,None,1,Yes,E01000798,2005
13060,200501PY20253,547310.0,168970.0,0.11631,51.400582,1,3,2,2,23/03/2005,4,07:40,19,E09000006,5,0,Single carriageway,30,Giveway or uncontrolled,6,0,None within 50 metres,No physical crossing within 50 meters,Daylight: Street light present,Fine without high winds,Dry,None,None,1,Yes,E01000728,2005
13061,200501PY20254,535410.0,169980.0,-0.054266,51.412622,1,3,1,1,23/03/2005,4,16:45,19,E09000006,6,0,Single carriageway,30,None,-1,0,None within 50 metres,No physical crossing within 50 meters,Daylight: Street light present,Fine without high winds,Dry,None,None,1,No,E01000798,2005
13062,200501PY20256,545810.0,168790.0,0.094688,51.399352,1,3,2,3,31/03/2005,5,19:57,19,E09000006,5,0,Single carriageway,30,None,-1,0,None within 50 metres,No physical crossing within 50 meters,Darkness: Street lights present and lit,Fine without high winds,Dry,None,None,1,Yes,E01000698,2005
13063,200501PY20257,539990.0,165300.0,0.009704,51.369455,1,3,3,2,01/04/2005,6,13:35,19,E09000006,3,232,Single carriageway,30,Giveway or uncontrolled,6,0,None within 50 metres,No physical crossing within 50 meters,Daylight: Street light present,Fine without high winds,Dry,None,None,2,Yes,E01000761,2005
13064,200501PY20259,545790.0,164390.0,0.092596,51.35982,1,3,2,1,02/04/2005,7,15:25,19,E09000006,6,0,Single carriageway,30,None,-1,0,None within 50 metres,No physical crossing within 50 meters,Daylight: Street light present,Fine without high winds,Dry,None,None,1,Yes,E01000686,2005
13065,200501PY20260,540170.0,169340.0,0.013882,51.405715,1,3,2,1,02/04/2005,7,12:07,19,E09000006,3,21,Single carriageway,30,Giveway or uncontrolled,6,0,None within 50 metres,No physical crossing within 50 meters,Daylight: Street light present,Fine without high winds,Dry,None,None,1,Yes,E01000676,2005
13066,200501PY20261,539650.0,165920.0,0.005066,51.37511,1,3,2,1,03/04/2005,1,13:45,19,E09000006,5,0,Single carriageway,30,None,-1,0,None within 50 metres,No physical crossing within 50 meters,Daylight: Street light present,Fine without high winds,Dry,None,None,1,Yes,E01000768,2005
13067,200501PY20262,543050.0,169270.0,0.055233,51.404368,1,3,2,1,04/04/2005,2,19:22,19,E09000006,6,0,Single carriageway,30,Giveway or uncontrolled,6,0,None within 50 metres,No physical crossing within 50 meters,Daylight: Street light present,Fine without high winds,Dry,None,None,1,Yes,E01000649,2005
13068,200501PY20264,547080.0,170290.0,0.113553,51.412503,1,3,2,1,04/04/2005,2,16:00,18,E09000004,3,20,Slip road,30,Giveway or uncontrolled,3,224,None within 50 metres,No physical crossing within 50 meters,Daylight: Street light present,Fine without high winds,Dry,None,None,2,No,E01000735,2005
13069,200501PY20265,537970.0,166030.0,-0.019012,51.376509,1,3,2,1,05/04/2005,3,14:50,19,E09000006,3,232,Single carriageway,30,None,-1,0,None within 50 metres,No physical crossing within 50 meters,Daylight: Street light present,Fine without high winds,Dry,None,None,1,Yes,E01000835,2005
13070,200501PY20266,547020.0,168350.0,0.111888,51.395086,1,3,2,1,07/04/2005,5,15:00,19,E09000006,3,224,Single carriageway,30,Giveway or uncontrolled,6,0,None within 50 metres,No physical crossing within 50 meters,Daylight: Street light present,Fine without high winds,Dry,None,None,1,No,E01000730,2005
13071,200501PY20267,537360.0,169440.0,-0.026453,51.407301,1,3,2,2,20/03/2005,1,20:59,19,E09000006,3,222,Single carriageway,30,Giveway or uncontrolled,6,0,None within 50 metres,No physical crossing within 50 meters,Darkness: Street lights present and lit,Fine without high winds,Dry,None,None,1,Yes,E01000714,2005
13072,200501PY20268,539450.0,169930.0,0.003769,51.411195,1,3,1,2,25/03/2005,6,14:15,19,E09000006,6,0,Single carriageway,30,None,-1,0,None within 50 metres,No physical crossing within 50 meters,Daylight: Street light present,Fine without high winds,Dry,None,None,1,Yes,E01000672,2005
13073,200501PY20269,541150.0,169470.0,0.028014,51.406641,1,3,2,3,07/03/2005,2,20:30,19,E09000006,3,222,Single carriageway,30,None,-1,0,None within 50 metres,No physical crossing within 50 meters,Darkness: Street lights present and lit,Fine without high winds,Dry,None,Any animal (except a ridden horse),1,Yes,E01000646,2005
13074,200501PY20270,545580.0,166450.0,0.090425,51.378384,1,3,3,1,30/03/2005,4,11:00,19,E09000006,6,0,Single carriageway,30,None,-1,0,None within 50 metres,No physical crossing within 50 meters,Daylight: Street light present,Raining without high winds,Wet/Damp,None,None,1,Yes,E01000812,2005
13075,200501PY20271,540180.0,169940.0,0.014263,51.411105,1,3,1,1,31/03/2005,5,20:00,19,E09000006,3,2212,Single carriageway,30,Giveway or uncontrolled,6,0,None within 50 metres,No physical crossing within 50 meters,Darkness: Street lights present and lit,Fine without high winds,Dry,None,None,1,Yes,E01000824,2005
13076,200501PY20272,546500.0,168450.0,0.10446,51.396119,1,3,2,1,26/03/2005,7,16:00,19,E09000006,6,0,Single carriageway,30,Giveway or uncontrolled,6,0,None within 50 metres,No physical crossing within 50 meters,Daylight: Street light present,Fine without high winds,Dry,None,None,1,No,E01000730,2005
13077,200501PY20273,540590.0,167940.0,0.019362,51.393031,1,3,1,1,05/04/2005,3,15:20,19,E09000006,4,265,Single carriageway,30,None,-1,0,None within 50 metres,No physical crossing within 50 meters,Daylight: Street light present,Fine without high winds,Dry,None,None,1,Yes,E01000671,2005
13078,200501PY20274,547360.0,165560.0,0.115614,51.369928,1,3,1,1,07/04/2005,5,12:27,19,E09000006,6,0,Single carriageway,30,None,-1,0,None within 50 metres,No physical crossing within 50 meters,Daylight: Street light present,Fine without high winds,Dry,None,None,1,No,E01000786,2005
13079,200501PY20275,547910.0,165360.0,0.123427,51.367988,1,3,1,1,07/04/2005,5,23:50,19,E09000006,5,0,Single carriageway,30,Giveway or uncontrolled,6,0,None within 50 metres,No physical crossing within 50 meters,Darkness: Street lights present and lit,Fine without high winds,Wet/Damp,None,None,1,Yes,E01000786,2005
13080,200501PY20276,547210.0,168090.0,0.114509,51.392701,1,3,2,1,07/04/2005,5,12:20,19,E09000006,5,0,Single carriageway,30,None,-1,0,None within 50 metres,No physical crossing within 50 meters,Daylight: Street light present,Fine without high winds,Dry,None,None,1,No,E01000719,2005
13081,200501PY20277,546740.0,170030.0,0.10856,51.410255,1,3,2,2,08/04/2005,6,19:33,19,E09000006,6,0,Single carriageway,30,None,-1,0,None within 50 metres,No physical crossing within 50 meters,Daylight: Street light present,Fine without high winds,Dry,None,None,1,Yes,E01000735,2005
13082,200501PY20278,541680.0,167590.0,0.034879,51.389615,1,2,2,1,09/04/2005,7,13:30,19,E09000006,3,21,Single carriageway,30,None,-1,0,None within 50 metres,No physical crossing within 50 meters,Daylight: Street light present,Fine without high winds,Dry,None,None,1,Yes,E01000668,2005
13083,200501PY20279,545580.0,170810.0,0.092213,51.417563,1,3,2,1,10/04/2005,1,14:45,19,E09000006,3,222,Single carriageway,30,None,-1,0,None within 50 metres,No physical crossing within 50 meters,Daylight: Street light present,Fine without high winds,Dry,None,None,1,Yes,E01000693,2005
13084,200501PY20280,543190.0,165160.0,0.055588,51.3674,1,3,2,2,10/04/2005,1,13:00,19,E09000006,3,232,Single carriageway,30,Giveway or uncontrolled,6,0,None within 50 metres,No physical crossing within 50 meters,Daylight: Street light present,Fine without high winds,Dry,None,None,1,Yes,E01000756,2005
13085,200501PY20281,546140.0,166010.0,0.098285,51.374287,1,3,1,1,29/03/2005,3,13:00,19,E09000006,3,223,Single carriageway,30,None,-1,0,None within 50 metres,No physical crossing within 50 meters,Daylight: Street light present,Fine without high winds,Dry,None,None,1,Yes,E01000790,2005
13086,200501PY20282,545050.0,163990.0,0.081812,51.356415,1,3,3,2,05/04/2005,3,16:20,19,E09000006,5,0,Single carriageway,30,None,-1,0,None within 50 metres,No physical crossing within 50 meters,Daylight: Street light present,Fine without high winds,Dry,None,None,2,Yes,E01000749,2005
13087,200501PY20283,547080.0,168590.0,0.112849,51.397227,1,3,2,1,05/04/2005,3,07:41,19,E09000006,3,224,Single carriageway,30,None,-1,0,None within 50 metres,No physical crossing within 50 meters,Daylight: Street light present,Fine without high winds,Dry,None,None,1,Yes,E01000719,2005
13088,200501PY20284,543770.0,169900.0,0.065832,51.409847,1,3,3,1,06/04/2005,4,16:44,19,E09000006,3,222,Single carriageway,30,None,-1,0,None within 50 metres,No physical crossing within 50 meters,Daylight: Street light present,Fine without high winds,Dry,None,None,1,Yes,E01000696,2005
13089,200501PY20285,533970.0,170580.0,-0.074734,51.418356,1,2,1,1,08/04/2005,6,20:54,19,E09000006,3,214,Single carriageway,30,None,-1,0,None within 50 metres,No physical crossing within 50 meters,Darkness: Street lights present and lit,Fine without high winds,Dry,None,None,1,Yes,E01000746,2005
13090,200501PY20286,548400.0,167370.0,0.1313,51.385922,1,3,2,2,08/04/2005,6,21:38,19,E09000006,6,0,Single carriageway,30,None,-1,0,None within 50 metres,No physical crossing within 50 meters,Darkeness: No street lighting,Fine without high winds,Wet/Damp,None,None,2,Yes,E01000720,2005
13091,200501PY20288,534780.0,169300.0,-0.063578,51.406661,1,3,4,1,10/04/2005,1,04:53,19,E09000006,3,213,Single carriageway,30,Giveway or uncontrolled,6,0,None within 50 metres,non-junction pedestrian crossing,Darkness: Street lights present and lit,Fine without high winds,Dry,None,None,1,Yes,E01000699,2005
13092,200501PY20289,536650.0,169500.0,-0.036632,51.408012,1,3,2,1,11/04/2005,2,16:48,19,E09000006,3,234,Single carriageway,30,Giveway or uncontrolled,6,0,None within 50 metres,No physical crossing within 50 meters,Daylight: Street light present,Fine without high winds,Dry,None,None,1,Yes,E01000703,2005
13093,200501PY20290,537280.0,167620.0,-0.028306,51.390965,1,3,2,1,11/04/2005,2,17:18,19,E09000006,5,0,Single carriageway,30,None,-1,0,None within 50 metres,No physical crossing within 50 meters,Daylight: Street light present,Fine without high winds,Dry,None,None,1,Yes,E01000775,2005
13094,200501PY20291,546800.0,165310.0,0.107472,51.367827,1,3,2,2,11/04/2005,2,07:59,19,E09000006,6,0,Single carriageway,30,Giveway or uncontrolled,6,0,None within 50 metres,No physical crossing within 50 meters,Daylight: Street light present,Fine without high winds,Dry,None,None,1,Yes,E01000793,2005
13095,200501PY20292,547190.0,168430.0,0.114363,51.395761,1,3,2,1,11/04/2005,2,18:00,19,E09000006,4,258,Single carriageway,30,Giveway or uncontrolled,6,0,None within 50 metres,No physical crossing within 50 meters,Daylight: Street light present,Fine without high winds,Dry,None,None,1,Yes,E01000719,2005
13096,200501PY20293,537270.0,166080.0,-0.029044,51.377128,1,3,2,1,12/04/2005,3,12:50,20,E09000008,3,232,Single carriageway,30,Automatic traffic signal,5,0,None within 50 metres,Pedestrian phase at traffic signal junction,Daylight: Street light present,Fine without high winds,Dry,None,None,1,No,E01001135,2005
13097,200501PY20294,535280.0,170120.0,-0.056081,51.413911,1,3,2,1,12/04/2005,3,12:27,19,E09000006,6,0,Single carriageway,30,None,-1,0,None within 50 metres,No physical crossing within 50 meters,Daylight: Street light present,Fine without high winds,Dry,None,None,1,Yes,E01000798,2005
13098,200501PY20295,534590.0,169820.0,-0.066111,51.41138,1,3,2,1,12/04/2005,3,08:20,19,E09000006,3,214,Single carriageway,30,Giveway or uncontrolled,6,0,None within 50 metres,No physical crossing within 50 meters,Daylight: Street light present,Fine without high winds,Dry,None,None,1,Yes,E01000743,2005
13099,200501PY20296,540490.0,169380.0,0.018496,51.405996,1,3,2,1,12/04/2005,3,09:45,19,E09000006,3,21,Single carriageway,30,Automatic traffic signal,3,222,None within 50 metres,Pedestrian phase at traffic signal junction,Daylight: Street light present,Fine without high winds,Dry,None,None,1,Yes,E01000675,2005
13100,200501PY20297,541570.0,168730.0,0.033754,51.399886,1,3,3,1,13/04/2005,4,10:42,19,E09000006,4,265,Single carriageway,30,None,-1,0,None within 50 metres,No physical crossing within 50 meters,Daylight: Street light present,Raining without high winds,Wet/Damp,None,None,1,Yes,E01000648,2005
13101,200501PY20298,541380.0,167920.0,0.030702,51.392655,1,3,2,1,13/04/2005,4,08:10,19,E09000006,3,21,Single carriageway,30,Giveway or uncontrolled,6,0,None within 50 metres,No physical crossing within 50 meters,Daylight: Street light present,Fine without high winds,Dry,None,None,1,Yes,E01000668,2005
13102,200501PY20299,544340.0,170190.0,0.07414,51.412308,1,3,1,1,13/04/2005,4,09:20,19,E09000006,3,208,Single carriageway,30,Giveway or uncontrolled,3,222,None within 50 metres,No physical crossing within 50 meters,Daylight: Street light present,Raining without high winds,Wet/Damp,None,None,1,Yes,E01000696,2005
13103,200501PY20300,538780.0,169090.0,-0.006186,51.40381,1,3,2,1,13/04/2005,4,09:35,19,E09000006,6,0,Single carriageway,30,Giveway or uncontrolled,6,0,None within 50 metres,No physical crossing within 50 meters,Daylight: Street light present,Raining without high winds,Wet/Damp,None,None,1,Yes,E01000717,2005
13104,200501PY20301,539270.0,169290.0,0.000931,51.405488,1,3,2,1,15/04/2005,6,15:13,19,E09000006,5,0,Single carriageway,30,Giveway or uncontrolled,6,0,None within 50 metres,Pedestrian phase at traffic signal junction,Daylight: Street light present,Raining without high winds,Wet/Damp,None,None,1,Yes,E01000828,2005
13105,200501PY20302,542190.0,166330.0,0.0417,51.378165,1,3,3,1,13/04/2005,4,16:05,19,E09000006,3,233,Single carriageway,30,None,-1,0,None within 50 metres,No physical crossing within 50 meters,Daylight: Street light present,Fine without high winds,Dry,None,None,2,Yes,E01000661,2005
13106,200501PY20304,541360.0,171360.0,0.031785,51.423572,1,3,3,1,15/04/2005,6,14:45,19,E09000006,6,0,Single carriageway,30,None,-1,0,None within 50 metres,No physical crossing within 50 meters,Daylight: Street light present,Fine without high winds,Dry,None,None,1,No,E01000818,2005
13107,200501PY20305,541610.0,169800.0,0.034755,51.409491,1,3,2,1,16/04/2005,7,20:08,19,E09000006,5,0,Single carriageway,30,Giveway or uncontrolled,6,0,None within 50 metres,No physical crossing within 50 meters,Darkness: Street lights present and lit,Raining without high winds,Wet/Damp,None,None,1,Yes,E01000646,2005
13108,200501PY20306,546880.0,166210.0,0.108992,51.375893,1,3,2,1,16/04/2005,7,19:00,19,E09000006,3,224,Single carriageway,30,Giveway or uncontrolled,6,0,None within 50 metres,No physical crossing within 50 meters,Daylight: Street light present,Fine without high winds,Dry,None,None,1,Yes,E01000791,2005
13109,200501PY20307,533990.0,170550.0,-0.074458,51.418082,1,3,2,1,11/04/2005,2,18:15,19,E09000006,3,214,Single carriageway,30,Giveway or uncontrolled,6,0,None within 50 metres,non-junction pedestrian crossing,Daylight: Street light present,Fine without high winds,Dry,None,None,1,Yes,E01000746,2005
13110,200501PY20308,544990.0,170550.0,0.083627,51.415377,1,3,3,1,06/04/2005,4,10:37,19,E09000006,3,222,Single carriageway,30,Giveway or uncontrolled,6,0,None within 50 metres,No physical crossing within 50 meters,Daylight: Street light present,Raining without high winds,Wet/Damp,None,None,1,Yes,E01000693,2005
13111,200501PY20309,541910.0,158890.0,0.034716,51.311377,1,3,2,1,11/04/2005,2,23:20,19,E09000006,3,233,Single carriageway,30,None,-1,0,None within 50 metres,No physical crossing within 50 meters,Darkness: Street lights present and lit,Fine without high winds,Dry,None,None,1,Yes,E01000660,2005
13112,200501PY20310,538910.0,165130.0,-0.005866,51.368192,1,3,2,1,13/04/2005,4,08:45,19,E09000006,3,2022,Single carriageway,30,Giveway or uncontrolled,5,0,None within 50 metres,No physical crossing within 50 meters,Daylight: Street light present,Raining without high winds,Wet/Damp,None,None,1,Yes,E01000759,2005
13113,200501PY20311,537580.0,167150.0,-0.024179,51.386669,1,2,1,2,13/04/2005,4,17:52,19,E09000006,3,214,Single carriageway,30,Giveway or uncontrolled,4,230,None within 50 metres,No physical crossing within 50 meters,Daylight: Street light present,Raining without high winds,Wet/Damp,None,None,1,Yes,E01000775,2005
13114,200501PY20312,546450.0,169380.0,0.104125,51.404489,1,3,1,1,14/04/2005,5,17:10,19,E09000006,6,0,Single carriageway,30,Giveway or uncontrolled,6,0,None within 50 metres,No physical crossing within 50 meters,Daylight: Street light present,Fine without high winds,Dry,None,None,1,Yes,E01000729,2005
13115,200501PY20313,542230.0,158550.0,0.039168,51.308242,1,3,1,1,14/04/2005,5,20:50,19,E09000006,3,233,Single carriageway,30,None,-1,0,None within 50 metres,No physical crossing within 50 meters,Darkness: Street lights present and lit,Fine without high winds,Dry,None,None,1,Yes,E01000660,2005
13116,200501PY20314,538170.0,165960.0,-0.016168,51.375832,1,3,2,1,16/04/2005,7,17:44,19,E09000006,3,232,Single carriageway,30,Giveway or uncontrolled,6,0,None within 50 metres,No physical crossing within 50 meters,Daylight: Street light present,Fine without high winds,Dry,None,None,1,Yes,E01000841,2005
13117,200501PY20315,537450.0,167380.0,-0.025957,51.388767,1,2,2,1,16/04/2005,7,21:55,19,E09000006,3,214,Single carriageway,30,None,-1,0,None within 50 metres,No physical crossing within 50 meters,Darkness: Street lights present and lit,Fine without high winds,Dry,None,None,1,Yes,E01000775,2005
13118,200501PY20316,539250.0,167750.0,4e-05,51.391654,1,3,2,1,18/04/2005,2,07:10,19,E09000006,4,251,Single carriageway,30,Automatic traffic signal,4,228,None within 50 metres,Pedestrian phase at traffic signal junction,Daylight: Street light present,Raining without high winds,Wet/Damp,None,None,1,Yes,E01000833,2005
13119,200501PY20317,538270.0,165940.0,-0.01474,51.375628,1,3,2,2,18/04/2005,2,17:00,19,E09000006,3,232,Single carriageway,30,Automatic traffic signal,3,214,None within 50 metres,Pedestrian phase at traffic signal junction,Daylight: Street light present,Fine without high winds,Dry,None,None,1,Yes,E01000841,2005
13120,200501PY20318,537500.0,170090.0,-0.024189,51.413108,1,3,2,1,18/04/2005,2,06:53,19,E09000006,3,2015,Single carriageway,30,Giveway or uncontrolled,6,0,None within 50 metres,No physical crossing within 50 meters,Daylight: Street light present,Raining without high winds,Wet/Damp,None,None,1,Yes,E01000710,2005
13121,200501PY20319,542090.0,170290.0,0.041848,51.413775,1,3,2,2,18/04/2005,2,09:00,19,E09000006,5,0,Single carriageway,30,None,-1,0,None within 50 metres,No physical crossing within 50 meters,Daylight: Street light present,Fine without high winds,Wet/Damp,None,None,1,Yes,E01000653,2005
13122,200501PY20320,536930.0,169350.0,-0.032666,51.406596,1,3,2,1,18/04/2005,2,08:03,19,E09000006,3,222,Single carriageway,30,None,-1,0,None within 50 metres,No physical crossing within 50 meters,Daylight: Street light present,Raining without high winds,Wet/Damp,None,None,1,Yes,E01000703,2005
13123,200501PY20321,542020.0,169310.0,0.04045,51.404986,1,3,2,2,18/04/2005,2,08:45,19,E09000006,5,0,Single carriageway,30,Giveway or uncontrolled,6,0,None within 50 metres,No physical crossing within 50 meters,Daylight: Street light present,Raining without high winds,Wet/Damp,None,None,1,Yes,E01000645,2005
13124,200501PY20322,547250.0,168210.0,0.115133,51.393769,1,2,1,1,18/04/2005,2,15:24,19,E09000006,5,0,Single carriageway,30,Giveway or uncontrolled,6,0,None within 50 metres,No physical crossing within 50 meters,Daylight: Street light present,Fine without high winds,Dry,None,None,1,Yes,E01000721,2005
13125,200501PY20325,537150.0,169310.0,-0.029521,51.406184,1,3,2,2,18/04/2005,2,11:18,19,E09000006,5,0,Single carriageway,30,Giveway or uncontrolled,3,222,None within 50 metres,No physical crossing within 50 meters,Daylight: Street light present,Fine without high winds,Dry,None,None,1,Yes,E01000771,2005
13126,200501PY20326,540290.0,170020.0,0.015875,51.411796,1,3,2,2,19/04/2005,3,13:30,19,E09000006,6,0,Single carriageway,30,Giveway or uncontrolled,6,0,None within 50 metres,No physical crossing within 50 meters,Daylight: Street light present,Fine without high winds,Dry,None,None,1,Yes,E01000823,2005
13127,200501PY20327,538260.0,166390.0,-0.014708,51.379674,1,3,2,1,19/04/2005,3,12:46,19,E09000006,3,214,Single carriageway,30,Automatic traffic signal,5,0,None within 50 metres,Pedestrian phase at traffic signal junction,Daylight: Street light present,Fine without high winds,Wet/Damp,None,None,1,Yes,E01000835,2005
13128,200501PY20328,539240.0,167790.0,-8.7e-05,51.392015,1,3,1,1,21/04/2005,5,10:40,19,E09000006,4,251,Single carriageway,30,Automatic traffic signal,4,228,None within 50 metres,Pedestrian phase at traffic signal junction,Daylight: Street light present,Fine without high winds,Dry,None,None,1,No,E01000833,2005
13129,200501PY20329,540600.0,171740.0,0.021011,51.427176,1,2,1,1,22/04/2005,6,22:00,7,E09000023,3,2212,Single carriageway,30,None,-1,0,None within 50 metres,No physical crossing within 50 meters,Darkness: Street lights present and lit,Fine without high winds,Dry,None,None,1,Yes,E01003236,2005
13130,200501PY20330,539610.0,166640.0,0.004775,51.38159,1,3,1,2,22/04/2005,6,22:10,19,E09000006,4,251,Single carriageway,30,Giveway or uncontrolled,6,0,None within 50 metres,Central refuge,Darkness: Street lights present and lit,Fine without high winds,Dry,None,None,1,Yes,E01000766,2005
13131,200501PY20331,540520.0,169030.0,0.018788,51.402843,1,3,2,1,22/04/2005,6,10:50,19,E09000006,3,21,Dual carriageway,30,Automatic traffic signal,5,0,None within 50 metres,Pedestrian phase at traffic signal junction,Daylight: Street light present,Fine without high winds,Dry,None,None,1,Yes,E01000675,2005
13132,200501PY20332,542230.0,166440.0,0.042318,51.379143,1,3,2,1,19/04/2005,3,15:09,19,E09000006,3,233,Single carriageway,30,Giveway or uncontrolled,3,21,None within 50 metres,No physical crossing within 50 meters,Daylight: Street light present,Raining without high winds,Wet/Damp,None,None,2,Yes,E01000661,2005
13133,200501PY20333,541780.0,163270.0,0.034594,51.350769,1,3,2,2,24/04/2005,1,21:07,19,E09000006,3,233,Single carriageway,30,None,-1,0,None within 50 metres,No physical crossing within 50 meters,Darkness: Street lights present and lit,Raining without high winds,Wet/Damp,None,None,2,Yes,E01000666,2005
13134,200501PY20335,537950.0,168620.0,-0.018294,51.399789,1,3,2,1,19/04/2005,3,14:30,19,E09000006,4,230,Single carriageway,30,Giveway or uncontrolled,6,0,None within 50 metres,No physical crossing within 50 meters,Daylight: Street light present,Fine without high winds,Dry,None,None,1,Yes,E01000772,2005
13135,200501PY20336,535550.0,170180.0,-0.052178,51.414386,1,3,1,1,20/04/2005,4,11:00,19,E09000006,3,234,Single carriageway,30,None,-1,0,None within 50 metres,No physical crossing within 50 meters,Daylight: Street light present,Fine without high winds,Dry,None,None,1,Yes,E01000799,2005
13136,200501PY20337,534790.0,171160.0,-0.062728,51.423374,1,2,1,1,20/04/2005,4,08:40,19,E09000006,6,0,Single carriageway,30,Giveway or uncontrolled,6,0,None within 50 metres,No physical crossing within 50 meters,Daylight: Street light present,Fine without high winds,Dry,None,None,1,Yes,E01000745,2005
13137,200501PY20338,535820.0,169850.0,-0.048424,51.411356,1,3,1,1,20/04/2005,4,10:45,19,E09000006,3,234,Single carriageway,30,Automatic traffic signal,3,234,None within 50 metres,Pedestrian phase at traffic signal junction,Daylight: Street light present,Fine without high winds,Dry,None,None,1,No,E01000797,2005
13138,200501PY20339,540380.0,169580.0,0.016994,51.40782,1,3,2,1,21/04/2005,5,14:52,19,E09000006,3,21,Single carriageway,30,Automatic traffic signal,3,21,None within 50 metres,Pedestrian phase at traffic signal junction,Daylight: Street light present,Fine without high winds,Dry,None,None,1,Yes,E01000675,2005
13139,200501PY20340,544480.0,170090.0,0.076111,51.411374,1,3,1,1,21/04/2005,5,11:10,19,E09000006,3,208,Single carriageway,30,None,-1,0,None within 50 metres,No physical crossing within 50 meters,Daylight: Street light present,Fine without high winds,Dry,None,None,1,Yes,E01000693,2005
13140,200501PY20341,540120.0,161070.0,0.009906,51.331411,1,3,1,1,22/04/2005,6,09:50,19,E09000006,6,0,Single carriageway,30,None,-1,0,None within 50 metres,No physical crossing within 50 meters,Daylight: Street light present,Fine without high winds,Dry,None,None,2,Yes,E01000656,2005
13141,200501PY20342,539960.0,171330.0,0.01165,51.42365,1,3,2,2,24/04/2005,1,11:40,19,E09000006,6,0,Single carriageway,30,Giveway or uncontrolled,6,0,None within 50 metres,No physical crossing within 50 meters,Daylight: Street light present,Fine without high winds,Dry,None,None,1,Yes,E01000817,2005
13142,200501PY20343,545250.0,164140.0,0.084744,51.357711,1,3,1,1,25/04/2005,2,09:40,19,E09000006,4,2158,Roundabout,30,Giveway or uncontrolled,5,0,None within 50 metres,No physical crossing within 50 meters,Daylight: Street light present,Raining without high winds,Wet/Damp,None,None,1,Yes,E01000752,2005
13143,200501PY20344,547140.0,167330.0,0.113189,51.38589,1,3,2,1,26/04/2005,3,08:40,19,E09000006,5,0,Roundabout,30,Giveway or uncontrolled,5,0,None within 50 metres,No physical crossing within 50 meters,Daylight: Street light present,Fine without high winds,Dry,None,None,1,Yes,E01000725,2005
13144,200501PY20345,542540.0,168930.0,0.047769,51.401441,1,3,2,1,26/04/2005,3,07:31,19,E09000006,3,222,Single carriageway,30,None,-1,0,None within 50 metres,No physical crossing within 50 meters,Daylight: Street light present,Fine without high winds,Dry,None,None,1,Yes,E01000649,2005
13145,200501PY20346,541380.0,167920.0,0.030702,51.392655,1,3,1,1,26/04/2005,3,17:35,19,E09000006,6,0,Single carriageway,30,Giveway or uncontrolled,3,21,None within 50 metres,Zebra crossing,Daylight: Street light present,Fine without high winds,Dry,None,None,1,No,E01000668,2005
13146,200501PY20347,540990.0,165460.0,0.024124,51.370646,1,3,2,2,22/04/2005,6,10:20,19,E09000006,6,0,Single carriageway,30,None,-1,0,None within 50 metres,No physical crossing within 50 meters,Daylight: Street light present,Fine without high winds,Dry,None,None,2,Yes,E01000765,2005
13147,200501PY20348,540310.0,168940.0,0.015735,51.402086,1,3,1,1,28/04/2005,5,18:30,19,E09000006,5,0,Single carriageway,30,None,-1,0,None within 50 metres,Pedestrian phase at traffic signal junction,Daylight: Street light present,Fine without high winds,Dry,None,None,1,Yes,E01000675,2005
13148,200501PY20349,537570.0,169450.0,-0.023432,51.40734,1,2,5,2,28/04/2005,5,07:50,19,E09000006,3,222,Single carriageway,30,Giveway or uncontrolled,6,0,None within 50 metres,No physical crossing within 50 meters,Daylight: Street light present,Fine without high winds,Dry,None,None,1,Yes,E01000770,2005
13149,200501PY20350,535960.0,168380.0,-0.046975,51.398112,1,3,2,1,20/04/2005,4,10:51,19,E09000006,3,222,Single carriageway,30,Giveway or uncontrolled,3,222,None within 50 metres,Pedestrian phase at traffic signal junction,Daylight: Street light present,Fine without high winds,Dry,None,None,1,Yes,E01000776,2005
13150,200501PY20351,538270.0,165950.0,-0.014736,51.375717,1,3,3,1,22/04/2005,6,19:50,19,E09000006,3,232,Single carriageway,30,Automatic traffic signal,3,214,None within 50 metres,Pedestrian phase at traffic signal junction,Darkness: Street lights present and lit,Fine without high winds,Dry,None,None,1,Yes,E01000841,2005
13151,200501PY20352,546200.0,166160.0,0.099208,51.375619,1,3,2,2,29/04/2005,6,11:38,19,E09000006,3,223,Single carriageway,30,Giveway or uncontrolled,6,0,None within 50 metres,No physical crossing within 50 meters,Daylight: Street light present,Fine without high winds,Dry,None,None,1,Yes,E01000790,2005
13152,200501PY20353,534890.0,170630.0,-0.061492,51.418588,1,3,2,1,22/03/2005,3,14:03,19,E09000006,3,234,Single carriageway,30,Giveway or uncontrolled,5,0,None within 50 metres,No physical crossing within 50 meters,Daylight: Street light present,Fine without high winds,Dry,None,None,1,Yes,E01000745,2005
13153,200501PY20354,544020.0,170660.0,0.069733,51.416613,1,3,2,1,22/04/2005,6,12:11,19,E09000006,6,0,Single carriageway,30,Giveway or uncontrolled,4,263,None within 50 metres,No physical crossing within 50 meters,Daylight: Street light present,Fine without high winds,Dry,None,None,1,Yes,E01000696,2005
13154,200501PY20355,540490.0,168700.0,0.018227,51.399885,1,3,1,1,27/04/2005,4,13:30,19,E09000006,6,0,Single carriageway,30,None,-1,0,None within 50 metres,Pedestrian phase at traffic signal junction,Daylight: Street light present,Fine without high winds,Dry,None,None,1,Yes,E01000675,2005
13155,200501PY20356,546640.0,166830.0,0.105802,51.381526,1,3,2,2,29/04/2005,6,16:15,19,E09000006,3,223,Single carriageway,30,Giveway or uncontrolled,3,223,None within 50 metres,No physical crossing within 50 meters,Daylight: Street light present,Fine without high winds,Dry,None,None,1,Yes,E01000727,2005
13156,200501PY20357,543150.0,157860.0,0.052082,51.301811,1,3,2,2,29/04/2005,6,05:40,19,E09000006,3,233,Single carriageway,30,None,-1,0,None within 50 metres,No physical crossing within 50 meters,Daylight: Street light present,Fine without high winds,Dry,None,None,2,Yes,E01000748,2005
13157,200501PY20364,541550.0,163370.0,0.031333,51.351725,1,2,2,2,03/05/2005,3,12:31,19,E09000006,3,233,Single carriageway,30,None,-1,0,None within 50 metres,No physical crossing within 50 meters,Daylight: Street light present,Fine without high winds,Wet/Damp,None,None,2,Yes,E01000666,2005
13158,200501PY20365,539710.0,166370.0,0.006105,51.379139,1,3,2,1,04/05/2005,4,13:55,19,E09000006,4,251,Single carriageway,30,Giveway or uncontrolled,6,0,None within 50 metres,No physical crossing within 50 meters,Daylight: Street light present,Fine without high winds,Dry,None,None,1,Yes,E01000766,2005
13159,200501PY20366,535670.0,169970.0,-0.050534,51.41247,1,3,2,1,04/05/2005,4,16:14,19,E09000006,3,234,Single carriageway,30,Giveway or uncontrolled,6,0,None within 50 metres,Central refuge,Daylight: Street light present,Fine without high winds,Dry,None,None,1,Yes,E01000799,2005
13160,200501PY20367,543110.0,165090.0,0.054411,51.366791,1,3,2,1,06/05/2005,6,13:30,19,E09000006,3,232,Single carriageway,30,Giveway or uncontrolled,6,0,None within 50 metres,No physical crossing within 50 meters,Daylight: Street light present,Fine without high winds,Dry,None,None,1,No,E01000756,2005
13161,200501PY20368,540930.0,165510.0,0.023283,51.37111,1,3,3,2,08/04/2005,6,18:14,19,E09000006,6,0,Single carriageway,30,Giveway or uncontrolled,6,0,None within 50 metres,No physical crossing within 50 meters,Daylight: Street light present,Raining without high winds,Wet/Damp,None,None,2,Yes,E01000765,2005
13162,200501PY20369,539890.0,166280.0,0.008654,51.378286,1,3,2,1,07/05/2005,7,20:16,19,E09000006,4,251,Single carriageway,30,Giveway or uncontrolled,6,0,None within 50 metres,No physical crossing within 50 meters,Daylight: Street light present,Fine without high winds,Dry,None,None,1,Yes,E01000767,2005
13163,200501PY20371,535570.0,170130.0,-0.05191,51.413932,1,3,1,1,26/03/2005,7,13:40,19,E09000006,3,234,Single carriageway,30,Giveway or uncontrolled,3,213,None within 50 metres,No physical crossing within 50 meters,Daylight: Street light present,Fine without high winds,Dry,None,None,1,Yes,E01000799,2005
13164,200501PY20372,549200.0,169990.0,0.143889,51.409254,1,2,2,1,03/05/2005,3,22:19,19,E09000006,3,20,Dual carriageway,70,None,-1,0,None within 50 metres,No physical crossing within 50 meters,Darkeness: No street lighting,Fine without high winds,Dry,None,None,2,Yes,E01000720,2005
13165,200501PY20373,542010.0,165100.0,0.038624,51.367157,1,3,2,1,03/05/2005,3,07:20,19,E09000006,3,232,Single carriageway,30,Automatic traffic signal,3,233,None within 50 metres,Pedestrian phase at traffic signal junction,Daylight: Street light present,Fine without high winds,Wet/Damp,Ol or diesel,None,1,Yes,E01000666,2005
13166,200501PY20375,547280.0,164770.0,0.114139,51.36285,1,3,2,2,03/05/2005,3,14:04,19,E09000006,3,224,Single carriageway,30,Giveway or uncontrolled,6,0,None within 50 metres,No physical crossing within 50 meters,Daylight: Street light present,Fine without high winds,Dry,None,None,1,Yes,E01000685,2005
13167,200501PY20377,536240.0,169610.0,-0.042481,51.409099,1,3,2,1,05/05/2005,5,18:00,19,E09000006,3,234,Single carriageway,30,Giveway or uncontrolled,6,0,None within 50 metres,No physical crossing within 50 meters,Daylight: Street light present,Fine without high winds,Dry,None,None,1,No,E01000797,2005
13168,200501PY20378,541760.0,171960.0,0.037774,51.428864,1,3,2,2,07/05/2005,7,18:04,19,E09000006,5,0,Single carriageway,30,Giveway or uncontrolled,5,0,None within 50 metres,No physical crossing within 50 meters,Daylight: Street light present,Fine without high winds,Dry,None,None,1,Yes,E01003267,2005
13169,200501PY20379,541910.0,162950.0,0.036332,51.347861,1,2,1,4,08/05/2005,1,18:20,19,E09000006,3,233,Single carriageway,30,None,-1,0,None within 50 metres,No physical crossing within 50 meters,Daylight: Street light present,Fine without high winds,Wet/Damp,None,None,1,Yes,E01000666,2005
13170,200501PY20380,545160.0,164320.0,0.083525,51.359352,1,2,1,1,12/05/2005,5,18:00,19,E09000006,3,21,Single carriageway,30,None,-1,0,None within 50 metres,No physical crossing within 50 meters,Daylight: Street light present,Fine without high winds,Dry,None,None,1,Yes,E01000682,2005
13171,200501PY20381,544650.0,167390.0,0.077454,51.387069,1,3,1,1,09/05/2005,2,16:31,19,E09000006,5,0,Single carriageway,30,Giveway or uncontrolled,6,0,None within 50 metres,No physical crossing within 50 meters,Daylight: Street light present,Raining without high winds,Wet/Damp,None,None,1,Yes,E01000807,2005
13172,200501PY20383,541620.0,163580.0,0.032421,51.353595,1,2,2,1,10/05/2005,3,14:25,19,E09000006,3,233,Single carriageway,30,None,-1,0,None within 50 metres,No physical crossing within 50 meters,Daylight: Street light present,Raining without high winds,Wet/Damp,None,None,2,Yes,E01000666,2005
13173,200501PY20384,544800.0,167770.0,0.079763,51.390445,1,3,1,1,12/05/2005,5,15:25,19,E09000006,5,0,Single carriageway,30,Giveway or uncontrolled,5,0,None within 50 metres,No physical crossing within 50 meters,Daylight: Street light present,Fine without high winds,Dry,None,None,1,Yes,E01000810,2005
13174,200501PY20385,537240.0,169970.0,-0.027972,51.412093,1,3,1,1,13/05/2005,6,07:48,19,E09000006,6,0,Single carriageway,30,None,-1,0,None within 50 metres,No physical crossing within 50 meters,Daylight: Street light present,Fine without high winds,Dry,None,None,1,Yes,E01000711,2005
13175,200501PY20386,545850.0,165000.0,0.093707,51.365286,1,3,2,1,14/05/2005,7,08:40,19,E09000006,3,223,Single carriageway,30,Giveway or uncontrolled,6,0,None within 50 metres,No physical crossing within 50 meters,Daylight: Street light present,Fine without high winds,Dry,None,None,1,Yes,E01000683,2005
13176,200501PY20387,534480.0,169230.0,-0.067915,51.406104,1,3,2,1,14/05/2005,7,01:30,19,E09000006,6,0,Single carriageway,30,None,-1,0,None within 50 metres,No physical crossing within 50 meters,Darkness: Street lights present and lit,Fine without high winds,Dry,None,None,1,Yes,E01000744,2005
13177,200501PY20388,539650.0,161130.0,0.003188,51.332066,1,2,2,1,15/05/2005,1,16:30,19,E09000006,6,0,Single carriageway,30,Giveway or uncontrolled,6,0,None within 50 metres,No physical crossing within 50 meters,Daylight: Street light present,Fine without high winds,Dry,None,None,2,Yes,E01001081,2005
13178,200501PY20389,540380.0,168810.0,0.01669,51.400901,1,3,1,1,29/01/2005,7,14:09,19,E09000006,5,0,Single carriageway,30,Giveway or uncontrolled,6,0,None within 50 metres,non-junction pedestrian crossing,Daylight: Street light present,Fine without high winds,Dry,None,None,1,No,E01000675,2005
13179,200501PY20390,535530.0,170200.0,-0.052458,51.414571,1,3,1,1,05/05/2005,5,14:25,19,E09000006,3,234,Single carriageway,30,None,-1,0,None within 50 metres,No physical crossing within 50 meters,Daylight: Street light present,Fine without high winds,Dry,None,None,1,Yes,E01000799,2005
13180,200501PY20393,535610.0,170050.0,-0.051365,51.413204,1,3,1,1,13/05/2005,6,16:45,19,E09000006,6,0,Single carriageway,30,Giveway or uncontrolled,3,234,None within 50 metres,No physical crossing within 50 meters,Daylight: Street light present,Fine without high winds,Dry,None,None,1,Yes,E01000799,2005
13181,200501PY20394,535110.0,169870.0,-0.058619,51.411705,1,3,2,2,17/05/2005,3,16:38,19,E09000006,6,0,Single carriageway,30,Giveway or uncontrolled,6,0,None within 50 metres,No physical crossing within 50 meters,Daylight: Street light present,Fine without high winds,Dry,None,None,1,Yes,E01000798,2005
13182,200501PY20395,537600.0,167150.0,-0.023892,51.386664,1,3,2,1,03/05/2005,3,08:56,19,E09000006,4,230,Single carriageway,30,Giveway or uncontrolled,3,214,None within 50 metres,No physical crossing within 50 meters,Daylight: Street light present,Fine without high winds,Dry,None,None,1,Yes,E01000775,2005
13183,200501PY20396,546770.0,166920.0,0.107706,51.382302,1,2,2,1,03/05/2005,3,16:30,19,E09000006,3,223,Single carriageway,30,Automatic traffic signal,3,224,None within 50 metres,Pedestrian phase at traffic signal junction,Daylight: Street light present,Fine without high winds,Dry,None,None,1,Yes,E01000788,2005
13184,200501PY20397,543180.0,164860.0,0.055324,51.364707,1,3,2,1,06/05/2005,6,06:42,19,E09000006,3,21,Single carriageway,30,Giveway or uncontrolled,6,0,None within 50 metres,No physical crossing within 50 meters,Darkness: Street lights present but unlit,Fine without high winds,Dry,None,None,1,Yes,E01000667,2005
13185,200501PY20398,542010.0,166920.0,0.039351,51.383512,1,3,2,1,11/05/2005,4,19:50,19,E09000006,3,21,Single carriageway,30,Giveway or uncontrolled,6,0,None within 50 metres,No physical crossing within 50 meters,Daylight: Street light present,Fine without high winds,Dry,None,None,2,Yes,E01000661,2005
13186,200501PY20400,535570.0,170700.0,-0.051692,51.419054,1,3,2,1,15/05/2005,1,10:41,19,E09000006,3,213,Single carriageway,30,Giveway or uncontrolled,6,0,None within 50 metres,No physical crossing within 50 meters,Daylight: Street light present,Fine without high winds,Dry,None,None,1,Yes,E01000802,2005
13187,200501PY20401,543700.0,171010.0,0.065276,51.419839,1,3,2,1,16/05/2005,2,12:33,19,E09000006,3,208,Single carriageway,30,Giveway or uncontrolled,5,0,None within 50 metres,No physical crossing within 50 meters,Daylight: Street light present,Fine without high winds,Dry,None,None,1,Yes,E01000692,2005
13188,200501PY20402,535430.0,170320.0,-0.053849,51.415673,1,3,1,1,16/05/2005,2,12:50,19,E09000006,3,234,Single carriageway,30,Giveway or uncontrolled,6,0,None within 50 metres,No physical crossing within 50 meters,Daylight: Street light present,Fine without high winds,Dry,None,None,1,Yes,E01000799,2005
13189,200501PY20404,548790.0,162990.0,0.135069,51.346463,1,3,3,2,06/05/2005,6,16:30,19,E09000006,3,21,Dual carriageway,50,None,-1,0,None within 50 metres,No physical crossing within 50 meters,Daylight: Street light present,Fine without high winds,Dry,None,None,2,Yes,E01000680,2005
13190,200501PY20406,535990.0,168390.0,-0.04654,51.398195,1,3,2,1,12/05/2005,5,08:32,19,E09000006,3,222,Single carriageway,30,Giveway or uncontrolled,3,222,None within 50 metres,No physical crossing within 50 meters,Daylight: Street light present,Fine without high winds,Dry,None,None,1,Yes,E01000776,2005
13191,200501PY20407,538320.0,166450.0,-0.013823,51.380198,1,3,2,1,13/05/2005,6,20:00,19,E09000006,5,0,Single carriageway,30,None,-1,0,None within 50 metres,No physical crossing within 50 meters,Darkness: Street lights present and lit,Fine without high winds,Dry,None,None,1,No,E01000832,2005
13192,200501PY20408,544500.0,165840.0,0.07467,51.373179,1,3,2,2,15/05/2005,1,15:12,19,E09000006,3,232,Single carriageway,30,Giveway or uncontrolled,6,0,None within 50 metres,No physical crossing within 50 meters,Daylight: Street light present,Fine without high winds,Dry,None,None,1,Yes,E01000757,2005
13193,200501PY20409,535330.0,169040.0,-0.055774,51.404194,1,3,2,1,17/05/2005,3,08:45,19,E09000006,3,214,Single carriageway,30,Giveway or uncontrolled,6,0,None within 50 metres,No physical crossing within 50 meters,Daylight: Street light present,Fine without high winds,Dry,None,None,1,No,E01000704,2005
13194,200501PY20410,542040.0,166860.0,0.039758,51.382965,1,3,1,1,18/05/2005,4,14:30,19,E09000006,3,21,Single carriageway,30,Giveway or uncontrolled,6,0,None within 50 metres,No physical crossing within 50 meters,Daylight: Street light present,Fine without high winds,Dry,None,None,2,Yes,E01000661,2005
13195,200501PY20412,545850.0,165000.0,0.093707,51.365286,1,3,2,1,19/05/2005,5,08:20,19,E09000006,3,223,Single carriageway,30,Giveway or uncontrolled,6,0,None within 50 metres,No physical crossing within 50 meters,Daylight: Street light present,Fine without high winds,Dry,None,None,1,No,E01000683,2005
13196,200501PY20413,546090.0,165040.0,0.097169,51.365584,1,3,2,1,21/05/2005,7,15:50,19,E09000006,6,0,Single carriageway,30,None,-1,0,None within 50 metres,No physical crossing within 50 meters,Daylight: Street light present,Fine without high winds,Dry,None,None,1,Yes,E01000794,2005
13197,200501PY20414,541690.0,168180.0,0.035258,51.394914,1,3,2,1,22/05/2005,1,11:58,19,E09000006,6,0,Single carriageway,30,Giveway or uncontrolled,6,0,None within 50 metres,No physical crossing within 50 meters,Daylight: Street light present,Fine without high winds,Dry,None,None,1,Yes,E01000668,2005
13198,200501PY20415,535120.0,169880.0,-0.058472,51.411793,1,2,1,1,04/05/2005,4,07:12,19,E09000006,6,0,Single carriageway,30,Giveway or uncontrolled,6,0,None within 50 metres,No physical crossing within 50 meters,Daylight: Street light present,Fine without high winds,Dry,None,None,1,Yes,E01000798,2005
13199,200501PY20416,539960.0,169660.0,0.010991,51.408643,1,3,2,2,25/05/2005,4,23:40,19,E09000006,3,21,Single carriageway,30,Automatic traffic signal,3,21,None within 50 metres,Pedestrian phase at traffic signal junction,Darkness: Street lights present and lit,Fine without high winds,Dry,None,None,1,No,E01000676,2005
13200,200501PY20417,534000.0,170540.0,-0.074318,51.41799,1,2,2,3,22/05/2005,1,04:00,19,E09000006,3,214,Single carriageway,30,Giveway or uncontrolled,6,0,None within 50 metres,No physical crossing within 50 meters,Darkness: Street lights present and lit,Fine without high winds,Dry,None,None,1,Yes,E01000746,2005
13201,200501PY20418,545770.0,165030.0,0.092571,51.365576,1,3,1,1,10/05/2005,3,15:30,19,E09000006,6,0,Single carriageway,30,None,-1,0,None within 50 metres,No physical crossing within 50 meters,Daylight: Street light present,Fine without high winds,Dry,None,None,1,Yes,E01000683,2005
13202,200501PY20419,546780.0,166880.0,0.107833,51.38194,1,3,2,1,13/05/2005,6,22:30,19,E09000006,3,224,Single carriageway,30,Automatic traffic signal,3,223,None within 50 metres,Pedestrian phase at traffic signal junction,Darkness: Street lights present and lit,Fine without high winds,Dry,None,None,1,Yes,E01000788,2005
13203,200501PY20420,548080.0,162890.0,0.12484,51.345749,1,3,2,1,13/05/2005,6,12:10,19,E09000006,3,21,Dual carriageway,50,Giveway or uncontrolled,6,0,None within 50 metres,No physical crossing within 50 meters,Daylight: Street light present,Fine without high winds,Dry,None,None,2,Yes,E01024439,2005
13204,200501PY20421,541220.0,158620.0,0.024715,51.309123,1,3,2,1,16/05/2005,2,18:10,19,E09000006,6,0,Single carriageway,30,None,-1,0,None within 50 metres,No physical crossing within 50 meters,Daylight: Street light present,Fine without high winds,Dry,None,None,1,Yes,E01000659,2005
13205,200501PY20422,534920.0,169410.0,-0.061525,51.407617,1,3,1,1,25/05/2005,4,12:50,19,E09000006,3,213,Single carriageway,30,None,-1,0,None within 50 metres,No physical crossing within 50 meters,Daylight: Street light present,Fine without high winds,Dry,None,None,1,Yes,E01000699,2005
13206,200501PY20423,545000.0,164420.0,0.08127,51.360291,1,3,2,1,26/05/2005,5,08:57,19,E09000006,3,21,Single carriageway,40,None,-1,0,None within 50 metres,No physical crossing within 50 meters,Daylight: Street light present,Fine without high winds,Dry,None,None,1,Yes,E01000682,2005
13207,200501PY20424,546670.0,169230.0,0.107224,51.403084,1,3,2,1,28/05/2005,7,18:30,19,E09000006,6,0,Single carriageway,30,Giveway or uncontrolled,6,0,None within 50 metres,No physical crossing within 50 meters,Daylight: Street light present,Fine without high winds,Dry,None,None,1,No,E01000729,2005
13208,200501PY20426,536020.0,168400.0,-0.046106,51.398278,1,3,2,1,24/05/2005,3,13:38,19,E09000006,3,222,Single carriageway,30,None,-1,0,None within 50 metres,No physical crossing within 50 meters,Daylight: Street light present,Raining without high winds,Wet/Damp,None,None,1,Yes,E01000776,2005
13209,200501PY20427,532600.0,172470.0,-0.093718,51.435663,1,3,2,1,31/01/2005,2,08:50,9,E09000022,6,0,Roundabout,30,Giveway or uncontrolled,6,0,None within 50 metres,No physical crossing within 50 meters,Daylight: Street light present,Fine without high winds,Dry,None,None,1,No,E01003165,2005
13210,200501PY20428,540170.0,169690.0,0.01402,51.40886,1,2,1,1,27/05/2005,6,14:25,19,E09000006,3,21,Single carriageway,30,Giveway or uncontrolled,3,2212,None within 50 metres,Zebra crossing,Daylight: Street light present,Fine without high winds,Dry,None,None,1,Yes,E01000676,2005
13211,200501PY20429,540180.0,169700.0,0.014168,51.408948,1,3,1,1,27/05/2005,6,15:00,19,E09000006,3,21,Single carriageway,30,Automatic traffic signal,3,2212,None within 50 metres,Pedestrian phase at traffic signal junction,Daylight: Street light present,Fine without high winds,Dry,None,None,1,No,E01000676,2005
13212,200501PY20430,544020.0,170660.0,0.069733,51.416613,1,3,2,1,23/05/2005,2,15:50,19,E09000006,6,0,Roundabout,30,Giveway or uncontrolled,4,263,None within 50 metres,No physical crossing within 50 meters,Daylight: Street light present,Fine without high winds,Dry,None,None,1,Yes,E01000696,2005
13213,200501PY20431,539360.0,169370.0,0.002256,51.406184,1,3,2,1,02/06/2005,5,18:45,19,E09000006,3,222,Single carriageway,30,Automatic traffic signal,6,0,None within 50 metres,Pedestrian phase at traffic signal junction,Daylight: Street light present,Fine without high winds,Dry,None,None,1,No,E01000677,2005
13214,200501PY20434,536760.0,169480.0,-0.035059,51.407805,1,3,2,1,26/05/2005,5,14:35,19,E09000006,3,234,Single carriageway,30,Giveway or uncontrolled,6,0,None within 50 metres,No physical crossing within 50 meters,Daylight: Street light present,Fine without high winds,Dry,None,None,1,Yes,E01000703,2005
13215,200501PY20435,546100.0,165920.0,0.097674,51.373488,1,3,2,1,29/05/2005,1,19:07,19,E09000006,3,223,Single carriageway,30,None,-1,0,None within 50 metres,No physical crossing within 50 meters,Daylight: Street light present,Fine without high winds,Dry,None,None,1,Yes,E01000790,2005
13216,200501PY20436,534990.0,169470.0,-0.060496,51.408139,1,2,2,1,26/05/2005,5,19:01,19,E09000006,3,213,Single carriageway,30,Giveway or uncontrolled,6,0,None within 50 metres,No physical crossing within 50 meters,Daylight: Street light present,Fine without high winds,Dry,None,None,1,Yes,E01000743,2005
13217,200501PY20437,545730.0,168810.0,0.093547,51.399552,1,3,2,2,23/05/2005,2,15:41,19,E09000006,5,0,Single carriageway,30,Giveway or uncontrolled,6,0,None within 50 metres,No physical crossing within 50 meters,Daylight: Street light present,Fine without high winds,Dry,None,None,1,Yes,E01000698,2005
13218,200501PY20438,533460.0,170490.0,-0.082098,51.417668,1,3,2,1,23/05/2005,2,08:55,20,E09000008,5,0,Single carriageway,30,None,-1,0,None within 50 metres,No physical crossing within 50 meters,Daylight: Street light present,Fine without high winds,Dry,None,None,1,Yes,E01001164,2005
13219,200501PY20439,535040.0,169510.0,-0.059762,51.408487,1,2,2,1,26/05/2005,5,18:23,19,E09000006,3,213,Single carriageway,30,Automatic traffic signal,3,214,None within 50 metres,Pedestrian phase at traffic signal junction,Daylight: Street light present,Fine without high winds,Dry,None,None,1,Yes,E01000743,2005
13220,200501PY20440,544930.0,170530.0,0.082757,51.415213,1,3,3,2,28/05/2005,7,13:22,19,E09000006,3,222,Single carriageway,30,None,-1,0,None within 50 metres,No physical crossing within 50 meters,Daylight: Street light present,Fine without high winds,Dry,None,None,1,Yes,E01000693,2005
13221,200501PY20441,533780.0,170720.0,-0.077412,51.419659,1,3,2,1,07/04/2005,5,19:05,19,E09000006,3,214,Single carriageway,30,Giveway or uncontrolled,6,0,None within 50 metres,No physical crossing within 50 meters,Darkness: Street lights present and lit,Fine without high winds,Dry,None,None,1,Yes,E01000740,2005
13222,200501PY20442,546770.0,166910.0,0.107702,51.382212,1,3,2,1,01/06/2005,4,11:45,19,E09000006,3,224,Single carriageway,30,Automatic traffic signal,3,223,None within 50 metres,Pedestrian phase at traffic signal junction,Daylight: Street light present,Fine without high winds,Dry,None,None,1,Yes,E01000788,2005
13223,200501PY20443,544410.0,167430.0,0.074024,51.387489,1,2,2,1,03/05/2005,3,11:20,19,E09000006,5,0,Single carriageway,30,Giveway or uncontrolled,6,0,None within 50 metres,No physical crossing within 50 meters,Daylight: Street light present,Fine without high winds,Dry,None,None,1,Yes,E01000813,2005
13224,200501PY20444,546820.0,167570.0,0.108692,51.388129,1,3,2,2,30/05/2005,2,11:30,19,E09000006,5,0,Single carriageway,30,Giveway or uncontrolled,6,0,None within 50 metres,No physical crossing within 50 meters,Daylight: Street light present,Raining without high winds,Wet/Damp,None,None,1,Yes,E01000722,2005
13225,200501PY20445,534330.0,170090.0,-0.069745,51.413868,1,3,2,1,28/05/2005,7,08:34,19,E09000006,3,214,Single carriageway,30,Giveway or uncontrolled,6,0,None within 50 metres,No physical crossing within 50 meters,Daylight: Street light present,Fine without high winds,Dry,None,None,1,Yes,E01000740,2005
13226,200501PY20446,543650.0,167320.0,0.063064,51.386694,1,3,4,1,25/05/2005,4,18:25,19,E09000006,6,0,Single carriageway,30,Giveway or uncontrolled,6,0,None within 50 metres,No physical crossing within 50 meters,Daylight: Street light present,Fine without high winds,Dry,None,None,1,Yes,E01000663,2005
13227,200501PY20447,543950.0,163390.0,0.065782,51.351303,1,3,1,1,24/05/2005,3,16:39,19,E09000006,5,0,Single carriageway,30,Giveway or uncontrolled,5,0,None within 50 metres,No physical crossing within 50 meters,Daylight: Street light present,Fine without high winds,Dry,None,None,2,Yes,E01000751,2005
13228,200501PY20448,543740.0,171470.0,0.066037,51.423962,1,3,3,1,28/05/2005,7,20:30,19,E09000006,4,263,Single carriageway,30,Giveway or uncontrolled,6,0,None within 50 metres,No physical crossing within 50 meters,Daylight: Street light present,Fine without high winds,Dry,None,None,1,Yes,E01000691,2005
13229,200501PY20452,533460.0,170300.0,-0.082169,51.41596,1,3,2,1,15/04/2005,6,11:15,20,E09000008,3,212,Single carriageway,30,Giveway or uncontrolled,6,0,None within 50 metres,No physical crossing within 50 meters,Daylight: Street light present,Fine without high winds,Dry,None,None,1,No,E01001137,2005
13230,200501PY20453,535840.0,169840.0,-0.048141,51.411261,1,2,1,2,06/06/2005,2,21:56,19,E09000006,3,234,Single carriageway,30,Automatic traffic signal,5,0,None within 50 metres,Pedestrian phase at traffic signal junction,Darkness: Street lights present and lit,Fine without high winds,Dry,None,None,1,Yes,E01000797,2005
13231,200501PY20454,543150.0,165130.0,0.055002,51.36714,1,3,2,1,23/05/2005,2,10:30,19,E09000006,6,0,Single carriageway,30,Giveway or uncontrolled,3,232,None within 50 metres,No physical crossing within 50 meters,Daylight: Street light present,Fine without high winds,Dry,None,None,1,Yes,E01000756,2005
13232,200501PY20456,543180.0,164860.0,0.055324,51.364707,1,2,3,1,28/05/2005,7,11:15,19,E09000006,3,21,Single carriageway,30,Giveway or uncontrolled,6,0,None within 50 metres,No physical crossing within 50 meters,Daylight: Street light present,Fine without high winds,Dry,None,None,1,Yes,E01000667,2005
13233,200501PY20457,543210.0,165180.0,0.055883,51.367575,1,3,1,1,05/06/2005,1,15:05,19,E09000006,3,232,Single carriageway,30,None,-1,0,None within 50 metres,Pedestrian phase at traffic signal junction,Daylight: Street light present,Fine without high winds,Dry,None,None,1,Yes,E01000756,2005
13234,200501PY20458,537800.0,169440.0,-0.020131,51.407194,1,3,1,1,02/06/2005,5,09:52,19,E09000006,3,222,Single carriageway,30,Automatic traffic signal,3,222,None within 50 metres,Pedestrian phase at traffic signal junction,Daylight: Street light present,Fine without high winds,Dry,None,None,1,Yes,E01000715,2005
13235,200501PY20460,541390.0,164320.0,0.029414,51.360302,1,3,2,3,03/06/2005,6,18:25,19,E09000006,4,265,Single carriageway,30,Giveway or uncontrolled,6,0,None within 50 metres,No physical crossing within 50 meters,Daylight: Street light present,Raining without high winds,Wet/Damp,None,None,1,Yes,E01000666,2005
13236,200501PY20461,546160.0,166050.0,0.098589,51.374641,1,3,2,1,08/05/2005,1,10:40,19,E09000006,3,223,Single carriageway,30,Giveway or uncontrolled,6,0,None within 50 metres,non-junction pedestrian crossing,Daylight: Street light present,Fine without high winds,Dry,None,None,1,Yes,E01000790,2005
13237,200501PY20462,545540.0,167070.0,0.090105,51.383966,1,3,2,1,12/06/2005,1,15:30,19,E09000006,5,0,Single carriageway,30,Giveway or uncontrolled,3,208,None within 50 metres,No physical crossing within 50 meters,Daylight: Street light present,Fine without high winds,Dry,None,None,1,No,E01000808,2005
13238,200501PY20463,539430.0,167350.0,0.002468,51.388015,1,3,2,2,05/06/2005,1,18:15,19,E09000006,4,251,Single carriageway,30,Automatic traffic signal,5,0,None within 50 metres,No physical crossing within 50 meters,Daylight: Street light present,Fine without high winds,Dry,None,None,1,Yes,E01000833,2005
13239,200501PY20464,535750.0,169910.0,-0.049407,51.411912,1,3,1,1,27/05/2005,6,14:50,19,E09000006,3,234,Single carriageway,30,None,-1,0,None within 50 metres,No physical crossing within 50 meters,Daylight: Street light present,Fine without high winds,Dry,None,None,1,No,E01000799,2005
13240,200501PY20465,538260.0,166390.0,-0.014708,51.379674,1,3,2,1,31/05/2005,3,12:10,19,E09000006,3,214,Single carriageway,30,Automatic traffic signal,5,0,None within 50 metres,Pedestrian phase at traffic signal junction,Daylight: Street light present,Fine without high winds,Dry,None,None,1,Yes,E01000835,2005
13241,200501PY20467,546080.0,166840.0,0.097765,51.381761,1,3,2,1,03/06/2005,6,20:00,19,E09000006,6,0,Single carriageway,30,None,-1,0,None within 50 metres,No physical crossing within 50 meters,Darkness: Street lights present and lit,Fine without high winds,Dry,None,None,1,No,E01000727,2005
13242,200501PY20468,542550.0,171960.0,0.04913,51.428666,1,3,2,1,13/06/2005,2,19:20,19,E09000006,5,0,Single carriageway,30,Giveway or uncontrolled,6,0,None within 50 metres,No physical crossing within 50 meters,Daylight: Street light present,Fine without high winds,Dry,None,None,1,Yes,E01000781,2005
13243,200501PY20470,535950.0,168380.0,-0.047119,51.398115,1,3,2,1,31/05/2005,3,06:00,19,E09000006,3,222,Single carriageway,30,Automatic traffic signal,3,214,None within 50 metres,Pedestrian phase at traffic signal junction,Daylight: Street light present,Fine without high winds,Dry,None,None,1,No,E01000776,2005
13244,200501PY20471,542050.0,164580.0,0.038991,51.362474,1,2,1,1,08/06/2005,4,19:00,19,E09000006,3,233,Single carriageway,30,Giveway or uncontrolled,6,0,None within 50 metres,No physical crossing within 50 meters,Daylight: Street light present,Fine without high winds,Dry,None,None,1,Yes,E01000666,2005
13245,200501PY20472,546380.0,169190.0,0.103041,51.4028,1,3,3,1,08/05/2005,1,03:45,19,E09000006,6,0,Single carriageway,30,None,-1,0,None within 50 metres,No physical crossing within 50 meters,Darkness: Street lights present and lit,Fine without high winds,Dry,None,None,1,Yes,E01000737,2005
13246,200501PY20474,538440.0,165590.0,-0.012435,51.372441,1,3,2,1,17/06/2005,6,19:00,19,E09000006,5,0,Single carriageway,30,Giveway or uncontrolled,6,0,None within 50 metres,No physical crossing within 50 meters,Daylight: Street light present,Fine without high winds,Dry,None,None,1,No,E01000841,2005
13247,200501PY20475,540410.0,169010.0,0.0172,51.402691,1,3,1,1,17/06/2005,6,08:38,19,E09000006,5,0,Single carriageway,30,None,-1,0,None within 50 metres,Pedestrian phase at traffic signal junction,Daylight: Street light present,Fine without high winds,Dry,None,None,1,No,E01000675,2005
13248,200501PY20476,537720.0,166960.0,-0.022242,51.384927,1,3,2,1,16/06/2005,5,15:45,19,E09000006,3,214,Single carriageway,30,None,-1,0,None within 50 metres,No physical crossing within 50 meters,Daylight: Street light present,Fine without high winds,Dry,None,None,1,No,E01000837,2005
13249,200501PY20477,546780.0,167590.0,0.108126,51.388319,1,3,1,1,20/06/2005,2,13:30,19,E09000006,5,0,Single carriageway,30,None,-1,0,None within 50 metres,No physical crossing within 50 meters,Daylight: Street light present,Fine without high winds,Dry,None,None,1,No,E01000722,2005
13250,200501PY20479,542890.0,158310.0,0.048535,51.30592,1,3,2,3,15/06/2005,4,14:00,19,E09000006,3,233,Single carriageway,30,None,-1,0,None within 50 metres,No physical crossing within 50 meters,Daylight: Street light present,Fine without high winds,Dry,None,None,1,Yes,E01000748,2005
13251,200501PY20480,541530.0,159390.0,0.029465,51.315965,1,3,2,2,14/06/2005,3,09:00,19,E09000006,6,0,Single carriageway,30,None,-1,0,None within 50 metres,No physical crossing within 50 meters,Daylight: Street light present,Fine without high winds,Dry,None,None,1,Yes,E01000657,2005
13252,200501PY20481,541350.0,161360.0,0.027665,51.333713,1,3,2,2,19/06/2005,1,19:30,19,E09000006,3,233,Single carriageway,30,None,-1,0,None within 50 metres,No physical crossing within 50 meters,Daylight: Street light present,Fine without high winds,Dry,None,None,1,No,E01000747,2005
13253,200501PY20482,536680.0,168810.0,-0.036466,51.401804,1,3,1,1,11/06/2005,7,17:25,19,E09000006,6,0,Single carriageway,30,None,-1,0,None within 50 metres,No physical crossing within 50 meters,Daylight: Street light present,Fine without high winds,Dry,None,None,1,Yes,E01000771,2005
13254,200501PY20483,547040.0,169920.0,0.112825,51.409189,1,3,1,1,07/05/2005,7,18:57,19,E09000006,3,224,Single carriageway,30,Giveway or uncontrolled,6,0,None within 50 metres,Zebra crossing,Daylight: Street light present,Fine without high winds,Dry,None,None,1,Yes,E01000738,2005
13255,200501PY20484,546820.0,167570.0,0.108692,51.388129,1,3,2,1,15/06/2005,4,19:20,19,E09000006,5,0,Single carriageway,30,Giveway or uncontrolled,6,0,None within 50 metres,No physical crossing within 50 meters,Daylight: Street light present,Fine without high winds,Dry,None,None,1,Yes,E01000722,2005
13256,200501PY20485,546200.0,165880.0,0.099093,51.373103,1,3,2,1,15/06/2005,4,20:20,19,E09000006,3,232,Single carriageway,30,Giveway or uncontrolled,6,0,None within 50 metres,No physical crossing within 50 meters,Darkness: Street lights present and lit,Fine without high winds,Dry,None,None,1,Yes,E01000788,2005
13257,200501PY20486,544450.0,164600.0,0.073448,51.362049,1,3,2,1,17/06/2005,6,16:20,19,E09000006,3,21,Dual carriageway,40,None,-1,0,None within 50 metres,No physical crossing within 50 meters,Daylight: Street light present,Fine without high winds,Dry,None,None,1,Yes,E01000752,2005
13258,200501PY20487,547040.0,168480.0,0.112229,51.396249,1,3,3,1,13/06/2005,2,07:32,19,E09000006,3,224,Single carriageway,30,Automatic traffic signal,5,0,None within 50 metres,Pedestrian phase at traffic signal junction,Daylight: Street light present,Fine without high winds,Dry,None,None,1,Yes,E01000730,2005
13259,200501PY20488,546050.0,169590.0,0.098465,51.406479,1,3,1,1,14/06/2005,3,14:05,19,E09000006,6,0,Single carriageway,30,None,-1,0,None within 50 metres,No physical crossing within 50 meters,Daylight: Street light present,Fine without high winds,Dry,None,None,1,Yes,E01000737,2005
13260,200501PY20489,535410.0,169900.0,-0.054297,51.411903,1,3,1,1,05/06/2005,1,01:10,19,E09000006,3,213,Single carriageway,30,None,-1,0,None within 50 metres,No physical crossing within 50 meters,Darkness: Street lights present and lit,Fine without high winds,Dry,None,None,1,Yes,E01000798,2005
13261,200501PY20492,548950.0,163040.0,0.137385,51.34687,1,2,1,1,14/05/2005,7,19:22,19,E09000006,1,25,Roundabout,50,Giveway or uncontrolled,6,0,None within 50 metres,No physical crossing within 50 meters,Daylight: Street light present,Fine without high winds,Dry,None,None,2,Yes,E01000680,2005
13262,200501PY20493,536360.0,168490.0,-0.041187,51.399005,1,3,2,1,12/06/2005,1,15:45,19,E09000006,3,222,Single carriageway,30,Giveway or uncontrolled,5,0,None within 50 metres,No physical crossing within 50 meters,Daylight: Street light present,Fine without high winds,Dry,None,None,1,Yes,E01000774,2005
13263,200501PY20494,546400.0,170250.0,0.103766,51.41232,1,2,1,1,13/06/2005,2,20:00,19,E09000006,6,0,Single carriageway,30,Giveway or uncontrolled,6,0,None within 50 metres,No physical crossing within 50 meters,Daylight: Street light present,Fine without high winds,Dry,None,None,1,Yes,E01000735,2005
13264,200501PY20495,547870.0,164270.0,0.1224,51.358204,1,2,2,1,20/06/2005,2,07:56,19,E09000006,3,224,Single carriageway,30,Giveway or uncontrolled,6,0,None within 50 metres,No physical crossing within 50 meters,Daylight: Street light present,Raining without high winds,Wet/Damp,None,None,2,Yes,E01000680,2005
13265,200501PY20496,546180.0,165430.0,0.098621,51.369065,1,3,1,3,14/06/2005,3,22:15,19,E09000006,6,0,Single carriageway,30,None,-1,0,None within 50 metres,No physical crossing within 50 meters,Darkness: Street lights present and lit,Fine without high winds,Dry,None,None,1,Yes,E01000794,2005
13266,200501PY20497,536930.0,169340.0,-0.03267,51.406506,1,3,2,1,08/06/2005,4,14:30,19,E09000006,3,222,Single carriageway,30,None,-1,0,None within 50 metres,No physical crossing within 50 meters,Daylight: Street light present,Fine without high winds,Dry,None,None,1,Yes,E01000714,2005
13267,200501PY20498,539580.0,165390.0,0.003853,51.370365,1,3,2,1,23/06/2005,5,17:40,19,E09000006,3,232,Single carriageway,30,Giveway or uncontrolled,6,0,None within 50 metres,No physical crossing within 50 meters,Daylight: Street light present,Fine without high winds,Dry,None,None,1,No,E01000760,2005
13268,200501PY20499,543200.0,171540.0,0.058304,51.424728,1,3,2,1,20/06/2005,2,16:08,19,E09000006,3,208,Single carriageway,30,Giveway or uncontrolled,6,0,None within 50 metres,No physical crossing within 50 meters,Daylight: Street light present,Fine without high winds,Dry,None,None,1,Yes,E01000691,2005
13269,200501PY20500,542410.0,168640.0,0.045785,51.398867,1,3,2,1,26/06/2005,1,02:55,19,E09000006,5,0,Roundabout,30,Giveway or uncontrolled,6,0,None within 50 metres,No physical crossing within 50 meters,Darkness: Street lights present and lit,Fine without high winds,Dry,None,None,1,No,E01000651,2005
13270,200501PY20501,542030.0,165100.0,0.038911,51.367152,1,3,1,1,08/06/2005,4,15:29,19,E09000006,3,232,Single carriageway,30,Automatic traffic signal,3,233,None within 50 metres,Pedestrian phase at traffic signal junction,Daylight: Street light present,Fine without high winds,Dry,None,None,1,Yes,E01000666,2005
13271,200501PY20502,541610.0,167680.0,0.03391,51.390441,1,3,2,1,20/06/2005,2,20:20,19,E09000006,3,21,Single carriageway,30,Giveway or uncontrolled,6,0,None within 50 metres,No physical crossing within 50 meters,Daylight: Street light present,Fine without high winds,Dry,None,None,1,No,E01000668,2005
13272,200501PY20503,535340.0,169810.0,-0.055337,51.411111,1,2,1,1,13/06/2005,2,16:27,19,E09000006,3,213,Single carriageway,30,Giveway or uncontrolled,6,0,None within 50 metres,Zebra crossing,Daylight: Street light present,Fine without high winds,Dry,None,None,1,Yes,E01000800,2005
13273,200501PY20504,545590.0,163190.0,0.089235,51.349088,1,3,2,1,17/06/2005,6,20:30,19,E09000006,3,21,Single carriageway,30,None,-1,0,None within 50 metres,No physical crossing within 50 meters,Daylight: Street light present,Fine without high winds,Dry,None,None,1,No,E01000749,2005
13274,200501PY20505,543230.0,169260.0,0.057815,51.404232,1,3,2,1,16/06/2005,5,19:02,19,E09000006,3,222,Single carriageway,30,Giveway or uncontrolled,6,0,None within 50 metres,Central refuge,Daylight: Street light present,Fine without high winds,Dry,None,None,1,Yes,E01000649,2005
13275,200501PY20507,535030.0,169920.0,-0.05975,51.412174,1,2,2,1,10/06/2005,6,16:10,19,E09000006,6,0,Single carriageway,30,Giveway or uncontrolled,6,0,None within 50 metres,No physical crossing within 50 meters,Daylight: Street light present,Fine without high winds,Dry,None,None,1,Yes,E01000796,2005
13276,200501PY20508,538280.0,166050.0,-0.014553,51.376614,1,2,1,1,22/06/2005,4,14:11,19,E09000006,3,214,Single carriageway,30,None,-1,0,None within 50 metres,non-junction pedestrian crossing,Daylight: Street light present,Fine without high winds,Dry,None,None,1,Yes,E01000835,2005
13277,200501PY20510,541090.0,160810.0,0.023718,51.328835,1,3,2,1,06/06/2005,2,00:35,19,E09000006,3,233,Single carriageway,30,Giveway or uncontrolled,6,0,None within 50 metres,No physical crossing within 50 meters,Darkness: Street lights present and lit,Raining without high winds,Wet/Damp,None,None,1,Yes,E01000747,2005
13278,200501PY20511,540360.0,169380.0,0.016628,51.406028,1,3,2,3,27/05/2005,6,14:15,19,E09000006,3,222,Single carriageway,30,None,-1,0,None within 50 metres,No physical crossing within 50 meters,Daylight: Street light present,Fine without high winds,Dry,None,None,1,Yes,E01000676,2005
13279,200501PY20512,539130.0,166450.0,-0.002192,51.380001,1,2,2,2,18/06/2005,7,09:25,19,E09000006,6,0,Single carriageway,30,Giveway or uncontrolled,6,0,None within 50 metres,No physical crossing within 50 meters,Daylight: Street light present,Fine without high winds,Dry,None,None,1,Yes,E01000838,2005
13280,200501PY20513,544160.0,159770.0,0.067332,51.31872,1,3,1,2,25/06/2005,7,12:30,19,E09000006,6,0,Single carriageway,30,None,-1,0,None within 50 metres,No physical crossing within 50 meters,Daylight: Street light present,Raining without high winds,Wet/Damp,None,None,2,Yes,E01000747,2005
13281,200501PY20514,541020.0,168210.0,0.025646,51.39535,1,3,2,1,28/06/2005,3,12:25,19,E09000006,4,265,Single carriageway,30,Automatic traffic signal,3,21,None within 50 metres,Pedestrian phase at traffic signal junction,Daylight: Street light present,Fine without high winds,Dry,None,None,1,No,E01000671,2005
13282,200501PY20515,542670.0,168940.0,0.04964,51.401498,1,2,1,1,25/06/2005,7,01:45,19,E09000006,3,222,Single carriageway,30,Giveway or uncontrolled,6,0,None within 50 metres,No physical crossing within 50 meters,Darkness: Street lights present and lit,Fine without high winds,Dry,None,None,1,Yes,E01000649,2005
13283,200501PY20517,541690.0,168180.0,0.035258,51.394914,1,3,2,1,06/06/2005,2,17:30,19,E09000006,6,0,Single carriageway,30,Giveway or uncontrolled,6,0,None within 50 metres,No physical crossing within 50 meters,Daylight: Street light present,Fine without high winds,Dry,None,None,1,Yes,E01000668,2005
13284,200501PY20518,541810.0,163250.0,0.035016,51.350582,1,2,2,2,24/06/2005,6,19:25,19,E09000006,3,233,Single carriageway,30,None,-1,0,None within 50 metres,No physical crossing within 50 meters,Daylight: Street light present,Raining without high winds,Wet/Damp,None,None,2,Yes,E01000666,2005
13285,200501PY20519,545980.0,169490.0,0.097418,51.405599,1,3,1,1,23/06/2005,5,12:02,19,E09000006,6,0,Single carriageway,30,Giveway or uncontrolled,6,0,None within 50 metres,No physical crossing within 50 meters,Daylight: Street light present,Fine without high winds,Dry,None,None,1,Yes,E01000736,2005
13286,200501PY20520,542360.0,158910.0,0.041176,51.311445,1,3,3,1,27/06/2005,2,12:10,19,E09000006,6,0,Single carriageway,30,None,-1,0,None within 50 metres,No physical crossing within 50 meters,Daylight: Street light present,Fine without high winds,Dry,None,None,1,Yes,E01000658,2005
13287,200501PY20522,535410.0,170330.0,-0.054133,51.415768,1,3,2,1,25/06/2005,7,20:20,19,E09000006,3,234,Single carriageway,30,Giveway or uncontrolled,6,0,None within 50 metres,No physical crossing within 50 meters,Daylight: Street light present,Fine without high winds,Dry,None,None,1,Yes,E01000799,2005
13288,200501PY20523,542380.0,171730.0,0.046594,51.426642,1,3,2,1,01/07/2005,6,08:00,19,E09000006,6,0,Single carriageway,30,None,-1,0,None within 50 metres,No physical crossing within 50 meters,Daylight: Street light present,Fine without high winds,Dry,None,None,1,Yes,E01000782,2005
13289,200501PY20524,535610.0,170490.0,-0.051197,51.417158,1,3,2,1,29/06/2005,4,07:51,19,E09000006,3,213,Single carriageway,30,Giveway or uncontrolled,6,0,None within 50 metres,No physical crossing within 50 meters,Daylight: Street light present,Fine without high winds,Dry,None,None,1,Yes,E01000805,2005
13290,200501PY20525,546100.0,168210.0,0.098615,51.394066,1,2,2,1,09/06/2005,5,21:05,19,E09000006,6,0,Single carriageway,30,Giveway or uncontrolled,6,0,None within 50 metres,No physical crossing within 50 meters,Daylight: Street light present,Fine without high winds,Dry,None,None,1,Yes,E01000733,2005
13291,200501PY20526,539290.0,169360.0,0.001246,51.406112,1,3,3,1,29/06/2005,4,07:25,19,E09000006,3,222,Single carriageway,30,Automatic traffic signal,5,0,None within 50 metres,No physical crossing within 50 meters,Daylight: Street light present,Fine without high winds,Dry,None,None,1,Yes,E01000717,2005
13292,200501PY20527,541660.0,163640.0,0.033019,51.354124,1,3,2,1,24/06/2005,6,15:02,19,E09000006,3,233,Single carriageway,30,Giveway or uncontrolled,4,265,None within 50 metres,No physical crossing within 50 meters,Daylight: Street light present,Fine without high winds,Wet/Damp,None,None,2,Yes,E01000666,2005
13293,200501PY20528,540020.0,169190.0,0.011668,51.404404,1,3,2,2,30/06/2005,5,07:52,19,E09000006,6,0,Single carriageway,30,None,-1,0,None within 50 metres,No physical crossing within 50 meters,Daylight: Street light present,Raining without high winds,Wet/Damp,None,None,1,Yes,E01000676,2005
13294,200501PY20530,540280.0,168960.0,0.015312,51.402273,1,3,1,1,29/06/2005,4,13:35,19,E09000006,5,0,Single carriageway,30,Automatic traffic signal,5,0,None within 50 metres,Pedestrian phase at traffic signal junction,Daylight: Street light present,Fine without high winds,Dry,Ol or diesel,None,1,Yes,E01000675,2005
13295,200501PY20531,543540.0,167560.0,0.061581,51.388878,1,3,2,1,27/06/2005,2,08:30,19,E09000006,5,0,Single carriageway,30,Giveway or uncontrolled,6,0,None within 50 metres,No physical crossing within 50 meters,Daylight: Street light present,Fine without high winds,Dry,None,None,1,Yes,E01000663,2005
13296,200501PY20532,546060.0,165730.0,0.097022,51.371791,1,3,2,1,09/07/2005,7,13:00,19,E09000006,3,223,Single carriageway,30,Giveway or uncontrolled,6,0,None within 50 metres,No physical crossing within 50 meters,Daylight: Street light present,Fine without high winds,Dry,None,None,1,No,E01000790,2005
13297,200501PY20533,543250.0,164800.0,0.056304,51.36415,1,3,1,1,29/06/2005,4,08:20,19,E09000006,3,21,Single carriageway,30,None,-1,0,None within 50 metres,No physical crossing within 50 meters,Daylight: Street light present,Fine without high winds,Dry,None,None,1,No,E01000751,2005
13298,200501PY20534,536720.0,169330.0,-0.035691,51.406467,1,3,2,1,05/07/2005,3,20:30,19,E09000006,6,0,Single carriageway,30,None,-1,0,None within 50 metres,No physical crossing within 50 meters,Darkness: Street lights present but unlit,Fine without high winds,Dry,None,None,1,Yes,E01000703,2005
13299,200501PY20535,535640.0,170170.0,-0.050888,51.414275,1,3,2,2,08/07/2005,6,08:57,19,E09000006,3,213,Single carriageway,30,Giveway or uncontrolled,6,0,None within 50 metres,No physical crossing within 50 meters,Daylight: Street light present,Fine without high winds,Dry,None,None,1,Yes,E01000805,2005
13300,200501PY20536,546460.0,166520.0,0.10309,51.378787,1,3,2,1,05/07/2005,3,17:40,19,E09000006,6,0,Single carriageway,30,Giveway or uncontrolled,6,0,None within 50 metres,No physical crossing within 50 meters,Daylight: Street light present,Fine without high winds,Dry,None,None,1,Yes,E01000788,2005
13301,200501PY20537,542460.0,165590.0,0.045281,51.371447,1,3,2,1,10/07/2005,1,00:40,19,E09000006,6,0,Single carriageway,30,None,-1,0,None within 50 metres,No physical crossing within 50 meters,Darkness: Street lights present and lit,Fine without high winds,Dry,None,None,1,Yes,E01000667,2005
13302,200501PY20538,541310.0,167980.0,0.02972,51.393211,1,3,2,1,17/06/2005,6,16:32,19,E09000006,3,21,Single carriageway,30,Giveway or uncontrolled,6,0,None within 50 metres,No physical crossing within 50 meters,Daylight: Street light present,Fine without high winds,Dry,None,None,1,Yes,E01000671,2005
13303,200501PY20539,546330.0,163770.0,0.100092,51.35411,1,3,2,1,03/07/2005,1,19:43,19,E09000006,6,0,Single carriageway,30,Giveway or uncontrolled,6,0,None within 50 metres,No physical crossing within 50 meters,Daylight: Street light present,Fine without high winds,Dry,None,None,1,Yes,E01000688,2005
13304,200501PY20540,540720.0,170270.0,0.022153,51.413936,1,3,2,1,02/07/2005,7,08:35,19,E09000006,5,0,Single carriageway,30,Giveway or uncontrolled,6,0,None within 50 metres,No physical crossing within 50 meters,Daylight: Street light present,Fine without high winds,Dry,None,None,1,Yes,E01000820,2005
13305,200501PY20542,543670.0,171040.0,0.064857,51.420116,1,3,2,1,20/05/2005,6,17:30,19,E09000006,3,208,Single carriageway,30,Giveway or uncontrolled,6,0,None within 50 metres,No physical crossing within 50 meters,Daylight: Street light present,Fine without high winds,Dry,None,None,1,No,E01000692,2005
13306,200501PY20543,536260.0,170960.0,-0.041675,51.421226,1,2,1,1,03/07/2005,1,16:50,19,E09000006,5,0,Single carriageway,30,None,-1,0,None within 50 metres,No physical crossing within 50 meters,Daylight: Street light present,Fine without high winds,Dry,None,None,1,Yes,E01000804,2005
13307,200501PY20544,546450.0,169690.0,0.104253,51.407275,1,3,1,1,03/07/2005,1,14:50,19,E09000006,6,0,Single carriageway,30,Giveway or uncontrolled,6,0,None within 50 metres,No physical crossing within 50 meters,Daylight: Street light present,Fine without high winds,Dry,None,None,1,Yes,E01000737,2005
13308,200501PY20545,536150.0,169980.0,-0.043632,51.412445,1,3,2,1,14/04/2005,5,15:10,19,E09000006,6,0,Single carriageway,30,None,-1,0,None within 50 metres,No physical crossing within 50 meters,Daylight: Street light present,Raining without high winds,Wet/Damp,None,None,1,Yes,E01000797,2005
13309,200501PY20547,533870.0,170670.0,-0.076137,51.419189,1,3,3,3,01/07/2005,6,09:54,19,E09000006,3,214,Single carriageway,30,None,-1,0,None within 50 metres,No physical crossing within 50 meters,Daylight: Street light present,Fine without high winds,Dry,None,None,1,Yes,E01000746,2005
13310,200501PY20548,541940.0,158850.0,0.03513,51.31101,1,3,2,2,01/07/2005,6,12:21,19,E09000006,3,233,Single carriageway,30,Stop Sign,6,0,None within 50 metres,No physical crossing within 50 meters,Daylight: Street light present,Fine without high winds,Dry,None,None,1,Yes,E01000660,2005
13311,200501PY20549,546620.0,167840.0,0.105932,51.390607,1,3,1,1,04/07/2005,2,08:50,19,E09000006,6,0,Single carriageway,30,None,-1,0,None within 50 metres,No physical crossing within 50 meters,Daylight: Street light present,Fine without high winds,Dry,None,None,1,Yes,E01000722,2005
13312,200501PY20550,544720.0,159350.0,0.075192,51.314804,1,3,1,2,30/06/2005,5,09:47,19,E09000006,5,0,Single carriageway,30,None,-1,0,None within 50 metres,No physical crossing within 50 meters,Daylight: Street light present,Fine without high winds,Wet/Damp,None,None,2,Yes,E01000748,2005
13313,200501PY20551,546810.0,167000.0,0.108313,51.38301,1,3,2,1,18/07/2005,2,12:30,19,E09000006,5,0,Single carriageway,30,Giveway or uncontrolled,6,0,None within 50 metres,No physical crossing within 50 meters,Daylight: Street light present,Fine without high winds,Dry,None,None,1,No,E01000727,2005
13314,200501PY20553,540510.0,169140.0,0.018688,51.403834,1,3,2,1,08/07/2005,6,08:05,19,E09000006,3,21,Single carriageway,30,Automatic traffic signal,6,0,None within 50 metres,Pedestrian phase at traffic signal junction,Daylight: Street light present,Fine without high winds,Dry,None,None,1,Yes,E01000675,2005
13315,200501PY20554,546970.0,166330.0,0.110334,51.376948,1,3,1,1,15/07/2005,6,13:30,19,E09000006,6,0,Single carriageway,30,None,-1,0,None within 50 metres,No physical crossing within 50 meters,Daylight: Street light present,Fine without high winds,Dry,None,None,1,No,E01000791,2005
13316,200501PY20556,541030.0,168200.0,0.025786,51.395258,1,3,2,1,18/07/2005,2,08:43,19,E09000006,3,21,Single carriageway,30,Automatic traffic signal,4,265,None within 50 metres,Pedestrian phase at traffic signal junction,Daylight: Street light present,Fine without high winds,Dry,None,None,1,No,E01000671,2005
13317,200501PY20557,546670.0,168070.0,0.106745,51.392661,1,3,2,1,08/07/2005,6,10:11,19,E09000006,6,0,Single carriageway,30,Giveway or uncontrolled,6,0,None within 50 metres,No physical crossing within 50 meters,Daylight: Street light present,Fine without high winds,Dry,None,None,1,Yes,E01000722,2005
13318,200501PY20559,538870.0,165180.0,-0.006421,51.368652,1,3,2,1,07/07/2005,5,15:30,19,E09000006,5,0,Single carriageway,30,None,-1,0,None within 50 metres,No physical crossing within 50 meters,Daylight: Street light present,Raining without high winds,Wet/Damp,Roadworks,None,2,Yes,E01000840,2005
13319,200501PY20560,539250.0,167780.0,5.2e-05,51.391923,1,3,2,1,09/07/2005,7,16:15,19,E09000006,4,228,Single carriageway,30,Automatic traffic signal,4,251,None within 50 metres,Pedestrian phase at traffic signal junction,Daylight: Street light present,Fine without high winds,Dry,None,None,1,Yes,E01000833,2005
13320,200501PY20561,533850.0,171170.0,-0.076236,51.423687,1,3,1,1,07/07/2005,5,00:30,8,E09000028,3,212,Single carriageway,30,None,-1,0,None within 50 metres,No physical crossing within 50 meters,Darkness: Street lights present and lit,Fine without high winds,Dry,None,None,1,Yes,E01003948,2005
13321,200501PY20562,540350.0,169370.0,0.01648,51.40594,1,3,1,1,13/07/2005,4,14:30,19,E09000006,3,222,Single carriageway,30,None,-1,0,None within 50 metres,No physical crossing within 50 meters,Daylight: Street light present,Fine without high winds,Dry,None,None,1,Yes,E01000676,2005
13322,200501PY20564,535430.0,168880.0,-0.054399,51.402732,1,3,2,1,14/07/2005,5,17:35,19,E09000006,3,214,Single carriageway,30,None,-1,0,None within 50 metres,No physical crossing within 50 meters,Daylight: Street light present,Fine without high winds,Dry,None,None,1,Yes,E01000704,2005
13323,200501PY20565,541770.0,169270.0,0.036842,51.404689,1,3,2,2,15/07/2005,6,11:53,19,E09000006,3,222,Single carriageway,30,Giveway or uncontrolled,3,222,None within 50 metres,No physical crossing within 50 meters,Daylight: Street light present,Fine without high winds,Dry,None,None,1,Yes,E01000648,2005
13324,200501PY20566,536880.0,169440.0,-0.03335,51.407417,1,3,1,1,19/07/2005,3,15:27,19,E09000006,3,234,Single carriageway,30,None,-1,0,None within 50 metres,No physical crossing within 50 meters,Daylight: Street light present,Fine without high winds,Dry,None,None,1,Yes,E01000703,2005
13325,200501PY20568,537670.0,167330.0,-0.022817,51.388264,1,3,2,1,15/07/2005,6,10:10,19,E09000006,6,0,Single carriageway,30,None,-1,0,None within 50 metres,No physical crossing within 50 meters,Daylight: Street light present,Fine without high winds,Dry,None,None,1,Yes,E01000775,2005
13326,200501PY20569,535670.0,170530.0,-0.05032,51.417503,1,3,1,2,14/07/2005,5,13:21,19,E09000006,6,0,Single carriageway,30,Giveway or uncontrolled,6,0,None within 50 metres,No physical crossing within 50 meters,Daylight: Street light present,Fine without high winds,Dry,None,None,1,Yes,E01000805,2005
13327,200501PY20570,537420.0,167440.0,-0.026365,51.389314,1,2,1,1,19/07/2005,3,16:00,19,E09000006,3,214,Single carriageway,30,Giveway or uncontrolled,6,0,None within 50 metres,No physical crossing within 50 meters,Daylight: Street light present,Fine without high winds,Dry,None,None,1,No,E01000775,2005
13328,200501PY20571,545980.0,165290.0,0.095692,51.367858,1,3,2,1,23/07/2005,7,17:20,19,E09000006,3,223,Single carriageway,30,Giveway or uncontrolled,6,0,None within 50 metres,No physical crossing within 50 meters,Daylight: Street light present,Fine without high winds,Dry,None,None,1,No,E01000794,2005
13329,200501PY20576,540840.0,168370.0,0.023124,51.396833,1,3,1,1,12/07/2005,3,12:30,19,E09000006,3,21,Single carriageway,30,None,-1,0,None within 50 metres,No physical crossing within 50 meters,Daylight: Street light present,Fine without high winds,Dry,None,None,1,Yes,E01000670,2005
13330,200501PY20578,546920.0,167830.0,0.110236,51.39044,1,3,2,3,06/07/2005,4,17:36,19,E09000006,3,224,Dual carriageway,30,Giveway or uncontrolled,6,0,None within 50 metres,No physical crossing within 50 meters,Daylight: Street light present,Raining without high winds,Wet/Damp,None,None,1,Yes,E01000722,2005
13331,200501PY20579,545870.0,170920.0,0.096425,51.418477,1,3,2,1,17/07/2005,1,12:58,19,E09000006,3,222,Single carriageway,30,None,-1,0,None within 50 metres,No physical crossing within 50 meters,Daylight: Street light present,Fine without high winds,Dry,None,None,2,Yes,E01000693,2005
13332,200501PY20580,539970.0,164960.0,0.009283,51.366405,1,3,2,1,12/07/2005,3,18:26,19,E09000006,6,0,Single carriageway,30,None,-1,0,None within 50 metres,No physical crossing within 50 meters,Daylight: Street light present,Fine without high winds,Dry,None,None,1,Yes,E01000759,2005
13333,200501PY20581,547870.0,170110.0,0.12483,51.41068,1,3,2,1,12/07/2005,3,20:30,19,E09000006,3,20,Dual carriageway,50,None,-1,0,None within 50 metres,No physical crossing within 50 meters,Daylight: Street light present,Fine without high winds,Dry,None,None,2,Yes,E01000728,2005
13334,200501PY20582,548000.0,170610.0,0.126906,51.415139,1,3,2,1,17/07/2005,1,07:36,18,E09000004,4,2173,Roundabout,30,Giveway or uncontrolled,3,223,None within 50 metres,No physical crossing within 50 meters,Daylight: Street light present,Fine without high winds,Dry,None,None,1,Yes,E01000383,2005
13335,200501PY20583,541740.0,159350.0,0.032461,51.315553,1,3,2,1,19/07/2005,3,16:25,19,E09000006,6,0,Single carriageway,30,None,-1,0,None within 50 metres,No physical crossing within 50 meters,Daylight: Street light present,Fine without high winds,Dry,None,None,1,Yes,E01000657,2005
13336,200501PY20585,540450.0,169490.0,0.017964,51.406994,1,3,2,1,23/07/2005,7,14:42,19,E09000006,3,21,Single carriageway,30,Giveway or uncontrolled,6,0,None within 50 metres,No physical crossing within 50 meters,Daylight: Street light present,Fine without high winds,Dry,None,None,1,Yes,E01000675,2005
13337,200501PY20586,545590.0,163460.0,0.089345,51.351514,1,3,2,1,24/07/2005,1,12:28,19,E09000006,3,223,Single carriageway,30,None,-1,0,None within 50 metres,No physical crossing within 50 meters,Daylight: Street light present,Raining without high winds,Wet/Damp,None,None,1,Yes,E01000687,2005
13338,200501PY20587,542180.0,169370.0,0.042773,51.405485,1,3,2,1,21/07/2005,5,12:30,19,E09000006,5,0,Single carriageway,30,None,-1,0,None within 50 metres,No physical crossing within 50 meters,Daylight: Street light present,Fine without high winds,Dry,None,None,1,Yes,E01000645,2005
13339,200501PY20588,541480.0,161550.0,0.029605,51.335388,1,3,3,7,19/07/2005,3,15:54,19,E09000006,3,233,Single carriageway,30,None,-1,0,None within 50 metres,No physical crossing within 50 meters,Daylight: Street light present,Fine without high winds,Dry,None,None,1,Yes,E01000747,2005
13340,200501PY20590,535220.0,169210.0,-0.05729,51.405748,1,3,2,1,30/06/2005,5,06:54,19,E09000006,3,214,Single carriageway,30,Giveway or uncontrolled,6,0,None within 50 metres,non-junction pedestrian crossing,Daylight: Street light present,Fine without high winds,Dry,None,None,1,Yes,E01000699,2005
13341,200501PY20592,542620.0,168940.0,0.048922,51.401511,1,3,2,1,07/07/2005,5,10:02,19,E09000006,3,222,Single carriageway,30,Giveway or uncontrolled,6,0,None within 50 metres,No physical crossing within 50 meters,Daylight: Street light present,Fine without high winds,Wet/Damp,Ol or diesel,None,1,Yes,E01000649,2005
13342,200501PY20594,535960.0,170160.0,-0.046294,51.414108,1,3,2,1,25/07/2005,2,18:30,19,E09000006,5,0,Roundabout,30,Giveway or uncontrolled,5,0,None within 50 metres,No physical crossing within 50 meters,Daylight: Street light present,Fine without high winds,Dry,None,None,1,Yes,E01000797,2005
13343,200501PY20595,534880.0,169610.0,-0.062023,51.409424,1,3,2,2,27/07/2005,4,11:30,19,E09000006,3,214,Single carriageway,30,Giveway or uncontrolled,6,0,None within 50 metres,No physical crossing within 50 meters,Daylight: Street light present,Raining without high winds,Wet/Damp,None,None,1,Yes,E01000743,2005
13344,200501PY20596,544020.0,170660.0,0.069733,51.416613,1,2,2,2,27/07/2005,4,10:19,19,E09000006,6,0,Roundabout,30,Giveway or uncontrolled,4,263,None within 50 metres,No physical crossing within 50 meters,Daylight: Street light present,Raining without high winds,Wet/Damp,None,None,1,Yes,E01000696,2005
13345,200501PY20597,540340.0,168880.0,0.016143,51.40154,1,3,1,1,26/07/2005,3,11:25,19,E09000006,5,0,Single carriageway,30,None,-1,0,None within 50 metres,No physical crossing within 50 meters,Daylight: Street light present,Fine without high winds,Dry,None,None,1,Yes,E01000675,2005
13346,200501PY20599,537030.0,169360.0,-0.031225,51.406662,1,3,2,1,29/07/2005,6,15:28,19,E09000006,3,222,Single carriageway,30,Giveway or uncontrolled,6,0,None within 50 metres,No physical crossing within 50 meters,Daylight: Street light present,Fine without high winds,Dry,None,None,1,Yes,E01000714,2005
13347,200501PY20600,542590.0,171960.0,0.049705,51.428656,1,3,1,1,05/07/2005,3,20:20,19,E09000006,5,0,Single carriageway,30,Giveway or uncontrolled,6,0,None within 50 metres,No physical crossing within 50 meters,Daylight: Street light present,Fine without high winds,Dry,None,None,1,Yes,E01000781,2005
13348,200501PY20601,547930.0,166110.0,0.124026,51.374722,1,2,1,1,19/07/2005,3,17:49,19,E09000006,5,0,Single carriageway,30,Giveway or uncontrolled,5,0,None within 50 metres,No physical crossing within 50 meters,Daylight: Street light present,Fine without high winds,Dry,None,None,1,Yes,E01000789,2005
13349,200501PY20602,535460.0,169970.0,-0.053552,51.412521,1,3,1,1,19/06/2005,1,08:55,19,E09000006,3,213,Single carriageway,30,None,-1,0,None within 50 metres,No physical crossing within 50 meters,Daylight: Street light present,Fine without high winds,Dry,None,None,1,Yes,E01000798,2005
13350,200501PY20603,537180.0,169570.0,-0.028989,51.408513,1,2,2,1,25/07/2005,2,23:46,19,E09000006,6,0,Single carriageway,30,None,-1,0,None within 50 metres,No physical crossing within 50 meters,Darkness: Street lights present and lit,Fine without high winds,Dry,None,None,1,Yes,E01000714,2005
13351,200501PY20604,534260.0,170170.0,-0.070721,51.414603,1,3,1,2,24/07/2005,1,09:19,19,E09000006,3,214,Single carriageway,30,Giveway or uncontrolled,5,0,None within 50 metres,No physical crossing within 50 meters,Daylight: Street light present,Fine without high winds,Dry,None,None,1,Yes,E01000741,2005
13352,200501PY20605,544340.0,170200.0,0.074144,51.412398,1,3,2,1,24/05/2005,3,10:51,19,E09000006,3,222,Single carriageway,30,Automatic traffic signal,3,208,None within 50 metres,Pedestrian phase at traffic signal junction,Daylight: Street light present,Raining without high winds,Wet/Damp,None,None,1,Yes,E01000696,2005
13353,200501PY20606,543420.0,171280.0,0.061361,51.422336,1,3,2,1,06/08/2005,7,19:45,19,E09000006,3,208,Single carriageway,30,Giveway or uncontrolled,6,0,None within 50 metres,No physical crossing within 50 meters,Daylight: Street light present,Fine without high winds,Dry,None,None,1,No,E01000691,2005
13354,200501PY20607,546160.0,165880.0,0.098519,51.373114,1,3,2,1,25/07/2005,2,18:25,19,E09000006,3,232,Single carriageway,30,None,-1,0,None within 50 metres,No physical crossing within 50 meters,Daylight: Street light present,Fine without high winds,Dry,None,None,1,No,E01000788,2005
13355,200501PY20608,545930.0,170930.0,0.097292,51.418551,1,3,2,1,27/07/2005,4,16:20,18,E09000004,3,222,Dual carriageway,30,Giveway or uncontrolled,3,20,None within 50 metres,No physical crossing within 50 meters,Daylight: Street light present,Raining without high winds,Wet/Damp,None,None,2,Yes,E01000693,2005
13356,200501PY20609,548860.0,163060.0,0.136102,51.347073,1,2,2,1,12/08/2005,6,09:30,19,E09000006,3,224,Roundabout,30,Giveway or uncontrolled,6,0,None within 50 metres,No physical crossing within 50 meters,Daylight: Street light present,Fine without high winds,Dry,None,None,2,No,E01000680,2005
13357,200501PY20610,534580.0,169130.0,-0.066516,51.405181,1,3,2,1,03/08/2005,4,13:00,19,E09000006,3,213,Single carriageway,30,Giveway or uncontrolled,6,0,None within 50 metres,No physical crossing within 50 meters,Daylight: Street light present,Fine without high winds,Dry,None,None,1,No,E01000744,2005
13358,200501PY20611,546440.0,168900.0,0.103783,51.400179,1,3,1,1,10/08/2005,4,17:35,19,E09000006,6,0,Single carriageway,30,None,-1,0,None within 50 metres,No physical crossing within 50 meters,Daylight: Street light present,Fine without high winds,Dry,None,None,1,No,E01000739,2005
13359,200501PY20612,542320.0,172680.0,0.046113,51.435194,1,3,2,1,23/07/2005,7,15:00,19,E09000006,3,208,Single carriageway,30,Giveway or uncontrolled,6,0,None within 50 metres,No physical crossing within 50 meters,Daylight: Street light present,Fine without high winds,Dry,None,None,1,Yes,E01000780,2005
13360,200501PY20613,540230.0,169660.0,0.014871,51.408576,1,2,1,1,20/07/2005,4,13:30,19,E09000006,3,21,Single carriageway,30,Giveway or uncontrolled,6,0,None within 50 metres,Pedestrian phase at traffic signal junction,Daylight: Street light present,Fine without high winds,Dry,None,None,1,Yes,E01000676,2005
13361,200501PY20614,535610.0,170050.0,-0.051365,51.413204,1,3,1,1,13/07/2005,4,09:48,19,E09000006,3,234,Single carriageway,30,Giveway or uncontrolled,6,0,None within 50 metres,No physical crossing within 50 meters,Daylight: Street light present,Fine without high winds,Dry,None,None,1,Yes,E01000799,2005
13362,200501PY20615,543310.0,170590.0,0.059501,51.416164,1,3,1,1,27/07/2005,4,18:00,19,E09000006,5,0,Single carriageway,30,Giveway or uncontrolled,6,0,None within 50 metres,No physical crossing within 50 meters,Daylight: Street light present,Raining without high winds,Wet/Damp,None,None,1,Yes,E01000695,2005
13363,200501PY20616,539250.0,167780.0,5.2e-05,51.391923,1,3,2,2,30/07/2005,7,21:10,19,E09000006,4,228,Single carriageway,30,Automatic traffic signal,4,251,None within 50 metres,No physical crossing within 50 meters,Darkness: Street lights present and lit,Fine without high winds,Wet/Damp,Auto traffic signal partly defective,None,1,Yes,E01000833,2005
13364,200501PY20617,542840.0,158340.0,0.04783,51.306202,1,2,2,2,28/07/2005,5,08:45,19,E09000006,3,233,Single carriageway,30,None,-1,0,None within 50 metres,No physical crossing within 50 meters,Daylight: Street light present,Raining without high winds,Wet/Damp,None,None,1,Yes,E01000748,2005
13365,200501PY20618,540010.0,169510.0,0.01165,51.407282,1,2,2,1,06/08/2005,7,15:48,19,E09000006,3,222,Single carriageway,30,Automatic traffic signal,3,21,None within 50 metres,Pedestrian phase at traffic signal junction,Daylight: Street light present,Fine without high winds,Dry,None,None,1,Yes,E01000676,2005
13366,200501PY20619,538270.0,165960.0,-0.014732,51.375807,1,3,2,1,26/07/2005,3,23:45,19,E09000006,3,214,Single carriageway,30,Automatic traffic signal,3,232,None within 50 metres,Pedestrian phase at traffic signal junction,Darkness: Street lights present and lit,Raining without high winds,Wet/Damp,None,None,1,Yes,E01000835,2005
13367,200501PY20620,539240.0,167790.0,-8.7e-05,51.392015,1,3,2,2,08/08/2005,2,16:27,19,E09000006,4,251,Single carriageway,30,Automatic traffic signal,4,251,None within 50 metres,Pedestrian phase at traffic signal junction,Daylight: Street light present,Fine without high winds,Dry,None,None,1,Yes,E01000833,2005
13368,200501PY20621,546000.0,167940.0,0.097068,51.391665,1,3,2,2,03/07/2005,1,21:35,19,E09000006,6,0,Single carriageway,30,Giveway or uncontrolled,6,0,None within 50 metres,No physical crossing within 50 meters,Darkness: Street lights present and lit,Fine without high winds,Dry,None,None,1,Yes,E01000733,2005
13369,200501PY20622,535920.0,169760.0,-0.047022,51.410523,1,3,4,1,09/08/2005,3,08:55,19,E09000006,3,234,Single carriageway,30,Giveway or uncontrolled,6,0,None within 50 metres,non-junction pedestrian crossing,Daylight: Street light present,Fine without high winds,Dry,None,None,1,Yes,E01000702,2005
13370,200501PY20623,542020.0,165100.0,0.038768,51.367154,1,3,2,1,06/08/2005,7,18:55,19,E09000006,3,232,Single carriageway,30,Automatic traffic signal,3,233,None within 50 metres,Pedestrian phase at traffic signal junction,Daylight: Street light present,Fine without high winds,Dry,None,None,1,No,E01000666,2005
13371,200501PY20625,538260.0,166390.0,-0.014708,51.379674,1,3,2,1,08/08/2005,2,17:28,19,E09000006,3,214,Single carriageway,30,Automatic traffic signal,5,0,None within 50 metres,Pedestrian phase at traffic signal junction,Daylight: Street light present,Fine without high winds,Dry,None,None,1,Yes,E01000835,2005
13372,200501PY20626,541810.0,159120.0,0.033373,51.313469,1,3,3,1,08/08/2005,2,12:40,19,E09000006,3,233,Single carriageway,30,Giveway or uncontrolled,6,0,None within 50 metres,No physical crossing within 50 meters,Daylight: Street light present,Fine without high winds,Dry,None,None,1,Yes,E01000657,2005
13373,200501PY20627,537630.0,167060.0,-0.023496,51.385848,1,3,2,1,08/08/2005,2,13:54,19,E09000006,3,214,Single carriageway,30,None,-1,0,None within 50 metres,No physical crossing within 50 meters,Daylight: Street light present,Fine without high winds,Dry,None,None,1,No,E01000769,2005
13374,200501PY20628,537300.0,167570.0,-0.028038,51.390511,1,3,2,2,13/08/2005,7,18:02,19,E09000006,3,214,Single carriageway,30,None,-1,0,None within 50 metres,No physical crossing within 50 meters,Daylight: Street light present,Raining without high winds,Wet/Damp,None,None,1,Yes,E01000777,2005
13375,200501PY20629,543720.0,169860.0,0.065097,51.4095,1,3,1,1,13/08/2005,7,04:00,19,E09000006,3,222,Roundabout,30,Giveway or uncontrolled,3,222,None within 50 metres,No physical crossing within 50 meters,Darkness: Street lights present and lit,Fine without high winds,Dry,None,None,1,Yes,E01000697,2005
13376,200501PY20630,535220.0,169210.0,-0.05729,51.405748,1,3,1,1,13/08/2005,7,20:02,19,E09000006,3,214,Single carriageway,30,Giveway or uncontrolled,6,0,None within 50 metres,non-junction pedestrian crossing,Darkness: Street lights present and lit,Fine without high winds,Dry,None,None,1,Yes,E01000699,2005
13377,200501PY20631,540570.0,168550.0,0.019316,51.398517,1,3,1,1,12/08/2005,6,17:25,19,E09000006,4,228,Single carriageway,30,None,-1,0,None within 50 metres,Pedestrian phase at traffic signal junction,Daylight: Street light present,Fine without high winds,Dry,None,None,1,Yes,E01000670,2005
13378,200501PY20633,543000.0,161280.0,0.051302,51.332582,1,3,1,1,18/08/2005,5,22:57,19,E09000006,5,0,Single carriageway,30,Giveway or uncontrolled,6,0,None within 50 metres,No physical crossing within 50 meters,Darkness: Street lights present and lit,Fine without high winds,Dry,None,Other object in carriageway,2,Yes,E01000747,2005
13379,200501PY20634,539730.0,168390.0,0.007186,51.397287,1,2,2,3,16/08/2005,3,17:40,19,E09000006,6,0,Single carriageway,30,Giveway or uncontrolled,6,0,None within 50 metres,No physical crossing within 50 meters,Daylight: Street light present,Fine without high winds,Dry,None,None,1,Yes,E01000827,2005
13380,200501PY20635,539420.0,165230.0,0.001494,51.368966,1,3,2,2,05/08/2005,6,20:30,19,E09000006,6,0,Single carriageway,30,Giveway or uncontrolled,6,0,None within 50 metres,No physical crossing within 50 meters,Darkness: Street lights present and lit,Fine without high winds,Dry,None,None,1,Yes,E01000761,2005
13381,200501PY20636,542380.0,167850.0,0.045037,51.391776,1,3,2,1,11/08/2005,5,11:48,19,E09000006,5,0,Single carriageway,30,None,-1,0,None within 50 metres,No physical crossing within 50 meters,Daylight: Street light present,Fine without high winds,Dry,None,None,1,Yes,E01000652,2005
13382,200501PY20637,546860.0,167530.0,0.10925,51.38776,1,3,2,1,19/08/2005,6,23:40,19,E09000006,5,0,Single carriageway,30,Automatic traffic signal,3,224,None within 50 metres,Pedestrian phase at traffic signal junction,Darkness: Street lights present and lit,Raining without high winds,Wet/Damp,None,None,1,No,E01000725,2005
13383,200501PY20638,544050.0,164280.0,0.067577,51.359275,1,3,2,1,14/08/2005,1,10:30,19,E09000006,4,2158,Single carriageway,30,Giveway or uncontrolled,6,0,None within 50 metres,No physical crossing within 50 meters,Daylight: Street light present,Fine without high winds,Dry,None,None,1,Yes,E01000752,2005
13384,200501PY20639,541820.0,163230.0,0.035152,51.3504,1,3,2,4,13/08/2005,7,17:11,19,E09000006,3,233,Single carriageway,30,None,-1,0,None within 50 metres,No physical crossing within 50 meters,Daylight: Street light present,Raining without high winds,Wet/Damp,None,None,2,Yes,E01000666,2005
13385,200501PY20641,539440.0,165810.0,0.002008,51.374173,1,3,2,1,20/08/2005,7,12:52,19,E09000006,5,0,Single carriageway,30,Giveway or uncontrolled,6,0,None within 50 metres,No physical crossing within 50 meters,Daylight: Street light present,Fine without high winds,Dry,None,None,1,Yes,E01000760,2005
13386,200501PY20642,540530.0,160740.0,0.015657,51.328344,1,3,2,2,05/08/2005,6,09:24,19,E09000006,6,0,Single carriageway,30,Giveway or uncontrolled,6,0,None within 50 metres,No physical crossing within 50 meters,Daylight: Street light present,Raining without high winds,Wet/Damp,None,None,2,Yes,E01000656,2005
13387,200501PY20643,537530.0,167240.0,-0.024862,51.38749,1,2,1,1,17/08/2005,4,20:47,19,E09000006,3,214,Single carriageway,30,None,-1,0,None within 50 metres,No physical crossing within 50 meters,Darkness: Street lights present and lit,Fine without high winds,Dry,None,None,1,Yes,E01000775,2005
13388,200501PY20644,539440.0,167350.0,0.002612,51.388012,1,2,2,1,13/08/2005,7,12:15,19,E09000006,4,251,Single carriageway,30,Automatic traffic signal,5,0,None within 50 metres,Pedestrian phase at traffic signal junction,Daylight: Street light present,Fine without high winds,Dry,None,None,1,Yes,E01000764,2005
13389,200501PY20645,535840.0,169840.0,-0.048141,51.411261,1,3,2,2,10/08/2005,4,15:00,19,E09000006,5,0,Single carriageway,30,Automatic traffic signal,3,234,None within 50 metres,Pedestrian phase at traffic signal junction,Daylight: Street light present,Fine without high winds,Dry,None,None,1,No,E01000797,2005
13390,200501PY20646,534790.0,169300.0,-0.063434,51.406659,1,3,1,1,17/08/2005,4,14:49,19,E09000006,3,213,Single carriageway,30,None,-1,0,None within 50 metres,non-junction pedestrian crossing,Daylight: Street light present,Fine without high winds,Dry,None,None,1,Yes,E01000699,2005
13391,200501PY20648,540110.0,166770.0,0.012006,51.382635,1,2,2,1,09/07/2005,7,16:09,19,E09000006,6,0,Single carriageway,30,Giveway or uncontrolled,6,0,None within 50 metres,No physical crossing within 50 meters,Daylight: Street light present,Fine without high winds,Dry,None,None,1,Yes,E01000764,2005
13392,200501PY20649,543770.0,169900.0,0.065832,51.409847,1,2,2,1,13/08/2005,7,11:40,19,E09000006,3,222,Single carriageway,30,Giveway or uncontrolled,4,263,None within 50 metres,Pedestrian phase at traffic signal junction,Daylight: Street light present,Fine without high winds,Dry,None,None,1,Yes,E01000696,2005
13393,200501PY20650,544860.0,163810.0,0.079012,51.354846,1,3,2,1,13/08/2005,7,19:10,19,E09000006,5,0,Single carriageway,30,Giveway or uncontrolled,6,0,None within 50 metres,No physical crossing within 50 meters,Daylight: Street light present,Raining without high winds,Wet/Damp,None,None,2,Yes,E01000752,2005
13394,200501PY20651,538270.0,166020.0,-0.014708,51.376346,1,2,1,1,10/08/2005,4,12:00,19,E09000006,3,214,Single carriageway,30,None,-1,0,None within 50 metres,No physical crossing within 50 meters,Daylight: Street light present,Fine without high winds,Dry,None,None,1,No,E01000835,2005
13395,200501PY20652,545550.0,170760.0,0.091761,51.417121,1,2,2,1,23/07/2005,7,15:09,19,E09000006,3,222,Single carriageway,40,None,-1,0,None within 50 metres,No physical crossing within 50 meters,Daylight: Street light present,Fine without high winds,Dry,None,None,1,Yes,E01000693,2005
13396,200501PY20653,535510.0,170230.0,-0.052734,51.414845,1,3,1,1,30/07/2005,7,14:38,19,E09000006,3,234,Single carriageway,30,None,-1,0,None within 50 metres,No physical crossing within 50 meters,Daylight: Street light present,Fine without high winds,Dry,None,None,1,Yes,E01000799,2005
13397,200501PY20654,545980.0,167810.0,0.096727,51.390502,1,2,2,2,09/08/2005,3,18:00,19,E09000006,5,0,Single carriageway,30,Giveway or uncontrolled,6,0,None within 50 metres,No physical crossing within 50 meters,Daylight: Street light present,Fine without high winds,Dry,None,None,1,Yes,E01000732,2005
13398,200501PY20656,548310.0,170000.0,0.131106,51.409577,1,3,2,1,13/08/2005,7,06:00,19,E09000006,3,20,Dual carriageway,50,None,-1,0,None within 50 metres,No physical crossing within 50 meters,Daylight: Street light present,Fine without high winds,Dry,None,None,2,Yes,E01000728,2005
13399,200501PY20657,540900.0,164180.0,0.022325,51.359166,1,2,1,1,15/08/2005,2,07:48,19,E09000006,6,0,Single carriageway,30,Giveway or uncontrolled,6,0,None within 50 metres,No physical crossing within 50 meters,Daylight: Street light present,Fine without high winds,Dry,None,None,2,Yes,E01000666,2005
13400,200501PY20658,548880.0,163050.0,0.136385,51.346978,1,3,3,2,28/08/2005,1,10:45,19,E09000006,3,224,Roundabout,30,Giveway or uncontrolled,6,0,None within 50 metres,No physical crossing within 50 meters,Daylight: Street light present,Fine without high winds,Dry,None,None,2,Yes,E01000680,2005
13401,200501PY20659,548960.0,162990.0,0.137508,51.346418,1,3,2,1,09/08/2005,3,17:00,19,E09000006,1,25,Dual carriageway,70,Giveway or uncontrolled,6,0,None within 50 metres,No physical crossing within 50 meters,Daylight: Street light present,Fine without high winds,Dry,None,None,2,Yes,E01000680,2005
13402,200501PY20660,541900.0,169290.0,0.038718,51.404836,1,3,1,1,24/08/2005,4,07:25,19,E09000006,5,0,Single carriageway,30,None,-1,0,None within 50 metres,No physical crossing within 50 meters,Daylight: Street light present,Fine without high winds,Dry,None,None,1,No,E01000645,2005
13403,200501PY20661,540340.0,167180.0,0.015471,51.386263,1,3,2,1,01/09/2005,5,12:45,19,E09000006,6,0,Single carriageway,30,None,-1,0,None within 50 metres,No physical crossing within 50 meters,Daylight: Street light present,Fine without high winds,Dry,None,None,1,No,E01000763,2005
13404,200501PY20662,535220.0,169210.0,-0.05729,51.405748,1,3,2,1,06/07/2005,4,18:05,19,E09000006,3,214,Single carriageway,30,Giveway or uncontrolled,6,0,None within 50 metres,non-junction pedestrian crossing,Daylight: Street light present,Fine without high winds,Dry,None,None,1,Yes,E01000699,2005
13405,200501PY20663,541190.0,169050.0,0.028422,51.402857,1,3,1,1,07/09/2005,4,08:50,19,E09000006,6,0,Single carriageway,30,None,-1,0,None within 50 metres,No physical crossing within 50 meters,Daylight: Street light present,Fine without high winds,Dry,None,None,1,No,E01000647,2005
13406,200501PY20664,539550.0,167960.0,0.004432,51.393467,1,3,3,1,01/09/2005,5,21:50,19,E09000006,4,228,Single carriageway,30,Giveway or uncontrolled,6,0,None within 50 metres,No physical crossing within 50 meters,Darkness: Street lights present and lit,Fine without high winds,Dry,None,None,1,No,E01000827,2005
13407,200501PY20665,535170.0,169250.0,-0.057993,51.406119,1,2,2,1,02/09/2005,6,20:15,19,E09000006,3,214,Single carriageway,30,Giveway or uncontrolled,6,0,None within 50 metres,No physical crossing within 50 meters,Darkness: Street lights present and lit,Fine without high winds,Dry,None,None,1,No,E01000699,2005
13408,200501PY20667,540470.0,168580.0,0.017892,51.398812,1,3,1,1,07/09/2005,4,17:10,19,E09000006,4,228,Single carriageway,30,None,-1,0,None within 50 metres,Pedestrian phase at traffic signal junction,Daylight: Street light present,Fine without high winds,Dry,None,None,1,No,E01000670,2005
13409,200501PY20668,534020.0,170520.0,-0.074038,51.417805,1,3,2,1,13/06/2005,2,13:00,19,E09000006,3,214,Single carriageway,30,Giveway or uncontrolled,6,0,None within 50 metres,Pedestrian phase at traffic signal junction,Daylight: Street light present,Fine without high winds,Dry,None,None,1,Yes,E01000740,2005
13410,200501PY20669,535280.0,169210.0,-0.056428,51.405734,1,3,2,1,06/09/2005,3,18:15,19,E09000006,6,0,One way street,30,None,-1,0,None within 50 metres,No physical crossing within 50 meters,Daylight: Street light present,Fine without high winds,Dry,None,None,1,No,E01000701,2005
13411,200501PY20670,542240.0,166440.0,0.042462,51.379141,1,3,2,1,02/09/2005,6,12:00,19,E09000006,3,233,Single carriageway,30,Giveway or uncontrolled,3,21,None within 50 metres,No physical crossing within 50 meters,Daylight: Street light present,Fine without high winds,Dry,None,None,2,No,E01000665,2005
13412,200501PY20671,539570.0,170440.0,0.005694,51.415748,1,3,2,1,15/08/2005,2,19:00,19,E09000006,3,21,Single carriageway,30,Giveway or uncontrolled,3,21,None within 50 metres,No physical crossing within 50 meters,Daylight: Street light present,Fine without high winds,Dry,None,None,1,No,E01000672,2005
13413,200501PY20672,543230.0,165200.0,0.056178,51.367749,1,3,2,1,18/07/2005,2,07:12,19,E09000006,3,232,Single carriageway,30,None,-1,0,None within 50 metres,Zebra crossing,Daylight: Street light present,Fine without high winds,Dry,None,None,1,Yes,E01000756,2005
13414,200501PY20674,540360.0,169580.0,0.016707,51.407825,1,3,2,1,26/07/2005,3,13:16,19,E09000006,3,21,Single carriageway,30,Automatic traffic signal,3,2212,None within 50 metres,Pedestrian phase at traffic signal junction,Daylight: Street light present,Fine without high winds,Dry,None,None,1,Yes,E01000675,2005
13415,200501PY20675,544040.0,170760.0,0.070061,51.417506,1,3,2,1,28/07/2005,5,08:43,19,E09000006,5,0,Single carriageway,30,Giveway or uncontrolled,4,263,None within 50 metres,No physical crossing within 50 meters,Daylight: Street light present,Fine without high winds,Dry,None,None,1,Yes,E01000692,2005
13416,200501PY20676,535090.0,170520.0,-0.058659,51.417551,1,3,1,1,09/09/2005,6,14:30,19,E09000006,3,234,Single carriageway,30,Giveway or uncontrolled,6,0,None within 50 metres,No physical crossing within 50 meters,Daylight: Street light present,Fine without high winds,Dry,None,None,1,No,E01000806,2005
13417,200501PY20678,536510.0,169540.0,-0.038628,51.408405,1,3,2,1,16/08/2005,3,07:44,19,E09000006,3,234,Single carriageway,30,Giveway or uncontrolled,6,0,None within 50 metres,No physical crossing within 50 meters,Daylight: Street light present,Fine without high winds,Dry,None,None,1,Yes,E01000703,2005
13418,200501PY20679,537440.0,169940.0,-0.02511,51.411775,1,3,2,1,20/08/2005,7,12:13,19,E09000006,3,2015,Single carriageway,30,Giveway or uncontrolled,6,0,None within 50 metres,No physical crossing within 50 meters,Daylight: Street light present,Fine without high winds,Dry,None,None,1,Yes,E01000714,2005
13419,200501PY20681,536900.0,169800.0,-0.032924,51.410647,1,3,2,1,09/09/2005,6,12:05,19,E09000006,6,0,Single carriageway,30,Giveway or uncontrolled,6,0,None within 50 metres,No physical crossing within 50 meters,Daylight: Street light present,Fine without high winds,Dry,None,None,1,No,E01000709,2005
13420,200501PY20683,543450.0,156800.0,0.055957,51.29221,1,3,2,1,05/05/2005,5,11:55,19,E09000006,3,233,Single carriageway,30,Giveway or uncontrolled,5,0,None within 50 metres,No physical crossing within 50 meters,Daylight: Street light present,Fine without high winds,Dry,None,None,2,Yes,E01024483,2005
13421,200501PY20684,541230.0,164550.0,0.027209,51.362409,1,2,2,1,19/09/2005,2,06:40,19,E09000006,4,265,Single carriageway,30,Giveway or uncontrolled,6,0,None within 50 metres,No physical crossing within 50 meters,Darkness: Street lights present and lit,Fine without high winds,Dry,None,None,2,No,E01000765,2005
13422,200501PY20685,541580.0,169400.0,0.034165,51.405905,1,3,1,2,07/09/2005,4,00:30,19,E09000006,3,222,Single carriageway,30,Automatic traffic signal,5,0,None within 50 metres,Pedestrian phase at traffic signal junction,Darkness: Street lights present and lit,Fine without high winds,Dry,None,None,1,Yes,E01000646,2005
13423,200501PY20689,535640.0,170170.0,-0.050888,51.414275,1,2,1,1,23/08/2005,3,10:00,19,E09000006,3,213,Single carriageway,30,Giveway or uncontrolled,6,0,None within 50 metres,No physical crossing within 50 meters,Daylight: Street light present,Fine without high winds,Dry,None,None,1,Yes,E01000805,2005
13424,200501PY20690,541650.0,162470.0,0.03241,51.343613,1,3,2,2,22/08/2005,2,17:20,19,E09000006,3,233,Single carriageway,30,Giveway or uncontrolled,6,0,None within 50 metres,No physical crossing within 50 meters,Daylight: Street light present,Raining without high winds,Wet/Damp,None,None,1,Yes,E01000747,2005
13425,200501PY20691,542840.0,158330.0,0.047826,51.306113,1,3,1,1,22/05/2005,1,15:35,19,E09000006,3,233,Single carriageway,30,None,-1,0,None within 50 metres,No physical crossing within 50 meters,Daylight: Street light present,Raining without high winds,Wet/Damp,None,None,1,Yes,E01000748,2005
13426,200501PY20693,547810.0,167940.0,0.123064,51.391197,1,3,2,1,22/08/2005,2,11:39,19,E09000006,6,0,Single carriageway,30,Giveway or uncontrolled,6,0,None within 50 metres,No physical crossing within 50 meters,Daylight: Street light present,Raining without high winds,Wet/Damp,None,None,2,Yes,E01000721,2005
13427,200501PY20694,546120.0,166060.0,0.098019,51.374741,1,3,2,1,19/09/2005,2,10:40,19,E09000006,6,0,One way street,30,Giveway or uncontrolled,6,0,None within 50 metres,No physical crossing within 50 meters,Daylight: Street light present,Fine without high winds,Dry,None,None,1,No,E01000790,2005
13428,200501PY20695,539770.0,170070.0,0.008422,51.412374,1,3,2,5,03/09/2005,7,23:30,19,E09000006,3,21,Single carriageway,30,Giveway or uncontrolled,6,0,None within 50 metres,No physical crossing within 50 meters,Darkness: Street lights present and lit,Fine without high winds,Dry,None,None,1,Yes,E01000674,2005
13429,200501PY20696,540850.0,171500.0,0.02451,51.424957,1,3,4,1,05/09/2005,2,18:39,19,E09000006,6,0,Single carriageway,30,None,-1,0,None within 50 metres,No physical crossing within 50 meters,Daylight: Street light present,Fine without high winds,Dry,None,None,1,Yes,E01000818,2005
13430,200501PY20697,545630.0,165720.0,0.090844,51.371812,1,3,3,1,06/09/2005,3,09:25,19,E09000006,3,232,Single carriageway,30,None,-1,0,None within 50 metres,No physical crossing within 50 meters,Daylight: Street light present,Raining without high winds,Wet/Damp,None,None,1,Yes,E01000790,2005
13431,200501PY20700,542270.0,172750.0,0.045422,51.435835,1,3,2,1,07/09/2005,4,16:42,19,E09000006,3,208,Single carriageway,30,Giveway or uncontrolled,6,0,None within 50 metres,No physical crossing within 50 meters,Daylight: Street light present,Fine without high winds,Dry,None,None,1,Yes,E01000779,2005
13432,200501PY20701,545380.0,164020.0,0.08656,51.3566,1,3,2,3,29/08/2005,2,10:28,19,E09000006,3,21,Single carriageway,30,None,-1,0,None within 50 metres,No physical crossing within 50 meters,Daylight: Street light present,Fine without high winds,Dry,None,None,1,Yes,E01000749,2005
13433,200501PY20702,540290.0,169360.0,0.015614,51.405865,1,3,1,1,17/09/2005,7,16:18,19,E09000006,3,222,Single carriageway,30,Automatic traffic signal,3,2212,None within 50 metres,Pedestrian phase at traffic signal junction,Daylight: Street light present,Fine without high winds,Dry,None,None,1,Yes,E01000676,2005
13434,200501PY20703,542940.0,171850.0,0.054692,51.427579,1,3,2,2,30/08/2005,3,17:45,19,E09000006,3,208,Single carriageway,30,Automatic traffic signal,3,208,None within 50 metres,Pedestrian phase at traffic signal junction,Daylight: Street light present,Fine without high winds,Dry,None,None,1,No,E01000781,2005
13435,200501PY20704,547520.0,168320.0,0.119057,51.394687,1,3,2,1,06/09/2005,3,12:55,19,E09000006,6,0,Single carriageway,30,None,-1,0,None within 50 metres,No physical crossing within 50 meters,Daylight: Street light present,Fine without high winds,Wet/Damp,None,None,1,Yes,E01000719,2005
13436,200501PY20705,541200.0,164590.0,0.026794,51.362776,1,3,2,1,01/09/2005,5,09:28,19,E09000006,6,0,Single carriageway,30,None,-1,0,None within 50 metres,No physical crossing within 50 meters,Daylight: Street light present,Fine without high winds,Dry,None,None,2,Yes,E01000759,2005
13437,200501PY20706,539380.0,169330.0,0.002527,51.40582,1,3,2,1,01/09/2005,5,08:15,19,E09000006,6,0,Single carriageway,30,Giveway or uncontrolled,6,0,None within 50 metres,Pedestrian phase at traffic signal junction,Daylight: Street light present,Fine without high winds,Dry,None,None,1,Yes,E01000677,2005
13438,200501PY20707,541190.0,171380.0,0.029349,51.423794,1,2,2,2,17/09/2005,7,12:40,19,E09000006,6,0,Single carriageway,30,None,-1,0,None within 50 metres,No physical crossing within 50 meters,Daylight: Street light present,Fine without high winds,Dry,None,None,1,Yes,E01000818,2005
13439,200501PY20708,534600.0,169150.0,-0.066221,51.405356,1,3,3,2,17/09/2005,7,08:44,19,E09000006,3,213,Single carriageway,30,None,-1,0,None within 50 metres,No physical crossing within 50 meters,Daylight: Street light present,Fine without high winds,Dry,None,None,1,Yes,E01000744,2005
13440,200501PY20710,540990.0,169990.0,0.025922,51.411353,1,3,2,1,18/09/2005,1,19:00,19,E09000006,5,0,Single carriageway,30,None,-1,0,None within 50 metres,non-junction pedestrian crossing,Darkness: Street lights present and lit,Raining without high winds,Wet/Damp,None,None,1,Yes,E01000820,2005
13441,200501PY20711,540900.0,164060.0,0.022278,51.358087,1,3,1,1,25/09/2005,1,14:15,19,E09000006,6,0,Single carriageway,30,None,-1,0,None within 50 metres,No physical crossing within 50 meters,Daylight: Street light present,Fine without high winds,Dry,None,None,1,No,E01000666,2005
13442,200501PY20712,540760.0,168440.0,0.022002,51.397482,1,3,2,1,17/09/2005,7,18:00,19,E09000006,3,21,Single carriageway,30,Giveway or uncontrolled,6,0,None within 50 metres,No physical crossing within 50 meters,Daylight: Street light present,Fine without high winds,Dry,None,None,1,No,E01000678,2005
13443,200501PY20714,546250.0,166910.0,0.100235,51.382346,1,3,1,1,27/08/2005,7,14:40,19,E09000006,3,208,Single carriageway,30,None,-1,0,None within 50 metres,No physical crossing within 50 meters,Daylight: Street light present,Fine without high winds,Dry,None,None,1,Yes,E01000727,2005
13444,200501PY20715,535360.0,169840.0,-0.055038,51.411376,1,3,1,1,27/08/2005,7,09:56,19,E09000006,3,213,Single carriageway,30,Giveway or uncontrolled,6,0,None within 50 metres,No physical crossing within 50 meters,Daylight: Street light present,Fine without high winds,Dry,None,None,1,Yes,E01000798,2005
13445,200501PY20716,546650.0,164020.0,0.104787,51.356274,1,3,2,1,26/08/2005,6,10:14,19,E09000006,6,0,Single carriageway,30,Giveway or uncontrolled,6,0,None within 50 metres,No physical crossing within 50 meters,Daylight: Street light present,Fine without high winds,Dry,None,None,1,Yes,E01000685,2005
13446,200501PY20718,542380.0,166020.0,0.044304,51.375331,1,3,1,2,28/08/2005,1,14:20,19,E09000006,3,21,Single carriageway,30,Giveway or uncontrolled,6,0,None within 50 metres,No physical crossing within 50 meters,Daylight: Street light present,Fine without high winds,Dry,None,None,1,Yes,E01000665,2005
13447,200501PY20719,544770.0,166500.0,0.078815,51.379041,1,3,2,1,10/09/2005,7,17:45,19,E09000006,5,0,Single carriageway,30,Giveway or uncontrolled,6,0,None within 50 metres,No physical crossing within 50 meters,Daylight: Street light present,Raining without high winds,Wet/Damp,None,None,1,Yes,E01000754,2005
13448,200501PY20721,540270.0,168530.0,0.014999,51.398412,1,3,2,1,03/09/2005,7,12:05,19,E09000006,4,228,Single carriageway,30,Giveway or uncontrolled,4,2212,None within 50 metres,No physical crossing within 50 meters,Daylight: Street light present,Fine without high winds,Dry,None,None,1,Yes,E01000829,2005
13449,200501PY20722,539900.0,169810.0,0.010188,51.410005,1,3,2,1,09/09/2005,6,13:00,19,E09000006,6,0,Single carriageway,30,Giveway or uncontrolled,3,21,None within 50 metres,No physical crossing within 50 meters,Daylight: Street light present,Fine without high winds,Dry,None,None,1,Yes,E01000674,2005
13450,200501PY20723,544370.0,160010.0,0.07044,51.320823,1,3,1,1,08/09/2005,5,15:06,19,E09000006,6,0,Single carriageway,30,None,-1,0,None within 50 metres,No physical crossing within 50 meters,Daylight: Street light present,Fine without high winds,Dry,None,None,2,Yes,E01000747,2005
13451,200501PY20724,540160.0,167700.0,0.013091,51.39098,1,3,2,1,08/09/2005,5,09:40,19,E09000006,6,0,Single carriageway,30,Giveway or uncontrolled,6,0,None within 50 metres,No physical crossing within 50 meters,Daylight: Street light present,Fine without high winds,Dry,None,None,1,Yes,E01000762,2005
13452,200501PY20725,536240.0,169940.0,-0.042354,51.412064,1,2,2,1,10/09/2005,7,02:15,19,E09000006,6,0,Single carriageway,30,None,-1,0,None within 50 metres,No physical crossing within 50 meters,Darkness: Street lights present and lit,Raining without high winds,Wet/Damp,None,None,1,Yes,E01000797,2005
13453,200501PY20726,542240.0,166430.0,0.042458,51.379051,1,3,2,1,13/09/2005,3,13:33,19,E09000006,3,21,Single carriageway,30,Giveway or uncontrolled,3,233,None within 50 metres,No physical crossing within 50 meters,Daylight: Street light present,Fine without high winds,Dry,None,None,2,Yes,E01000665,2005
13454,200501PY20727,544590.0,165840.0,0.075962,51.373156,1,3,2,1,14/09/2005,4,17:05,19,E09000006,3,232,Roundabout,30,Giveway or uncontrolled,5,0,None within 50 metres,No physical crossing within 50 meters,Daylight: Street light present,Fine without high winds,Dry,None,None,1,Yes,E01000755,2005
13455,200501PY20728,546520.0,167950.0,0.104541,51.391621,1,3,2,1,16/09/2005,6,08:30,19,E09000006,6,0,Single carriageway,30,Giveway or uncontrolled,6,0,None within 50 metres,No physical crossing within 50 meters,Daylight: Street light present,Fine without high winds,Dry,None,None,1,Yes,E01000733,2005
13456,200501PY20729,547050.0,168480.0,0.112372,51.396247,1,3,2,1,18/09/2005,1,01:05,19,E09000006,3,224,Single carriageway,30,Automatic traffic signal,5,0,None within 50 metres,Pedestrian phase at traffic signal junction,Darkness: Street lights present and lit,Fine without high winds,Dry,None,None,1,Yes,E01000730,2005
13457,200501PY20730,539180.0,165480.0,-0.001853,51.371272,1,3,2,3,13/09/2005,3,17:25,19,E09000006,3,232,Single carriageway,30,None,-1,0,None within 50 metres,No physical crossing within 50 meters,Daylight: Street light present,Fine without high winds,Dry,None,None,1,Yes,E01000838,2005
13458,200501PY20734,538840.0,165090.0,-0.006887,51.36785,1,3,2,1,28/07/2005,5,14:22,19,E09000006,3,2022,Single carriageway,30,None,-1,0,None within 50 metres,No physical crossing within 50 meters,Daylight: Street light present,Fine without high winds,Dry,None,None,2,Yes,E01000759,2005
13459,200501PY20735,537430.0,169470.0,-0.025435,51.407554,1,3,2,2,02/10/2005,1,21:30,19,E09000006,3,222,Single carriageway,30,Automatic traffic signal,3,222,None within 50 metres,Pedestrian phase at traffic signal junction,Darkness: Street lights present and lit,Fine without high winds,Dry,None,None,1,No,E01000770,2005
13460,200501PY20736,543400.0,167460.0,0.05953,51.388015,1,3,2,1,13/09/2005,3,08:50,19,E09000006,6,0,Single carriageway,30,None,-1,0,None within 50 metres,No physical crossing within 50 meters,Daylight: Street light present,Fine without high winds,Dry,None,None,1,No,E01000664,2005
13461,200501PY20738,543900.0,170770.0,0.068053,51.417632,1,2,2,1,29/08/2005,2,18:10,19,E09000006,3,208,Single carriageway,30,None,-1,0,None within 50 metres,non-junction pedestrian crossing,Daylight: Street light present,Fine without high winds,Dry,None,None,1,Yes,E01000692,2005
13462,200501PY20739,535370.0,169850.0,-0.054891,51.411464,1,3,2,1,08/09/2005,5,10:50,19,E09000006,3,213,Single carriageway,30,Giveway or uncontrolled,6,0,None within 50 metres,No physical crossing within 50 meters,Daylight: Street light present,Fine without high winds,Dry,None,None,1,Yes,E01000798,2005
13463,200501PY20740,538720.0,165430.0,-0.008477,51.370935,1,3,2,2,20/09/2005,3,23:00,19,E09000006,5,0,Single carriageway,30,None,-1,0,None within 50 metres,No physical crossing within 50 meters,Darkness: Street lights present and lit,Fine without high winds,Dry,None,None,1,Yes,E01000840,2005
13464,200501PY20741,539470.0,165180.0,0.002192,51.368505,1,2,4,3,20/09/2005,3,09:28,19,E09000006,6,0,Single carriageway,30,Giveway or uncontrolled,6,0,None within 50 metres,No physical crossing within 50 meters,Daylight: Street light present,Fine without high winds,Dry,None,None,1,Yes,E01000761,2005
13465,200501PY20742,542280.0,165110.0,0.042504,51.367179,1,3,2,1,21/09/2005,4,15:00,19,E09000006,3,232,Single carriageway,30,Giveway or uncontrolled,6,0,None within 50 metres,No physical crossing within 50 meters,Daylight: Street light present,Fine without high winds,Dry,None,None,1,Yes,E01000667,2005
13466,200501PY20743,541750.0,167470.0,0.035837,51.388519,1,3,2,1,22/09/2005,5,10:35,19,E09000006,3,21,Single carriageway,30,Giveway or uncontrolled,5,0,None within 50 metres,No physical crossing within 50 meters,Daylight: Street light present,Fine without high winds,Dry,None,None,2,Yes,E01000668,2005
13467,200501PY20744,540450.0,169490.0,0.017964,51.406994,1,3,2,2,29/09/2005,5,19:45,19,E09000006,3,21,Single carriageway,30,Giveway or uncontrolled,6,0,None within 50 metres,No physical crossing within 50 meters,Darkness: Street lights present and lit,Fine without high winds,Dry,None,None,1,No,E01000675,2005
13468,200501PY20746,544850.0,165820.0,0.079687,51.37291,1,3,2,1,14/09/2005,4,15:25,19,E09000006,6,0,Single carriageway,30,Giveway or uncontrolled,3,232,None within 50 metres,No physical crossing within 50 meters,Daylight: Street light present,Fine without high winds,Dry,None,None,1,Yes,E01000755,2005
13469,200501PY20747,546840.0,167470.0,0.108938,51.387226,1,3,2,1,29/09/2005,5,17:55,19,E09000006,3,224,Single carriageway,30,None,-1,0,None within 50 metres,No physical crossing within 50 meters,Daylight: Street light present,Fine without high winds,Dry,None,None,1,No,E01000725,2005
13470,200501PY20748,542280.0,172810.0,0.04559,51.436372,1,3,1,1,23/09/2005,6,09:09,19,E09000006,3,208,Single carriageway,30,Giveway or uncontrolled,6,0,None within 50 metres,Zebra crossing,Daylight: Street light present,Fine without high winds,Dry,None,None,1,Yes,E01001597,2005
13471,200501PY20751,540740.0,165070.0,0.020381,51.367203,1,3,3,1,17/09/2005,7,17:45,19,E09000006,3,232,Single carriageway,30,Giveway or uncontrolled,6,0,None within 50 metres,No physical crossing within 50 meters,Daylight: Street light present,Fine without high winds,Dry,None,None,2,Yes,E01000759,2005
13472,200501PY20752,533880.0,170560.0,-0.076035,51.418198,1,3,3,1,21/09/2005,4,00:01,19,E09000006,6,0,Single carriageway,30,None,-1,0,None within 50 metres,No physical crossing within 50 meters,Darkness: Street lights present and lit,Fine without high winds,Dry,None,None,1,No,E01000746,2005
13473,200501PY20753,546440.0,170220.0,0.104328,51.41204,1,3,2,1,26/09/2005,2,17:20,19,E09000006,6,0,Single carriageway,30,None,-1,0,None within 50 metres,No physical crossing within 50 meters,Daylight: Street light present,Fine without high winds,Dry,None,None,1,Yes,E01000735,2005
13474,200501PY20754,546970.0,168060.0,0.111049,51.392494,1,3,2,1,22/09/2005,5,17:15,19,E09000006,3,224,Dual carriageway,30,Giveway or uncontrolled,6,0,None within 50 metres,No physical crossing within 50 meters,Daylight: Street light present,Fine without high winds,Dry,None,None,1,Yes,E01000722,2005
13475,200501PY20755,544330.0,170190.0,0.073996,51.412311,1,3,1,1,26/09/2005,2,15:26,19,E09000006,3,222,Single carriageway,30,Automatic traffic signal,3,208,None within 50 metres,Pedestrian phase at traffic signal junction,Daylight: Street light present,Fine without high winds,Dry,None,None,1,Yes,E01000696,2005
13476,200501PY20756,536420.0,168570.0,-0.040294,51.399709,1,2,1,1,23/09/2005,6,14:00,19,E09000006,3,222,Single carriageway,30,None,-1,0,None within 50 metres,No physical crossing within 50 meters,Daylight: Street light present,Fine without high winds,Dry,None,None,1,Yes,E01000771,2005
13477,200501PY20757,543190.0,169210.0,0.05722,51.403793,1,3,2,2,11/06/2005,7,01:23,19,E09000006,3,222,Single carriageway,30,Giveway or uncontrolled,6,0,None within 50 metres,No physical crossing within 50 meters,Darkness: Street lights present and lit,Fine without high winds,Dry,None,None,1,Yes,E01000649,2005
13478,200501PY20759,540750.0,168440.0,0.021859,51.397484,1,2,4,1,27/09/2005,3,08:30,19,E09000006,6,0,Single carriageway,30,Giveway or uncontrolled,3,21,None within 50 metres,Zebra crossing,Daylight: Street light present,Fine without high winds,Wet/Damp,None,None,1,Yes,E01000670,2005
13479,200501PY20763,541550.0,163370.0,0.031333,51.351725,1,3,2,1,28/09/2005,4,16:45,19,E09000006,3,233,Single carriageway,30,None,-1,0,None within 50 metres,No physical crossing within 50 meters,Daylight: Street light present,Raining without high winds,Wet/Damp,None,None,2,Yes,E01000666,2005
13480,200501PY20764,536060.0,169670.0,-0.045044,51.409681,1,3,2,1,29/09/2005,5,20:28,19,E09000006,3,234,Single carriageway,30,Giveway or uncontrolled,6,0,None within 50 metres,No physical crossing within 50 meters,Darkness: Street lights present and lit,Fine without high winds,Dry,None,None,1,Yes,E01000702,2005
13481,200501PY20765,539110.0,167990.0,-0.001876,51.393845,1,3,1,1,29/09/2005,5,15:37,19,E09000006,4,251,Single carriageway,30,None,-1,0,None within 50 metres,No physical crossing within 50 meters,Daylight: Street light present,Fine without high winds,Dry,None,None,1,Yes,E01000826,2005
13482,200501PY20768,540680.0,171550.0,0.022086,51.425449,1,3,1,1,29/09/2005,5,23:10,19,E09000006,3,2212,Single carriageway,30,Giveway or uncontrolled,6,0,None within 50 metres,No physical crossing within 50 meters,Darkness: Street lights present and lit,Fine without high winds,Dry,None,None,1,Yes,E01000816,2005
13483,200501PY20769,535400.0,170320.0,-0.05428,51.41568,1,2,1,1,30/09/2005,6,19:04,19,E09000006,6,0,Single carriageway,30,Giveway or uncontrolled,3,234,None within 50 metres,No physical crossing within 50 meters,Darkness: Street lights present and lit,Fine without high winds,Dry,None,None,1,Yes,E01000806,2005
13484,200501PY20770,542980.0,167720.0,0.053603,51.390457,1,3,2,1,01/10/2005,7,19:35,19,E09000006,5,0,Roundabout,30,Giveway or uncontrolled,6,0,None within 50 metres,No physical crossing within 50 meters,Darkness: Street lights present and lit,Raining without high winds,Wet/Damp,None,None,1,Yes,E01000662,2005
13485,200501PY20771,536430.0,168600.0,-0.040139,51.399977,1,3,2,1,01/10/2005,7,11:40,19,E09000006,3,222,Single carriageway,30,Giveway or uncontrolled,6,0,None within 50 metres,Central refuge,Daylight: Street light present,Fine without high winds,Dry,None,None,1,Yes,E01000708,2005
13486,200501PY20772,537790.0,169140.0,-0.020391,51.404501,1,3,2,1,05/10/2005,4,23:30,19,E09000006,6,0,Single carriageway,30,None,-1,0,None within 50 metres,No physical crossing within 50 meters,Darkness: Street lights present and lit,Fine without high winds,Dry,None,None,1,Yes,E01000772,2005
13487,200501PY20773,534450.0,169960.0,-0.06807,51.412671,1,3,2,1,06/10/2005,5,18:25,19,E09000006,3,214,Single carriageway,30,Giveway or uncontrolled,6,0,None within 50 metres,No physical crossing within 50 meters,Darkness: Street lights present and lit,Fine without high winds,Dry,None,None,1,Yes,E01000743,2005
13488,200501PY20774,542990.0,165030.0,0.052665,51.366282,1,3,2,1,06/10/2005,5,14:02,19,E09000006,3,21,Single carriageway,30,Automatic traffic signal,3,232,None within 50 metres,Pedestrian phase at traffic signal junction,Daylight: Street light present,Fine without high winds,Dry,None,None,1,No,E01000756,2005
13489,200501PY20775,542090.0,166760.0,0.040436,51.382054,1,3,2,1,01/10/2005,7,16:15,19,E09000006,3,21,Single carriageway,30,Giveway or uncontrolled,6,0,None within 50 metres,No physical crossing within 50 meters,Daylight: Street light present,Fine without high winds,Dry,None,None,2,Yes,E01000661,2005
13490,200501PY20776,546690.0,168590.0,0.107247,51.397328,1,3,2,1,28/09/2005,4,19:00,19,E09000006,5,0,Roundabout,30,Giveway or uncontrolled,6,0,None within 50 metres,No physical crossing within 50 meters,Darkness: Street lights present and lit,Fine without high winds,Dry,None,None,1,No,E01000730,2005
13491,200501PY20778,535220.0,169200.0,-0.057294,51.405658,1,3,1,1,31/08/2005,4,08:15,19,E09000006,3,214,Single carriageway,30,Giveway or uncontrolled,6,0,None within 50 metres,Central refuge,Daylight: Street light present,Fine without high winds,Dry,None,None,1,Yes,E01000699,2005
13492,200501PY20779,537440.0,169600.0,-0.025241,51.408719,1,3,2,1,01/10/2005,7,14:40,19,E09000006,4,230,Single carriageway,30,Automatic traffic signal,3,2015,None within 50 metres,Pedestrian phase at traffic signal junction,Daylight: Street light present,Fine without high winds,Dry,None,None,1,Yes,E01000714,2005
13493,200501PY20782,535580.0,170120.0,-0.05177,51.41384,1,2,1,1,11/09/2005,1,02:00,19,E09000006,3,234,Single carriageway,30,Automatic traffic signal,3,213,None within 50 metres,Pedestrian phase at traffic signal junction,Darkness: Street lights present and lit,Raining without high winds,Wet/Damp,None,None,1,No,E01000799,2005
13494,200501PY20787,534840.0,169350.0,-0.062697,51.407097,1,3,2,1,03/10/2005,2,14:33,19,E09000006,3,213,Single carriageway,30,Giveway or uncontrolled,6,0,None within 50 metres,No physical crossing within 50 meters,Daylight: Street light present,Fine without high winds,Dry,None,None,1,Yes,E01000743,2005
13495,200501PY20788,547320.0,165580.0,0.115049,51.370118,1,3,2,1,02/10/2005,1,17:25,19,E09000006,6,0,Single carriageway,30,Giveway or uncontrolled,6,0,None within 50 metres,No physical crossing within 50 meters,Daylight: Street light present,Fine without high winds,Dry,None,None,1,Yes,E01000786,2005
13496,200501PY20789,534720.0,169250.0,-0.064459,51.406226,1,3,2,1,04/10/2005,3,20:35,19,E09000006,3,213,Single carriageway,30,None,-1,0,None within 50 metres,No physical crossing within 50 meters,Darkness: Street lights present and lit,Fine without high winds,Dry,None,None,1,Yes,E01000743,2005
13497,200501PY20790,542700.0,170940.0,0.050876,51.419462,1,3,2,2,05/10/2005,4,14:45,19,E09000006,6,0,Single carriageway,30,Giveway or uncontrolled,6,0,None within 50 metres,No physical crossing within 50 meters,Daylight: Street light present,Fine without high winds,Dry,None,None,1,Yes,E01000694,2005
13498,200501PY20791,539620.0,169480.0,0.006035,51.407109,1,3,2,1,08/10/2005,7,06:45,19,E09000006,3,222,Single carriageway,30,Giveway or uncontrolled,6,0,None within 50 metres,No physical crossing within 50 meters,Daylight: Street light present,Fine without high winds,Dry,None,None,1,Yes,E01000677,2005
13499,200501PY20792,545630.0,166990.0,0.091364,51.383224,1,3,1,1,08/10/2005,7,18:15,19,E09000006,3,208,Single carriageway,30,Giveway or uncontrolled,6,0,None within 50 metres,No physical crossing within 50 meters,Darkness: Street lights present and lit,Raining without high winds,Wet/Damp,None,None,1,Yes,E01000808,2005
13500,200501PY20793,543850.0,164420.0,0.064763,51.360584,1,2,2,2,09/10/2005,1,19:20,19,E09000006,3,21,Single carriageway,30,Automatic traffic signal,3,21,None within 50 metres,Pedestrian phase at traffic signal junction,Darkness: Street lights present and lit,Raining without high winds,Wet/Damp,None,None,1,Yes,E01000751,2005
13501,200501PY20795,540630.0,171610.0,0.021391,51.426,1,2,1,1,29/09/2005,5,19:45,19,E09000006,3,2212,Single carriageway,30,Giveway or uncontrolled,6,0,None within 50 metres,No physical crossing within 50 meters,Daylight: Street light present,Fine without high winds,Dry,None,None,1,Yes,E01000816,2005
13502,200501PY20796,540370.0,170510.0,0.017218,51.41618,1,2,4,1,16/10/2005,1,00:14,19,E09000006,3,2212,Single carriageway,30,Giveway or uncontrolled,6,0,None within 50 metres,No physical crossing within 50 meters,Darkness: Street lights present and lit,Fine without high winds,Dry,None,None,1,Yes,E01000819,2005
13503,200501PY20797,536000.0,168390.0,-0.046397,51.398193,1,3,2,1,24/09/2005,7,09:30,19,E09000006,3,222,Single carriageway,30,Giveway or uncontrolled,6,0,None within 50 metres,Pedestrian phase at traffic signal junction,Daylight: Street light present,Fine without high winds,Dry,None,None,1,No,E01000776,2005
13504,200501PY20798,547030.0,169900.0,0.112673,51.409012,1,3,2,1,02/10/2005,1,10:20,19,E09000006,6,0,Single carriageway,30,Giveway or uncontrolled,3,224,None within 50 metres,No physical crossing within 50 meters,Daylight: Street light present,Fine without high winds,Dry,None,None,1,No,E01000738,2005
13505,200501PY20801,540500.0,169350.0,0.018627,51.405724,1,3,2,1,29/09/2005,5,08:20,19,E09000006,3,21,Single carriageway,30,None,-1,0,None within 50 metres,No physical crossing within 50 meters,Daylight: Street light present,Fine without high winds,Dry,None,None,1,Yes,E01000675,2005
13506,200501PY20802,534030.0,170500.0,-0.073902,51.417623,1,3,2,1,30/09/2005,6,07:25,19,E09000006,3,214,Single carriageway,30,Giveway or uncontrolled,6,0,None within 50 metres,No physical crossing within 50 meters,Daylight: Street light present,Fine without high winds,Wet/Damp,None,None,1,Yes,E01000741,2005
13507,200501PY20803,543750.0,164810.0,0.063486,51.364113,1,3,2,1,13/10/2005,5,15:20,19,E09000006,6,0,Single carriageway,30,Giveway or uncontrolled,6,0,None within 50 metres,No physical crossing within 50 meters,Daylight: Street light present,Fine without high winds,Dry,None,None,1,Yes,E01000751,2005
13508,200501PY20804,540530.0,160740.0,0.015657,51.328344,1,3,3,2,03/10/2005,2,17:36,19,E09000006,6,0,Single carriageway,30,Giveway or uncontrolled,6,0,None within 50 metres,No physical crossing within 50 meters,Daylight: Street light present,Fine without high winds,Dry,None,None,2,Yes,E01000656,2005
13509,200501PY20805,547020.0,168350.0,0.111888,51.395086,1,3,2,1,07/10/2005,6,20:47,19,E09000006,3,224,Single carriageway,30,Giveway or uncontrolled,6,0,None within 50 metres,No physical crossing within 50 meters,Darkness: Street lights present and lit,Fine without high winds,Dry,None,None,1,Yes,E01000730,2005
13510,200501PY20806,534030.0,170500.0,-0.073902,51.417623,1,3,1,1,08/10/2005,7,17:51,19,E09000006,3,214,Single carriageway,30,Automatic traffic signal,6,0,None within 50 metres,Pedestrian phase at traffic signal junction,Daylight: Street light present,Fine without high winds,Dry,None,None,1,Yes,E01000741,2005
13511,200501PY20807,536680.0,167700.0,-0.036893,51.391829,1,3,4,2,09/10/2005,1,15:46,19,E09000006,3,214,Single carriageway,30,None,-1,0,None within 50 metres,No physical crossing within 50 meters,Daylight: Street light present,Fine without high winds,Dry,None,None,1,Yes,E01000777,2005
13512,200501PY20809,539260.0,169230.0,0.000764,51.404951,1,3,2,1,10/10/2005,2,08:10,19,E09000006,5,0,Single carriageway,30,Giveway or uncontrolled,6,0,None within 50 metres,Zebra crossing,Daylight: Street light present,Fine without high winds,Dry,None,None,1,Yes,E01000828,2005
13513,200501PY20810,540620.0,168640.0,0.02007,51.399314,1,3,2,1,18/09/2005,1,12:29,19,E09000006,3,21,Dual carriageway,30,None,-1,0,None within 50 metres,No physical crossing within 50 meters,Daylight: Street light present,Fine without high winds,Dry,None,None,1,Yes,E01000678,2005
13514,200501PY20811,540380.0,170470.0,0.017346,51.415818,1,3,2,1,15/10/2005,7,16:20,19,E09000006,3,2212,Single carriageway,30,None,-1,0,None within 50 metres,No physical crossing within 50 meters,Daylight: Street light present,Fine without high winds,Dry,None,None,1,Yes,E01000819,2005
13515,200501PY20812,535540.0,170200.0,-0.052314,51.414568,1,3,1,1,19/10/2005,4,16:20,19,E09000006,3,234,Single carriageway,30,None,-1,0,None within 50 metres,No physical crossing within 50 meters,Daylight: Street light present,Fine without high winds,Dry,None,None,1,Yes,E01000799,2005
13516,200501PY20814,542610.0,172230.0,0.050101,51.431077,1,3,2,1,11/10/2005,3,10:40,19,E09000006,6,0,Single carriageway,30,Giveway or uncontrolled,6,0,None within 50 metres,No physical crossing within 50 meters,Daylight: Street light present,Fine without high winds,Dry,None,None,1,Yes,E01000781,2005
13517,200501PY20815,545970.0,165270.0,0.095541,51.367681,1,2,2,1,12/10/2005,4,20:00,19,E09000006,3,223,Single carriageway,30,Giveway or uncontrolled,6,0,None within 50 metres,No physical crossing within 50 meters,Darkness: Street lights present and lit,Raining without high winds,Wet/Damp,None,None,1,Yes,E01000790,2005
13518,200501PY20816,534020.0,170510.0,-0.074042,51.417715,1,3,1,1,18/10/2005,3,12:25,19,E09000006,3,214,Single carriageway,30,Giveway or uncontrolled,6,0,None within 50 metres,non-junction pedestrian crossing,Daylight: Street light present,Fine without high winds,Dry,None,None,1,No,E01000746,2005
13519,200501PY20817,541770.0,169260.0,0.036839,51.404599,1,3,1,1,05/10/2005,4,00:25,19,E09000006,3,222,Single carriageway,30,Giveway or uncontrolled,5,0,None within 50 metres,No physical crossing within 50 meters,Darkness: Street lights present and lit,Fine without high winds,Dry,None,None,1,Yes,E01000648,2005
13520,200501PY20818,541980.0,164160.0,0.037819,51.358717,1,3,2,1,14/10/2005,6,08:40,19,E09000006,3,233,Single carriageway,30,None,-1,0,None within 50 metres,No physical crossing within 50 meters,Daylight: Street light present,Raining without high winds,Wet/Damp,None,None,2,Yes,E01000666,2005
13521,200501PY20819,539670.0,167550.0,0.005994,51.389753,1,3,2,1,05/10/2005,4,15:30,19,E09000006,6,0,Single carriageway,30,Giveway or uncontrolled,6,0,None within 50 metres,No physical crossing within 50 meters,Daylight: Street light present,Fine without high winds,Dry,None,None,1,Yes,E01000827,2005
13522,200501PY20820,545980.0,167810.0,0.096727,51.390502,1,3,2,1,12/10/2005,4,18:38,19,E09000006,5,0,Single carriageway,30,Giveway or uncontrolled,6,0,None within 50 metres,No physical crossing within 50 meters,Darkness: Street lights present and lit,Raining without high winds,Wet/Damp,None,None,1,Yes,E01000732,2005
13523,200501PY20821,543610.0,165490.0,0.061751,51.370259,1,3,2,1,14/10/2005,6,09:05,19,E09000006,3,232,Single carriageway,30,Giveway or uncontrolled,6,0,None within 50 metres,No physical crossing within 50 meters,Daylight: Street light present,Fine without high winds,Dry,None,None,1,Yes,E01000756,2005
13524,200501PY20822,540530.0,166370.0,0.01788,51.378937,1,3,1,1,11/10/2005,3,22:25,19,E09000006,4,265,Single carriageway,30,Giveway or uncontrolled,6,0,None within 50 metres,No physical crossing within 50 meters,Darkness: Street lights present but unlit,Fine without high winds,Dry,None,None,1,Yes,E01000765,2005
13525,200501PY20823,541910.0,169910.0,0.03911,51.410405,1,3,1,1,04/10/2005,3,08:15,19,E09000006,5,0,Single carriageway,30,Giveway or uncontrolled,6,0,None within 50 metres,No physical crossing within 50 meters,Daylight: Street light present,Fine without high winds,Dry,None,None,1,Yes,E01000653,2005
13526,200501PY20824,537260.0,169790.0,-0.027754,51.41047,1,2,2,1,16/10/2005,1,13:25,19,E09000006,6,0,Single carriageway,30,None,-1,0,None within 50 metres,No physical crossing within 50 meters,Daylight: Street light present,Fine without high winds,Dry,None,None,1,Yes,E01000714,2005
13527,200501PY20825,544530.0,170040.0,0.076809,51.410912,1,2,2,1,20/10/2005,5,08:14,19,E09000006,3,208,Single carriageway,30,Giveway or uncontrolled,6,0,None within 50 metres,No physical crossing within 50 meters,Daylight: Street light present,Fine without high winds,Wet/Damp,None,None,1,Yes,E01000693,2005
13528,200501PY20828,544430.0,160410.0,0.071463,51.324403,1,3,2,1,24/10/2005,2,09:00,19,E09000006,5,0,Single carriageway,30,None,-1,0,None within 50 metres,No physical crossing within 50 meters,Daylight: Street light present,Raining without high winds,Wet/Damp,None,None,2,Yes,E01000748,2005
13529,200501PY20829,542680.0,171460.0,0.050797,51.42414,1,3,2,2,16/10/2005,1,19:07,19,E09000006,5,0,Single carriageway,30,Giveway or uncontrolled,6,0,None within 50 metres,No physical crossing within 50 meters,Darkness: Street lights present and lit,Raining without high winds,Wet/Damp,None,None,1,Yes,E01000784,2005
13530,200501PY20831,546880.0,167660.0,0.109591,51.388923,1,3,2,1,24/10/2005,2,18:00,19,E09000006,3,224,Single carriageway,30,None,-1,0,None within 50 metres,No physical crossing within 50 meters,Darkness: Street lights present and lit,Fine without high winds,Wet/Damp,None,None,1,No,E01000722,2005
13531,200501PY20832,544600.0,165840.0,0.076106,51.373153,1,3,2,1,18/10/2005,3,23:17,19,E09000006,3,232,Single carriageway,30,Giveway or uncontrolled,5,0,None within 50 metres,No physical crossing within 50 meters,Darkness: Street lights present and lit,Fine without high winds,Dry,None,None,1,No,E01000755,2005
13532,200501PY20833,541710.0,167540.0,0.03529,51.389158,1,3,2,1,27/10/2005,5,14:03,19,E09000006,3,21,Single carriageway,30,Giveway or uncontrolled,5,0,None within 50 metres,Zebra crossing,Daylight: Street light present,Fine without high winds,Dry,None,None,1,No,E01000661,2005
13533,200501PY20836,538260.0,168000.0,-0.014082,51.394142,1,3,2,1,19/10/2005,4,08:27,19,E09000006,6,0,Single carriageway,30,Giveway or uncontrolled,6,0,None within 50 metres,No physical crossing within 50 meters,Daylight: Street light present,Fine without high winds,Wet/Damp,None,None,1,Yes,E01000830,2005
13534,200501PY20837,539680.0,165400.0,0.005293,51.37043,1,2,2,1,20/10/2005,5,07:32,19,E09000006,3,232,Single carriageway,30,None,-1,0,None within 50 metres,No physical crossing within 50 meters,Daylight: Street light present,Fine without high winds,Dry,None,None,2,Yes,E01000761,2005
13535,200501PY20841,536990.0,169430.0,-0.031773,51.407301,1,3,2,2,16/10/2005,1,14:20,19,E09000006,3,2015,Single carriageway,30,Automatic traffic signal,6,0,None within 50 metres,Pedestrian phase at traffic signal junction,Daylight: Street light present,Fine without high winds,Dry,None,None,1,No,E01000714,2005
13536,200501PY20842,545350.0,168990.0,0.088162,51.401267,1,3,1,1,19/10/2005,4,21:33,19,E09000006,6,0,Single carriageway,30,None,-1,0,None within 50 metres,Central refuge,Darkness: Street lights present and lit,Raining without high winds,Wet/Damp,None,None,2,Yes,E01000698,2005
13537,200501PY20843,547370.0,162710.0,0.114578,51.344316,1,3,1,1,22/10/2005,7,13:10,19,E09000006,6,0,Single carriageway,30,None,-1,0,None within 50 metres,No physical crossing within 50 meters,Daylight: Street light present,Fine without high winds,Dry,None,None,1,Yes,E01000680,2005
13538,200501PY20844,547040.0,164820.0,0.110715,51.363362,1,3,1,1,21/10/2005,6,11:55,19,E09000006,6,0,Single carriageway,30,None,-1,0,None within 50 metres,No physical crossing within 50 meters,Daylight: Street light present,Fine without high winds,Dry,None,None,1,Yes,E01000795,2005
13539,200501PY20845,541240.0,168030.0,0.028735,51.393678,1,3,2,1,22/10/2005,7,11:30,19,E09000006,3,21,Single carriageway,30,None,-1,0,None within 50 metres,No physical crossing within 50 meters,Daylight: Street light present,Fine without high winds,Dry,None,None,1,Yes,E01000671,2005
13540,200501PY20847,544460.0,170450.0,0.07597,51.414614,1,3,2,1,19/10/2005,4,13:50,19,E09000006,6,0,Single carriageway,30,Giveway or uncontrolled,6,0,None within 50 metres,No physical crossing within 50 meters,Daylight: Street light present,Fine without high winds,Dry,None,None,1,Yes,E01000696,2005
13541,200501PY20848,537900.0,168430.0,-0.019086,51.398094,1,2,2,1,03/11/2005,5,12:02,19,E09000006,4,230,Single carriageway,30,None,-1,0,None within 50 metres,No physical crossing within 50 meters,Daylight: Street light present,Raining with high winds,Wet/Damp,None,None,1,Yes,E01000770,2005
13542,200501PY20850,537500.0,170090.0,-0.024189,51.413108,1,3,3,2,01/11/2005,3,12:45,19,E09000006,6,0,Single carriageway,30,Giveway or uncontrolled,3,2015,None within 50 metres,No physical crossing within 50 meters,Daylight: Street light present,Fine without high winds,Dry,None,None,1,Yes,E01000710,2005
13543,200501PY20851,539630.0,160940.0,0.002826,51.330363,1,2,3,1,31/10/2005,2,14:42,20,E09000008,6,0,Single carriageway,30,None,-1,0,None within 50 metres,No physical crossing within 50 meters,Daylight: Street light present,Raining without high winds,Wet/Damp,None,None,2,Yes,E01001081,2005
13544,200501PY20852,541400.0,159990.0,0.027839,51.321389,1,3,2,1,30/10/2005,1,08:50,19,E09000006,3,233,Dual carriageway,40,Giveway or uncontrolled,6,0,None within 50 metres,No physical crossing within 50 meters,Daylight: Street light present,Fine without high winds,Wet/Damp,None,None,1,Yes,E01000656,2005
13545,200501PY20853,544800.0,167770.0,0.079763,51.390445,1,3,2,1,22/09/2005,5,21:50,19,E09000006,5,0,Single carriageway,30,Giveway or uncontrolled,5,0,None within 50 metres,No physical crossing within 50 meters,Darkness: Street lights present and lit,Fine without high winds,Dry,None,None,1,Yes,E01000810,2005
13546,200501PY20856,546200.0,165880.0,0.099093,51.373103,1,3,2,1,21/10/2005,6,14:10,19,E09000006,3,232,Single carriageway,30,Giveway or uncontrolled,6,0,None within 50 metres,No physical crossing within 50 meters,Daylight: Street light present,Fine without high winds,Dry,None,None,1,Yes,E01000788,2005
13547,200501PY20857,539450.0,169400.0,0.003561,51.406432,1,3,1,1,06/10/2005,5,13:20,19,E09000006,3,222,Single carriageway,30,None,-1,0,None within 50 metres,No physical crossing within 50 meters,Daylight: Street light present,Fine without high winds,Dry,None,None,1,No,E01000677,2005
13548,200501PY20859,540090.0,169720.0,0.012883,51.40915,1,3,2,1,04/11/2005,6,12:00,19,E09000006,3,21,Single carriageway,30,Giveway or uncontrolled,6,0,None within 50 metres,No physical crossing within 50 meters,Daylight: Street light present,Fine without high winds,Dry,None,None,1,No,E01000676,2005
13549,200501PY20860,540190.0,169680.0,0.014304,51.408766,1,3,2,1,22/10/2005,7,02:40,19,E09000006,3,21,Single carriageway,30,Automatic traffic signal,3,2212,None within 50 metres,Pedestrian phase at traffic signal junction,Darkness: Street lights present and lit,Fine without high winds,Wet/Damp,None,None,1,Yes,E01000676,2005
13550,200501PY20861,537420.0,169460.0,-0.025583,51.407466,1,3,1,1,04/11/2005,6,17:30,19,E09000006,3,222,Single carriageway,30,Automatic traffic signal,3,222,None within 50 metres,Pedestrian phase at traffic signal junction,Darkness: Street lights present and lit,Fine without high winds,Dry,None,None,1,No,E01000714,2005
13551,200501PY20862,536500.0,169540.0,-0.038772,51.408407,1,2,1,1,01/11/2005,3,14:22,19,E09000006,3,234,Single carriageway,30,Giveway or uncontrolled,6,0,None within 50 metres,No physical crossing within 50 meters,Daylight: Street light present,Fine without high winds,Dry,None,None,1,Yes,E01000703,2005
13552,200501PY20863,540260.0,168520.0,0.014851,51.398324,1,2,2,1,03/11/2005,5,12:39,19,E09000006,4,228,Single carriageway,30,Giveway or uncontrolled,4,2212,None within 50 metres,No physical crossing within 50 meters,Daylight: Street light present,Raining without high winds,Wet/Damp,None,None,1,Yes,E01000829,2005
13553,200501PY20864,535960.0,168370.0,-0.046979,51.398022,1,3,2,1,06/11/2005,1,07:40,19,E09000006,3,222,Single carriageway,30,Automatic traffic signal,3,214,None within 50 metres,Pedestrian phase at traffic signal junction,Daylight: Street light present,Raining without high winds,Wet/Damp,None,None,1,No,E01000776,2005
13554,200501PY20865,540000.0,169520.0,0.01151,51.407375,1,3,2,1,07/11/2005,2,13:45,19,E09000006,3,21,Single carriageway,30,Automatic traffic signal,3,222,None within 50 metres,Pedestrian phase at traffic signal junction,Daylight: Street light present,Fine without high winds,Dry,None,None,1,Yes,E01000676,2005
13555,200501PY20867,545560.0,163940.0,0.089111,51.355835,1,3,2,2,04/11/2005,6,20:06,19,E09000006,4,2158,Single carriageway,30,Giveway or uncontrolled,3,223,None within 50 metres,No physical crossing within 50 meters,Darkness: Street lights present and lit,Fine without high winds,Dry,None,None,1,Yes,E01000686,2005
13556,200501PY20868,535100.0,170510.0,-0.058519,51.417459,1,3,1,1,07/11/2005,2,08:15,19,E09000006,3,234,Single carriageway,30,Giveway or uncontrolled,6,0,None within 50 metres,non-junction pedestrian crossing,Daylight: Street light present,Fine without high winds,Dry,None,None,1,Yes,E01000806,2005
13557,200501PY20870,545590.0,163200.0,0.089239,51.349178,1,3,2,1,05/11/2005,7,08:02,19,E09000006,3,21,Single carriageway,30,None,-1,0,None within 50 metres,No physical crossing within 50 meters,Daylight: Street light present,Fine without high winds,Dry,None,None,1,Yes,E01000749,2005
13558,200501PY20873,545240.0,164130.0,0.084596,51.357624,1,3,2,1,09/10/2005,1,11:45,19,E09000006,4,2158,Roundabout,30,Giveway or uncontrolled,5,0,None within 50 metres,No physical crossing within 50 meters,Daylight: Street light present,Fine without high winds,Dry,None,None,1,Yes,E01000752,2005
13559,200501PY20874,546570.0,163960.0,0.103614,51.355755,1,3,2,2,08/11/2005,3,10:25,19,E09000006,6,0,Single carriageway,30,Giveway or uncontrolled,6,0,None within 50 metres,No physical crossing within 50 meters,Daylight: Street light present,Fine without high winds,Dry,None,None,1,Yes,E01000685,2005
13560,200501PY20875,534950.0,170580.0,-0.060649,51.418124,1,3,2,1,30/10/2005,1,18:39,19,E09000006,3,234,Single carriageway,30,Giveway or uncontrolled,6,0,None within 50 metres,No physical crossing within 50 meters,Darkness: Street lights present and lit,Fine without high winds,Dry,None,None,1,Yes,E01000745,2005
13561,200501PY20876,539580.0,170450.0,0.005842,51.415835,1,3,2,1,25/10/2005,3,09:45,19,E09000006,3,21,Single carriageway,30,Giveway or uncontrolled,3,21,None within 50 metres,No physical crossing within 50 meters,Daylight: Street light present,Fine without high winds,Dry,None,None,1,Yes,E01000821,2005
13562,200501PY20877,537430.0,170310.0,-0.02511,51.415102,1,3,1,1,01/11/2005,3,07:00,19,E09000006,3,2015,Single carriageway,30,Giveway or uncontrolled,6,0,None within 50 metres,No physical crossing within 50 meters,Daylight: Street light present,Raining without high winds,Wet/Damp,None,None,1,Yes,E01000710,2005
13563,200501PY20878,539860.0,170300.0,0.009806,51.414419,1,3,2,1,10/11/2005,5,11:51,19,E09000006,5,0,Single carriageway,30,Giveway or uncontrolled,6,0,None within 50 metres,No physical crossing within 50 meters,Daylight: Street light present,Fine without high winds,Wet/Damp,None,None,1,Yes,E01000822,2005
13564,200501PY20879,537250.0,167610.0,-0.028741,51.390882,1,3,1,1,10/11/2005,5,10:20,19,E09000006,3,214,Single carriageway,30,Giveway or uncontrolled,5,0,None within 50 metres,No physical crossing within 50 meters,Daylight: Street light present,Fine without high winds,Dry,None,None,1,Yes,E01000777,2005
13565,200501PY20880,544340.0,170200.0,0.074144,51.412398,1,2,3,1,11/11/2005,6,17:40,19,E09000006,3,222,Single carriageway,30,Automatic traffic signal,3,208,None within 50 metres,Pedestrian phase at traffic signal junction,Darkness: Street lights present and lit,Raining without high winds,Wet/Damp,None,None,1,Yes,E01000696,2005
13566,200501PY20881,536780.0,168110.0,-0.035299,51.395489,1,3,1,1,14/11/2005,2,12:55,19,E09000006,6,0,Single carriageway,30,Giveway or uncontrolled,6,0,None within 50 metres,No physical crossing within 50 meters,Daylight: Street light present,Fine without high winds,Dry,None,Other object in carriageway,1,No,E01000774,2005
13567,200501PY20882,541800.0,163260.0,0.034877,51.350675,1,3,2,2,15/11/2005,3,10:13,19,E09000006,3,233,Single carriageway,30,None,-1,0,None within 50 metres,No physical crossing within 50 meters,Daylight: Street light present,Raining without high winds,Wet/Damp,None,None,2,Yes,E01000666,2005
13568,200501PY20883,540410.0,165850.0,0.015951,51.374294,1,2,2,1,11/08/2005,5,16:30,19,E09000006,6,0,Single carriageway,30,Authorised person,6,0,None within 50 metres,No physical crossing within 50 meters,Daylight: Street light present,Fine without high winds,Dry,None,None,1,Yes,E01000765,2005
13569,200501PY20884,542380.0,167940.0,0.045073,51.392585,1,3,2,1,16/11/2005,4,02:25,19,E09000006,5,0,Single carriageway,30,Giveway or uncontrolled,6,0,None within 50 metres,No physical crossing within 50 meters,Darkness: Street lights present and lit,Fine without high winds,Dry,None,None,1,Yes,E01000651,2005
13570,200501PY20885,537000.0,170290.0,-0.031298,51.415027,1,2,3,1,29/10/2005,7,17:53,19,E09000006,6,0,Single carriageway,30,Giveway or uncontrolled,6,0,None within 50 metres,No physical crossing within 50 meters,Darkness: Street lights present and lit,Fine without high winds,Dry,None,None,1,Yes,E01000711,2005
13571,200501PY20886,548090.0,164050.0,0.125466,51.35617,1,3,2,3,08/11/2005,3,16:50,19,E09000006,3,224,Single carriageway,30,Giveway or uncontrolled,6,0,None within 50 metres,No physical crossing within 50 meters,Darkness: Street lights present and lit,Raining without high winds,Wet/Damp,None,None,2,Yes,E01000680,2005
13572,200501PY20887,543430.0,171350.0,0.061533,51.422963,1,3,2,1,13/11/2005,1,12:30,19,E09000006,6,0,Single carriageway,30,None,-1,0,None within 50 metres,No physical crossing within 50 meters,Daylight: Street light present,Fine without high winds,Dry,None,None,1,No,E01000691,2005
13573,200501PY20888,540030.0,168390.0,0.011496,51.397213,1,3,2,1,20/11/2005,1,16:55,19,E09000006,6,0,Single carriageway,30,Giveway or uncontrolled,6,0,None within 50 metres,No physical crossing within 50 meters,Darkness: Street lights present and lit,Fine without high winds,Dry,None,None,1,Yes,E01000829,2005
13574,200501PY20889,536710.0,168320.0,-0.036224,51.397393,1,3,2,2,05/11/2005,7,18:06,19,E09000006,5,0,Single carriageway,30,Giveway or uncontrolled,6,0,None within 50 metres,No physical crossing within 50 meters,Darkness: Street lights present and lit,Fine without high winds,Dry,None,None,1,Yes,E01000774,2005
13575,200501PY20890,536650.0,169500.0,-0.036632,51.408012,1,3,2,1,05/11/2005,7,08:05,19,E09000006,3,234,Single carriageway,30,Giveway or uncontrolled,6,0,None within 50 metres,non-junction pedestrian crossing,Daylight: Street light present,Fine without high winds,Dry,None,None,1,Yes,E01000703,2005
13576,200501PY20891,541360.0,167940.0,0.030422,51.39284,1,3,3,2,22/11/2005,3,17:30,19,E09000006,3,21,Single carriageway,30,None,-1,0,None within 50 metres,No physical crossing within 50 meters,Darkness: Street lights present and lit,Fine without high winds,Dry,None,None,1,No,E01000671,2005
13577,200501PY20892,540270.0,169300.0,0.015303,51.405331,1,3,1,1,16/11/2005,4,15:00,19,E09000006,6,0,Single carriageway,30,None,-1,0,None within 50 metres,No physical crossing within 50 meters,Daylight: Street light present,Fine without high winds,Dry,None,None,1,Yes,E01000676,2005
13578,200501PY20893,546960.0,165190.0,0.109719,51.366707,1,3,2,2,13/11/2005,1,19:01,19,E09000006,3,224,Single carriageway,50,None,-1,0,None within 50 metres,No physical crossing within 50 meters,Darkness: Street lights present and lit,Fine without high winds,Dry,None,None,1,Yes,E01000793,2005
13579,200501PY20894,542100.0,158740.0,0.03738,51.309982,1,3,1,1,23/11/2005,4,15:15,19,E09000006,6,0,Single carriageway,30,None,-1,0,None within 50 metres,No physical crossing within 50 meters,Daylight: Street light present,Fine without high winds,Dry,None,None,1,No,E01000660,2005
13580,200501PY20895,543070.0,164970.0,0.053789,51.365723,1,3,2,1,17/11/2005,5,05:40,19,E09000006,3,21,Dual carriageway,30,Giveway or uncontrolled,6,0,None within 50 metres,No physical crossing within 50 meters,Darkness: Street lights present and lit,Fine without high winds,Frost/Ice,None,None,1,Yes,E01000756,2005
13581,200501PY20896,545560.0,167850.0,0.090711,51.39097,1,3,2,1,14/11/2005,2,09:20,19,E09000006,3,208,Roundabout,30,Giveway or uncontrolled,5,0,None within 50 metres,No physical crossing within 50 meters,Daylight: Street light present,Fine without high winds,Dry,None,None,1,Yes,E01000734,2005
13582,200501PY20898,535800.0,170320.0,-0.048532,51.415585,1,3,2,2,25/11/2005,6,17:40,19,E09000006,3,213,Single carriageway,30,Giveway or uncontrolled,6,0,None within 50 metres,No physical crossing within 50 meters,Darkness: Street lights present and lit,Fine without high winds,Dry,None,None,1,No,E01000805,2005
13583,200501PY20899,540610.0,169450.0,0.020247,51.406595,1,3,2,1,24/11/2005,5,17:20,19,E09000006,3,222,Single carriageway,30,Giveway or uncontrolled,6,0,None within 50 metres,No physical crossing within 50 meters,Daylight: Street light present,Raining without high winds,Wet/Damp,None,None,1,No,E01000825,2005
13584,200501PY20900,542900.0,167690.0,0.052442,51.390208,1,3,2,1,14/11/2005,2,08:30,19,E09000006,5,0,Single carriageway,30,Giveway or uncontrolled,6,0,None within 50 metres,No physical crossing within 50 meters,Daylight: Street light present,Fine without high winds,Dry,None,None,1,No,E01000662,2005
13585,200501PY20902,546870.0,167580.0,0.109415,51.388206,1,3,3,1,14/11/2005,2,17:13,19,E09000006,3,224,Single carriageway,30,Giveway or uncontrolled,6,0,None within 50 metres,No physical crossing within 50 meters,Darkness: Street lights present and lit,Fine without high winds,Dry,None,None,1,Yes,E01000722,2005
13586,200501PY20903,531340.0,173000.0,-0.111638,51.440719,1,3,3,1,22/11/2005,3,08:55,9,E09000022,3,205,Single carriageway,30,None,-1,0,None within 50 metres,No physical crossing within 50 meters,Daylight: Street light present,Fine without high winds,Dry,None,None,1,No,E01003133,2005
13587,200501PY20904,535210.0,170010.0,-0.057129,51.41294,1,3,2,1,24/11/2005,5,21:20,19,E09000006,6,0,Single carriageway,30,None,-1,0,None within 50 metres,No physical crossing within 50 meters,Darkness: Street lights present and lit,Fine without high winds,Wet/Damp,None,None,1,No,E01000798,2005
13588,200501PY20906,537980.0,169480.0,-0.017529,51.40751,1,3,2,1,08/11/2005,3,10:15,19,E09000006,6,0,Single carriageway,30,None,-1,0,None within 50 metres,No physical crossing within 50 meters,Daylight: Street light present,Fine without high winds,Dry,None,None,1,Yes,E01000715,2005
13589,200501PY20907,542360.0,170280.0,0.045724,51.413617,1,3,1,2,20/11/2005,1,15:25,19,E09000006,5,0,Single carriageway,30,None,-1,0,None within 50 metres,No physical crossing within 50 meters,Daylight: Street light present,Fine without high winds,Dry,None,None,1,Yes,E01000645,2005
13590,200501PY20909,545340.0,165810.0,0.086718,51.372695,1,3,2,1,19/11/2005,7,17:45,19,E09000006,3,232,Single carriageway,30,Giveway or uncontrolled,6,0,None within 50 metres,No physical crossing within 50 meters,Daylight: Street light present,Other,Frost/Ice,None,None,1,Yes,E01000754,2005
13591,200501PY20910,541270.0,168380.0,0.029305,51.396816,1,3,1,1,18/11/2005,6,14:47,19,E09000006,4,265,Single carriageway,30,Giveway or uncontrolled,6,0,None within 50 metres,No physical crossing within 50 meters,Daylight: Street light present,Other,Dry,Roadworks,Other object in carriageway,1,Yes,E01000679,2005
13592,200501PY20911,544990.0,165150.0,0.081424,51.366854,1,3,2,1,24/11/2005,5,12:39,19,E09000006,6,0,Single carriageway,30,Giveway or uncontrolled,6,0,None within 50 metres,No physical crossing within 50 meters,Daylight: Street light present,Fine without high winds,Wet/Damp,None,None,1,Yes,E01000758,2005
13593,200501PY20912,540510.0,169010.0,0.018637,51.402666,1,2,2,2,26/11/2005,7,13:47,19,E09000006,3,21,Dual carriageway,30,Automatic traffic signal,5,0,None within 50 metres,Pedestrian phase at traffic signal junction,Daylight: Street light present,Other,Wet/Damp,None,None,1,Yes,E01000675,2005
13594,200501PY20913,541050.0,165110.0,0.024847,51.367486,1,3,2,1,18/11/2005,6,10:44,19,E09000006,4,265,Single carriageway,40,Automatic traffic signal,3,232,None within 50 metres,No physical crossing within 50 meters,Daylight: Street light present,Fine without high winds,Wet/Damp,None,None,2,Yes,E01000759,2005
13595,200501PY20914,537700.0,170960.0,-0.020978,51.420878,1,3,1,1,17/11/2005,5,20:10,7,E09000023,3,2015,Single carriageway,30,None,-1,0,None within 50 metres,No physical crossing within 50 meters,Darkness: Street lights present and lit,Unknown,Dry,None,None,1,No,E01000718,2005
13596,200501PY20915,546020.0,171020.0,0.098622,51.419336,1,3,2,1,21/11/2005,2,07:45,18,E09000004,3,222,Single carriageway,30,None,-1,0,None within 50 metres,No physical crossing within 50 meters,Daylight: Street light present,Fine without high winds,Dry,None,None,1,No,E01000428,2005
13597,200501PY20917,538910.0,165140.0,-0.005862,51.368282,1,3,1,1,08/11/2005,3,10:16,19,E09000006,3,2022,Roundabout,30,Giveway or uncontrolled,5,0,None within 50 metres,No physical crossing within 50 meters,Daylight: Street light present,Fine without high winds,Dry,None,None,1,Yes,E01000760,2005
13598,200501PY20918,538640.0,168560.0,-0.008405,51.399082,1,3,3,1,24/11/2005,5,18:40,19,E09000006,4,251,Single carriageway,30,Giveway or uncontrolled,5,0,None within 50 metres,No physical crossing within 50 meters,Daylight: Street light present,Fine without high winds,Dry,None,None,1,No,E01000830,2005
13599,200501PY20919,539930.0,159330.0,0.006498,51.315821,1,3,2,1,10/11/2005,5,20:11,19,E09000006,6,0,Single carriageway,30,None,-1,0,None within 50 metres,No physical crossing within 50 meters,Darkness: Street lights present and lit,Fine without high winds,Dry,None,None,2,Yes,E01000656,2005
13600,200501PY20921,546900.0,167690.0,0.109891,51.389187,1,2,2,1,23/11/2005,4,15:33,19,E09000006,3,224,Single carriageway,30,None,-1,0,None within 50 metres,No physical crossing within 50 meters,Daylight: Street light present,Raining without high winds,Wet/Damp,None,None,1,Yes,E01000722,2005
13601,200501PY20923,538620.0,168570.0,-0.008688,51.399177,1,3,2,1,24/11/2005,5,07:43,19,E09000006,4,251,Single carriageway,30,Giveway or uncontrolled,4,251,None within 50 metres,Central refuge,Daylight: Street light present,Fine without high winds,Wet/Damp,None,None,1,Yes,E01000717,2005
13602,200501PY20924,546650.0,164030.0,0.104791,51.356364,1,3,1,1,17/11/2005,5,16:45,19,E09000006,6,0,Single carriageway,30,None,-1,0,None within 50 metres,No physical crossing within 50 meters,Daylight: Street light present,Unknown,Dry,None,None,1,No,E01000685,2005
13603,200501PY20926,542520.0,159360.0,0.04365,51.315449,1,2,1,1,14/11/2005,2,15:00,19,E09000006,5,0,Single carriageway,30,None,-1,0,None within 50 metres,No physical crossing within 50 meters,Daylight: Street light present,Fine without high winds,Dry,None,None,1,No,E01000748,2005
13604,200501PY20929,534000.0,170530.0,-0.074321,51.4179,1,2,1,1,27/11/2005,1,17:28,19,E09000006,3,214,Single carriageway,30,None,-1,0,None within 50 metres,non-junction pedestrian crossing,Darkness: Street lights present and lit,Fine without high winds,Wet/Damp,None,None,1,Yes,E01000746,2005
13605,200501PY20930,545040.0,165090.0,0.082117,51.366302,1,3,1,1,28/11/2005,2,14:30,19,E09000006,5,0,Single carriageway,30,Giveway or uncontrolled,6,0,None within 50 metres,No physical crossing within 50 meters,Daylight: Street light present,Fine without high winds,Dry,None,None,1,Yes,E01000758,2005
13606,200501PY20931,539150.0,165390.0,-0.002319,51.37047,1,3,1,1,26/11/2005,7,08:38,19,E09000006,3,2022,Single carriageway,30,Giveway or uncontrolled,6,0,None within 50 metres,No physical crossing within 50 meters,Daylight: Street light present,Fine without high winds,Wet/Damp,None,None,1,Yes,E01000840,2005
13607,200501PY20932,540640.0,171020.0,0.021301,51.420696,1,2,2,1,27/11/2005,1,13:13,19,E09000006,3,2212,Single carriageway,30,Giveway or uncontrolled,6,0,None within 50 metres,No physical crossing within 50 meters,Daylight: Street light present,Fine without high winds,Dry,None,None,1,Yes,E01000819,2005
13608,200501PY20933,540390.0,160750.0,0.013653,51.328469,1,3,1,1,05/11/2005,7,17:40,19,E09000006,6,0,Single carriageway,30,None,-1,0,None within 50 metres,No physical crossing within 50 meters,Daylight: Street light present,Fine without high winds,Wet/Damp,Ol or diesel,None,2,Yes,E01000656,2005
13609,200501PY20934,535100.0,170650.0,-0.058466,51.418717,1,3,1,1,29/11/2005,3,12:25,19,E09000006,6,0,Single carriageway,30,None,-1,0,None within 50 metres,No physical crossing within 50 meters,Daylight: Street light present,Fine without high winds,Dry,None,None,1,Yes,E01000802,2005
13610,200501PY20935,541780.0,167380.0,0.036232,51.387703,1,3,2,1,30/11/2005,4,16:45,19,E09000006,3,21,Single carriageway,30,Giveway or uncontrolled,6,0,None within 50 metres,No physical crossing within 50 meters,Daylight: Street light present,Fine without high winds,Wet/Damp,None,None,2,Yes,E01000661,2005
13611,200501PY20937,545320.0,168970.0,0.087723,51.401095,1,3,2,2,24/10/2005,2,21:47,19,E09000006,6,0,Single carriageway,30,None,-1,0,None within 50 metres,No physical crossing within 50 meters,Darkness: Street lights present and lit,Raining without high winds,Wet/Damp,None,None,2,Yes,E01000698,2005
13612,200501PY20938,541730.0,163710.0,0.034051,51.354736,1,3,2,1,03/11/2005,5,08:19,19,E09000006,3,233,Single carriageway,30,None,-1,0,None within 50 metres,No physical crossing within 50 meters,Daylight: Street light present,Raining without high winds,Wet/Damp,None,None,2,Yes,E01000666,2005
13613,200501PY20939,542110.0,166720.0,0.040707,51.381689,1,3,1,1,29/11/2005,3,15:38,19,E09000006,3,21,Single carriageway,30,None,-1,0,None within 50 metres,No physical crossing within 50 meters,Daylight: Street light present,Fine without high winds,Dry,None,None,2,Yes,E01000661,2005
13614,200501PY20940,534460.0,169330.0,-0.068165,51.407007,1,3,3,1,30/11/2005,4,13:15,19,E09000006,5,0,Single carriageway,30,Giveway or uncontrolled,6,0,None within 50 metres,No physical crossing within 50 meters,Daylight: Street light present,Fine without high winds,Dry,None,None,1,No,E01000744,2005
13615,200501PY20941,546200.0,166160.0,0.099208,51.375619,1,3,2,1,28/11/2005,2,08:54,19,E09000006,3,223,Roundabout,30,Giveway or uncontrolled,6,0,None within 50 metres,No physical crossing within 50 meters,Daylight: Street light present,Fine without high winds,Dry,None,None,1,Yes,E01000790,2005
13616,200501PY20942,546240.0,166270.0,0.099828,51.376597,1,3,1,1,11/11/2005,6,14:20,19,E09000006,3,223,Single carriageway,30,None,-1,0,None within 50 metres,non-junction pedestrian crossing,Daylight: Street light present,Fine without high winds,Dry,None,None,1,No,E01000790,2005
13617,200501PY20943,535150.0,170490.0,-0.057808,51.417268,1,3,2,1,30/11/2005,4,20:59,19,E09000006,3,234,Single carriageway,30,None,-1,0,None within 50 metres,No physical crossing within 50 meters,Darkness: Street lights present and lit,Unknown,Wet/Damp,None,Other object in carriageway,1,Yes,E01000806,2005
13618,200501PY20945,544730.0,166850.0,0.078383,51.382196,1,3,2,3,18/12/2005,1,00:10,19,E09000006,5,0,Single carriageway,30,None,-1,0,None within 50 metres,No physical crossing within 50 meters,Darkness: Street lights present and lit,Fine without high winds,Dry,None,None,1,Yes,E01000813,2005
13619,200501PY20946,547020.0,165970.0,0.110903,51.3737,1,3,2,1,21/11/2005,2,19:40,19,E09000006,6,0,Single carriageway,30,None,-1,0,None within 50 metres,No physical crossing within 50 meters,Darkness: Street lights present and lit,Fine without high winds,Dry,None,None,1,No,E01000792,2005
13620,200501PY20947,536020.0,170550.0,-0.045282,51.417599,1,3,2,1,01/12/2005,5,19:03,19,E09000006,6,0,Single carriageway,30,None,-1,0,None within 50 metres,No physical crossing within 50 meters,Darkness: Street lights present and lit,Fine without high winds,Wet/Damp,None,None,1,No,E01000804,2005
13621,200501PY20948,542260.0,165300.0,0.042293,51.368891,1,3,2,1,03/12/2005,7,17:25,19,E09000006,6,0,Single carriageway,30,None,-1,0,None within 50 metres,No physical crossing within 50 meters,Darkness: Street lights present and lit,Fine without high winds,Wet/Damp,None,None,1,Yes,E01000666,2005
13622,200501PY20949,535890.0,169150.0,-0.047686,51.405049,1,3,2,1,06/12/2005,3,11:22,19,E09000006,6,0,Single carriageway,30,Giveway or uncontrolled,6,0,None within 50 metres,No physical crossing within 50 meters,Daylight: Street light present,Fine without high winds,Wet/Damp,None,None,1,Yes,E01000700,2005
13623,200501PY20950,537420.0,166690.0,-0.026655,51.382574,1,2,2,1,04/12/2005,1,10:00,19,E09000006,5,0,Single carriageway,30,None,-1,0,None within 50 metres,No physical crossing within 50 meters,Daylight: Street light present,Fine without high winds,Wet/Damp,None,None,1,Yes,E01000769,2005
13624,200501PY20951,547020.0,168350.0,0.111888,51.395086,1,3,1,1,24/08/2005,4,18:00,19,E09000006,3,224,Single carriageway,30,Giveway or uncontrolled,6,0,None within 50 metres,No physical crossing within 50 meters,Daylight: Street light present,Raining without high winds,Wet/Damp,None,None,1,Yes,E01000730,2005
13625,200501PY20953,540460.0,170340.0,0.018445,51.41463,1,3,1,1,02/12/2005,6,19:30,19,E09000006,3,2212,One way street,30,Giveway or uncontrolled,5,0,None within 50 metres,Central refuge,Darkness: Street lighting unknown,Unknown,Dry,None,None,1,Yes,E01000823,2005
13626,200501PY20954,538960.0,166720.0,-0.004527,51.382469,1,3,2,1,01/12/2005,5,06:58,19,E09000006,5,0,Single carriageway,30,None,-1,0,None within 50 metres,No physical crossing within 50 meters,Darkness: Street lights present and lit,Fine without high winds,Wet/Damp,None,None,1,Yes,E01000832,2005
13627,200501PY20955,538370.0,171690.0,-0.011063,51.427275,1,3,1,1,06/12/2005,3,12:00,7,E09000023,3,21,Single carriageway,30,Automatic traffic signal,3,2015,None within 50 metres,No physical crossing within 50 meters,Daylight: Street light present,Fine without high winds,Dry,None,None,1,Yes,E01003241,2005
13628,200501PY20956,546510.0,166100.0,0.103634,51.375,1,3,2,1,09/12/2005,6,19:20,19,E09000006,6,0,Roundabout,30,Giveway or uncontrolled,6,0,None within 50 metres,No physical crossing within 50 meters,Darkness: Street lights present and lit,Fine without high winds,Dry,None,None,1,Yes,E01000788,2005
13629,200501PY20957,542250.0,172770.0,0.045143,51.43602,1,3,1,1,08/12/2005,5,17:30,19,E09000006,3,208,Single carriageway,30,Giveway or uncontrolled,6,0,None within 50 metres,Zebra crossing,Darkness: Street lighting unknown,Fine without high winds,Dry,None,None,1,No,E01000779,2005
13630,200501PY20958,539120.0,169010.0,-0.001333,51.403008,1,2,1,1,03/12/2005,7,14:30,19,E09000006,5,0,Single carriageway,30,Giveway or uncontrolled,6,0,None within 50 metres,No physical crossing within 50 meters,Daylight: Street light present,Raining without high winds,Wet/Damp,None,None,1,Yes,E01000828,2005
13631,200501PY20959,538630.0,168570.0,-0.008544,51.399174,1,3,2,3,03/12/2005,7,23:50,19,E09000006,4,251,Single carriageway,30,Giveway or uncontrolled,5,0,None within 50 metres,No physical crossing within 50 meters,Darkness: Street lights present but unlit,Fine without high winds,Dry,None,None,1,Yes,E01000830,2005
13632,200501PY20960,544700.0,166870.0,0.07796,51.382383,1,3,1,1,04/12/2005,1,14:40,19,E09000006,5,0,Single carriageway,30,Giveway or uncontrolled,6,0,None within 50 metres,No physical crossing within 50 meters,Daylight: Street light present,Fine without high winds,Dry,Ol or diesel,None,1,Yes,E01000813,2005
13633,200501PY20961,546290.0,166120.0,0.100484,51.375237,1,3,2,1,06/12/2005,3,10:03,19,E09000006,6,0,Dual carriageway,30,Giveway or uncontrolled,6,0,None within 50 metres,No physical crossing within 50 meters,Daylight: Street light present,Fine without high winds,Dry,None,None,1,Yes,E01000788,2005
13634,200501PY20963,541480.0,159870.0,0.028939,51.320291,1,3,2,1,06/12/2005,3,12:48,19,E09000006,3,233,Roundabout,30,Giveway or uncontrolled,6,0,None within 50 metres,No physical crossing within 50 meters,Daylight: Street light present,Fine without high winds,Wet/Damp,None,None,1,Yes,E01000656,2005
13635,200501PY20965,539900.0,169810.0,0.010188,51.410005,1,3,2,1,10/12/2005,7,13:45,19,E09000006,3,21,Single carriageway,30,Giveway or uncontrolled,6,0,None within 50 metres,No physical crossing within 50 meters,Daylight: Street light present,Fine without high winds,Dry,None,None,1,No,E01000674,2005
13636,200501PY20966,543350.0,165290.0,0.057937,51.368528,1,3,3,2,12/12/2005,2,14:30,19,E09000006,3,232,Single carriageway,30,None,-1,0,None within 50 metres,No physical crossing within 50 meters,Daylight: Street light present,Fine without high winds,Dry,None,None,1,Yes,E01000756,2005
13637,200501PY20967,535610.0,170050.0,-0.051365,51.413204,1,3,1,1,13/12/2005,3,22:22,19,E09000006,3,234,Single carriageway,30,Giveway or uncontrolled,6,0,None within 50 metres,No physical crossing within 50 meters,Darkness: Street lighting unknown,Fine without high winds,Dry,None,None,1,Yes,E01000799,2005
13638,200501PY20969,541650.0,169830.0,0.035342,51.409751,1,2,2,1,13/12/2005,3,17:30,19,E09000006,5,0,Single carriageway,30,Giveway or uncontrolled,6,0,None within 50 metres,No physical crossing within 50 meters,Darkness: Street lights present and lit,Fine without high winds,Dry,None,None,1,Yes,E01000653,2005
13639,200501PY20970,545590.0,163190.0,0.089235,51.349088,1,2,2,2,12/12/2005,2,13:50,19,E09000006,3,21,Single carriageway,30,None,-1,0,None within 50 metres,No physical crossing within 50 meters,Daylight: Street light present,Fine without high winds,Wet/Damp,None,None,1,Yes,E01000749,2005
13640,200501PY20971,547030.0,169910.0,0.112677,51.409102,1,2,2,3,11/12/2005,1,13:00,19,E09000006,6,0,Single carriageway,30,Giveway or uncontrolled,3,224,None within 50 metres,No physical crossing within 50 meters,Daylight: Street light present,Fine without high winds,Dry,None,None,1,Yes,E01000738,2005
13641,200501PY20972,541050.0,165110.0,0.024847,51.367486,1,3,2,1,10/12/2005,7,21:01,19,E09000006,3,232,Single carriageway,30,Automatic traffic signal,4,265,None within 50 metres,Pedestrian phase at traffic signal junction,Darkness: Street lights present and lit,Fine without high winds,Dry,None,None,2,Yes,E01000759,2005
13642,200501PY20974,547370.0,166040.0,0.115957,51.374239,1,3,2,1,16/12/2005,6,18:26,19,E09000006,6,0,Single carriageway,30,Giveway or uncontrolled,-1,-1,None within 50 metres,No physical crossing within 50 meters,Darkness: Street lighting unknown,Fine without high winds,Dry,None,None,1,No,E01000792,2005
13643,200501PY20977,539320.0,167180.0,0.000822,51.386514,1,3,1,1,14/12/2005,4,14:53,19,E09000006,5,0,Single carriageway,30,None,-1,0,None within 50 metres,No physical crossing within 50 meters,Daylight: Street light present,Fine without high winds,Dry,None,None,1,Yes,E01000833,2005
13644,200501PY20978,538630.0,168570.0,-0.008544,51.399174,1,3,2,1,12/12/2005,2,19:43,19,E09000006,4,251,Single carriageway,30,Giveway or uncontrolled,5,0,None within 50 metres,No physical crossing within 50 meters,Darkness: Street lights present and lit,Fine without high winds,Dry,None,None,1,Yes,E01000830,2005
13645,200501PY20979,533740.0,170730.0,-0.077983,51.419758,1,2,2,1,06/10/2005,5,22:12,19,E09000006,3,214,Single carriageway,30,None,-1,0,None within 50 metres,No physical crossing within 50 meters,Darkness: Street lights present and lit,Fine without high winds,Dry,None,None,1,Yes,E01000746,2005
13646,200501PY20980,542490.0,165130.0,0.045527,51.367306,1,3,2,1,14/12/2005,4,06:30,19,E09000006,3,232,Single carriageway,30,Giveway or uncontrolled,6,0,None within 50 metres,No physical crossing within 50 meters,Darkness: Street lights present and lit,Fine without high winds,Wet/Damp,None,None,1,Yes,E01000667,2005
13647,200501PY20981,534030.0,161430.0,-0.07732,51.336113,1,3,2,1,14/12/2005,4,12:10,20,E09000008,3,2022,Single carriageway,30,Automatic traffic signal,4,269,None within 50 metres,No physical crossing within 50 meters,Daylight: Street light present,Fine without high winds,Dry,None,None,1,Yes,E01001102,2005
13648,200501PY20982,546650.0,164030.0,0.104791,51.356364,1,3,1,1,16/12/2005,6,17:36,19,E09000006,6,0,Single carriageway,30,None,-1,0,None within 50 metres,No physical crossing within 50 meters,Darkness: Street lights present and lit,Fine without high winds,Dry,None,None,1,Yes,E01000685,2005
13649,200501PY20983,538260.0,166400.0,-0.014704,51.379764,1,3,2,2,15/12/2005,5,10:20,19,E09000006,3,214,Single carriageway,30,Automatic traffic signal,5,0,None within 50 metres,No physical crossing within 50 meters,Daylight: Street light present,Fine without high winds,Dry,None,None,1,Yes,E01000835,2005
13650,200501PY20984,534490.0,170360.0,-0.067343,51.416256,1,3,2,1,15/12/2005,5,14:00,19,E09000006,5,0,One way street,30,Giveway or uncontrolled,6,0,None within 50 metres,No physical crossing within 50 meters,Daylight: Street light present,Fine without high winds,Wet/Damp,None,None,1,Yes,E01000742,2005
13651,200501PY20985,546420.0,169350.0,0.103682,51.404227,1,3,2,1,09/12/2005,6,10:19,19,E09000006,6,0,Single carriageway,30,Giveway or uncontrolled,6,0,None within 50 metres,No physical crossing within 50 meters,Daylight: Street light present,Fog or mist,Dry,None,None,1,Yes,E01000737,2005
13652,200501PY20986,540360.0,169580.0,0.016707,51.407825,1,3,2,1,16/12/2005,6,12:06,19,E09000006,3,21,Dual carriageway,30,Automatic traffic signal,3,2212,None within 50 metres,Pedestrian phase at traffic signal junction,Daylight: Street light present,Fine with high winds,Dry,None,None,1,Yes,E01000675,2005
13653,200501PY20988,546640.0,169860.0,0.107053,51.408753,1,3,1,1,17/12/2005,7,18:40,19,E09000006,6,0,Single carriageway,30,Giveway or uncontrolled,6,0,None within 50 metres,No physical crossing within 50 meters,Darkness: Street lights present and lit,Fine without high winds,Dry,None,None,1,Yes,E01000729,2005
13654,200501PY20989,540650.0,171580.0,0.021667,51.425726,1,2,2,1,15/12/2005,5,20:35,19,E09000006,3,2212,Single carriageway,30,Giveway or uncontrolled,6,0,None within 50 metres,No physical crossing within 50 meters,Darkness: Street lights present and lit,Fine without high winds,Dry,None,None,1,Yes,E01000816,2005
13655,200501PY20990,545970.0,165260.0,0.095537,51.367591,1,3,4,1,15/12/2005,5,16:01,19,E09000006,3,223,Single carriageway,30,Giveway or uncontrolled,6,0,None within 50 metres,No physical crossing within 50 meters,Darkness: Street lights present and lit,Fine without high winds,Dry,None,None,1,Yes,E01000790,2005
13656,200501PY20991,539810.0,170010.0,0.008974,51.411825,1,2,1,1,15/12/2005,5,16:40,19,E09000006,3,21,Single carriageway,30,None,-1,0,None within 50 metres,No physical crossing within 50 meters,Darkness: Street lights present and lit,Fine without high winds,Dry,None,None,1,Yes,E01000674,2005
13657,200501PY20992,545310.0,165800.0,0.086283,51.372613,1,3,2,1,19/12/2005,2,15:57,19,E09000006,3,232,Single carriageway,30,None,-1,0,None within 50 metres,No physical crossing within 50 meters,Daylight: Street light present,Fine without high winds,Wet/Damp,None,None,1,Yes,E01000754,2005
13658,200501PY20994,547070.0,169540.0,0.113099,51.405766,1,3,2,1,19/12/2005,2,16:34,19,E09000006,3,224,Dual carriageway,30,Giveway or uncontrolled,6,0,None within 50 metres,No physical crossing within 50 meters,Darkness: Street lights present and lit,Fine without high winds,Wet/Damp,None,None,1,Yes,E01000738,2005
13659,200501PY20995,540170.0,169700.0,0.014024,51.40895,1,3,1,1,20/12/2005,3,19:30,19,E09000006,3,2212,Single carriageway,30,Automatic traffic signal,3,21,None within 50 metres,Pedestrian phase at traffic signal junction,Darkness: Street lights present and lit,Fine without high winds,Dry,None,None,1,Yes,E01000676,2005
13660,200501PY20996,541180.0,168070.0,0.027889,51.394053,1,3,4,1,19/12/2005,2,19:20,19,E09000006,3,21,Single carriageway,30,None,-1,0,None within 50 metres,No physical crossing within 50 meters,Darkness: Street lights present and lit,Fine without high winds,Dry,None,None,1,Yes,E01000671,2005
13661,200501PY20997,545550.0,163310.0,0.08871,51.350176,1,3,4,1,23/12/2005,6,16:16,19,E09000006,3,21,Roundabout,30,Giveway or uncontrolled,3,223,None within 50 metres,No physical crossing within 50 meters,Darkness: Street lights present and lit,Fine without high winds,Dry,None,None,1,No,E01000749,2005
13662,200501PY20999,534140.0,170310.0,-0.072392,51.41589,1,3,3,1,30/12/2005,6,19:00,19,E09000006,3,214,Single carriageway,30,Giveway or uncontrolled,5,0,None within 50 metres,non-junction pedestrian crossing,Darkness: Street lights present and lit,Fine without high winds,Dry,None,None,1,No,E01000740,2005
13663,200501PY21000,544010.0,170600.0,0.069565,51.416076,1,3,3,2,26/12/2005,2,13:10,19,E09000006,3,208,Single carriageway,30,Giveway or uncontrolled,4,263,None within 50 metres,No physical crossing within 50 meters,Daylight: Street light present,Fine without high winds,Dry,None,None,1,No,E01000696,2005
13664,200501PY21001,542240.0,166430.0,0.042458,51.379051,1,2,2,1,19/12/2005,2,17:30,19,E09000006,3,21,Single carriageway,30,Giveway or uncontrolled,3,233,None within 50 metres,No physical crossing within 50 meters,Darkness: Street lights present and lit,Fine without high winds,Dry,None,None,2,Yes,E01000665,2005
13665,200501PY21002,546890.0,167660.0,0.109735,51.38892,1,2,2,1,20/12/2005,3,16:48,19,E09000006,3,224,Single carriageway,40,None,-1,0,None within 50 metres,No physical crossing within 50 meters,Darkness: Street lights present and lit,Fine without high winds,Dry,None,None,1,Yes,E01000722,2005
13666,200501PY21003,540910.0,168090.0,0.024018,51.394299,1,3,2,1,20/12/2005,3,22:50,19,E09000006,4,265,Single carriageway,30,Giveway or uncontrolled,6,0,None within 50 metres,No physical crossing within 50 meters,Darkness: Street lights present and lit,Fine with high winds,Wet/Damp,None,None,1,Yes,E01000671,2005
13667,200501PY21004,537480.0,169590.0,-0.024671,51.40862,1,3,1,1,21/12/2005,4,15:15,19,E09000006,4,230,Single carriageway,30,None,-1,0,None within 50 metres,No physical crossing within 50 meters,Daylight: Street light present,Fine without high winds,Dry,None,None,1,Yes,E01000714,2005
13668,200501PY21005,537820.0,169240.0,-0.019921,51.405392,1,3,1,1,21/12/2005,4,09:21,19,E09000006,4,230,Single carriageway,30,Giveway or uncontrolled,6,0,None within 50 metres,No physical crossing within 50 meters,Daylight: Street light present,Fine without high winds,Wet/Damp,None,None,1,Yes,E01000772,2005
13669,200501PY21006,547610.0,167940.0,0.120192,51.391249,1,3,2,1,21/12/2005,4,21:58,19,E09000006,6,0,Single carriageway,30,Giveway or uncontrolled,4,258,None within 50 metres,No physical crossing within 50 meters,Darkeness: No street lighting,Fine without high winds,Wet/Damp,None,None,1,Yes,E01000721,2005
13670,200501PY21007,541880.0,169210.0,0.038399,51.404122,1,3,1,1,21/12/2005,4,14:45,19,E09000006,3,222,Single carriageway,30,Giveway or uncontrolled,6,0,None within 50 metres,No physical crossing within 50 meters,Daylight: Street light present,Fine without high winds,Dry,None,None,1,Yes,E01000645,2005
13671,200501PY21008,547780.0,168700.0,0.12295,51.398034,1,3,1,1,21/12/2005,4,06:26,19,E09000006,6,0,Single carriageway,30,None,-1,0,None within 50 metres,No physical crossing within 50 meters,Darkness: Street lighting unknown,Fine without high winds,Wet/Damp,None,None,1,Yes,E01000728,2005
13672,200501PY21009,535440.0,169940.0,-0.05385,51.412256,1,3,2,1,01/10/2005,7,17:03,19,E09000006,3,213,Single carriageway,30,Giveway or uncontrolled,6,0,None within 50 metres,No physical crossing within 50 meters,Daylight: Street light present,Fine without high winds,Dry,None,None,1,Yes,E01000798,2005
13673,200501PY21010,538750.0,169430.0,-0.006484,51.406873,1,3,2,2,22/12/2005,5,11:26,19,E09000006,3,222,Single carriageway,30,Giveway or uncontrolled,6,0,None within 50 metres,No physical crossing within 50 meters,Daylight: Street light present,Fine without high winds,Dry,Roadworks,None,1,Yes,E01000716,2005
13674,200501PY21011,543480.0,167690.0,0.060772,51.390061,1,3,2,3,22/12/2005,5,19:28,19,E09000006,6,0,Single carriageway,30,Giveway or uncontrolled,6,0,None within 50 metres,Central refuge,Darkness: Street lights present and lit,Fine without high winds,Dry,None,None,1,Yes,E01000652,2005
13675,200501PY21012,538060.0,169690.0,-0.016298,51.409378,1,3,1,1,22/12/2005,5,09:33,19,E09000006,6,0,Single carriageway,30,Giveway or uncontrolled,6,0,None within 50 metres,No physical crossing within 50 meters,Daylight: Street light present,Fine without high winds,Wet/Damp,None,None,1,Yes,E01000714,2005
13676,200501PY21013,545340.0,168960.0,0.088006,51.401,1,3,2,1,26/12/2005,2,20:20,19,E09000006,5,0,Single carriageway,30,Giveway or uncontrolled,6,0,None within 50 metres,No physical crossing within 50 meters,Darkness: Street lights present and lit,Fine without high winds,Dry,None,None,2,Yes,E01000698,2005
13677,200501PY21014,535390.0,168950.0,-0.054947,51.403371,1,3,1,1,27/12/2005,3,04:00,19,E09000006,3,214,Single carriageway,30,None,-1,0,None within 50 metres,No physical crossing within 50 meters,Darkness: Street lights present and lit,Fine without high winds,Frost/Ice,None,None,1,Yes,E01000704,2005
13678,200501PY21015,537490.0,170060.0,-0.024345,51.412841,1,3,2,1,29/12/2005,5,14:50,19,E09000006,3,2015,Single carriageway,30,None,-1,0,None within 50 metres,No physical crossing within 50 meters,Daylight: Street light present,Fine without high winds,Frost/Ice,None,None,1,Yes,E01000710,2005
13679,200501PY21016,538110.0,165980.0,-0.017021,51.376026,1,3,2,1,29/12/2005,5,09:51,19,E09000006,3,232,One way street,30,Giveway or uncontrolled,6,0,None within 50 metres,No physical crossing within 50 meters,Daylight: Street light present,Fine without high winds,Dry,None,None,1,Yes,E01000835,2005
13680,200501PY21017,535050.0,169520.0,-0.059615,51.408574,1,3,2,1,31/12/2005,7,23:45,19,E09000006,3,214,Single carriageway,30,Automatic traffic signal,3,213,None within 50 metres,No physical crossing within 50 meters,Darkeness: No street lighting,Fine without high winds,Dry,Auto traffic singal out,Dislodged vehicle load in carriageway,1,No,E01000743,2005
13681,200501PY21018,535430.0,169230.0,-0.054265,51.405878,1,3,2,2,29/12/2005,5,18:10,19,E09000006,6,0,Single carriageway,30,Giveway or uncontrolled,6,0,None within 50 metres,No physical crossing within 50 meters,Darkness: Street lights present and lit,Fine without high winds,Dry,None,None,1,Yes,E01000701,2005
13682,200501PY21019,545920.0,169010.0,0.096359,51.401301,1,3,1,1,30/12/2005,6,16:46,19,E09000006,6,0,Single carriageway,30,None,-1,0,None within 50 metres,No physical crossing within 50 meters,Darkness: Street lights present and lit,Fine without high winds,Dry,None,None,1,Yes,E01000737,2005
13683,200501PY21020,540180.0,166220.0,0.012795,51.377676,1,3,2,2,30/12/2005,6,23:30,19,E09000006,4,251,Single carriageway,30,Giveway or uncontrolled,6,0,None within 50 metres,No physical crossing within 50 meters,Darkness: Street lights present but unlit,Fine without high winds,Wet/Damp,None,None,1,Yes,E01000767,2005
13684,200501PY21021,545000.0,166340.0,0.082052,51.377544,1,3,3,1,30/12/2005,6,09:02,19,E09000006,6,0,Single carriageway,30,None,-1,0,None within 50 metres,No physical crossing within 50 meters,Daylight: Street light present,Snowing without high winds,Snow,None,None,1,Yes,E01000754,2005
13685,200501PY29001,542260.0,171170.0,0.044644,51.42164,1,3,1,1,14/12/2005,4,09:15,19,E09000006,6,0,Single carriageway,30,Giveway or uncontrolled,6,0,None within 50 metres,No physical crossing within 50 meters,Daylight: Street light present,Fine without high winds,Dry,None,None,1,Yes,E01000694,2005
13686,200501PY29003,541180.0,169870.0,0.028604,51.410228,1,3,3,2,28/12/2005,4,14:45,19,E09000006,5,0,Single carriageway,30,None,-1,0,None within 50 metres,No physical crossing within 50 meters,Daylight: Street light present,Other,Frost/Ice,None,None,1,Yes,E01000653,2005
13687,200501PY29083,540490.0,169390.0,0.0185,51.406086,1,3,3,1,23/10/2005,1,13:20,19,E09000006,3,21,Dual carriageway,30,Automatic traffic signal,3,222,None within 50 metres,Pedestrian phase at traffic signal junction,Daylight: Street light present,Fine without high winds,Dry,None,None,1,No,E01000675,2005
13688,200501PY29090,537380.0,169780.0,-0.026034,51.410352,1,3,2,1,11/04/2005,2,10:55,19,E09000006,3,2015,Single carriageway,30,Giveway or uncontrolled,6,0,None within 50 metres,No physical crossing within 50 meters,Daylight: Street light present,Fine without high winds,Dry,None,None,1,No,E01000714,2005
13689,200501QA00009,514900.0,187800.0,-0.34325,51.577311,1,3,1,1,05/01/2005,4,19:00,29,E09000015,5,0,Roundabout,30,Giveway or uncontrolled,3,312,None within 50 metres,No physical crossing within 50 meters,Darkness: Street lights present and lit,Raining without high winds,Wet/Damp,None,None,1,Yes,E01002237,2005
13690,200501QA00046,516640.0,191550.0,-0.316906,51.610657,1,3,2,2,16/01/2005,1,18:40,29,E09000015,6,0,Single carriageway,30,Giveway or uncontrolled,6,0,None within 50 metres,No physical crossing within 50 meters,Darkness: Street lights present and lit,Fine without high winds,Dry,None,None,1,Yes,E01002229,2005
13691,200501QA00048,518460.0,189700.0,-0.291258,51.593651,1,3,4,1,03/01/2005,2,14:02,29,E09000015,3,4140,Single carriageway,30,Giveway or uncontrolled,6,0,None within 50 metres,No physical crossing within 50 meters,Daylight: Street light present,Raining without high winds,Wet/Damp,None,None,1,Yes,E01002202,2005
13692,200501QA00049,515070.0,191560.0,-0.339566,51.61107,1,2,2,1,28/01/2005,6,08:00,29,E09000015,3,409,Roundabout,30,Giveway or uncontrolled,3,410,None within 50 metres,non-junction pedestrian crossing,Daylight: Street light present,Fine without high winds,Dry,None,None,1,Yes,E01002142,2005
13693,200501QA00050,514310.0,187350.0,-0.351907,51.573386,1,3,2,1,03/01/2005,2,16:20,29,E09000015,5,0,Single carriageway,30,Giveway or uncontrolled,6,0,None within 50 metres,No physical crossing within 50 meters,Darkness: Street lights present and lit,Fine without high winds,Dry,None,None,1,Yes,E01002136,2005
13694,200501QA00051,519300.0,190820.0,-0.278757,51.60354,1,3,1,1,05/01/2005,4,09:48,29,E09000015,6,0,Single carriageway,30,None,-1,0,None within 50 metres,No physical crossing within 50 meters,Daylight: Street light present,Fine without high winds,Dry,None,None,1,Yes,E01002122,2005
13695,200501QA00052,518830.0,188800.0,-0.286224,51.585484,1,3,2,1,08/01/2005,7,18:25,28,E09000005,3,4006,Single carriageway,30,Giveway or uncontrolled,6,0,None within 50 metres,No physical crossing within 50 meters,Darkness: Street lights present and lit,Fine without high winds,Dry,None,None,1,Yes,E01000542,2005
13696,200501QA00053,513490.0,186320.0,-0.364067,51.564294,1,3,2,1,07/01/2005,6,14:56,29,E09000015,5,0,Single carriageway,30,Giveway or uncontrolled,6,0,None within 50 metres,No physical crossing within 50 meters,Daylight: Street light present,Fine without high winds,Dry,None,None,1,Yes,E01002218,2005
13697,200501QA00054,515470.0,189530.0,-0.33446,51.592743,1,3,1,1,10/01/2005,2,13:30,29,E09000015,3,409,Single carriageway,30,Automatic traffic signal,3,409,None within 50 metres,No physical crossing within 50 meters,Daylight: Street light present,Fine without high winds,Wet/Damp,None,None,1,Yes,E01002179,2005
13698,200501QA00059,512970.0,187160.0,-0.371296,51.571948,1,3,1,1,27/01/2005,5,15:50,29,E09000015,3,4090,Single carriageway,30,None,-1,0,None within 50 metres,No physical crossing within 50 meters,Daylight: Street light present,Raining without high winds,Wet/Damp,None,None,1,Yes,E01002204,2005
13699,200501QA00061,517980.0,190720.0,-0.297842,51.602919,1,3,2,1,11/01/2005,3,22:15,29,E09000015,3,4140,Dual carriageway,40,Giveway or uncontrolled,6,0,None within 50 metres,No physical crossing within 50 meters,Darkness: Street lights present and lit,Fine without high winds,Dry,None,None,1,Yes,E01002107,2005
13700,200501QA00062,514010.0,186080.0,-0.356646,51.562032,1,3,3,1,11/01/2005,3,16:58,29,E09000015,3,312,Single carriageway,30,Giveway or uncontrolled,6,0,None within 50 metres,No physical crossing within 50 meters,Darkness: Street lights present and lit,Raining without high winds,Wet/Damp,None,None,1,Yes,E01002218,2005
13701,200501QA00063,515430.0,189570.0,-0.335024,51.593111,1,3,2,1,15/01/2005,7,22:00,29,E09000015,3,409,Single carriageway,30,Automatic traffic signal,3,409,None within 50 metres,No physical crossing within 50 meters,Darkness: Street lights present and lit,Fine without high winds,Dry,None,None,1,Yes,E01002179,2005
13702,200501QA00064,516040.0,187930.0,-0.326763,51.578246,1,2,2,1,16/01/2005,1,23:12,28,E09000005,3,404,Roundabout,30,Giveway or uncontrolled,3,404,None within 50 metres,No physical crossing within 50 meters,Darkness: Street lights present and lit,Fine without high winds,Dry,None,None,1,Yes,E01002137,2005
13703,200501QA00066,513910.0,187540.0,-0.357615,51.575175,1,3,2,1,11/01/2005,3,17:45,29,E09000015,5,0,Single carriageway,30,Giveway or uncontrolled,5,0,None within 50 metres,No physical crossing within 50 meters,Darkness: Street lights present and lit,Fine without high winds,Wet/Damp,None,None,1,Yes,E01002136,2005
13704,200501QA00067,517010.0,190820.0,-0.311808,51.60402,1,3,1,1,17/01/2005,2,03:26,29,E09000015,5,0,Single carriageway,30,None,-1,0,None within 50 metres,No physical crossing within 50 meters,Darkness: Street lights present and lit,Fine without high winds,Dry,None,None,1,Yes,E01002108,2005
13705,200501QA00068,516550.0,190490.0,-0.318557,51.601149,1,3,2,1,17/01/2005,2,16:00,29,E09000015,5,0,Roundabout,30,Giveway or uncontrolled,5,0,None within 50 metres,Zebra crossing,Darkness: Street lights present and lit,Raining without high winds,Wet/Damp,None,None,1,Yes,E01002111,2005
13706,200501QA00069,517590.0,193740.0,-0.302458,51.630143,1,3,2,1,17/01/2005,2,08:50,30,E09000003,3,5,Single carriageway,30,None,-1,0,None within 50 metres,No physical crossing within 50 meters,Daylight: Street light present,Fine without high winds,Wet/Damp,None,None,2,Yes,E01000188,2005
13707,200501QA00070,514190.0,186320.0,-0.353973,51.564153,1,3,1,1,17/01/2005,2,15:15,29,E09000015,5,0,Single carriageway,30,Giveway or uncontrolled,5,0,None within 50 metres,non-junction pedestrian crossing,Daylight: Street light present,Raining without high winds,Wet/Damp,None,None,1,Yes,E01002219,2005
13708,200501QA00071,512250.0,189160.0,-0.381042,51.590068,1,3,1,1,17/01/2005,2,15:40,29,E09000015,5,0,Single carriageway,30,None,-1,0,None within 50 metres,No physical crossing within 50 meters,Daylight: Street light present,Raining without high winds,Wet/Damp,None,None,1,Yes,E01002193,2005
13709,200501QA00073,515410.0,189530.0,-0.335325,51.592755,1,3,1,1,12/01/2005,4,18:20,29,E09000015,3,409,Single carriageway,30,Automatic traffic signal,3,409,None within 50 metres,No physical crossing within 50 meters,Darkness: Street lights present and lit,Raining without high winds,Wet/Damp,None,None,1,Yes,E01002179,2005
13710,200501QA00074,513630.0,185520.0,-0.362307,51.557076,1,3,2,1,18/01/2005,3,06:12,27,E09000009,3,312,Single carriageway,30,Automatic traffic signal,3,312,None within 50 metres,Pedestrian phase at traffic signal junction,Darkness: Street lights present and lit,Fine without high winds,Wet/Damp,None,None,1,Yes,E01002221,2005
13711,200501QA00076,517430.0,188890.0,-0.306392,51.586586,1,3,1,1,19/01/2005,4,17:35,28,E09000005,3,4006,Single carriageway,30,None,-1,0,None within 50 metres,No physical crossing within 50 meters,Darkness: Street lights present and lit,Raining without high winds,Wet/Damp,None,None,1,Yes,E01000541,2005
13712,200501QA00077,515460.0,189530.0,-0.334604,51.592745,1,3,1,1,18/01/2005,3,10:42,29,E09000015,3,409,Single carriageway,30,Automatic traffic signal,3,409,None within 50 metres,Pedestrian phase at traffic signal junction,Daylight: Street light present,Fine without high winds,Dry,None,None,1,Yes,E01002179,2005
13713,200501QA00079,516510.0,190470.0,-0.319141,51.600978,1,3,2,1,20/01/2005,5,20:00,29,E09000015,5,0,Single carriageway,30,Giveway or uncontrolled,6,0,None within 50 metres,Zebra crossing,Daylight: Street light present,Raining without high winds,Wet/Damp,None,None,1,Yes,E01002111,2005
13714,200501QA00080,517000.0,192720.0,-0.311319,51.621098,1,3,2,2,22/01/2005,7,22:30,29,E09000015,5,0,Single carriageway,30,None,-1,0,None within 50 metres,No physical crossing within 50 meters,Darkness: Street lights present and lit,Other,Wet/Damp,None,None,1,Yes,E01002114,2005
13715,200501QA00083,512190.0,189080.0,-0.381934,51.589361,1,3,2,2,23/01/2005,1,18:23,29,E09000015,5,0,Single carriageway,30,Giveway or uncontrolled,6,0,None within 50 metres,No physical crossing within 50 meters,Darkness: Street lights present and lit,Fine without high winds,Dry,None,None,1,Yes,E01002193,2005
13716,200501QA00084,515630.0,188760.0,-0.332404,51.58579,1,3,2,1,23/01/2005,1,21:15,29,E09000015,3,409,Single carriageway,30,Giveway or uncontrolled,6,0,None within 50 metres,No physical crossing within 50 meters,Darkness: Street lights present and lit,Fine without high winds,Dry,None,None,1,Yes,E01002130,2005
13717,200501QA00085,518090.0,190360.0,-0.296375,51.59966,1,3,1,2,23/01/2005,1,13:35,29,E09000015,3,4140,Single carriageway,30,None,-1,0,None within 50 metres,No physical crossing within 50 meters,Daylight: Street light present,Fine without high winds,Dry,None,None,1,Yes,E01002203,2005
13718,200501QA00087,512770.0,188460.0,-0.373764,51.583673,1,3,2,1,17/01/2005,2,06:20,29,E09000015,5,0,Roundabout,30,Giveway or uncontrolled,5,0,None within 50 metres,No physical crossing within 50 meters,Darkness: Street lights present and lit,Fine without high winds,Dry,None,None,1,Yes,E01002208,2005
13719,200501QA00088,518910.0,188780.0,-0.285076,51.585288,1,3,2,1,23/01/2005,1,00:01,28,E09000005,3,4006,Single carriageway,30,Giveway or uncontrolled,5,0,None within 50 metres,No physical crossing within 50 meters,Darkness: Street lights present and lit,Fine without high winds,Dry,None,None,1,Yes,E01000542,2005
13720,200501QA00089,512300.0,190850.0,-0.37978,51.605247,1,3,2,1,24/01/2005,2,13:02,29,E09000015,3,4090,Single carriageway,30,Giveway or uncontrolled,3,4090,None within 50 metres,No physical crossing within 50 meters,Daylight: Street light present,Raining without high winds,Wet/Damp,None,None,1,Yes,E01002152,2005
13721,200501QA00090,512980.0,187410.0,-0.371072,51.574193,1,3,2,1,25/01/2005,3,09:42,29,E09000015,3,4090,Single carriageway,30,Giveway or uncontrolled,6,0,None within 50 metres,No physical crossing within 50 meters,Daylight: Street light present,Fine without high winds,Wet/Damp,None,None,1,Yes,E01002204,2005
13722,200501QA00091,518060.0,191220.0,-0.296519,51.607396,1,3,1,1,24/01/2005,2,09:30,29,E09000015,6,0,Single carriageway,30,Giveway or uncontrolled,4,461,None within 50 metres,No physical crossing within 50 meters,Daylight: Street light present,Fine without high winds,Dry,None,None,1,Yes,E01002117,2005
13723,200501QA00093,517580.0,190580.0,-0.303662,51.601744,1,3,2,2,27/01/2005,5,12:15,29,E09000015,6,0,Single carriageway,30,Giveway or uncontrolled,6,0,None within 50 metres,No physical crossing within 50 meters,Daylight: Street light present,Raining without high winds,Wet/Damp,None,None,1,Yes,E01002107,2005
13724,200501QA00095,515040.0,188030.0,-0.341156,51.579349,1,3,2,3,28/01/2005,6,13:10,29,E09000015,3,404,Single carriageway,30,None,-1,0,None within 50 metres,No physical crossing within 50 meters,Daylight: Street light present,Raining without high winds,Wet/Damp,None,None,1,Yes,E01002129,2005
13725,200501QA00096,516930.0,188570.0,-0.313712,51.583814,1,3,1,1,31/01/2005,2,14:50,28,E09000005,3,4006,Single carriageway,30,Giveway or uncontrolled,6,0,None within 50 metres,No physical crossing within 50 meters,Daylight: Street light present,Fine without high winds,Dry,None,None,1,Yes,E01000536,2005
13726,200501QA00101,513110.0,191430.0,-0.367902,51.610298,1,3,2,1,11/01/2005,3,14:30,29,E09000015,6,0,Single carriageway,30,None,-1,0,None within 50 metres,No physical crossing within 50 meters,Daylight: Street light present,Fine without high winds,Dry,None,None,1,No,E01002150,2005
13727,200501QA00103,514230.0,186360.0,-0.353383,51.564504,1,3,2,1,18/01/2005,3,13:45,29,E09000015,3,312,Single carriageway,30,Giveway or uncontrolled,6,0,None within 50 metres,No physical crossing within 50 meters,Daylight: Street light present,Fine without high winds,Dry,None,None,1,No,E01002219,2005
13728,200501QA00104,512550.0,189080.0,-0.376739,51.589289,1,3,2,1,19/01/2005,4,07:00,29,E09000015,3,404,Roundabout,30,Giveway or uncontrolled,5,0,None within 50 metres,No physical crossing within 50 meters,Darkness: Street lights present and lit,Fine without high winds,Dry,None,None,1,No,E01002193,2005
13729,200501QA00105,518830.0,188800.0,-0.286224,51.585484,1,3,2,1,24/01/2005,2,09:20,28,E09000005,3,4006,Single carriageway,30,Giveway or uncontrolled,6,0,None within 50 metres,No physical crossing within 50 meters,Daylight: Street light present,Fine without high winds,Dry,None,None,1,No,E01000542,2005
13730,200501QA00106,512960.0,187740.0,-0.371254,51.577163,1,3,2,2,29/01/2005,7,12:30,29,E09000015,5,0,Single carriageway,30,Automatic traffic signal,5,0,None within 50 metres,No physical crossing within 50 meters,Daylight: Street light present,Fine without high winds,Dry,None,None,1,No,E01002209,2005
13731,200501QA00107,513460.0,188570.0,-0.363774,51.584523,1,3,2,1,31/01/2005,2,09:45,29,E09000015,6,0,Single carriageway,30,None,-1,0,None within 50 metres,No physical crossing within 50 meters,Daylight: Street light present,Fine without high winds,Dry,None,None,1,No,E01002157,2005
13732,200501QA00109,515550.0,191240.0,-0.332742,51.608096,1,3,2,1,31/01/2005,2,09:15,29,E09000015,6,0,Single carriageway,30,None,-1,0,None within 50 metres,No physical crossing within 50 meters,Daylight: Street light present,Fine without high winds,Dry,None,None,1,No,E01002145,2005
13733,200501QA00117,515060.0,191660.0,-0.339678,51.611971,1,3,1,1,21/06/2005,3,16:04,29,E09000015,3,409,Single carriageway,30,None,-1,0,None within 50 metres,No physical crossing within 50 meters,Daylight: Street light present,Fine without high winds,Dry,None,None,1,Yes,E01002144,2005
13734,200501QA10002,514820.0,190270.0,-0.343597,51.599527,1,3,4,1,01/02/2005,3,21:00,29,E09000015,6,0,Single carriageway,30,Giveway or uncontrolled,6,0,None within 50 metres,No physical crossing within 50 meters,Darkness: Street lights present and lit,Raining without high winds,Wet/Damp,None,None,1,Yes,E01002234,2005
13735,200501QA10003,513710.0,186460.0,-0.360849,51.565508,1,3,2,1,02/02/2005,4,17:00,29,E09000015,5,0,Single carriageway,30,None,-1,0,None within 50 metres,No physical crossing within 50 meters,Daylight: Street light present,Fine without high winds,Dry,None,None,1,No,E01002213,2005
13736,200501QA10004,519030.0,189050.0,-0.283254,51.587689,1,3,2,1,03/02/2005,5,20:00,29,E09000015,3,4140,Single carriageway,30,Giveway or uncontrolled,5,0,None within 50 metres,No physical crossing within 50 meters,Darkness: Street lights present and lit,Fine without high winds,Dry,None,None,1,Yes,E01002165,2005
13737,200501QA10005,514270.0,186610.0,-0.352725,51.566743,1,3,1,1,04/02/2005,6,14:12,29,E09000015,6,0,Single carriageway,30,None,-1,0,None within 50 metres,No physical crossing within 50 meters,Daylight: Street light present,Fine without high winds,Dry,None,None,1,No,E01002213,2005
13738,200501QA10006,511890.0,191100.0,-0.385619,51.607576,1,3,2,1,05/02/2005,7,20:45,29,E09000015,6,0,Single carriageway,30,Giveway or uncontrolled,6,0,None within 50 metres,No physical crossing within 50 meters,Darkness: Street lights present and lit,Fine without high winds,Dry,None,None,1,Yes,E01002149,2005
13739,200501QA10007,515610.0,191840.0,-0.331679,51.613476,1,3,2,1,05/02/2005,7,22:15,29,E09000015,3,410,Roundabout,30,Giveway or uncontrolled,3,410,None within 50 metres,No physical crossing within 50 meters,Darkness: Street lights present and lit,Fine without high winds,Dry,None,None,1,Yes,E01002227,2005
13740,200501QA10008,517060.0,192320.0,-0.310586,51.617491,1,3,1,1,07/02/2005,2,07:50,29,E09000015,3,410,Single carriageway,30,Giveway or uncontrolled,6,0,None within 50 metres,No physical crossing within 50 meters,Daylight: Street light present,Fine without high winds,Wet/Damp,None,None,1,Yes,E01002226,2005
13741,200501QA10009,516850.0,192230.0,-0.313648,51.616725,1,3,2,1,02/02/2005,4,08:55,29,E09000015,3,410,Single carriageway,30,Giveway or uncontrolled,6,0,None within 50 metres,No physical crossing within 50 meters,Daylight: Street light present,Fine without high winds,Dry,None,None,1,No,E01002226,2005
13742,200501QA10010,518050.0,191470.0,-0.296579,51.609645,1,3,2,3,05/02/2005,7,16:15,29,E09000015,6,0,Single carriageway,30,None,-1,0,None within 50 metres,No physical crossing within 50 meters,Daylight: Street light present,Fine without high winds,Dry,None,None,1,No,E01002117,2005
13743,200501QA10011,515160.0,188300.0,-0.339336,51.581752,1,3,2,1,09/02/2005,4,18:24,29,E09000015,5,0,Single carriageway,30,Giveway or uncontrolled,6,0,None within 50 metres,No physical crossing within 50 meters,Darkness: Street lights present and lit,Fine without high winds,Dry,None,None,1,Yes,E01002129,2005
13744,200501QA10012,513680.0,188660.0,-0.360571,51.585287,1,2,1,1,09/03/2005,4,15:24,29,E09000015,3,404,Dual carriageway,30,None,-1,0,None within 50 metres,No physical crossing within 50 meters,Daylight: Street light present,Fine without high winds,Dry,None,None,1,Yes,E01002161,2005
13745,200501QA10013,515640.0,188870.0,-0.332224,51.586776,1,3,1,1,09/02/2005,4,12:05,29,E09000015,3,409,Single carriageway,30,Giveway or uncontrolled,6,0,None within 50 metres,No physical crossing within 50 meters,Daylight: Street light present,Fine without high winds,Dry,None,None,1,Yes,E01002130,2005
13746,200501QA10014,515550.0,189430.0,-0.333338,51.591828,1,3,2,1,01/02/2005,3,16:49,29,E09000015,3,409,Single carriageway,30,Automatic traffic signal,3,409,None within 50 metres,Pedestrian phase at traffic signal junction,Darkness: Street lights present and lit,Fine without high winds,Wet/Damp,None,None,1,Yes,E01002180,2005
13747,200501QA10015,516750.0,188410.0,-0.316362,51.582413,1,3,3,1,11/02/2005,6,23:59,28,E09000005,3,4006,Single carriageway,30,Authorised person,6,0,None within 50 metres,Pedestrian phase at traffic signal junction,Darkness: Street lights present and lit,Other,Wet/Damp,None,None,1,Yes,E01000536,2005
13748,200501QA10016,517490.0,193860.0,-0.303862,51.631242,1,3,2,2,11/02/2005,6,17:24,30,E09000003,3,5,Single carriageway,30,None,-1,0,None within 50 metres,No physical crossing within 50 meters,Darkness: Street lights present and lit,Raining without high winds,Wet/Damp,None,None,2,Yes,E01002114,2005
13749,200501QA10017,513650.0,188060.0,-0.361197,51.579901,1,2,1,1,12/02/2005,7,20:10,29,E09000015,6,0,Single carriageway,30,None,-1,0,None within 50 metres,No physical crossing within 50 meters,Darkness: Street lights present and lit,Fine without high winds,Dry,None,None,1,Yes,E01002242,2005
13750,200501QA10019,511300.0,190180.0,-0.394427,51.599424,1,3,2,1,09/02/2005,4,08:20,29,E09000015,6,0,Single carriageway,30,None,-1,0,None within 50 metres,No physical crossing within 50 meters,Daylight: Street light present,Fine without high winds,Dry,None,None,1,Yes,E01002186,2005
13751,200501QA10020,514300.0,189400.0,-0.351385,51.591813,1,3,2,1,04/02/2005,6,08:30,29,E09000015,5,0,Single carriageway,30,Giveway or uncontrolled,6,0,None within 50 metres,Zebra crossing,Daylight: Street light present,Fine without high winds,Dry,None,None,1,No,E01002163,2005
13752,200501QA10021,516590.0,190010.0,-0.318139,51.596827,1,3,1,1,21/02/2005,2,02:15,29,E09000015,6,0,Single carriageway,30,Giveway or uncontrolled,6,0,None within 50 metres,No physical crossing within 50 meters,Darkness: Street lights present and lit,Fine without high winds,Wet/Damp,None,None,1,Yes,E01002178,2005
13753,200501QA10022,514880.0,187490.0,-0.34364,51.574529,1,3,1,1,13/02/2005,1,17:00,29,E09000015,3,312,Single carriageway,30,None,-1,0,None within 50 metres,No physical crossing within 50 meters,Daylight: Street light present,Fine without high winds,Dry,None,None,1,Yes,E01002240,2005
13754,200501QA10023,513950.0,189150.0,-0.356516,51.589637,1,3,1,1,12/02/2005,7,20:30,29,E09000015,6,0,Single carriageway,30,None,-1,0,None within 50 metres,Zebra crossing,Darkness: Street lights present and lit,Fine without high winds,Dry,None,Other object in carriageway,1,Yes,E01002163,2005
13755,200501QA10024,517440.0,188890.0,-0.306248,51.586584,1,3,1,1,16/02/2005,4,12:26,28,E09000005,3,4006,Single carriageway,30,None,-1,0,None within 50 metres,No physical crossing within 50 meters,Daylight: Street light present,Fine without high winds,Dry,None,None,1,Yes,E01000541,2005
13756,200501QA10025,515870.0,187890.0,-0.329229,51.577921,1,3,2,1,18/02/2005,6,17:20,29,E09000015,3,404,Single carriageway,30,None,-1,0,None within 50 metres,No physical crossing within 50 meters,Daylight: Street light present,Raining without high winds,Wet/Damp,None,None,1,Yes,E01002137,2005
13757,200501QA10026,517930.0,190820.0,-0.29853,51.603828,1,3,2,1,14/02/2005,2,13:00,29,E09000015,3,4140,Dual carriageway,40,Giveway or uncontrolled,6,0,None within 50 metres,No physical crossing within 50 meters,Daylight: Street light present,Fine without high winds,Dry,None,None,1,Yes,E01002107,2005
13758,200501QA10027,513910.0,185920.0,-0.35814,51.560614,1,3,1,1,13/02/2005,1,20:00,29,E09000015,3,312,Single carriageway,30,Giveway or uncontrolled,6,0,None within 50 metres,No physical crossing within 50 meters,Darkness: Street lights present and lit,Raining without high winds,Wet/Damp,None,None,1,Yes,E01002221,2005
13759,200501QA10028,514400.0,188870.0,-0.350114,51.587029,1,3,2,1,11/02/2005,6,09:20,29,E09000015,6,0,Roundabout,30,Giveway or uncontrolled,6,0,None within 50 metres,No physical crossing within 50 meters,Daylight: Street light present,Fine without high winds,Wet/Damp,None,None,1,Yes,E01002159,2005
13760,200501QA10029,514280.0,186400.0,-0.352649,51.564854,1,3,1,1,23/02/2005,4,19:18,29,E09000015,3,312,Single carriageway,30,Giveway or uncontrolled,6,0,None within 50 metres,No physical crossing within 50 meters,Darkness: Street lights present and lit,Snowing without high winds,Wet/Damp,None,None,1,Yes,E01002219,2005
13761,200501QA10030,514630.0,186850.0,-0.347455,51.568827,1,3,1,1,22/02/2005,3,10:27,29,E09000015,3,312,Single carriageway,30,Giveway or uncontrolled,3,312,None within 50 metres,Pedestrian phase at traffic signal junction,Daylight: Street light present,Fine without high winds,Wet/Damp,None,None,1,Yes,E01002132,2005
13762,200501QA10031,516870.0,190240.0,-0.314022,51.598836,1,3,2,1,15/02/2005,3,22:35,29,E09000015,5,0,Single carriageway,30,None,-1,0,None within 50 metres,No physical crossing within 50 meters,Darkness: Street lights present and lit,Fine without high winds,Dry,None,None,1,Yes,E01002177,2005
13763,200501QA10032,515110.0,193580.0,-0.338326,51.629217,1,3,2,1,21/02/2005,2,09:50,29,E09000015,3,409,Single carriageway,30,Giveway or uncontrolled,6,0,None within 50 metres,No physical crossing within 50 meters,Daylight: Street light present,Fine without high winds,Wet/Damp,None,None,2,Yes,E01002225,2005
13764,200501QA10033,513280.0,189220.0,-0.366161,51.590401,1,3,2,1,10/02/2005,5,08:30,29,E09000015,3,404,Single carriageway,30,None,-1,0,None within 50 metres,No physical crossing within 50 meters,Daylight: Street light present,Fine without high winds,Dry,None,None,1,No,E01002155,2005
13765,200501QA10034,513810.0,185770.0,-0.35963,51.559286,1,3,1,1,24/02/2005,5,15:30,29,E09000015,3,312,Single carriageway,30,Giveway or uncontrolled,6,0,None within 50 metres,No physical crossing within 50 meters,Daylight: Street light present,Raining without high winds,Wet/Damp,None,None,1,Yes,E01002218,2005
13766,200501QA10035,511030.0,190820.0,-0.398121,51.605229,1,3,1,2,25/02/2005,6,23:53,29,E09000015,6,0,Single carriageway,30,Giveway or uncontrolled,6,0,None within 50 metres,No physical crossing within 50 meters,Darkness: Street lights present and lit,Fine without high winds,Frost/Ice,None,None,1,Yes,E01002190,2005
13767,200501QA10036,517550.0,192590.0,-0.303421,51.619815,1,3,1,1,20/02/2005,1,18:00,29,E09000015,3,410,Single carriageway,30,None,-1,0,None within 50 metres,non-junction pedestrian crossing,Darkness: Street lights present and lit,Fine without high winds,Dry,None,None,1,Yes,E01002112,2005
13768,200501QA10037,515500.0,190750.0,-0.333625,51.603702,1,3,2,1,21/02/2005,2,18:40,29,E09000015,5,0,Single carriageway,30,Giveway or uncontrolled,6,0,None within 50 metres,Zebra crossing,Darkness: Street lights present and lit,Fine without high winds,Dry,None,None,1,Yes,E01002141,2005
13769,200501QA10038,519370.0,190290.0,-0.277927,51.598761,1,3,2,1,22/02/2005,3,08:44,29,E09000015,6,0,Single carriageway,30,Giveway or uncontrolled,6,0,None within 50 metres,No physical crossing within 50 meters,Daylight: Street light present,Fine without high winds,Frost/Ice,None,None,1,Yes,E01002124,2005
13770,200501QA10040,514660.0,187680.0,-0.346751,51.576281,1,3,2,2,26/02/2005,7,11:30,29,E09000015,5,0,Single carriageway,30,None,-1,0,None within 50 metres,No physical crossing within 50 meters,Daylight: Street light present,Fine without high winds,Dry,None,None,1,Yes,E01002240,2005
13771,200501QA10041,516990.0,192350.0,-0.311587,51.617775,1,3,1,1,28/02/2005,2,15:07,29,E09000015,3,410,Single carriageway,30,Automatic traffic signal,3,410,None within 50 metres,No physical crossing within 50 meters,Daylight: Street light present,Fine without high winds,Wet/Damp,None,None,1,Yes,E01002226,2005
13772,200501QA10042,514460.0,189890.0,-0.348916,51.596185,1,3,2,5,01/03/2005,3,21:36,29,E09000015,5,0,Single carriageway,30,Giveway or uncontrolled,6,0,None within 50 metres,No physical crossing within 50 meters,Darkness: Street lights present and lit,Fine without high winds,Wet/Damp,None,None,1,Yes,E01002154,2005
13773,200501QA10043,514370.0,186520.0,-0.351312,51.565914,1,3,1,1,26/02/2005,7,17:04,29,E09000015,3,312,Single carriageway,30,Giveway or uncontrolled,6,0,None within 50 metres,No physical crossing within 50 meters,Daylight: Street light present,Raining without high winds,Wet/Damp,None,None,1,Yes,E01002133,2005
13774,200501QA10044,518400.0,189760.0,-0.292104,51.594203,1,3,2,1,17/02/2005,5,17:00,29,E09000015,3,4140,Single carriageway,30,Giveway or uncontrolled,6,0,None within 50 metres,No physical crossing within 50 meters,Darkness: Street lights present and lit,Raining without high winds,Wet/Damp,None,None,1,No,E01002202,2005
13775,200501QA10045,513580.0,188590.0,-0.362036,51.584678,1,3,1,1,10/02/2005,5,20:50,29,E09000015,3,4090,Single carriageway,30,None,-1,0,None within 50 metres,Pedestrian phase at traffic signal junction,Darkness: Street lights present and lit,Fine without high winds,Wet/Damp,None,None,1,Yes,E01002242,2005
13776,200501QA10046,512350.0,188600.0,-0.379778,51.585015,1,3,2,1,21/02/2005,2,20:43,29,E09000015,6,0,Single carriageway,30,None,-1,0,None within 50 metres,No physical crossing within 50 meters,Darkness: Street lights present and lit,Raining without high winds,Wet/Damp,None,None,1,Yes,E01002195,2005
13777,200501QA10047,518680.0,190600.0,-0.28778,51.601693,1,3,1,3,23/02/2005,4,23:15,29,E09000015,5,0,Single carriageway,30,Giveway or uncontrolled,5,0,None within 50 metres,No physical crossing within 50 meters,Darkness: Street lights present and lit,Fine without high winds,Wet/Damp,None,None,1,Yes,E01002200,2005
13778,200501QA10048,513900.0,189110.0,-0.357251,51.589288,1,3,2,1,26/02/2005,7,20:30,29,E09000015,5,0,Single carriageway,30,Giveway or uncontrolled,6,0,None within 50 metres,No physical crossing within 50 meters,Darkness: Street lights present and lit,Fine without high winds,Dry,None,None,1,Yes,E01002163,2005
13779,200501QA10049,517710.0,191280.0,-0.301551,51.608008,1,3,3,1,28/02/2005,2,21:47,29,E09000015,3,4140,Single carriageway,30,None,-1,0,None within 50 metres,No physical crossing within 50 meters,Darkness: Street lights present and lit,Fine without high winds,Dry,None,None,1,Yes,E01002117,2005
13780,200501QA10050,515510.0,185770.0,-0.335118,51.558941,1,3,1,1,01/03/2005,3,13:50,29,E09000015,3,4127,Single carriageway,30,Giveway or uncontrolled,6,0,None within 50 metres,No physical crossing within 50 meters,Daylight: Street light present,Fine without high winds,Wet/Damp,None,None,1,Yes,E01002135,2005
13781,200501QA10051,515400.0,188310.0,-0.33587,51.581792,1,3,1,1,02/03/2005,4,11:39,29,E09000015,5,0,Single carriageway,30,None,-1,0,None within 50 metres,No physical crossing within 50 meters,Daylight: Street light present,Raining without high winds,Wet/Damp,None,None,1,Yes,E01002129,2005
13782,200501QA10052,517520.0,189770.0,-0.304799,51.594477,1,3,1,1,03/03/2005,5,18:50,29,E09000015,5,0,Single carriageway,30,Giveway or uncontrolled,6,0,None within 50 metres,No physical crossing within 50 meters,Darkness: Street lights present and lit,Fine without high winds,Dry,None,None,1,Yes,E01002199,2005
13783,200501QA10053,515010.0,188570.0,-0.341412,51.584209,1,3,2,1,03/03/2005,5,23:45,29,E09000015,5,0,Single carriageway,30,Giveway or uncontrolled,5,0,None within 50 metres,No physical crossing within 50 meters,Darkness: Street lights present and lit,Fine without high winds,Dry,None,None,1,Yes,E01002128,2005
13784,200501QA10055,517900.0,188940.0,-0.299594,51.586938,1,3,2,1,05/03/2005,7,19:26,28,E09000005,3,4006,Single carriageway,30,Giveway or uncontrolled,5,0,None within 50 metres,non-junction pedestrian crossing,Darkness: Street lights present and lit,Snowing without high winds,Snow,None,None,1,Yes,E01000541,2005
13785,200501QA10056,517170.0,191410.0,-0.309302,51.609289,1,3,2,2,02/03/2005,4,16:35,29,E09000015,5,0,Single carriageway,30,Giveway or uncontrolled,6,0,None within 50 metres,No physical crossing within 50 meters,Daylight: Street light present,Snowing without high winds,Wet/Damp,None,None,1,Yes,E01002109,2005
13786,200501QA10057,517570.0,192590.0,-0.303133,51.619811,1,3,1,1,26/02/2005,7,19:20,29,E09000015,3,410,Single carriageway,30,Giveway or uncontrolled,6,0,None within 50 metres,No physical crossing within 50 meters,Darkness: Street lights present and lit,Raining without high winds,Wet/Damp,None,None,1,Yes,E01002112,2005
13787,200501QA10058,512900.0,188070.0,-0.372014,51.580141,1,3,2,1,08/03/2005,3,12:45,29,E09000015,5,0,Single carriageway,30,Giveway or uncontrolled,6,0,None within 50 metres,No physical crossing within 50 meters,Daylight: Street light present,Fine without high winds,Dry,None,None,1,Yes,E01002209,2005
13788,200501QA10059,519340.0,190180.0,-0.278397,51.597779,1,3,2,1,10/03/2005,5,17:10,29,E09000015,6,0,Single carriageway,30,Giveway or uncontrolled,6,0,None within 50 metres,No physical crossing within 50 meters,Daylight: Street light present,Fine without high winds,Wet/Damp,None,None,1,Yes,E01002125,2005
13789,200501QA10060,518030.0,191210.0,-0.296955,51.607312,1,3,2,1,05/03/2005,7,12:28,29,E09000015,4,461,Single carriageway,30,Giveway or uncontrolled,6,0,None within 50 metres,No physical crossing within 50 meters,Daylight: Street light present,Fine without high winds,Dry,None,None,1,Yes,E01002117,2005
13790,200501QA10062,515160.0,190570.0,-0.338592,51.602154,1,3,2,1,17/03/2005,5,18:30,29,E09000015,3,409,Single carriageway,30,Giveway or uncontrolled,6,0,None within 50 metres,No physical crossing within 50 meters,Darkness: Street lights present and lit,Fine without high winds,Dry,None,None,1,Yes,E01002232,2005
13791,200501QA10063,512220.0,190800.0,-0.380951,51.604814,1,3,2,1,17/03/2005,5,11:10,29,E09000015,3,410,Single carriageway,30,None,-1,0,None within 50 metres,No physical crossing within 50 meters,Daylight: Street light present,Fine without high winds,Dry,None,None,1,Yes,E01002152,2005
13792,200501QA10064,516540.0,189400.0,-0.319063,51.591355,1,3,2,1,17/03/2005,5,08:55,29,E09000015,5,0,Single carriageway,30,Giveway or uncontrolled,6,0,None within 50 metres,No physical crossing within 50 meters,Daylight: Street light present,Fine without high winds,Dry,None,None,1,Yes,E01002176,2005
13793,200501QA10066,519150.0,191720.0,-0.280616,51.61166,1,3,3,1,14/03/2005,2,21:35,30,E09000003,3,5,Single carriageway,30,Giveway or uncontrolled,6,0,None within 50 metres,No physical crossing within 50 meters,Darkness: Street lights present and lit,Fine without high winds,Dry,None,None,1,Yes,E01002118,2005
13794,200501QA10067,512990.0,187040.0,-0.371046,51.570866,1,3,2,1,18/03/2005,6,08:12,29,E09000015,3,4090,Single carriageway,30,Giveway or uncontrolled,6,0,None within 50 metres,Zebra crossing,Daylight: Street light present,Fine without high winds,Dry,None,None,1,Yes,E01002204,2005
13795,200501QA10068,514060.0,190350.0,-0.354539,51.6004,1,3,2,1,17/03/2005,5,08:24,29,E09000015,6,0,Single carriageway,30,None,-1,0,None within 50 metres,No physical crossing within 50 meters,Daylight: Street light present,Fine without high winds,Dry,None,None,1,Yes,E01002154,2005
13796,200501QA10070,513010.0,187490.0,-0.370613,51.574906,1,3,2,1,25/03/2005,6,13:20,29,E09000015,3,4090,Single carriageway,30,None,-1,0,None within 50 metres,Pedestrian phase at traffic signal junction,Daylight: Street light present,Fine without high winds,Dry,None,None,1,Yes,E01002204,2005
13797,200501QA10071,515610.0,190530.0,-0.33211,51.601702,1,3,1,1,28/03/2005,2,15:45,29,E09000015,6,0,Single carriageway,30,Giveway or uncontrolled,6,0,None within 50 metres,No physical crossing within 50 meters,Daylight: Street light present,Fine without high winds,Dry,None,None,1,Yes,E01002235,2005
13798,200501QA10072,512550.0,189080.0,-0.376739,51.589289,1,3,2,1,30/03/2005,4,12:12,29,E09000015,3,404,Roundabout,30,Giveway or uncontrolled,3,404,None within 50 metres,No physical crossing within 50 meters,Daylight: Street light present,Raining without high winds,Wet/Damp,None,None,1,Yes,E01002193,2005
13799,200501QA10073,515530.0,188010.0,-0.334094,51.57907,1,3,1,1,01/04/2005,6,11:57,29,E09000015,4,457,Single carriageway,30,Automatic traffic signal,4,457,None within 50 metres,No physical crossing within 50 meters,Daylight: Street light present,Fine without high winds,Dry,None,None,1,Yes,E01002126,2005
13800,200501QA10074,512960.0,187240.0,-0.371415,51.572669,1,3,1,1,27/03/2005,1,13:22,29,E09000015,3,4090,Single carriageway,30,Giveway or uncontrolled,6,0,None within 50 metres,Zebra crossing,Daylight: Street light present,Fine without high winds,Dry,None,None,1,Yes,E01002204,2005
13801,200501QA10075,512810.0,187960.0,-0.373347,51.579171,1,3,3,1,03/04/2005,1,18:50,29,E09000015,6,0,Single carriageway,30,None,-1,0,None within 50 metres,No physical crossing within 50 meters,Daylight: Street light present,Fine without high winds,Dry,None,None,1,Yes,E01002209,2005
13802,200501QA10076,517400.0,188870.0,-0.306831,51.586413,1,3,1,1,03/04/2005,1,12:43,28,E09000005,3,4006,Single carriageway,30,Automatic traffic signal,5,0,None within 50 metres,Pedestrian phase at traffic signal junction,Daylight: Street light present,Fine without high winds,Dry,None,None,1,Yes,E01000541,2005
13803,200501QA10077,515770.0,187850.0,-0.330684,51.577582,1,3,3,1,03/04/2005,1,15:33,29,E09000015,3,404,Single carriageway,30,None,-1,0,None within 50 metres,No physical crossing within 50 meters,Daylight: Street light present,Fine without high winds,Dry,None,None,1,Yes,E01002137,2005
13804,200501QA10078,517730.0,191200.0,-0.301289,51.607285,1,3,1,1,17/03/2005,5,16:00,29,E09000015,3,4140,Single carriageway,30,Automatic traffic signal,4,461,None within 50 metres,Pedestrian phase at traffic signal junction,Daylight: Street light present,Fine without high winds,Dry,None,None,1,Yes,E01002109,2005
13805,200501QA10079,518860.0,185220.0,-0.287001,51.553303,1,3,1,1,28/03/2005,2,13:24,28,E09000005,3,404,Single carriageway,30,Automatic traffic signal,3,404,None within 50 metres,Pedestrian phase at traffic signal junction,Daylight: Street light present,Fine without high winds,Dry,None,None,1,Yes,E01000636,2005
13806,200501QA10080,514200.0,186340.0,-0.353822,51.564331,1,3,1,1,29/03/2005,3,16:00,29,E09000015,3,312,Single carriageway,30,None,-1,0,None within 50 metres,non-junction pedestrian crossing,Daylight: Street light present,Fine without high winds,Dry,None,None,1,Yes,E01002219,2005
13807,200501QA10081,514420.0,190590.0,-0.349265,51.602484,1,3,1,1,26/03/2005,7,17:55,29,E09000015,6,0,Single carriageway,30,None,-1,0,None within 50 metres,No physical crossing within 50 meters,Daylight: Street light present,Fine without high winds,Wet/Damp,None,None,1,Yes,E01002143,2005
13808,200501QA10083,512960.0,187240.0,-0.371415,51.572669,1,3,1,1,04/04/2005,2,10:45,29,E09000015,3,4090,Single carriageway,30,Giveway or uncontrolled,6,0,None within 50 metres,Zebra crossing,Daylight: Street light present,Fine without high winds,Wet/Damp,None,None,1,Yes,E01002204,2005
13809,200501QA10085,515150.0,188300.0,-0.33948,51.581754,1,3,1,1,06/04/2005,4,23:45,29,E09000015,5,0,Single carriageway,30,None,-1,0,None within 50 metres,No physical crossing within 50 meters,Darkness: Street lights present and lit,Fine without high winds,Wet/Damp,None,None,1,Yes,E01002129,2005
13810,200501QA10086,512530.0,188530.0,-0.377204,51.58435,1,3,2,1,06/04/2005,4,18:28,29,E09000015,6,0,Single carriageway,30,Giveway or uncontrolled,6,0,None within 50 metres,No physical crossing within 50 meters,Daylight: Street light present,Fine without high winds,Dry,None,None,1,Yes,E01002195,2005
13811,200501QA10087,514440.0,186980.0,-0.350153,51.570034,1,3,3,6,07/04/2005,5,21:58,29,E09000015,5,0,Single carriageway,30,Giveway or uncontrolled,6,0,None within 50 metres,No physical crossing within 50 meters,Darkness: Street lights present and lit,Other,Wet/Damp,None,None,1,Yes,E01002136,2005
13812,200501QA10088,519240.0,191620.0,-0.279351,51.610742,1,3,2,1,09/04/2005,7,17:50,30,E09000003,3,5,Single carriageway,30,Automatic traffic signal,4,461,None within 50 metres,Pedestrian phase at traffic signal junction,Daylight: Street light present,Fine without high winds,Dry,None,None,1,Yes,E01000194,2005
13813,200501QA10089,516250.0,192050.0,-0.32237,51.615232,1,3,2,1,18/03/2005,6,08:10,29,E09000015,3,410,Single carriageway,30,Giveway or uncontrolled,6,0,None within 50 metres,No physical crossing within 50 meters,Daylight: Street light present,Fine without high winds,Dry,None,None,1,No,E01002228,2005
13814,200501QA10090,515770.0,186050.0,-0.331277,51.561404,1,3,2,2,02/04/2005,7,23:10,29,E09000015,3,4005,Single carriageway,30,Automatic traffic signal,3,4127,None within 50 metres,Pedestrian phase at traffic signal junction,Darkness: Street lights present and lit,Fine without high winds,Dry,None,None,1,Yes,E01000606,2005
13815,200501QA10091,516670.0,192670.0,-0.3161,51.620717,1,3,3,1,10/04/2005,1,19:25,29,E09000015,3,4140,Single carriageway,30,Giveway or uncontrolled,6,0,None within 50 metres,No physical crossing within 50 meters,Daylight: Street light present,Fine without high winds,Dry,None,None,1,Yes,E01002226,2005
13816,200501QA10092,514050.0,189220.0,-0.355051,51.590246,1,3,2,1,17/04/2005,1,11:40,29,E09000015,5,0,Single carriageway,30,None,-1,0,None within 50 metres,No physical crossing within 50 meters,Daylight: Street light present,Fine without high winds,Dry,None,None,1,Yes,E01002163,2005
13817,200501QA10094,516140.0,187980.0,-0.325304,51.578675,1,3,2,1,08/03/2005,3,17:30,28,E09000005,3,404,Roundabout,30,Giveway or uncontrolled,3,404,None within 50 metres,No physical crossing within 50 meters,Darkness: Street lights present and lit,Fine without high winds,Dry,None,None,1,No,E01000568,2005
13818,200501QA10095,518920.0,191290.0,-0.284082,51.607844,1,3,2,1,28/02/2005,2,22:45,29,E09000015,5,0,Single carriageway,30,None,-1,0,None within 50 metres,No physical crossing within 50 meters,Darkness: Street lights present and lit,Fine without high winds,Dry,None,None,1,Yes,E01002119,2005
13819,200501QA10101,519650.0,190420.0,-0.273842,51.59987,1,3,3,1,19/04/2005,3,07:45,29,E09000015,6,0,Single carriageway,30,Giveway or uncontrolled,6,0,None within 50 metres,No physical crossing within 50 meters,Daylight: Street light present,Fine without high winds,Wet/Damp,None,None,1,Yes,E01002125,2005
13820,200501QA10103,515600.0,191840.0,-0.331823,51.613478,1,3,2,1,23/04/2005,7,17:22,29,E09000015,3,410,Roundabout,30,Giveway or uncontrolled,5,0,None within 50 metres,Zebra crossing,Daylight: Street light present,Fine without high winds,Dry,None,None,1,Yes,E01002227,2005
13821,200501QA10104,512570.0,191270.0,-0.375748,51.608968,1,3,2,1,01/04/2005,6,09:20,29,E09000015,6,0,Single carriageway,30,Giveway or uncontrolled,6,0,None within 50 metres,No physical crossing within 50 meters,Daylight: Street light present,Fine without high winds,Dry,None,None,1,No,E01002149,2005
13822,200501QA10105,516040.0,187930.0,-0.326763,51.578246,1,3,2,1,22/04/2005,6,10:12,28,E09000005,3,404,Roundabout,30,Giveway or uncontrolled,3,409,None within 50 metres,No physical crossing within 50 meters,Daylight: Street light present,Fine without high winds,Dry,None,None,1,Yes,E01002137,2005
13823,200501QA10107,514110.0,186230.0,-0.355155,51.56336,1,3,1,1,22/04/2005,6,19:30,29,E09000015,3,312,Single carriageway,30,Giveway or uncontrolled,6,0,None within 50 metres,No physical crossing within 50 meters,Daylight: Street light present,Fine without high winds,Dry,None,None,1,Yes,E01002219,2005
13824,200501QA10108,516810.0,192200.0,-0.314235,51.616464,1,3,2,1,07/04/2005,5,20:30,29,E09000015,3,410,Single carriageway,30,Giveway or uncontrolled,5,0,None within 50 metres,No physical crossing within 50 meters,Darkness: Street lights present and lit,Fine without high winds,Dry,None,None,1,No,E01002226,2005
13825,200501QA10109,512030.0,188930.0,-0.38429,51.588044,1,3,1,1,25/04/2005,2,08:27,29,E09000015,5,0,Single carriageway,30,Giveway or uncontrolled,6,0,None within 50 metres,No physical crossing within 50 meters,Daylight: Street light present,Raining without high winds,Wet/Damp,None,None,1,Yes,E01002194,2005
13826,200501QA10111,515900.0,193470.0,-0.326953,51.628066,1,3,2,1,26/04/2005,3,16:28,29,E09000015,3,4140,Single carriageway,30,Giveway or uncontrolled,6,0,None within 50 metres,No physical crossing within 50 meters,Daylight: Street light present,Fine without high winds,Dry,None,None,1,Yes,E01002114,2005
13827,200501QA10112,514800.0,187270.0,-0.344866,51.572568,1,3,1,3,25/03/2005,6,02:15,29,E09000015,3,312,Single carriageway,30,None,-1,0,None within 50 metres,No physical crossing within 50 meters,Darkness: Street lights present and lit,Fine without high winds,Dry,None,None,1,Yes,E01002132,2005
13828,200501QA10113,513110.0,187720.0,-0.369097,51.576953,1,3,3,1,17/04/2005,1,16:00,29,E09000015,3,4090,Single carriageway,30,None,-1,0,None within 50 metres,No physical crossing within 50 meters,Daylight: Street light present,Fine without high winds,Dry,None,None,1,Yes,E01002209,2005
13829,200501QA10114,513710.0,185640.0,-0.361114,51.558138,1,3,2,1,07/04/2005,5,22:00,29,E09000015,3,312,Single carriageway,30,None,-1,0,None within 50 metres,No physical crossing within 50 meters,Darkness: Street lights present and lit,Fine without high winds,Dry,None,None,1,No,E01002221,2005
13830,200501QA10115,515070.0,188250.0,-0.340651,51.581321,1,3,2,1,26/04/2005,3,12:55,29,E09000015,5,0,Dual carriageway,30,Automatic traffic signal,5,0,None within 50 metres,Pedestrian phase at traffic signal junction,Daylight: Street light present,Raining without high winds,Wet/Damp,None,None,1,Yes,E01002129,2005
13831,200501QA10117,512540.0,185510.0,-0.378026,51.557204,1,3,2,1,12/04/2005,3,09:15,29,E09000015,6,0,Single carriageway,30,None,-1,0,None within 50 metres,No physical crossing within 50 meters,Daylight: Street light present,Fine without high winds,Dry,None,None,1,Yes,E01002223,2005
13832,200501QA10120,511450.0,190140.0,-0.392275,51.599035,1,2,1,1,02/05/2005,2,13:50,29,E09000015,3,410,Single carriageway,30,None,-1,0,None within 50 metres,No physical crossing within 50 meters,Daylight: Street light present,Fine without high winds,Dry,None,None,1,No,E01002187,2005
13833,200501QA10121,515550.0,189350.0,-0.333364,51.591109,1,3,3,2,29/04/2005,6,14:35,29,E09000015,3,409,Single carriageway,30,None,-1,0,None within 50 metres,No physical crossing within 50 meters,Daylight: Street light present,Fine without high winds,Dry,None,None,1,Yes,E01002180,2005
13834,200501QA10122,514470.0,187860.0,-0.349433,51.577937,1,3,2,1,29/04/2005,6,08:10,29,E09000015,6,0,Single carriageway,30,Giveway or uncontrolled,6,0,None within 50 metres,No physical crossing within 50 meters,Daylight: Street light present,Fine without high winds,Dry,None,None,1,Yes,E01002240,2005
13835,200501QA10123,513870.0,185860.0,-0.358736,51.560083,1,3,1,1,30/04/2005,7,12:23,29,E09000015,3,312,Single carriageway,30,Giveway or uncontrolled,6,0,None within 50 metres,non-junction pedestrian crossing,Daylight: Street light present,Fine without high winds,Dry,None,None,1,Yes,E01002221,2005
13836,200501QA10124,514340.0,189410.0,-0.350804,51.591895,1,2,2,2,29/04/2005,6,21:00,29,E09000015,5,0,Single carriageway,30,None,-1,0,None within 50 metres,No physical crossing within 50 meters,Darkness: Street lights present and lit,Fine without high winds,Dry,None,None,1,Yes,E01002163,2005
13837,200501QA10125,512220.0,189330.0,-0.381421,51.591602,1,3,3,3,30/04/2005,7,13:05,29,E09000015,3,404,Single carriageway,30,None,-1,0,None within 50 metres,No physical crossing within 50 meters,Daylight: Street light present,Fine without high winds,Dry,None,None,1,Yes,E01002192,2005
13838,200501QA10126,512190.0,187870.0,-0.38232,51.578485,1,3,1,1,30/04/2005,7,18:11,29,E09000015,6,0,Single carriageway,30,Giveway or uncontrolled,6,0,None within 50 metres,No physical crossing within 50 meters,Daylight: Street light present,Fine without high winds,Dry,None,None,1,Yes,E01002191,2005
13839,200501QA10127,515260.0,193780.0,-0.336094,51.630984,1,3,2,2,02/05/2005,2,13:00,29,E09000015,3,409,Single carriageway,30,Automatic traffic signal,3,4140,None within 50 metres,Pedestrian phase at traffic signal junction,Daylight: Street light present,Fine without high winds,Dry,None,None,2,Yes,E01002225,2005
13840,200501QA10128,517120.0,189590.0,-0.310631,51.592942,1,3,1,1,05/05/2005,5,21:15,29,E09000015,5,0,Single carriageway,30,None,-1,0,None within 50 metres,No physical crossing within 50 meters,Darkness: Street lights present and lit,Fine without high winds,Dry,None,None,1,Yes,E01002170,2005
13841,200501QA10129,513670.0,185570.0,-0.361714,51.557517,1,3,2,1,02/05/2005,2,14:45,29,E09000015,3,312,Single carriageway,30,None,-1,0,None within 50 metres,No physical crossing within 50 meters,Daylight: Street light present,Fine without high winds,Dry,None,None,1,Yes,E01002221,2005
13842,200501QA10130,514630.0,189490.0,-0.346594,51.592555,1,3,1,1,03/05/2005,3,08:45,29,E09000015,5,0,Single carriageway,30,Automatic traffic signal,5,0,None within 50 metres,Pedestrian phase at traffic signal junction,Daylight: Street light present,Fine without high winds,Dry,None,None,1,Yes,E01002162,2005
13843,200501QA10132,515800.0,186010.0,-0.330857,51.561039,1,3,1,1,12/04/2005,3,10:50,28,E09000005,3,4005,Single carriageway,30,None,-1,0,None within 50 metres,No physical crossing within 50 meters,Daylight: Street light present,Fine without high winds,Dry,None,None,1,Yes,E01000606,2005
13844,200501QA10133,516900.0,190630.0,-0.313459,51.602335,1,3,1,1,03/05/2005,3,08:55,29,E09000015,6,0,Single carriageway,30,None,-1,0,None within 50 metres,No physical crossing within 50 meters,Daylight: Street light present,Fine without high winds,Dry,None,None,1,Yes,E01002108,2005
13845,200501QA10135,515510.0,190000.0,-0.333728,51.596959,1,3,2,1,07/05/2005,7,11:20,29,E09000015,5,0,Single carriageway,30,Giveway or uncontrolled,6,0,None within 50 metres,No physical crossing within 50 meters,Daylight: Street light present,Fine without high winds,Dry,None,None,1,Yes,E01002183,2005
13846,200501QA10136,517880.0,192710.0,-0.298616,51.620825,1,3,1,1,08/05/2005,1,07:59,29,E09000015,3,410,Single carriageway,30,Giveway or uncontrolled,6,0,None within 50 metres,No physical crossing within 50 meters,Daylight: Street light present,Fine without high winds,Dry,None,None,1,Yes,E01002112,2005
13847,200501QA10137,515900.0,188150.0,-0.32871,51.580252,1,3,2,1,10/05/2005,3,15:30,29,E09000015,3,409,Single carriageway,30,Automatic traffic signal,5,0,None within 50 metres,Pedestrian phase at traffic signal junction,Daylight: Street light present,Fine without high winds,Dry,None,None,1,Yes,E01002126,2005
13848,200501QA10138,512940.0,186050.0,-0.372085,51.561978,1,3,2,2,07/05/2005,7,13:00,29,E09000015,5,0,Single carriageway,30,None,-1,0,None within 50 metres,No physical crossing within 50 meters,Daylight: Street light present,Fine without high winds,Dry,None,None,1,Yes,E01002215,2005
13849,200501QA10139,518140.0,188910.0,-0.296142,51.586618,1,3,1,1,10/05/2005,3,08:30,28,E09000005,3,4006,Single carriageway,30,None,-1,0,None within 50 metres,No physical crossing within 50 meters,Daylight: Street light present,Fine without high winds,Dry,None,None,1,Yes,E01000541,2005
13850,200501QA10141,519800.0,184450.0,-0.273711,51.546184,1,3,2,2,12/05/2005,5,11:40,28,E09000005,3,404,Single carriageway,30,Automatic traffic signal,3,404,None within 50 metres,Pedestrian phase at traffic signal junction,Daylight: Street light present,Fine without high winds,Dry,None,None,1,Yes,E01000621,2005
13851,200501QA10143,513630.0,191240.0,-0.360457,51.608486,1,3,2,1,27/04/2005,4,16:40,29,E09000015,3,410,Roundabout,30,Giveway or uncontrolled,6,0,None within 50 metres,No physical crossing within 50 meters,Daylight: Street light present,Fine without high winds,Dry,None,None,2,No,E01002150,2005
13852,200501QA10144,515740.0,186080.0,-0.3317,51.56168,1,3,2,1,29/04/2005,6,19:20,29,E09000015,3,4005,Roundabout,30,Automatic traffic signal,3,4127,None within 50 metres,Pedestrian phase at traffic signal junction,Darkness: Street lights present and lit,Fine without high winds,Dry,None,None,1,No,E01002135,2005
13853,200501QA10146,516150.0,187610.0,-0.325282,51.575347,1,3,2,1,25/04/2005,2,07:42,28,E09000005,3,404,Single carriageway,30,None,-1,0,None within 50 metres,No physical crossing within 50 meters,Daylight: Street light present,Raining without high winds,Wet/Damp,None,None,1,No,E01002134,2005
13854,200501QA10147,512200.0,188670.0,-0.38192,51.585674,1,3,2,1,02/05/2005,2,19:10,29,E09000015,6,0,Single carriageway,30,Giveway or uncontrolled,6,0,None within 50 metres,No physical crossing within 50 meters,Daylight: Street light present,Fine without high winds,Dry,None,None,1,No,E01002195,2005
13855,200501QA10149,516800.0,188450.0,-0.315627,51.582763,1,3,1,1,13/05/2005,6,15:22,28,E09000005,3,4006,Single carriageway,30,None,-1,0,None within 50 metres,No physical crossing within 50 meters,Daylight: Street light present,Fine without high winds,Dry,None,None,1,Yes,E01000536,2005
13856,200501QA10150,520070.0,190540.0,-0.26774,51.60086,1,3,1,1,21/04/2005,5,02:35,30,E09000003,3,5,Single carriageway,30,Giveway or uncontrolled,5,0,None within 50 metres,No physical crossing within 50 meters,Darkness: Street lights present and lit,Fine without high winds,Dry,None,None,1,Yes,E01000129,2005
13857,200501QA10151,518000.0,188460.0,-0.298313,51.582603,1,3,2,1,27/04/2005,4,11:30,28,E09000005,6,0,Single carriageway,30,Giveway or uncontrolled,6,0,None within 50 metres,No physical crossing within 50 meters,Daylight: Street light present,Fine without high winds,Dry,None,None,1,No,E01000542,2005
13858,200501QA10152,516970.0,192380.0,-0.311865,51.618049,1,3,2,1,13/05/2005,6,12:00,29,E09000015,6,0,Single carriageway,30,Giveway or uncontrolled,3,4140,None within 50 metres,No physical crossing within 50 meters,Daylight: Street light present,Fine without high winds,Dry,None,None,1,No,E01002226,2005
13859,200501QA10153,517400.0,188870.0,-0.306831,51.586413,1,3,1,1,20/05/2005,6,10:48,28,E09000005,3,4006,Single carriageway,30,Giveway or uncontrolled,5,0,None within 50 metres,No physical crossing within 50 meters,Daylight: Street light present,Fine without high winds,Dry,None,None,1,Yes,E01000541,2005
13860,200501QA10155,515480.0,189520.0,-0.334319,51.592651,1,3,1,1,21/04/2005,5,14:15,29,E09000015,5,0,Single carriageway,30,None,-1,0,None within 50 metres,No physical crossing within 50 meters,Daylight: Street light present,Fine without high winds,Dry,None,None,1,Yes,E01002179,2005
13861,200501QA10156,518580.0,192340.0,-0.288635,51.617352,1,3,2,1,15/05/2005,1,21:11,29,E09000015,6,0,Single carriageway,30,None,-1,0,None within 50 metres,No physical crossing within 50 meters,Darkness: Street lights present and lit,Fine without high winds,Dry,None,None,1,Yes,E01002113,2005
13862,200501QA10157,511240.0,189990.0,-0.395353,51.597728,1,3,2,1,25/05/2005,4,15:50,29,E09000015,3,404,Roundabout,30,Giveway or uncontrolled,4,466,None within 50 metres,Zebra crossing,Daylight: Street light present,Fine without high winds,Dry,None,None,1,Yes,E01002186,2005
13863,200501QA10158,516010.0,189400.0,-0.326711,51.591464,1,3,2,1,23/05/2005,2,20:20,29,E09000015,6,0,Single carriageway,30,None,-1,0,None within 50 metres,No physical crossing within 50 meters,Darkness: Street lights present and lit,Fine without high winds,Dry,None,None,1,Yes,E01002180,2005
13864,200501QA10159,514070.0,186180.0,-0.355748,51.562919,1,3,2,1,23/05/2005,2,13:35,29,E09000015,3,312,Single carriageway,30,Giveway or uncontrolled,6,0,None within 50 metres,No physical crossing within 50 meters,Daylight: Street light present,Fine without high winds,Dry,None,None,1,Yes,E01002219,2005
13865,200501QA10160,515030.0,191130.0,-0.340284,51.607213,1,3,2,1,26/05/2005,5,00:27,29,E09000015,3,409,Single carriageway,30,Giveway or uncontrolled,6,0,None within 50 metres,No physical crossing within 50 meters,Darkness: Street lights present and lit,Fine without high winds,Dry,None,None,1,Yes,E01002142,2005
13866,200501QA10161,514860.0,186840.0,-0.344141,51.568691,1,3,1,1,21/05/2005,7,14:48,29,E09000015,4,457,Single carriageway,30,None,-1,0,None within 50 metres,No physical crossing within 50 meters,Daylight: Street light present,Fine without high winds,Wet/Damp,None,None,1,Yes,E01002132,2005
13867,200501QA10162,515780.0,191080.0,-0.329475,51.60661,1,3,2,1,25/05/2005,4,09:50,29,E09000015,5,0,Single carriageway,30,None,-1,0,None within 50 metres,No physical crossing within 50 meters,Daylight: Street light present,Fine without high winds,Dry,None,None,1,Yes,E01002141,2005
13868,200501QA10163,512960.0,187240.0,-0.371415,51.572669,1,3,1,1,18/05/2005,4,22:10,29,E09000015,3,4090,Single carriageway,30,Giveway or uncontrolled,6,0,None within 50 metres,Zebra crossing,Darkness: Street lights present and lit,Fine without high winds,Dry,None,None,1,Yes,E01002204,2005
13869,200501QA10164,516970.0,192350.0,-0.311875,51.617779,1,3,1,1,26/05/2005,5,15:30,29,E09000015,3,4140,Single carriageway,30,Giveway or uncontrolled,3,410,None within 50 metres,No physical crossing within 50 meters,Daylight: Street light present,Fine without high winds,Dry,None,None,1,Yes,E01002226,2005
13870,200501QA10165,512980.0,187130.0,-0.371162,51.571677,1,3,3,1,18/05/2005,4,21:00,29,E09000015,3,4090,Single carriageway,30,Giveway or uncontrolled,6,0,None within 50 metres,No physical crossing within 50 meters,Darkness: Street lights present and lit,Fine without high winds,Dry,None,None,1,Yes,E01002204,2005
13871,200501QA10166,512940.0,186220.0,-0.372031,51.563506,1,3,2,1,27/05/2005,6,19:48,29,E09000015,6,0,One way street,30,None,-1,0,None within 50 metres,No physical crossing within 50 meters,Daylight: Street light present,Fine without high winds,Dry,None,None,1,Yes,E01002215,2005
13872,200501QA10167,516050.0,187910.0,-0.326626,51.578064,1,3,2,1,19/04/2005,3,18:32,28,E09000005,3,404,Roundabout,30,Giveway or uncontrolled,3,409,None within 50 metres,No physical crossing within 50 meters,Daylight: Street light present,Fine without high winds,Dry,None,None,1,Yes,E01002137,2005
13873,200501QA10168,518240.0,189920.0,-0.294359,51.595674,1,3,2,1,14/05/2005,7,13:15,29,E09000015,3,4140,Single carriageway,30,Giveway or uncontrolled,5,0,None within 50 metres,No physical crossing within 50 meters,Daylight: Street light present,Fine without high winds,Dry,None,None,1,No,E01002202,2005
13874,200501QA10169,514640.0,189480.0,-0.346453,51.592463,1,3,2,2,21/05/2005,7,13:15,29,E09000015,5,0,Single carriageway,30,Automatic traffic signal,5,0,None within 50 metres,Pedestrian phase at traffic signal junction,Daylight: Street light present,Raining without high winds,Wet/Damp,None,None,1,Yes,E01002162,2005
13875,200501QA10170,512710.0,187470.0,-0.374947,51.574787,1,3,2,1,30/05/2005,2,21:53,29,E09000015,6,0,Single carriageway,30,None,-1,0,None within 50 metres,No physical crossing within 50 meters,Darkness: Street lights present and lit,Fine without high winds,Dry,None,None,1,Yes,E01002210,2005
13876,200501QA10172,515070.0,188260.0,-0.340647,51.581411,1,3,2,1,18/05/2005,4,14:07,29,E09000015,5,0,Single carriageway,30,Automatic traffic signal,5,0,None within 50 metres,Pedestrian phase at traffic signal junction,Daylight: Street light present,Fine without high winds,Dry,None,None,1,No,E01002129,2005
13877,200501QA10174,513220.0,186580.0,-0.367877,51.566685,1,3,2,1,27/05/2005,6,09:24,29,E09000015,3,4090,Single carriageway,30,Giveway or uncontrolled,6,0,None within 50 metres,No physical crossing within 50 meters,Daylight: Street light present,Fine without high winds,Dry,None,None,1,Yes,E01002212,2005
13878,200501QA10175,513640.0,188700.0,-0.361135,51.585655,1,3,4,1,28/05/2005,7,12:25,29,E09000015,3,4090,Single carriageway,30,Automatic traffic signal,3,404,None within 50 metres,No physical crossing within 50 meters,Daylight: Street light present,Fine without high winds,Dry,None,None,1,No,E01002161,2005
13879,200501QA10176,516070.0,189330.0,-0.325868,51.590822,1,2,2,1,01/06/2005,4,12:23,29,E09000015,5,0,Roundabout,30,Giveway or uncontrolled,6,0,None within 50 metres,Pedestrian phase at traffic signal junction,Daylight: Street light present,Raining without high winds,Wet/Damp,None,None,1,Yes,E01002172,2005
13880,200501QA10178,516680.0,190410.0,-0.316707,51.600403,1,3,2,1,03/06/2005,6,08:40,29,E09000015,5,0,Single carriageway,30,Giveway or uncontrolled,6,0,None within 50 metres,No physical crossing within 50 meters,Daylight: Street light present,Fine without high winds,Dry,None,None,1,Yes,E01002177,2005
13881,200501QA10179,512190.0,187830.0,-0.382333,51.578126,1,3,2,1,08/06/2005,4,09:45,29,E09000015,5,0,Single carriageway,30,Automatic traffic signal,5,0,None within 50 metres,No physical crossing within 50 meters,Daylight: Street light present,Fine without high winds,Dry,None,None,1,Yes,E01002191,2005
13882,200501QA10180,515150.0,190630.0,-0.338716,51.602695,1,3,2,1,02/06/2005,5,21:43,29,E09000015,3,409,Single carriageway,30,Giveway or uncontrolled,6,0,None within 50 metres,No physical crossing within 50 meters,Darkness: Street lights present and lit,Fine without high winds,Dry,None,None,1,Yes,E01002232,2005
13883,200501QA10181,518730.0,189570.0,-0.287406,51.592426,1,2,1,1,06/06/2005,2,20:38,29,E09000015,3,4140,Single carriageway,30,Automatic traffic signal,5,0,None within 50 metres,Pedestrian phase at traffic signal junction,Daylight: Street light present,Fine without high winds,Dry,None,None,1,Yes,E01002169,2005
13884,200501QA10185,516270.0,189180.0,-0.323032,51.589433,1,3,1,1,09/06/2005,5,15:30,29,E09000015,6,0,Single carriageway,30,Giveway or uncontrolled,6,0,None within 50 metres,No physical crossing within 50 meters,Daylight: Street light present,Fine without high winds,Dry,None,None,1,Yes,E01002172,2005
13885,200501QA10186,515720.0,186100.0,-0.331981,51.561864,1,3,2,1,22/05/2005,1,18:00,29,E09000015,3,4005,Single carriageway,30,Automatic traffic signal,3,4127,None within 50 metres,Pedestrian phase at traffic signal junction,Daylight: Street light present,Fine without high winds,Dry,None,None,1,No,E01002135,2005
13886,200501QA10187,511980.0,188890.0,-0.385024,51.587695,1,3,2,1,24/05/2005,3,09:00,29,E09000015,5,0,Single carriageway,30,None,-1,0,None within 50 metres,No physical crossing within 50 meters,Daylight: Street light present,Raining without high winds,Wet/Damp,None,None,1,No,E01002194,2005
13887,200501QA10188,519240.0,191610.0,-0.279354,51.610652,1,2,2,1,19/06/2005,1,16:20,30,E09000003,3,5,Single carriageway,30,Automatic traffic signal,4,461,None within 50 metres,Pedestrian phase at traffic signal junction,Daylight: Street light present,Fine without high winds,Dry,None,None,1,Yes,E01002118,2005
13888,200501QA10189,515680.0,191860.0,-0.330661,51.613641,1,3,1,1,07/06/2005,3,08:10,29,E09000015,3,410,Single carriageway,30,None,-1,0,None within 50 metres,No physical crossing within 50 meters,Daylight: Street light present,Fine without high winds,Dry,None,None,1,Yes,E01002227,2005
13889,200501QA10190,517980.0,190710.0,-0.297845,51.602829,1,3,2,1,08/06/2005,4,16:40,29,E09000015,3,4140,Dual carriageway,40,Giveway or uncontrolled,6,0,None within 50 metres,No physical crossing within 50 meters,Daylight: Street light present,Fine without high winds,Dry,None,None,1,Yes,E01002203,2005
13890,200501QA10191,518910.0,188790.0,-0.285073,51.585377,1,3,2,1,16/06/2005,5,08:15,28,E09000005,5,0,Dual carriageway,30,Stop Sign,3,4006,None within 50 metres,No physical crossing within 50 meters,Daylight: Street light present,Fine without high winds,Dry,None,None,1,Yes,E01000542,2005
13891,200501QA10192,519750.0,190910.0,-0.272232,51.604253,1,3,2,1,13/06/2005,2,18:14,30,E09000003,3,5,Single carriageway,30,Giveway or uncontrolled,6,0,None within 50 metres,No physical crossing within 50 meters,Daylight: Street light present,Fine without high winds,Dry,None,None,1,Yes,E01002122,2005
13892,200501QA10193,515890.0,188150.0,-0.328854,51.580254,1,3,2,2,13/06/2005,2,22:07,29,E09000015,3,409,Dual carriageway,30,Giveway or uncontrolled,3,409,None within 50 metres,non-junction pedestrian crossing,Darkness: Street lights present and lit,Fine without high winds,Dry,None,None,1,Yes,E01002126,2005
13893,200501QA10194,518020.0,189640.0,-0.297628,51.593204,1,3,1,1,12/06/2005,1,14:45,29,E09000015,6,0,Single carriageway,30,None,-1,0,None within 50 metres,No physical crossing within 50 meters,Daylight: Street light present,Fine without high winds,Dry,None,None,1,Yes,E01002168,2005
13894,200501QA10195,517750.0,191120.0,-0.301027,51.606562,1,2,1,1,08/06/2005,4,08:00,29,E09000015,3,4140,Single carriageway,30,None,-1,0,None within 50 metres,No physical crossing within 50 meters,Daylight: Street light present,Fine without high winds,Dry,None,None,1,Yes,E01002110,2005
13895,200501QA10196,517420.0,190510.0,-0.305994,51.601148,1,3,2,1,20/06/2005,2,13:00,29,E09000015,6,0,Single carriageway,30,Giveway or uncontrolled,6,0,None within 50 metres,No physical crossing within 50 meters,Daylight: Street light present,Fine without high winds,Dry,None,None,1,Yes,E01002201,2005
13896,200501QA10197,516870.0,190240.0,-0.314022,51.598836,1,2,2,1,18/06/2005,7,09:48,29,E09000015,5,0,Single carriageway,30,Giveway or uncontrolled,6,0,None within 50 metres,No physical crossing within 50 meters,Daylight: Street light present,Fine without high winds,Dry,None,None,1,Yes,E01002177,2005
13897,200501QA10199,515070.0,191550.0,-0.339569,51.61098,1,3,3,1,20/06/2005,2,10:53,29,E09000015,3,409,Roundabout,30,Giveway or uncontrolled,3,410,None within 50 metres,non-junction pedestrian crossing,Daylight: Street light present,Fine without high winds,Dry,None,None,1,Yes,E01002142,2005
13898,200501QA10200,512390.0,187100.0,-0.379681,51.571525,1,3,3,4,14/06/2005,3,20:26,29,E09000015,6,0,Single carriageway,30,Giveway or uncontrolled,6,0,None within 50 metres,No physical crossing within 50 meters,Darkness: Street lights present and lit,Fine without high winds,Dry,None,None,1,Yes,E01002205,2005
13899,200501QA10201,518840.0,191380.0,-0.285206,51.60867,1,2,1,1,29/05/2005,1,22:50,29,E09000015,4,461,Single carriageway,30,Giveway or uncontrolled,6,0,None within 50 metres,No physical crossing within 50 meters,Darkness: Street lights present and lit,Fine without high winds,Dry,None,None,1,Yes,E01002118,2005
13900,200501QA10202,517440.0,188890.0,-0.306248,51.586584,1,3,2,1,16/06/2005,5,14:35,28,E09000005,3,4006,Single carriageway,30,None,-1,0,None within 50 metres,No physical crossing within 50 meters,Daylight: Street light present,Fine without high winds,Dry,None,None,1,Yes,E01000541,2005
13901,200501QA10203,518190.0,192780.0,-0.294117,51.621389,1,3,2,1,15/06/2005,4,10:45,29,E09000015,3,410,Single carriageway,30,Giveway or uncontrolled,6,0,None within 50 metres,Zebra crossing,Daylight: Street light present,Raining without high winds,Wet/Damp,None,None,1,Yes,E01002112,2005
13902,200501QA10204,511400.0,190100.0,-0.393009,51.598685,1,3,2,1,19/06/2005,1,10:40,29,E09000015,3,404,Single carriageway,30,Automatic traffic signal,3,410,None within 50 metres,Pedestrian phase at traffic signal junction,Daylight: Street light present,Fine without high winds,Dry,None,None,1,Yes,E01002186,2005
13903,200501QA10205,515540.0,189630.0,-0.333417,51.593628,1,2,2,1,02/06/2005,5,10:35,29,E09000015,3,409,Single carriageway,30,None,-1,0,None within 50 metres,Zebra crossing,Daylight: Street light present,Fine without high winds,Dry,None,None,1,No,E01002179,2005
13904,200501QA10207,517600.0,191540.0,-0.303051,51.610368,1,3,2,2,07/06/2005,3,12:33,29,E09000015,3,4140,Single carriageway,30,Giveway or uncontrolled,6,0,None within 50 metres,No physical crossing within 50 meters,Daylight: Street light present,Fine without high winds,Dry,None,None,1,Yes,E01002109,2005
13905,200501QA10208,516650.0,192680.0,-0.316386,51.620811,1,3,4,1,14/06/2005,3,23:10,29,E09000015,3,4140,Single carriageway,30,None,-1,0,None within 50 metres,No physical crossing within 50 meters,Darkness: Street lights present and lit,Fine without high winds,Dry,None,None,1,Yes,E01002226,2005
13906,200501QA10209,515410.0,189820.0,-0.33523,51.595362,1,3,2,1,27/05/2005,6,17:10,29,E09000015,3,409,One way street,30,Giveway or uncontrolled,3,409,None within 50 metres,non-junction pedestrian crossing,Daylight: Street light present,Fine without high winds,Dry,None,None,1,Yes,E01002179,2005
13907,200501QA10211,515510.0,188310.0,-0.334284,51.58177,1,3,1,1,21/06/2005,3,07:27,29,E09000015,5,0,Single carriageway,30,None,-1,0,None within 50 metres,non-junction pedestrian crossing,Daylight: Street light present,Fine without high winds,Dry,None,None,1,Yes,E01002129,2005
13908,200501QA10212,512200.0,187870.0,-0.382176,51.578483,1,3,2,2,20/06/2005,2,16:07,29,E09000015,6,0,Single carriageway,30,Giveway or uncontrolled,6,0,None within 50 metres,No physical crossing within 50 meters,Daylight: Street light present,Fine without high winds,Dry,None,None,1,Yes,E01002191,2005
13909,200501QA10215,518880.0,189460.0,-0.285279,51.591405,1,3,2,2,22/06/2005,4,10:24,29,E09000015,3,4140,Single carriageway,30,Giveway or uncontrolled,6,0,None within 50 metres,No physical crossing within 50 meters,Daylight: Street light present,Fine without high winds,Dry,None,None,1,Yes,E01002169,2005
13910,200501QA10217,514010.0,191350.0,-0.354936,51.609398,1,3,2,1,21/06/2005,3,08:18,29,E09000015,3,410,Roundabout,30,Giveway or uncontrolled,3,410,None within 50 metres,No physical crossing within 50 meters,Daylight: Street light present,Fine without high winds,Dry,None,None,2,Yes,E01002139,2005
13911,200501QA10218,515640.0,191850.0,-0.331242,51.61356,1,2,3,1,21/06/2005,3,13:15,29,E09000015,3,410,Single carriageway,30,None,-1,0,None within 50 metres,Zebra crossing,Daylight: Street light present,Fine without high winds,Dry,None,None,1,Yes,E01002227,2005
13912,200501QA10219,517780.0,191100.0,-0.300601,51.606376,1,2,1,1,24/06/2005,6,12:45,29,E09000015,3,4140,Dual carriageway,30,None,-1,0,None within 50 metres,No physical crossing within 50 meters,Daylight: Street light present,Fine without high winds,Dry,None,None,1,Yes,E01002110,2005
13913,200501QA10220,513500.0,188450.0,-0.363235,51.583436,1,3,2,1,10/06/2005,6,15:30,29,E09000015,3,4090,Single carriageway,30,Giveway or uncontrolled,6,0,None within 50 metres,No physical crossing within 50 meters,Daylight: Street light present,Fine without high winds,Dry,None,None,1,No,E01002157,2005
13914,200501QA10221,516240.0,188040.0,-0.323842,51.579193,1,3,2,2,30/06/2005,5,14:40,28,E09000005,3,4006,Single carriageway,30,Giveway or uncontrolled,3,4006,None within 50 metres,No physical crossing within 50 meters,Daylight: Street light present,Fine without high winds,Dry,None,None,1,Yes,E01000568,2005
13915,200501QA10223,515380.0,191630.0,-0.335068,51.611636,1,3,1,1,22/06/2005,4,12:50,29,E09000015,3,410,Single carriageway,30,Giveway or uncontrolled,6,0,None within 50 metres,No physical crossing within 50 meters,Daylight: Street light present,Fine without high winds,Dry,None,None,1,Yes,E01002145,2005
13916,200501QA10224,515060.0,191290.0,-0.339799,51.608645,1,3,2,1,25/07/2005,2,17:16,29,E09000015,3,409,Single carriageway,30,Giveway or uncontrolled,6,0,None within 50 metres,No physical crossing within 50 meters,Daylight: Street light present,Fine without high winds,Dry,None,None,1,Yes,E01002142,2005
13917,200501QA10226,516920.0,189140.0,-0.313667,51.588939,1,3,2,1,28/06/2005,3,18:30,29,E09000015,6,0,Single carriageway,30,Giveway or uncontrolled,6,0,None within 50 metres,No physical crossing within 50 meters,Daylight: Street light present,Fine without high winds,Dry,None,None,1,Yes,E01002173,2005
13918,200501QA10227,513160.0,189810.0,-0.367702,51.595728,1,3,2,1,28/06/2005,3,16:03,29,E09000015,3,4090,Dual carriageway,50,None,-1,0,None within 50 metres,No physical crossing within 50 meters,Daylight: Street light present,Fine without high winds,Dry,None,None,1,Yes,E01002155,2005
13919,200501QA10228,517000.0,192330.0,-0.311449,51.617593,1,3,1,1,27/06/2005,2,21:47,29,E09000015,3,410,Single carriageway,30,Automatic traffic signal,3,4140,None within 50 metres,No physical crossing within 50 meters,Darkness: Street lights present and lit,Fine without high winds,Dry,None,None,1,Yes,E01002226,2005
13920,200501QA10230,517000.0,189040.0,-0.312546,51.588024,1,3,2,1,29/06/2005,4,05:45,29,E09000015,6,0,Roundabout,30,Giveway or uncontrolled,6,0,None within 50 metres,No physical crossing within 50 meters,Daylight: Street light present,Fine without high winds,Dry,None,None,1,Yes,E01002173,2005
13921,200501QA10231,512850.0,186140.0,-0.373354,51.562805,1,3,2,1,30/06/2005,5,18:05,29,E09000015,6,0,Single carriageway,30,Giveway or uncontrolled,6,0,None within 50 metres,No physical crossing within 50 meters,Daylight: Street light present,Raining without high winds,Wet/Damp,None,None,1,Yes,E01002215,2005
13922,200501QA10233,515590.0,189140.0,-0.332856,51.589213,1,3,2,2,03/07/2005,1,08:47,29,E09000015,3,409,Single carriageway,30,Giveway or uncontrolled,6,0,None within 50 metres,No physical crossing within 50 meters,Daylight: Street light present,Fine without high winds,Dry,None,None,1,Yes,E01002180,2005
13923,200501QA10235,515580.0,190030.0,-0.332708,51.597214,1,3,2,1,03/07/2005,1,12:50,29,E09000015,5,0,Single carriageway,30,Giveway or uncontrolled,6,0,None within 50 metres,No physical crossing within 50 meters,Daylight: Street light present,Fine without high winds,Dry,None,None,1,Yes,E01002183,2005
13924,200501QA10236,512170.0,187810.0,-0.382628,51.57795,1,3,3,1,06/07/2005,4,16:20,29,E09000015,5,0,Single carriageway,30,Automatic traffic signal,5,0,None within 50 metres,No physical crossing within 50 meters,Daylight: Street light present,Fine without high winds,Dry,None,None,1,Yes,E01002191,2005
13925,200501QA10237,513500.0,186320.0,-0.363923,51.564292,1,3,2,1,08/07/2005,6,17:55,29,E09000015,5,0,Single carriageway,30,Giveway or uncontrolled,6,0,None within 50 metres,No physical crossing within 50 meters,Daylight: Street light present,Fine without high winds,Dry,None,None,1,Yes,E01002218,2005
13926,200501QA10238,513020.0,189240.0,-0.369906,51.590633,1,3,2,1,15/06/2005,4,11:40,29,E09000015,3,404,Single carriageway,30,Giveway or uncontrolled,6,0,None within 50 metres,No physical crossing within 50 meters,Daylight: Street light present,Raining without high winds,Wet/Damp,None,None,1,No,E01002155,2005
13927,200501QA10240,514460.0,187560.0,-0.349675,51.575243,1,3,1,1,08/07/2005,6,18:42,29,E09000015,5,0,Single carriageway,30,Giveway or uncontrolled,5,0,None within 50 metres,No physical crossing within 50 meters,Daylight: Street light present,Fine without high winds,Dry,None,None,1,Yes,E01002240,2005
13928,200501QA10241,512820.0,185510.0,-0.373989,51.557148,1,3,1,1,13/07/2005,4,19:55,29,E09000015,6,0,Single carriageway,30,None,-1,0,None within 50 metres,No physical crossing within 50 meters,Daylight: Street light present,Fine without high winds,Dry,None,None,1,Yes,E01002223,2005
13929,200501QA10242,516730.0,192610.0,-0.315254,51.620166,1,3,2,1,06/07/2005,4,12:05,29,E09000015,3,4140,Single carriageway,30,None,-1,0,None within 50 metres,No physical crossing within 50 meters,Daylight: Street light present,Fine without high winds,Dry,None,None,1,Yes,E01002226,2005
13930,200501QA10243,512570.0,185660.0,-0.377546,51.558546,1,3,3,1,15/06/2005,4,07:15,29,E09000015,6,0,Single carriageway,30,Giveway or uncontrolled,6,0,None within 50 metres,No physical crossing within 50 meters,Daylight: Street light present,Fine without high winds,Dry,None,None,1,No,E01002223,2005
13931,200501QA10244,515430.0,189830.0,-0.334938,51.595448,1,3,2,1,05/07/2005,3,18:06,29,E09000015,3,409,Single carriageway,30,Automatic traffic signal,3,409,None within 50 metres,Pedestrian phase at traffic signal junction,Daylight: Street light present,Fine without high winds,Dry,None,None,1,Yes,E01002183,2005
13932,200501QA10245,517390.0,188870.0,-0.306976,51.586415,1,3,1,1,11/07/2005,2,08:09,28,E09000005,3,4006,Single carriageway,30,Automatic traffic signal,5,0,None within 50 metres,Pedestrian phase at traffic signal junction,Daylight: Street light present,Fine without high winds,Dry,None,None,1,Yes,E01002175,2005
13933,200501QA10246,515430.0,189500.0,-0.335047,51.592482,1,3,1,1,11/07/2005,2,17:15,29,E09000015,3,409,Single carriageway,30,Giveway or uncontrolled,3,409,None within 50 metres,No physical crossing within 50 meters,Daylight: Street light present,Fine without high winds,Dry,None,None,1,Yes,E01002180,2005
13934,200501QA10247,515590.0,189590.0,-0.332708,51.593258,1,3,2,1,14/07/2005,5,15:21,29,E09000015,6,0,Single carriageway,30,Giveway or uncontrolled,6,0,None within 50 metres,No physical crossing within 50 meters,Daylight: Street light present,Fine without high winds,Dry,None,None,1,Yes,E01002180,2005
13935,200501QA10248,513390.0,188240.0,-0.36489,51.581571,1,3,2,2,14/06/2005,3,15:10,29,E09000015,3,4090,Single carriageway,30,Automatic traffic signal,5,0,None within 50 metres,Pedestrian phase at traffic signal junction,Daylight: Street light present,Fine without high winds,Dry,None,None,1,No,E01002242,2005
13936,200501QA10249,515620.0,185930.0,-0.333479,51.560357,1,3,3,2,18/06/2005,7,12:55,29,E09000015,3,4127,Single carriageway,30,None,-1,0,None within 50 metres,No physical crossing within 50 meters,Daylight: Street light present,Fine without high winds,Dry,None,None,1,No,E01002135,2005
13937,200501QA10250,514220.0,188350.0,-0.352881,51.582392,1,3,2,2,21/07/2005,5,22:14,29,E09000015,3,404,Single carriageway,30,Giveway or uncontrolled,6,0,None within 50 metres,Zebra crossing,Darkness: Street lights present and lit,Fine without high winds,Dry,None,None,1,Yes,E01002160,2005
13938,200501QA10251,517320.0,189030.0,-0.307932,51.587867,1,3,2,1,26/06/2005,1,15:36,29,E09000015,5,0,Single carriageway,30,Giveway or uncontrolled,6,0,None within 50 metres,No physical crossing within 50 meters,Daylight: Street light present,Fine without high winds,Dry,None,None,1,Yes,E01002175,2005
13939,200501QA10252,514030.0,187390.0,-0.355933,51.573802,1,3,1,1,14/07/2005,5,15:23,29,E09000015,6,0,Single carriageway,30,Giveway or uncontrolled,6,0,None within 50 metres,No physical crossing within 50 meters,Daylight: Street light present,Fine without high winds,Dry,None,None,1,Yes,E01002136,2005
13940,200501QA10254,515750.0,186070.0,-0.331559,51.561588,1,3,2,2,12/07/2005,3,19:20,29,E09000015,3,4005,Dual carriageway,30,Automatic traffic signal,3,4005,None within 50 metres,Pedestrian phase at traffic signal junction,Daylight: Street light present,Fine without high winds,Dry,None,None,1,Yes,E01002135,2005
13941,200501QA10255,517580.0,192600.0,-0.302985,51.619899,1,3,2,2,08/04/2005,6,17:15,29,E09000015,3,410,Single carriageway,30,None,-1,0,None within 50 metres,No physical crossing within 50 meters,Daylight: Street light present,Snowing without high winds,Wet/Damp,None,None,1,Yes,E01002112,2005
13942,200501QA10256,514100.0,189260.0,-0.354316,51.590595,1,3,2,1,07/04/2005,5,13:13,29,E09000015,5,0,Single carriageway,30,None,-1,0,None within 50 metres,No physical crossing within 50 meters,Daylight: Street light present,Fine without high winds,Dry,None,None,1,Yes,E01002163,2005
13943,200501QA10258,515420.0,189640.0,-0.335145,51.593742,1,3,1,1,30/06/2005,5,15:50,29,E09000015,3,409,Single carriageway,30,Giveway or uncontrolled,6,0,None within 50 metres,No physical crossing within 50 meters,Daylight: Street light present,Fine without high winds,Dry,None,None,1,No,E01002179,2005
13944,200501QA10260,518270.0,192830.0,-0.292945,51.621822,1,3,1,1,14/07/2005,5,16:20,30,E09000003,3,5,Roundabout,30,Giveway or uncontrolled,3,410,None within 50 metres,Central refuge,Daylight: Street light present,Fine without high winds,Dry,None,None,2,Yes,E01002112,2005
13945,200501QA10261,514940.0,187910.0,-0.342637,51.578291,1,3,2,1,14/07/2005,5,09:22,29,E09000015,3,312,Single carriageway,30,Giveway or uncontrolled,6,0,None within 50 metres,No physical crossing within 50 meters,Daylight: Street light present,Fine without high winds,Dry,None,None,1,Yes,E01002237,2005
13946,200501QA10262,513920.0,185940.0,-0.357989,51.560792,1,3,2,1,28/06/2005,3,12:45,29,E09000015,3,312,Single carriageway,30,Giveway or uncontrolled,6,0,None within 50 metres,No physical crossing within 50 meters,Daylight: Street light present,Fine without high winds,Dry,None,None,1,No,E01002221,2005
13947,200501QA10263,513380.0,186260.0,-0.365673,51.563777,1,3,2,1,26/06/2005,1,18:30,29,E09000015,3,4090,Single carriageway,30,Automatic traffic signal,5,0,None within 50 metres,Pedestrian phase at traffic signal junction,Daylight: Street light present,Fine without high winds,Dry,None,None,1,No,E01002212,2005
13948,200501QA10264,511470.0,188520.0,-0.3925,51.58447,1,3,2,1,30/06/2005,5,22:15,26,E09000017,5,0,Single carriageway,30,Giveway or uncontrolled,6,0,None within 50 metres,No physical crossing within 50 meters,Darkness: Street lights present and lit,Fine without high winds,Dry,None,None,1,No,E01002437,2005
13949,200501QA10265,512540.0,185840.0,-0.377921,51.56017,1,3,2,1,12/07/2005,3,11:43,29,E09000015,5,0,Single carriageway,30,Giveway or uncontrolled,6,0,None within 50 metres,No physical crossing within 50 meters,Daylight: Street light present,Fine without high winds,Dry,None,None,1,Yes,E01002214,2005
13950,200501QA10266,516750.0,188420.0,-0.316359,51.582503,1,3,2,1,16/07/2005,7,23:45,28,E09000005,3,4006,Single carriageway,30,Giveway or uncontrolled,6,0,None within 50 metres,No physical crossing within 50 meters,Darkness: Street lights present and lit,Fine without high winds,Dry,None,None,1,Yes,E01002176,2005
13951,200501QA10267,511090.0,190510.0,-0.397353,51.602431,1,2,2,1,11/07/2005,2,08:55,29,E09000015,6,0,Single carriageway,30,None,-1,0,None within 50 metres,No physical crossing within 50 meters,Daylight: Street light present,Fine without high winds,Dry,None,None,1,No,E01002185,2005
13952,200501QA10268,517420.0,194400.0,-0.304692,51.63611,1,3,2,1,18/07/2005,2,19:25,30,E09000003,3,5,Single carriageway,30,None,-1,0,None within 50 metres,No physical crossing within 50 meters,Daylight: Street light present,Raining without high winds,Wet/Damp,None,None,2,Yes,E01002114,2005
13953,200501QA10269,519600.0,191120.0,-0.274325,51.606172,1,3,1,1,23/07/2005,7,19:40,30,E09000003,3,5,Single carriageway,30,None,-1,0,None within 50 metres,No physical crossing within 50 meters,Daylight: Street light present,Fine without high winds,Dry,None,None,1,Yes,E01002119,2005
13954,200501QA10270,515660.0,188530.0,-0.332047,51.583717,1,3,2,1,25/07/2005,2,09:38,29,E09000015,3,409,Single carriageway,30,Automatic traffic signal,3,409,None within 50 metres,Pedestrian phase at traffic signal junction,Daylight: Street light present,Raining without high winds,Wet/Damp,None,None,1,Yes,E01002130,2005
13955,200501QA10271,517120.0,189050.0,-0.310811,51.588089,1,2,2,2,19/07/2005,3,20:25,29,E09000015,6,0,Single carriageway,30,Giveway or uncontrolled,6,0,None within 50 metres,No physical crossing within 50 meters,Daylight: Street light present,Fine without high winds,Dry,None,None,1,Yes,E01002174,2005
13956,200501QA10272,519040.0,188760.0,-0.283208,51.58508,1,3,3,1,16/07/2005,7,19:15,28,E09000005,3,4006,Single carriageway,30,None,-1,0,None within 50 metres,No physical crossing within 50 meters,Daylight: Street light present,Fine without high winds,Dry,None,None,1,No,E01000543,2005
13957,200501QA10273,517150.0,188720.0,-0.310488,51.585117,1,2,2,2,15/07/2005,6,20:10,28,E09000005,3,4006,Single carriageway,30,Giveway or uncontrolled,6,0,None within 50 metres,No physical crossing within 50 meters,Daylight: Street light present,Fine without high winds,Dry,None,None,1,Yes,E01000536,2005
13958,200501QA10274,512820.0,191200.0,-0.372162,51.608289,1,3,2,2,21/07/2005,5,19:30,29,E09000015,3,410,Single carriageway,30,None,-1,0,None within 50 metres,No physical crossing within 50 meters,Darkness: Street lights present and lit,Fine without high winds,Dry,None,None,1,Yes,E01002150,2005
13959,200501QA10275,514260.0,191410.0,-0.351308,51.609887,1,3,1,1,04/07/2005,2,16:06,29,E09000015,3,410,Single carriageway,30,None,-1,0,None within 50 metres,No physical crossing within 50 meters,Daylight: Street light present,Fine without high winds,Dry,None,None,1,Yes,E01002144,2005
13960,200501QA10276,516850.0,192500.0,-0.313558,51.619152,1,2,2,2,13/07/2005,4,13:15,29,E09000015,3,4140,Single carriageway,30,None,-1,0,None within 50 metres,No physical crossing within 50 meters,Daylight: Street light present,Fine without high winds,Dry,None,None,1,No,E01002226,2005
13961,200501QA10277,518610.0,190520.0,-0.288817,51.600989,1,2,2,4,23/07/2005,7,22:33